1677086579995 2.682926893234253 1
1677086580152 2.812032699584961 2
1677086580991 3.6511120796203613 3
1677086581160 3.813844680786133 4
1677086582118 4.777157545089722 5
1677086582318 4.976695775985718 6
1677086583224 5.881903409957886 7
1677086583384 6.036999225616455 8
1677086584332 6.989968776702881 9
1677086584483 7.143883228302002 10
1677086585376 8.032402992248535 11
1677086585539 8.190966129302979 12
1677086586378 9.034454822540283 13
1677086586544 9.193897247314453 14
1677086587514 10.166683435440063 15
1677086587664 10.322691202163696 16
1677086588755 11.385955572128296 17
1677086588913 11.566954851150513 18
1677086589852 12.497745037078857 19
1677086589999 12.658063650131226 20
1677086590971 13.59283447265625 21
1677086591135 13.78807544708252 22
1677086592022 14.688829183578491 23
1677086592184 14.833706617355347 24
1677086593121 15.772935152053833 25
1677086593291 15.945100784301758 26
1677086594302 16.949957847595215 27
1677086594470 17.1200852394104 28
1677086595401 18.055795669555664 29
1677086595558 18.216845512390137 30
1677086596564 19.223001718521118 31
1677086596723 19.377733945846558 32
1677086597644 20.296872854232788 33
1677086597819 20.46046781539917 34
1677086598760 21.40531897544861 35
1677086598916 21.571412324905396 36
1677086599837 22.474790573120117 37
1677086600017 22.661758184432983 38
1677086601054 23.696768045425415 39
1677086601290 23.93402123451233 40
1677086602328 24.972894430160522 41
1677086602514 25.164887189865112 42
1677086603528 26.162095308303833 43
1677086603703 26.34881329536438 44
1677086604835 27.479496240615845 45
1677086605005 27.682791233062744 46
1677086606052 28.70492911338806 47
1677086606220 28.869764804840088 48
1677086607260 29.915029525756836 49
1677086607415 30.068105459213257 50
1677086608359 31.010031700134277 51
1677086608512 31.165847539901733 52
1677086609361 32.01302099227905 53
1677086609512 32.16695046424866 54
1677086610418 33.06882929801941 55
1677086610586 33.23196578025818 56
1677086611551 34.19532108306885 57
1677086611734 34.3822066783905 58
1677086612622 35.27445864677429 59
1677086612818 35.46990633010864 60
1677086613841 36.48893904685974 61
1677086614000 36.65484595298767 62
1677086614860 37.513721227645874 63
1677086615015 37.6679847240448 64
1677086615933 38.58182454109192 65
1677086616087 38.74092721939087 66
1677086616988 39.63532066345215 67
1677086617146 39.79878854751587 68
1677086618058 40.70404505729675 69
1677086618221 40.8720178604126 70
1677086619213 41.8654568195343 71
1677086619371 42.0229275226593 72
1677086620248 42.89389419555664 73
1677086620438 43.08093452453613 74
1677086621301 43.98791837692261 75
1677086621458 44.10879063606262 76
1677086622336 44.98812222480774 77
1677086622509 45.15797162055969 78
1677086623434 46.08470797538757 79
1677086623633 46.277875900268555 80
1677086624586 47.23577690124512 81
1677086624840 47.48947858810425 82
1677086625763 48.4068763256073 83
1677086625919 48.570878744125366 84
1677086626870 49.51677083969116 85
1677086627026 49.677762031555176 86
1677086627922 50.565876960754395 87
1677086628098 50.74510169029236 88
1677086629042 51.68573880195618 89
1677086629225 51.87001276016235 90
1677086630113 52.76395797729492 91
1677086630284 52.92783808708191 92
1677086631476 54.084477186203 93
1677086631668 54.31213855743408 94
1677086632687 55.33308815956116 95
1677086632866 55.50679922103882 96
