1677086579994 1677086579.0 1
1677086580151 1677086580.0 2
1677086580990 1677086580.0 3
1677086581159 1677086581.0 4
1677086582117 1677086582.0 5
1677086582317 1677086582.0 6
1677086583223 1677086583.0 7
1677086583383 1677086583.0 8
1677086584331 1677086584.0 9
1677086584481 1677086584.0 10
1677086585374 1677086585.0 11
1677086585538 1677086585.0 12
1677086586376 1677086586.0 13
1677086586543 1677086586.0 14
1677086587513 1677086587.0 15
1677086587663 1677086587.0 16
1677086588753 1677086588.0 17
1677086588913 1677086588.0 18
1677086589851 1677086589.0 19
1677086589998 1677086589.0 20
1677086590969 1677086590.0 21
1677086591134 1677086591.0 22
1677086592021 1677086591.0 23
1677086592184 1677086592.0 24
1677086593119 1677086593.0 25
1677086593290 1677086593.0 26
1677086594301 1677086594.0 27
1677086594469 1677086594.0 28
1677086595399 1677086595.0 29
1677086595557 1677086595.0 30
1677086596563 1677086596.0 31
1677086596722 1677086596.0 32
1677086597643 1677086597.0 33
1677086597818 1677086597.0 34
1677086598759 1677086598.0 35
1677086598915 1677086598.0 36
1677086599836 1677086599.0 37
1677086600016 1677086599.0 38
1677086601053 1677086600.0 39
1677086601289 1677086601.0 40
1677086602325 1677086602.0 41
1677086602513 1677086602.0 42
1677086603526 1677086603.0 43
1677086603701 1677086603.0 44
1677086604832 1677086604.0 45
1677086605003 1677086604.0 46
1677086606051 1677086606.0 47
1677086606219 1677086606.0 48
1677086607260 1677086607.0 49
1677086607414 1677086607.0 50
1677086608358 1677086608.0 51
1677086608511 1677086608.0 52
1677086609360 1677086609.0 53
1677086609511 1677086609.0 54
1677086610417 1677086610.0 55
1677086610584 1677086610.0 56
1677086611550 1677086611.0 57
1677086611733 1677086611.0 58
1677086612621 1677086612.0 59
1677086612816 1677086612.0 60
1677086613839 1677086613.0 61
1677086613999 1677086613.0 62
1677086614859 1677086614.0 63
1677086615013 1677086614.0 64
1677086615932 1677086615.0 65
1677086616085 1677086616.0 66
1677086616986 1677086616.0 67
1677086617145 1677086617.0 68
1677086618056 1677086618.0 69
1677086618221 1677086618.0 70
1677086619212 1677086619.0 71
1677086619370 1677086619.0 72
1677086620246 1677086620.0 73
1677086620436 1677086620.0 74
1677086621301 1677086621.0 75
1677086621457 1677086621.0 76
1677086622336 1677086622.0 77
1677086622508 1677086622.0 78
1677086623433 1677086623.0 79
1677086623632 1677086623.0 80
1677086624584 1677086624.0 81
1677086624839 1677086624.0 82
1677086625762 1677086625.0 83
1677086625916 1677086625.0 84
1677086626869 1677086626.0 85
1677086627025 1677086626.0 86
1677086627921 1677086627.0 87
1677086628096 1677086628.0 88
1677086629041 1677086628.0 89
1677086629224 1677086629.0 90
1677086630112 1677086630.0 91
1677086630282 1677086630.0 92
1677086631475 1677086631.0 93
1677086631667 1677086631.0 94
1677086632686 1677086632.0 95
1677086632864 1677086632.0 96
