1679936011393 1679936011.0 1
1679936011690 1679936011.0 2
1679936014572 1679936014.0 3
1679936014842 1679936014.0 4
1679936017658 1679936017.0 5
1679936017926 1679936017.0 6
1679936020808 1679936020.0 7
1679936021072 1679936021.0 8
1679936023947 1679936023.0 9
1679936024255 1679936024.0 10
1679936027168 1679936027.0 11
1679936027451 1679936027.0 12
1679936030361 1679936030.0 13
1679936030677 1679936030.0 14
1679936033794 1679936033.0 15
1679936034130 1679936034.0 16
1679936037266 1679936037.0 17
1679936037546 1679936037.0 18
1679936040369 1679936040.0 19
1679936040659 1679936040.0 20
1679936043505 1679936043.0 21
1679936043820 1679936043.0 22
1679936046673 1679936046.0 23
1679936046980 1679936046.0 24
1679936049844 1679936049.0 25
1679936050132 1679936050.0 26
1679936053060 1679936053.0 27
1679936053362 1679936053.0 28
1679936056245 1679936056.0 29
1679936056550 1679936056.0 30
1679936059740 1679936059.0 31
1679936060045 1679936059.0 32
1679936063327 1679936063.0 33
1679936063640 1679936063.0 34
1679936066846 1679936066.0 35
1679936067135 1679936067.0 36
1679936070060 1679936070.0 37
1679936070364 1679936070.0 38
1679936073267 1679936073.0 39
1679936073556 1679936073.0 40
1679936076478 1679936076.0 41
1679936076784 1679936076.0 42
1679936079764 1679936079.0 43
1679936080063 1679936080.0 44
1679936082978 1679936082.0 45
1679936083265 1679936083.0 46
1679936086154 1679936086.0 47
1679936086474 1679936086.0 48
1679936089410 1679936089.0 49
1679936089704 1679936089.0 50
1679936092821 1679936092.0 51
1679936093148 1679936093.0 52
1679936096308 1679936096.0 53
1679936096613 1679936096.0 54
1679936099557 1679936099.0 55
1679936099833 1679936099.0 56
1679936102832 1679936102.0 57
1679936103128 1679936103.0 58
1679936106084 1679936106.0 59
1679936106379 1679936106.0 60
1679936109326 1679936109.0 61
1679936109648 1679936109.0 62
1679936112574 1679936112.0 63
1679936112869 1679936112.0 64
1679936115803 1679936115.0 65
1679936116094 1679936116.0 66
1679936119016 1679936118.0 67
1679936119343 1679936119.0 68
1679936122364 1679936122.0 69
1679936122677 1679936122.0 70
1679936125929 1679936125.0 71
1679936126250 1679936126.0 72
1679936129282 1679936129.0 73
1679936129589 1679936129.0 74
1679936132513 1679936132.0 75
1679936132800 1679936132.0 76
1679936135788 1679936135.0 77
1679936136077 1679936136.0 78
1679936139018 1679936138.0 79
1679936139338 1679936139.0 80
1679936142254 1679936142.0 81
1679936142553 1679936142.0 82
1679936145411 1679936145.0 83
1679936145713 1679936145.0 84
1679936148630 1679936148.0 85
1679936148934 1679936148.0 86
1679936151975 1679936151.0 87
1679936152312 1679936152.0 88
1679936155632 1679936155.0 89
1679936155984 1679936155.0 90
1679936159078 1679936159.0 91
1679936159433 1679936159.0 92
1679936162564 1679936162.0 93
1679936162890 1679936162.0 94
1679936165840 1679936165.0 95
1679936166138 1679936166.0 96
1679936169294 1679936169.0 97
1679936169601 1679936169.0 98
1679936172706 1679936172.0 99
1679936173042 1679936172.0 100
1679936176123 1679936176.0 101
1679936176439 1679936176.0 102
1679936179624 1679936179.0 103
1679936179959 1679936179.0 104
1679936183126 1679936183.0 105
1679936183449 1679936183.0 106
1679936186441 1679936186.0 107
1679936186777 1679936186.0 108
1679936189739 1679936189.0 109
1679936190077 1679936189.0 110
1679936193012 1679936192.0 111
1679936193305 1679936193.0 112
1679936196206 1679936196.0 113
1679936196524 1679936196.0 114
1679936199442 1679936199.0 115
1679936199725 1679936199.0 116
1679936202654 1679936202.0 117
1679936202965 1679936202.0 118
1679936205866 1679936205.0 119
1679936206150 1679936206.0 120
1679936209124 1679936209.0 121
1679936209440 1679936209.0 122
1679936212451 1679936212.0 123
1679936212761 1679936212.0 124
1679936215682 1679936215.0 125
1679936215989 1679936215.0 126
1679936218918 1679936218.0 127
1679936219198 1679936219.0 128
1679936222253 1679936222.0 129
1679936222574 1679936222.0 130
1679936226037 1679936225.0 131
1679936226383 1679936226.0 132
1679936229403 1679936229.0 133
1679936229700 1679936229.0 134
1679936232923 1679936232.0 135
1679936233252 1679936233.0 136
1679936236446 1679936236.0 137
1679936236766 1679936236.0 138
1679936240268 1679936240.0 139
1679936240674 1679936240.0 140
1679936244132 1679936244.0 141
1679936244456 1679936244.0 142
1679936247820 1679936247.0 143
1679936248170 1679936248.0 144
1679936251238 1679936251.0 145
1679936251544 1679936251.0 146
1679936254522 1679936254.0 147
1679936254825 1679936254.0 148
1679936257978 1679936257.0 149
1679936258292 1679936258.0 150
1679936261348 1679936261.0 151
1679936261666 1679936261.0 152
1679936264747 1679936264.0 153
1679936265085 1679936265.0 154
1679936268327 1679936268.0 155
1679936268688 1679936268.0 156
1679936271965 1679936271.0 157
1679936272329 1679936272.0 158
1679936275822 1679936275.0 159
1679936276183 1679936276.0 160
1679936279285 1679936279.0 161
1679936279602 1679936279.0 162
1679936282669 1679936282.0 163
1679936283010 1679936282.0 164
1679936286108 1679936286.0 165
1679936286451 1679936286.0 166
1679936289524 1679936289.0 167
1679936289858 1679936289.0 168
1679936292978 1679936292.0 169
1679936293295 1679936293.0 170
1679936296850 1679936296.0 171
1679936297264 1679936297.0 172
1679936300477 1679936300.0 173
1679936300818 1679936300.0 174
1679936304104 1679936304.0 175
1679936304490 1679936304.0 176
1679936307820 1679936307.0 177
1679936308124 1679936308.0 178
1679936311192 1679936311.0 179
1679936311514 1679936311.0 180
1679936314779 1679936314.0 181
1679936315182 1679936315.0 182
1679936318364 1679936318.0 183
1679936318716 1679936318.0 184
1679936321823 1679936321.0 185
1679936322155 1679936322.0 186
1679936325297 1679936325.0 187
1679936325620 1679936325.0 188
1679936328672 1679936328.0 189
1679936329014 1679936328.0 190
1679936332143 1679936332.0 191
1679936332478 1679936332.0 192
1679936335686 1679936335.0 193
1679936336100 1679936336.0 194
1679936339752 1679936339.0 195
1679936340159 1679936340.0 196
1679936343394 1679936343.0 197
1679936343798 1679936343.0 198
1679936347144 1679936347.0 199
1679936347468 1679936347.0 200
1679936350405 1679936350.0 201
1679936350710 1679936350.0 202
1679936353854 1679936353.0 203
1679936354155 1679936354.0 204
1679936357404 1679936357.0 205
1679936357765 1679936357.0 206
1679936361210 1679936361.0 207
1679936361552 1679936361.0 208
1679936365068 1679936364.0 209
1679936365460 1679936365.0 210
1679936368744 1679936368.0 211
1679936369071 1679936369.0 212
1679936372222 1679936372.0 213
1679936372542 1679936372.0 214
1679936375417 1679936375.0 215
1679936375739 1679936375.0 216
1679936378857 1679936378.0 217
1679936379207 1679936379.0 218
1679936382184 1679936382.0 219
1679936382501 1679936382.0 220
1679936385428 1679936385.0 221
1679936385738 1679936385.0 222
1679936388875 1679936388.0 223
1679936389189 1679936389.0 224
1679936392158 1679936392.0 225
1679936392495 1679936392.0 226
1679936395760 1679936395.0 227
1679936396130 1679936396.0 228
1679936399411 1679936399.0 229
1679936399748 1679936399.0 230
1679936402896 1679936402.0 231
1679936403234 1679936403.0 232
1679936406630 1679936406.0 233
1679936406980 1679936406.0 234
1679936410214 1679936410.0 235
1679936410596 1679936410.0 236
1679936413745 1679936413.0 237
1679936414066 1679936413.0 238
1679936417072 1679936417.0 239
1679936417415 1679936417.0 240
1679936420513 1679936420.0 241
1679936420905 1679936420.0 242
1679936424418 1679936424.0 243
1679936424732 1679936424.0 244
1679936428568 1679936428.0 245
1679936428972 1679936428.0 246
1679936432369 1679936432.0 247
1679936432770 1679936432.0 248
1679936436239 1679936436.0 249
1679936436600 1679936436.0 250
1679936439787 1679936439.0 251
1679936440104 1679936440.0 252
1679936443226 1679936443.0 253
1679936443551 1679936443.0 254
1679936446677 1679936446.0 255
1679936447014 1679936446.0 256
1679936450135 1679936450.0 257
1679936450463 1679936450.0 258
1679936453718 1679936453.0 259
1679936454103 1679936454.0 260
1679936457581 1679936457.0 261
1679936457911 1679936457.0 262
1679936460959 1679936460.0 263
1679936461318 1679936461.0 264
1679936464478 1679936464.0 265
1679936464821 1679936464.0 266
1679936467900 1679936467.0 267
1679936468223 1679936468.0 268
1679936471283 1679936471.0 269
1679936471621 1679936471.0 270
1679936474624 1679936474.0 271
1679936474983 1679936474.0 272
1679936477972 1679936477.0 273
1679936478300 1679936478.0 274
1679936481458 1679936481.0 275
1679936481831 1679936481.0 276
1679936485315 1679936485.0 277
1679936485678 1679936485.0 278
1679936488744 1679936488.0 279
1679936489075 1679936488.0 280
1679936492167 1679936492.0 281
1679936492521 1679936492.0 282
1679936495554 1679936495.0 283
1679936495875 1679936495.0 284
1679936498951 1679936498.0 285
1679936499249 1679936499.0 286
1679936502364 1679936502.0 287
1679936502698 1679936502.0 288
1679936505796 1679936505.0 289
1679936506128 1679936506.0 290
1679936509212 1679936509.0 291
1679936509541 1679936509.0 292
1679936512794 1679936512.0 293
1679936513183 1679936513.0 294
1679936516512 1679936516.0 295
1679936516829 1679936516.0 296
1679936519889 1679936519.0 297
1679936520223 1679936520.0 298
1679936523238 1679936523.0 299
1679936523570 1679936523.0 300
1679936523765 1679936523.0 301
