1677100336902 15064.0 1
1677100337136 15064.0 2
1677100339093 15064.0 3
1677100339328 15064.0 4
1677100341461 15064.0 5
1677100341707 15064.0 6
1677100343976 15064.0 7
1677100344234 15064.0 8
1677100346432 15064.0 9
1677100346659 15064.0 10
1677100348591 15064.0 11
1677100348814 15064.0 12
1677100350841 15064.0 13
1677100351110 15064.0 14
1677100353860 15064.0 15
1677100354120 15064.0 16
1677100356502 15064.0 17
1677100356747 15064.0 18
1677100358794 15064.0 19
1677100359025 15064.0 20
1677100361007 15064.0 21
1677100361241 15064.0 22
1677100363294 15064.0 23
1677100363524 15064.0 24
1677100365500 15064.0 25
1677100365737 15064.0 26
1677100367715 15064.0 27
1677100367955 15064.0 28
1677100369924 15064.0 29
1677100370193 15064.0 30
1677100372388 15064.0 31
1677100372654 15064.0 32
1677100374908 15064.0 33
1677100375164 15064.0 34
1677100377311 15064.0 35
1677100377545 15064.0 36
1677100379614 15064.0 37
1677100379840 15064.0 38
1677100381848 15064.0 39
1677100382086 15064.0 40
1677100384165 15064.0 41
1677100384407 15064.0 42
1677100386549 15064.0 43
1677100386791 15064.0 44
1677100388856 15064.0 45
1677100389094 15064.0 46
1677100391208 15064.0 47
1677100391449 15064.0 48
1677100393661 15064.0 49
1677100393892 15064.0 50
1677100395942 15064.0 51
1677100396184 15064.0 52
1677100398180 15064.0 53
1677100398444 15064.0 54
1677100400694 15064.0 55
1677100400931 15064.0 56
1677100402979 15064.0 57
1677100403223 15064.0 58
1677100405223 15064.0 59
1677100405460 15064.0 60
1677100407479 15064.0 61
1677100407720 15064.0 62
1677100409739 15064.0 63
1677100409967 15064.0 64
1677100411977 15064.0 65
1677100412205 15064.0 66
1677100414199 15064.0 67
1677100414443 15064.0 68
1677100416459 15064.0 69
1677100416690 15064.0 70
1677100418703 15064.0 71
1677100418930 15064.0 72
1677100420861 15064.0 73
1677100421105 15064.0 74
1677100423321 15064.0 75
1677100423619 15064.0 76
1677100425659 15064.0 77
1677100425893 15064.0 78
1677100427962 15064.0 79
1677100428206 15064.0 80
1677100430230 15064.0 81
1677100430465 15064.0 82
1677100432490 15064.0 83
1677100432743 15064.0 84
1677100434703 15064.0 85
1677100434947 15064.0 86
1677100437389 15064.0 87
1677100437645 15064.0 88
1677100440003 15064.0 89
1677100440297 15064.0 90
1677100442408 15064.0 91
1677100442635 15064.0 92
1677100444649 15064.0 93
1677100444907 15064.0 94
1677100446951 15064.0 95
1677100447183 15064.0 96
1677100449263 15064.0 97
1677100449507 15064.0 98
1677100451491 15064.0 99
1677100451732 15064.0 100
1677100453837 15064.0 101
1677100454074 15064.0 102
1677100456442 15064.0 103
1677100456673 15064.0 104
1677100458904 15064.0 105
1677100459161 15064.0 106
1677100461327 15064.0 107
1677100461620 15064.0 108
1677100463701 15064.0 109
1677100463950 15064.0 110
1677100466021 15064.0 111
1677100466251 15064.0 112
1677100468330 15064.0 113
1677100468564 15064.0 114
1677100470577 15064.0 115
1677100470842 15064.0 116
1677100472842 15064.0 117
1677100473108 15064.0 118
1677100475103 15064.0 119
1677100475340 15064.0 120
1677100477351 15064.0 121
1677100477585 15064.0 122
1677100479662 15064.0 123
1677100479897 15064.0 124
1677100481999 15064.0 125
1677100482249 15064.0 126
1677100484619 15064.0 127
1677100484882 15064.0 128
1677100487022 15064.0 129
1677100487257 15064.0 130
1677100489416 15064.0 131
1677100489650 15064.0 132
1677100491755 15064.0 133
1677100491998 15064.0 134
1677100494230 15064.0 135
1677100494462 15064.0 136
1677100496617 15064.0 137
1677100496863 15064.0 138
1677100499099 15064.0 139
1677100499361 15064.0 140
1677100501521 15064.0 141
1677100501772 15064.0 142
1677100503996 15064.0 143
1677100504260 15064.0 144
1677100506429 15064.0 145
1677100506658 15064.0 146
1677100508681 15064.0 147
1677100508926 15064.0 148
1677100510949 15064.0 149
1677100511189 15064.0 150
1677100513558 15064.0 151
1677100513813 15064.0 152
1677100516023 15064.0 153
1677100516289 15064.0 154
1677100518348 15064.0 155
1677100518582 15064.0 156
1677100520689 15064.0 157
1677100520944 15064.0 158
1677100522996 15064.0 159
1677100523239 15064.0 160
1677100525221 15064.0 161
1677100525466 15064.0 162
1677100527450 15064.0 163
1677100527687 15064.0 164
1677100529672 15064.0 165
1677100529906 15064.0 166
1677100532015 15064.0 167
1677100532287 15064.0 168
1677100534461 15064.0 169
1677100534720 15064.0 170
1677100536845 15064.0 171
1677100537078 15064.0 172
1677100539192 15064.0 173
1677100539427 15064.0 174
1677100541518 15064.0 175
1677100541769 15064.0 176
1677100543913 15064.0 177
1677100544164 15064.0 178
1677100546287 15064.0 179
1677100546529 15064.0 180
1677100548506 15064.0 181
1677100548735 15064.0 182
1677100550699 15064.0 183
1677100550980 15064.0 184
1677100552972 15064.0 185
1677100553260 15064.0 186
1677100555212 15064.0 187
1677100555483 15064.0 188
1677100557610 15064.0 189
1677100557879 15064.0 190
1677100559964 15064.0 191
1677100560220 15064.0 192
1677100562317 15064.0 193
1677100562557 15064.0 194
1677100564664 15064.0 195
1677100564906 15064.0 196
1677100566967 15064.0 197
1677100567244 15064.0 198
1677100569283 15064.0 199
1677100569523 15064.0 200
1677100571546 15064.0 201
1677100571858 15064.0 202
1677100574737 15064.0 203
1677100575041 15064.0 204
1677100577581 15064.0 205
1677100577829 15064.0 206
1677100580007 15064.0 207
1677100580255 15064.0 208
1677100582460 15064.0 209
1677100582717 15064.0 210
1677100584737 15064.0 211
1677100584979 15064.0 212
1677100587004 15064.0 213
1677100587251 15064.0 214
1677100589260 15064.0 215
1677100589498 15064.0 216
1677100591555 15064.0 217
1677100591793 15064.0 218
1677100593743 15064.0 219
1677100593985 15064.0 220
1677100596021 15064.0 221
1677100596281 15064.0 222
1677100598456 15064.0 223
1677100598708 15064.0 224
1677100600886 15064.0 225
1677100601126 15064.0 226
1677100603103 15064.0 227
1677100603353 15064.0 228
1677100605329 15064.0 229
1677100605604 15064.0 230
1677100607594 15064.0 231
1677100607870 15064.0 232
1677100609988 15064.0 233
1677100610252 15064.0 234
1677100612270 15064.0 235
1677100612511 15064.0 236
1677100614568 15064.0 237
1677100614835 15064.0 238
1677100616865 15064.0 239
1677100617117 15064.0 240
1677100619239 15064.0 241
1677100619488 15064.0 242
1677100621495 15064.0 243
1677100621742 15064.0 244
1677100623762 15064.0 245
1677100624003 15064.0 246
1677100625964 15064.0 247
1677100626207 15064.0 248
1677100628287 15064.0 249
1677100628567 15064.0 250
1677100630606 15064.0 251
1677100630867 15064.0 252
1677100632913 15064.0 253
1677100633212 15064.0 254
1677100635133 15064.0 255
1677100635455 15064.0 256
1677100637585 15064.0 257
1677100637837 15064.0 258
1677100639916 15064.0 259
1677100640167 15064.0 260
1677100642274 15064.0 261
1677100642519 15064.0 262
1677100644542 15064.0 263
1677100644819 15064.0 264
1677100646798 15064.0 265
1677100647037 15064.0 266
1677100648971 15064.0 267
1677100649217 15064.0 268
1677100651186 15064.0 269
1677100651425 15064.0 270
1677100653375 15064.0 271
1677100653614 15064.0 272
1677100655534 15064.0 273
1677100655790 15064.0 274
1677100657712 15064.0 275
1677100657987 15064.0 276
1677100659915 15064.0 277
1677100660151 15064.0 278
1677100662104 15064.0 279
1677100662339 15064.0 280
1677100664309 15064.0 281
1677100664561 15064.0 282
1677100666611 15064.0 283
1677100666871 15064.0 284
1677100668846 15064.0 285
1677100669114 15064.0 286
1677100671347 15064.0 287
1677100671598 15064.0 288
1677100673827 15064.0 289
1677100674086 15064.0 290
1677100676257 15064.0 291
1677100676519 15064.0 292
1677100678623 15064.0 293
1677100678863 15064.0 294
1677100681056 15064.0 295
1677100681313 15064.0 296
1677100683455 15064.0 297
1677100683739 15064.0 298
1677100686125 15064.0 299
1677100686417 15064.0 300
1677100686694 15064.0 301
