1677100336895 4.064238786697388 1
1677100337130 0.22086167335510254 2
1677100339086 1.9558889865875244 3
1677100339322 0.23488616943359375 4
1677100341454 2.130120038986206 5
1677100341700 0.24356961250305176 6
1677100343970 2.268456220626831 7
1677100344227 0.2560005187988281 8
1677100346426 2.206064462661743 9
1677100346653 0.22395682334899902 10
1677100348585 1.9339945316314697 11
1677100348808 0.22395658493041992 12
1677100350835 2.0221312046051025 13
1677100351098 0.24013495445251465 14
1677100353852 2.7753212451934814 15
1677100354113 0.25661516189575195 16
1677100356489 2.379220485687256 17
1677100356741 0.25666308403015137 18
1677100358788 2.0453429222106934 19
1677100359018 0.22959470748901367 20
1677100361001 1.9863066673278809 21
1677100361235 0.2330622673034668 22
1677100363287 2.0499086380004883 23
1677100363518 0.2331390380859375 24
1677100365494 1.976001262664795 25
1677100365731 0.23783659934997559 26
1677100367701 1.9701581001281738 27
1677100367949 0.24599123001098633 28
1677100369917 1.9689371585845947 29
1677100370186 0.2671351432800293 30
1677100372379 2.1847760677337646 31
1677100372647 0.2669680118560791 32
1677100374901 2.2551023960113525 33
1677100375155 0.25524449348449707 34
1677100377304 2.1588683128356934 35
1677100377540 0.2329540252685547 36
1677100379607 2.0672130584716797 37
1677100379834 0.22785091400146484 38
1677100381842 2.0087313652038574 39
1677100382079 0.2341022491455078 40
1677100384158 2.0791635513305664 41
1677100384401 0.23784637451171875 42
1677100386544 2.177109956741333 43
1677100386785 0.21306610107421875 44
1677100388851 2.0948486328125 45
1677100389087 0.2090301513671875 46
1677100391201 2.1120493412017822 47
1677100391443 0.24055743217468262 48
1677100393654 2.213381052017212 49
1677100393885 0.22965788841247559 50
1677100395934 2.0482311248779297 51
1677100396177 0.2398698329925537 52
1677100398173 1.999255657196045 53
1677100398437 0.26183199882507324 54
1677100400687 2.2533316612243652 55
1677100400923 0.2344803810119629 56
1677100402972 2.0514895915985107 57
1677100403217 0.23664212226867676 58
1677100405217 2.0067758560180664 59
1677100405455 0.23571324348449707 60
1677100407473 2.0215585231781006 61
1677100407711 0.2342534065246582 62
1677100409733 2.0238406658172607 63
1677100409962 0.2297654151916504 64
1677100411970 2.0093047618865967 65
1677100412198 0.22705507278442383 66
1677100414192 1.9868485927581787 67
1677100414436 0.2450122833251953 68
1677100416451 2.020268678665161 69
1677100416684 0.23155903816223145 70
1677100418696 2.011073589324951 71
1677100418925 0.23133087158203125 72
1677100420855 1.930586814880371 73
1677100421098 0.23494243621826172 74
1677100423314 2.219412088394165 75
1677100423610 0.27568483352661133 76
1677100425653 2.0663340091705322 77
1677100425887 0.2359931468963623 78
1677100427955 2.0637896060943604 79
1677100428199 0.24724578857421875 80
1677100430223 2.0220205783843994 81
1677100430459 0.23888659477233887 82
1677100432483 2.0239460468292236 83
1677100432736 0.25182104110717773 84
1677100434695 1.9550278186798096 85
1677100434941 0.24402880668640137 86
1677100437382 2.421199083328247 87
1677100437638 0.279865026473999 88
1677100439993 2.347989082336426 89
1677100440291 0.295943021774292 90
1677100442401 2.1194839477539062 91
1677100442629 0.23060131072998047 92
1677100444641 2.0100128650665283 93
1677100444899 0.2528655529022217 94
1677100446945 2.054340362548828 95
1677100447176 0.22853422164916992 96
1677100449255 2.0780832767486572 97
1677100449500 0.2443222999572754 98
1677100451485 1.986715316772461 99
1677100451726 0.2382338047027588 100
1677100453830 2.1067862510681152 101
1677100454069 0.2381575107574463 102
1677100456436 2.3630497455596924 103
1677100456666 0.23273062705993652 104
1677100458897 2.228907823562622 105
1677100459155 0.2564997673034668 106
1677100461320 2.165797233581543 107
1677100461613 0.29285645484924316 108
1677100463695 2.0822532176971436 109
1677100463943 0.24681496620178223 110
1677100466015 2.0760014057159424 111
1677100466244 0.23067069053649902 112
1677100468322 2.0723068714141846 113
1677100468558 0.24109578132629395 114
1677100470570 2.0100111961364746 115
1677100470836 0.26816296577453613 116
1677100472835 1.9876420497894287 117
1677100473102 0.27501368522644043 118
1677100475097 1.9990291595458984 119
1677100475331 0.23175859451293945 120
1677100477345 2.0132265090942383 121
1677100477579 0.23737359046936035 122
1677100479655 2.0725278854370117 123
1677100479891 0.236480712890625 124
1677100481993 2.103820323944092 125
1677100482242 0.24361848831176758 126
1677100484609 2.3523497581481934 127
1677100484876 0.2820780277252197 128
1677100487015 2.143662214279175 129
1677100487251 0.2333667278289795 130
1677100489410 2.161261796951294 131
1677100489643 0.23329472541809082 132
1677100491747 2.096193552017212 133
1677100491992 0.24712038040161133 134
1677100494223 2.2331671714782715 135
1677100494456 0.23692679405212402 136
1677100496610 2.146934986114502 137
1677100496855 0.24608707427978516 138
1677100499090 2.2360005378723145 139
1677100499355 0.26389479637145996 140
1677100501515 2.1638388633728027 141
1677100501764 0.24216032028198242 142
1677100503990 2.229698896408081 143
1677100504253 0.25621914863586426 144
1677100506421 2.176042318344116 145
1677100506652 0.23215699195861816 146
1677100508675 2.0244863033294678 147
1677100508919 0.2424027919769287 148
1677100510943 2.0209505558013916 149
1677100511183 0.244797945022583 150
1677100513550 2.358295440673828 151
1677100513806 0.25458431243896484 152
1677100516016 2.2112298011779785 153
1677100516283 0.2635676860809326 154
1677100518341 2.0663814544677734 155
1677100518576 0.23621106147766113 156
1677100520683 2.1017463207244873 157
1677100520937 0.2621574401855469 158
1677100522989 2.0479297637939453 159
1677100523233 0.24528002738952637 160
1677100525214 1.9837534427642822 161
1677100525457 0.23783349990844727 162
1677100527444 1.9868648052215576 163
1677100527681 0.24031448364257812 164
1677100529665 1.9832603931427002 165
1677100529900 0.2356858253479004 166
1677100532009 2.1042861938476562 167
1677100532281 0.27296876907348633 168
1677100534452 2.1676316261291504 169
1677100534713 0.26650476455688477 170
1677100536838 2.1233625411987305 171
1677100537071 0.2351999282836914 172
1677100539186 2.115227222442627 173
1677100539418 0.2330763339996338 174
1677100541513 2.0896613597869873 175
1677100541763 0.2541379928588867 176
1677100543907 2.1458396911621094 177
1677100544158 0.2474653720855713 178
1677100546280 2.122107982635498 179
1677100546522 0.2423863410949707 180
1677100548500 1.9772424697875977 181
1677100548729 0.23272371292114258 182
1677100550693 1.9600815773010254 183
1677100550973 0.27138257026672363 184
1677100552965 2.0053343772888184 185
1677100553254 0.28020191192626953 186
1677100555205 1.9482123851776123 187
1677100555477 0.27892637252807617 188
1677100557602 2.1211774349212646 189
1677100557873 0.26789069175720215 190
1677100559957 2.0903069972991943 191
1677100560213 0.2557857036590576 192
1677100562311 2.095956325531006 193
1677100562550 0.24294137954711914 194
1677100564657 2.1070048809051514 195
1677100564899 0.24300360679626465 196
1677100566962 2.061147689819336 197
1677100567239 0.27566957473754883 198
1677100569275 2.0372703075408936 199
1677100569515 0.23935222625732422 200
1677100571538 2.0015361309051514 201
1677100571851 0.3110837936401367 202
1677100574729 2.886075973510742 203
1677100575034 0.31672215461730957 204
1677100577573 2.544384479522705 205
1677100577823 0.24164485931396484 206
1677100580000 2.1862568855285645 207
1677100580250 0.2447948455810547 208
1677100582454 2.198969841003418 209
1677100582710 0.25327467918395996 210
1677100584730 2.028787612915039 211
1677100584973 0.24274563789367676 212
1677100586996 2.019353151321411 213
1677100587242 0.2539827823638916 214
1677100589254 2.007030487060547 215
1677100589492 0.24064183235168457 216
1677100591547 2.057131767272949 217
1677100591787 0.2383272647857666 218
1677100593737 1.9527134895324707 219
1677100593979 0.2410445213317871 220
1677100596015 2.0363457202911377 221
1677100596274 0.25492334365844727 222
1677100598448 2.1741788387298584 223
1677100598701 0.2534160614013672 224
1677100600881 2.1823079586029053 225
1677100601120 0.24075865745544434 226
1677100603095 1.9733240604400635 227
1677100603346 0.2447519302368164 228
1677100605321 1.9677724838256836 229
1677100605597 0.28148531913757324 230
1677100607586 1.9930078983306885 231
1677100607863 0.26671791076660156 232
1677100609982 2.121968984603882 233
1677100610245 0.26128077507019043 234
1677100612264 2.029723644256592 235
1677100612505 0.23916864395141602 236
1677100614562 2.0486559867858887 237
1677100614827 0.26698899269104004 238
1677100616859 2.0323047637939453 239
1677100617110 0.2559340000152588 240
1677100619232 2.1217145919799805 241
1677100619481 0.24515199661254883 242
1677100621489 2.0118019580841064 243
1677100621735 0.24760007858276367 244
1677100623755 2.018693685531616 245
1677100623996 0.2399444580078125 246
1677100625958 1.9605438709259033 247
1677100626199 0.23990440368652344 248
1677100628280 2.061826467514038 249
1677100628561 0.29768943786621094 250
1677100630599 2.0333423614501953 251
1677100630861 0.2666053771972656 252
1677100632907 2.0490007400512695 253
1677100633203 0.28626561164855957 254
1677100635127 1.9372327327728271 255
1677100635448 0.3120291233062744 256
1677100637579 2.1350960731506348 257
1677100637831 0.24860477447509766 258
1677100639909 2.0962677001953125 259
1677100640160 0.23292803764343262 260
1677100642267 2.1520376205444336 261
1677100642513 0.20688843727111816 262
1677100644534 2.0137951374053955 263
1677100644811 0.27609825134277344 264
1677100646792 1.9898693561553955 265
1677100647031 0.24134564399719238 266
1677100648964 1.9246900081634521 267
1677100649211 0.2542753219604492 268
1677100651180 1.9674363136291504 269
1677100651419 0.2383723258972168 270
1677100653368 1.9561834335327148 271
1677100653608 0.23891854286193848 272
1677100655527 1.9498701095581055 273
1677100655784 0.22515535354614258 274
1677100657706 1.919847011566162 275
1677100657981 0.2578704357147217 276
1677100659909 1.9432766437530518 277
1677100660145 0.23865437507629395 278
1677100662099 1.9534361362457275 279
1677100662333 0.2349700927734375 280
1677100664303 1.965944766998291 281
1677100664553 0.25208449363708496 282
1677100666604 2.0863234996795654 283
1677100666865 0.2286524772644043 284
1677100668840 2.0088260173797607 285
1677100669107 0.225813627243042 286
1677100671340 2.272031545639038 287
1677100671592 0.21450209617614746 288
1677100673819 2.2276523113250732 289
1677100674080 0.2599315643310547 290
1677100676250 2.173149824142456 291
1677100676512 0.25920820236206055 292
1677100678617 2.110649347305298 293
1677100678855 0.23697471618652344 294
1677100681049 2.195024013519287 295
1677100681306 0.24248361587524414 296
1677100683447 2.1450345516204834 297
1677100683731 0.28381919860839844 298
1677100686117 2.3908162117004395 299
1677100686407 0.2801635265350342 300
1677100686685 0.2848513126373291 301
