1677100336897 1.0 1
1677100337132 2.0 2
1677100339089 3.0 3
1677100339325 4.0 4
1677100341458 5.0 5
1677100341703 6.0 6
1677100343972 7.0 7
1677100344230 8.0 8
1677100346428 9.0 9
1677100346655 10.0 10
1677100348587 11.0 11
1677100348810 12.0 12
1677100350838 13.0 13
1677100351102 14.0 14
1677100353856 15.0 15
1677100354116 16.0 16
1677100356498 17.0 17
1677100356744 18.0 18
1677100358791 19.0 19
1677100359022 20.0 20
1677100361003 21.0 21
1677100361239 22.0 22
1677100363290 23.0 23
1677100363521 24.0 24
1677100365496 25.0 25
1677100365734 26.0 26
1677100367704 27.0 27
1677100367951 28.0 28
1677100369919 29.0 29
1677100370189 30.0 30
1677100372381 31.0 31
1677100372649 32.0 32
1677100374904 33.0 33
1677100375161 34.0 34
1677100377306 35.0 35
1677100377542 36.0 36
1677100379610 37.0 37
1677100379837 38.0 38
1677100381844 39.0 39
1677100382082 40.0 40
1677100384161 41.0 41
1677100384404 42.0 42
1677100386545 43.0 43
1677100386787 44.0 44
1677100388853 45.0 45
1677100389090 46.0 46
1677100391204 47.0 47
1677100391445 48.0 48
1677100393657 49.0 49
1677100393888 50.0 50
1677100395938 51.0 51
1677100396180 52.0 52
1677100398175 53.0 53
1677100398441 54.0 54
1677100400690 55.0 55
1677100400926 56.0 56
1677100402975 57.0 57
1677100403219 58.0 58
1677100405220 59.0 59
1677100405457 60.0 60
1677100407476 61.0 61
1677100407714 62.0 62
1677100409735 63.0 63
1677100409964 64.0 64
1677100411973 65.0 65
1677100412201 66.0 66
1677100414195 67.0 67
1677100414440 68.0 68
1677100416454 69.0 69
1677100416686 70.0 70
1677100418699 71.0 71
1677100418927 72.0 72
1677100420857 73.0 73
1677100421101 74.0 74
1677100423317 75.0 75
1677100423612 76.0 76
1677100425656 77.0 77
1677100425890 78.0 78
1677100427958 79.0 79
1677100428202 80.0 80
1677100430225 81.0 81
1677100430462 82.0 82
1677100432486 83.0 83
1677100432740 84.0 84
1677100434699 85.0 85
1677100434944 86.0 86
1677100437384 87.0 87
1677100437640 88.0 88
1677100439997 89.0 89
1677100440294 90.0 90
1677100442404 91.0 91
1677100442632 92.0 92
1677100444644 93.0 93
1677100444902 94.0 94
1677100446947 95.0 95
1677100447179 96.0 96
1677100449257 97.0 97
1677100449503 98.0 98
1677100451487 99.0 99
1677100451728 100.0 100
1677100453833 101.0 101
1677100454071 102.0 102
1677100456439 103.0 103
1677100456669 104.0 104
1677100458900 105.0 105
1677100459157 106.0 106
1677100461323 107.0 107
1677100461616 108.0 108
1677100463697 109.0 109
1677100463946 110.0 110
1677100466017 111.0 111
1677100466247 112.0 112
1677100468325 113.0 113
1677100468560 114.0 114
1677100470573 115.0 115
1677100470838 116.0 116
1677100472838 117.0 117
1677100473104 118.0 118
1677100475100 119.0 119
1677100475335 120.0 120
1677100477347 121.0 121
1677100477581 122.0 122
1677100479658 123.0 123
1677100479894 124.0 124
1677100481996 125.0 125
1677100482245 126.0 126
1677100484612 127.0 127
1677100484879 128.0 128
1677100487018 129.0 129
1677100487253 130.0 130
1677100489412 131.0 131
1677100489645 132.0 132
1677100491749 133.0 133
1677100491994 134.0 134
1677100494226 135.0 135
1677100494459 136.0 136
1677100496613 137.0 137
1677100496858 138.0 138
1677100499093 139.0 139
1677100499358 140.0 140
1677100501517 141.0 141
1677100501767 142.0 142
1677100503992 143.0 143
1677100504255 144.0 144
1677100506424 145.0 145
1677100506655 146.0 146
1677100508677 147.0 147
1677100508922 148.0 148
1677100510945 149.0 149
1677100511185 150.0 150
1677100513553 151.0 151
1677100513809 152.0 152
1677100516019 153.0 153
1677100516285 154.0 154
1677100518344 155.0 155
1677100518578 156.0 156
1677100520686 157.0 157
1677100520940 158.0 158
1677100522992 159.0 159
1677100523235 160.0 160
1677100525217 161.0 161
1677100525461 162.0 162
1677100527447 163.0 163
1677100527683 164.0 164
1677100529667 165.0 165
1677100529902 166.0 166
1677100532012 167.0 167
1677100532283 168.0 168
1677100534455 169.0 169
1677100534715 170.0 170
1677100536841 171.0 171
1677100537074 172.0 172
1677100539189 173.0 173
1677100539421 174.0 174
1677100541515 175.0 175
1677100541765 176.0 176
1677100543909 177.0 177
1677100544160 178.0 178
1677100546283 179.0 179
1677100546525 180.0 180
1677100548503 181.0 181
1677100548732 182.0 182
1677100550694 183.0 183
1677100550976 184.0 184
1677100552969 185.0 185
1677100553257 186.0 186
1677100555208 187.0 187
1677100555479 188.0 188
1677100557605 189.0 189
1677100557875 190.0 190
1677100559960 191.0 191
1677100560215 192.0 192
1677100562313 193.0 193
1677100562553 194.0 194
1677100564660 195.0 195
1677100564902 196.0 196
1677100566964 197.0 197
1677100567241 198.0 198
1677100569278 199.0 199
1677100569518 200.0 200
1677100571541 201.0 201
1677100571853 202.0 202
1677100574733 203.0 203
1677100575036 204.0 204
1677100577576 205.0 205
1677100577825 206.0 206
1677100580002 207.0 207
1677100580251 208.0 208
1677100582457 209.0 209
1677100582713 210.0 210
1677100584733 211.0 211
1677100584975 212.0 212
1677100586999 213.0 213
1677100587246 214.0 214
1677100589257 215.0 215
1677100589494 216.0 216
1677100591551 217.0 217
1677100591790 218.0 218
1677100593739 219.0 219
1677100593981 220.0 220
1677100596017 221.0 221
1677100596276 222.0 222
1677100598451 223.0 223
1677100598705 224.0 224
1677100600883 225.0 225
1677100601122 226.0 226
1677100603097 227.0 227
1677100603349 228.0 228
1677100605325 229.0 229
1677100605600 230.0 230
1677100607590 231.0 231
1677100607866 232.0 232
1677100609984 233.0 233
1677100610248 234.0 234
1677100612267 235.0 235
1677100612507 236.0 236
1677100614565 237.0 237
1677100614831 238.0 238
1677100616862 239.0 239
1677100617113 240.0 240
1677100619235 241.0 241
1677100619484 242.0 242
1677100621491 243.0 243
1677100621738 244.0 244
1677100623758 245.0 245
1677100623999 246.0 246
1677100625961 247.0 247
1677100626202 248.0 248
1677100628283 249.0 249
1677100628564 250.0 250
1677100630601 251.0 251
1677100630863 252.0 252
1677100632910 253.0 253
1677100633206 254.0 254
1677100635130 255.0 255
1677100635451 256.0 256
1677100637581 257.0 257
1677100637834 258.0 258
1677100639912 259.0 259
1677100640163 260.0 260
1677100642270 261.0 261
1677100642516 262.0 262
1677100644538 263.0 263
1677100644815 264.0 264
1677100646795 265.0 265
1677100647034 266.0 266
1677100648967 267.0 267
1677100649214 268.0 268
1677100651183 269.0 269
1677100651421 270.0 270
1677100653371 271.0 271
1677100653610 272.0 272
1677100655532 273.0 273
1677100655786 274.0 274
1677100657708 275.0 275
1677100657983 276.0 276
1677100659911 277.0 277
1677100660147 278.0 278
1677100662100 279.0 279
1677100662335 280.0 280
1677100664306 281.0 281
1677100664556 282.0 282
1677100666607 283.0 283
1677100666867 284.0 284
1677100668843 285.0 285
1677100669110 286.0 286
1677100671343 287.0 287
1677100671594 288.0 288
1677100673823 289.0 289
1677100674082 290.0 290
1677100676253 291.0 291
1677100676515 292.0 292
1677100678619 293.0 293
1677100678858 294.0 294
1677100681052 295.0 295
1677100681309 296.0 296
1677100683451 297.0 297
1677100683734 298.0 298
1677100686121 299.0 299
1677100686411 300.0 300
1677100686689 301.0 301
