1677100336893 70.60617230237473 1
1677100339085 47.676980762863565 3
1677100341453 40.71341370481083 5
1677100343969 35.430132656278296 7
1677100346424 31.44311411388305 9
1677100348583 28.130870027109996 11
1677100350833 25.649815271174567 13
1677100353850 23.369025356777097 15
1677100356487 21.532844140180423 17
1677100358787 19.828638205211707 19
1677100360999 18.473278647303204 21
1677100363285 17.438341099746108 23
1677100365492 15.93553927836604 25
1677100367700 14.879112064172647 27
1677100369915 13.734428156439698 29
1677100372377 12.632342190536482 31
1677100374892 11.909855935646435 33
1677100377302 11.110505742092153 35
1677100379605 10.713784116563104 37
1677100381840 9.836766629073342 39
1677100384157 9.166467858441134 41
1677100386542 8.63892454947762 43
1677100388850 8.069255245397667 45
1677100391199 7.900196938871458 47
1677100393652 7.258569810362837 49
1677100395933 6.844498183177068 51
1677100398171 6.599143811950443 53
1677100400686 6.450083915325563 55
1677100402971 5.974623795304334 57
1677100405216 5.607943586516807 59
1677100407471 5.229025022448428 61
1677100409731 5.070597143645533 63
1677100411968 4.763929293228527 65
1677100414191 4.668795835557301 67
1677100416450 4.631259564837113 69
1677100418694 4.24350950725463 71
1677100420854 4.19378802555253 73
1677100423313 4.129317189921067 75
1677100425652 3.858993926163845 77
1677100427953 3.642364716253492 79
1677100430221 3.629084865536906 81
1677100432481 3.373145225063139 83
1677100434693 3.2228620752017036 85
1677100437380 3.0696232802372965 87
1677100439991 3.0322011320558313 89
1677100442400 2.853292382881438 91
1677100444640 2.6766341445443502 93
1677100446944 2.7763578943602027 95
1677100449254 2.8089395455238817 97
1677100451484 2.645097256944102 99
1677100453829 2.5737020346462662 101
1677100456434 2.3880683398221643 103
1677100458895 2.392208506674108 105
1677100461319 2.044326022766664 107
1677100463693 2.067413164114676 109
1677100466013 2.0855772646542468 111
1677100468320 1.944901448996979 113
1677100470569 1.9559923709004143 115
1677100472833 2.0145385218118843 117
1677100475096 1.9419420945003738 119
1677100477343 1.9559041607869814 121
1677100479654 1.9338597944212412 123
1677100481992 1.832209738960256 125
1677100484606 1.7422911743972023 127
1677100487014 1.684035448587104 129
1677100489408 1.6616042054114024 131
1677100491745 1.6409197376450195 133
1677100494222 1.6245255276325254 135
1677100496609 1.610925243281464 137
1677100499089 1.5358219880826607 139
1677100501513 1.5869042834818552 141
1677100503988 1.5006270935124981 143
1677100506419 1.48318988108032 145
1677100508674 1.4642768980705574 147
1677100510942 1.501971529011229 149
1677100513547 1.4823087968803683 151
1677100516014 1.4610107193003212 153
1677100518340 1.450290267676649 155
1677100520682 1.4380999964582406 157
1677100522987 1.422501561808762 159
1677100525213 1.4068878885880662 161
1677100527442 1.4085326634229673 163
1677100529664 1.43379312662606 165
1677100532007 1.389091895352676 167
1677100534451 1.3873626532682755 169
1677100536836 1.379807538616896 171
1677100539185 1.3536228846008835 173
1677100541511 1.3607123889398023 175
1677100543905 1.3439556779926771 177
1677100546279 1.343928724959163 179
1677100548499 1.3507974364232465 181
1677100550691 1.3582642712319237 183
1677100552963 1.3454132620728054 185
1677100555204 1.337590537470686 187
1677100557601 1.3168858456473456 189
1677100559957 1.2844762125432303 191
1677100562309 1.3141793881377128 193
1677100564656 1.3187116741506015 195
1677100566961 1.303588950445579 197
1677100569274 1.3287620679407652 199
1677100571537 1.3299664798703974 201
1677100574728 1.2775888255354728 203
1677100577572 1.2935290584071795 205
1677100579998 1.284706418701419 207
1677100582452 1.32852667256703 209
1677100584728 1.302362674217204 211
1677100586995 1.2796752934586513 213
1677100589252 1.25801304782043 215
1677100591545 1.2793195956625099 217
1677100593735 1.2708775937368797 219
1677100596014 1.2752051331220613 221
1677100598447 1.3061445665403462 223
1677100600879 1.294213357366802 225
1677100603094 1.2626201779655208 227
1677100605319 1.295386445911717 229
1677100607585 1.2936467792764228 231
1677100609980 1.2579842468144644 233
1677100612263 1.2870587711496273 235
1677100614560 1.29937190365113 237
1677100616859 1.285134772537129 239
1677100619230 1.2824471475829315 241
1677100621487 1.265575623022367 243
1677100623754 1.2854667837018083 245
1677100625957 1.2485099483717104 247
1677100628278 1.284215200305362 249
1677100630597 1.2792521935242873 251
1677100632906 1.2695692242259597 253
1677100635126 1.2621863743433586 255
1677100637577 1.2493863709859778 257
1677100639908 1.278775128194605 259
1677100642266 1.2602901396686084 261
1677100644534 1.2664587574839214 263
1677100646791 1.2482632178840698 265
1677100648963 1.2789514432089095 267
1677100651179 1.2877602582736563 269
1677100653367 1.2772840478146414 271
1677100655525 1.2502164971212943 273
1677100657704 1.2581654330670393 275
1677100659907 1.2589081127914916 277
1677100662096 1.2767765592614893 279
1677100664301 1.2706650889208746 281
1677100666602 1.2987398302027497 283
1677100668839 1.2410644453305464 285
1677100671339 1.2822157457894847 287
1677100673818 1.260239795407769 289
1677100676249 1.254392380445599 291
1677100678615 1.274820670664499 293
1677100681048 1.2489031395243895 295
1677100683446 1.25853548620222 297
1677100686117 1.2842692365196657 299
