1677085778999 1.0 1
1677085779168 2.0 2
1677085780077 3.0 3
1677085780246 4.0 4
1677085781168 5.0 5
1677085781315 6.0 6
1677085782172 7.0 7
1677085782318 8.0 8
1677085783160 9.0 9
1677085783318 10.0 10
1677085784179 11.0 11
1677085784350 12.0 12
1677085785217 13.0 13
1677085785368 14.0 14
1677085786190 15.0 15
1677085786342 16.0 16
1677085787378 17.0 17
1677085787525 18.0 18
1677085788370 19.0 19
1677085788519 20.0 20
1677085789405 21.0 21
1677085789572 22.0 22
1677085790514 23.0 23
1677085790686 24.0 24
1677085791684 25.0 25
1677085791857 26.0 26
1677085792939 27.0 27
1677085793111 28.0 28
1677085794088 29.0 29
1677085794266 30.0 30
1677085795217 31.0 31
1677085795372 32.0 32
1677085796250 33.0 33
1677085796410 34.0 34
1677085797360 35.0 35
1677085797510 36.0 36
1677085798378 37.0 37
1677085798531 38.0 38
1677085799520 39.0 39
1677085799688 40.0 40
1677085800557 41.0 41
1677085800721 42.0 42
1677085801566 43.0 43
1677085801739 44.0 44
1677085802742 45.0 45
1677085802892 46.0 46
1677085803741 47.0 47
1677085803896 48.0 48
1677085804773 49.0 49
1677085804962 50.0 50
1677085805810 51.0 51
1677085805975 52.0 52
1677085806857 53.0 53
1677085807023 54.0 54
1677085807996 55.0 55
1677085808152 56.0 56
1677085809009 57.0 57
1677085809184 58.0 58
1677085810162 59.0 59
1677085810337 60.0 60
1677085811304 61.0 61
1677085811482 62.0 62
1677085812510 63.0 63
1677085812688 64.0 64
1677085813652 65.0 65
1677085813824 66.0 66
1677085814799 67.0 67
1677085814957 68.0 68
1677085815784 69.0 69
1677085815948 70.0 70
1677085816782 71.0 71
1677085816951 72.0 72
1677085817827 73.0 73
1677085817987 74.0 74
1677085818892 75.0 75
1677085819047 76.0 76
1677085820025 77.0 77
1677085820196 78.0 78
1677085821187 79.0 79
1677085821369 80.0 80
1677085822375 81.0 81
1677085822563 82.0 82
1677085823546 83.0 83
1677085823724 84.0 84
1677085824756 85.0 85
1677085824943 86.0 86
1677085825813 87.0 87
1677085826051 88.0 88
1677085826900 89.0 89
1677085827066 90.0 90
1677085827940 91.0 91
1677085828099 92.0 92
1677085828963 93.0 93
1677085829114 94.0 94
1677085830023 95.0 95
1677085830220 96.0 96
1677085831108 97.0 97
1677085831260 98.0 98
1677085832213 99.0 99
1677085832374 100.0 100
1677085833218 101.0 101
1677085833382 102.0 102
1677085834232 103.0 103
1677085834395 104.0 104
1677085835306 105.0 105
1677085835459 106.0 106
1677085836345 107.0 107
1677085836507 108.0 108
1677085837408 109.0 109
1677085837650 110.0 110
1677085838497 111.0 111
1677085838662 112.0 112
1677085839521 113.0 113
1677085839687 114.0 114
1677085840588 115.0 115
1677085840749 116.0 116
1677085841624 117.0 117
1677085841784 118.0 118
1677085842676 119.0 119
1677085842845 120.0 120
1677085843783 121.0 121
1677085843949 122.0 122
1677085844820 123.0 123
1677085844979 124.0 124
1677085845877 125.0 125
1677085846055 126.0 126
1677085846929 127.0 127
1677085847093 128.0 128
1677085847990 129.0 129
1677085848148 130.0 130
1677085849000 131.0 131
1677085849253 132.0 132
1677085850147 133.0 133
1677085850324 134.0 134
1677085851315 135.0 135
1677085851493 136.0 136
1677085852545 137.0 137
1677085852715 138.0 138
1677085853670 139.0 139
1677085853870 140.0 140
1677085854870 141.0 141
1677085855021 142.0 142
1677085855966 143.0 143
1677085856132 144.0 144
1677085857010 145.0 145
1677085857174 146.0 146
1677085858100 147.0 147
1677085858259 148.0 148
1677085859130 149.0 149
1677085859307 150.0 150
1677085860195 151.0 151
1677085860362 152.0 152
1677085861265 153.0 153
1677085861502 154.0 154
1677085862400 155.0 155
1677085862567 156.0 156
1677085863496 157.0 157
1677085863658 158.0 158
1677085864592 159.0 159
1677085864760 160.0 160
1677085865630 161.0 161
1677085865807 162.0 162
1677085866750 163.0 163
1677085866928 164.0 164
1677085867916 165.0 165
1677085868099 166.0 166
1677085869111 167.0 167
1677085869278 168.0 168
1677085870202 169.0 169
1677085870370 170.0 170
1677085871239 171.0 171
1677085871405 172.0 172
1677085872269 173.0 173
1677085872426 174.0 174
1677085873304 175.0 175
1677085873571 176.0 176
1677085874495 177.0 177
1677085874666 178.0 178
1677085875543 179.0 179
1677085875722 180.0 180
1677085876594 181.0 181
1677085876763 182.0 182
1677085877651 183.0 183
1677085877811 184.0 184
1677085878818 185.0 185
1677085879016 186.0 186
1677085880119 187.0 187
1677085880301 188.0 188
1677085881305 189.0 189
1677085881484 190.0 190
1677085882480 191.0 191
1677085882665 192.0 192
1677085883634 193.0 193
1677085883817 194.0 194
1677085884833 195.0 195
1677085885030 196.0 196
1677085885917 197.0 197
1677085886156 198.0 198
1677085887043 199.0 199
1677085887211 200.0 200
1677085888098 201.0 201
1677085888265 202.0 202
1677085889162 203.0 203
1677085889322 204.0 204
1677085890204 205.0 205
1677085890369 206.0 206
1677085891216 207.0 207
1677085891379 208.0 208
1677085892316 209.0 209
1677085892485 210.0 210
1677085893389 211.0 211
1677085893563 212.0 212
1677085894422 213.0 213
1677085894582 214.0 214
1677085895460 215.0 215
1677085895647 216.0 216
1677085896546 217.0 217
1677085896704 218.0 218
1677085897725 219.0 219
1677085897963 220.0 220
1677085898955 221.0 221
1677085899125 222.0 222
1677085899993 223.0 223
1677085900157 224.0 224
1677085901046 225.0 225
1677085901211 226.0 226
1677085902075 227.0 227
1677085902235 228.0 228
1677085903160 229.0 229
1677085903325 230.0 230
1677085904338 231.0 231
1677085904516 232.0 232
1677085905440 233.0 233
1677085905622 234.0 234
1677085906527 235.0 235
1677085906692 236.0 236
1677085907561 237.0 237
1677085907732 238.0 238
1677085908680 239.0 239
1677085908846 240.0 240
1677085909783 241.0 241
1677085910047 242.0 242
1677085911129 243.0 243
1677085911327 244.0 244
1677085912419 245.0 245
1677085912623 246.0 246
1677085913920 247.0 247
1677085914118 248.0 248
1677085915198 249.0 249
1677085915405 250.0 250
1677085916572 251.0 251
1677085916757 252.0 252
1677085917744 253.0 253
1677085917928 254.0 254
1677085918909 255.0 255
1677085919080 256.0 256
1677085920046 257.0 257
1677085920218 258.0 258
1677085921176 259.0 259
1677085921351 260.0 260
1677085922299 261.0 261
1677085922461 262.0 262
1677085923429 263.0 263
1677085923682 264.0 264
1677085924663 265.0 265
1677085924844 266.0 266
1677085925788 267.0 267
1677085925973 268.0 268
1677085926913 269.0 269
1677085927100 270.0 270
1677085928084 271.0 271
1677085928272 272.0 272
1677085929350 273.0 273
1677085929515 274.0 274
1677085930622 275.0 275
1677085930801 276.0 276
1677085931760 277.0 277
1677085931948 278.0 278
1677085932991 279.0 279
1677085933163 280.0 280
1677085934098 281.0 281
1677085934264 282.0 282
1677085935247 283.0 283
1677085935413 284.0 284
1677085936334 285.0 285
1677085936594 286.0 286
1677085937533 287.0 287
1677085937702 288.0 288
1677085938655 289.0 289
1677085938848 290.0 290
1677085939830 291.0 291
1677085940012 292.0 292
1677085940968 293.0 293
1677085941146 294.0 294
1677085942153 295.0 295
1677085942384 296.0 296
1677085943527 297.0 297
1677085943733 298.0 298
1677085944849 299.0 299
1677085945069 300.0 300
1677085945239 301.0 301
