1679919564916 1679919564.0 1
1679919565119 1679919565.0 2
1679919566739 1679919566.0 3
1679919566914 1679919566.0 4
1679919568646 1679919568.0 5
1679919568828 1679919568.0 6
1679919570486 1679919570.0 7
1679919570671 1679919570.0 8
1679919572277 1679919572.0 9
1679919572493 1679919572.0 10
1679919574168 1679919574.0 11
1679919574366 1679919574.0 12
1679919576103 1679919576.0 13
1679919576368 1679919576.0 14
1679919578047 1679919578.0 15
1679919578224 1679919578.0 16
1679919579921 1679919579.0 17
1679919580148 1679919580.0 18
1679919581827 1679919581.0 19
1679919582017 1679919581.0 20
1679919583694 1679919583.0 21
1679919583884 1679919583.0 22
1679919585603 1679919585.0 23
1679919585865 1679919585.0 24
1679919587480 1679919587.0 25
1679919587688 1679919587.0 26
1679919589364 1679919589.0 27
1679919589548 1679919589.0 28
1679919591281 1679919591.0 29
1679919591465 1679919591.0 30
1679919593105 1679919593.0 31
1679919593317 1679919593.0 32
1679919594966 1679919594.0 33
1679919595244 1679919595.0 34
1679919596921 1679919596.0 35
1679919597116 1679919597.0 36
1679919598783 1679919598.0 37
1679919598984 1679919598.0 38
1679919600665 1679919600.0 39
1679919600846 1679919600.0 40
1679919602491 1679919602.0 41
1679919602706 1679919602.0 42
1679919604485 1679919604.0 43
1679919604692 1679919604.0 44
1679919606398 1679919606.0 45
1679919606586 1679919606.0 46
1679919608264 1679919608.0 47
1679919608453 1679919608.0 48
1679919610128 1679919610.0 49
1679919610356 1679919610.0 50
1679919612055 1679919612.0 51
1679919612241 1679919612.0 52
1679919614006 1679919613.0 53
1679919614211 1679919614.0 54
1679919615912 1679919615.0 55
1679919616104 1679919616.0 56
1679919617786 1679919617.0 57
1679919617981 1679919617.0 58
1679919619686 1679919619.0 59
1679919619881 1679919619.0 60
1679919621673 1679919621.0 61
1679919621868 1679919621.0 62
1679919623614 1679919623.0 63
1679919623803 1679919623.0 64
1679919625447 1679919625.0 65
1679919625659 1679919625.0 66
1679919627299 1679919627.0 67
1679919627504 1679919627.0 68
1679919629320 1679919629.0 69
1679919629526 1679919629.0 70
1679919631367 1679919631.0 71
1679919631553 1679919631.0 72
1679919633403 1679919633.0 73
1679919633591 1679919633.0 74
1679919635304 1679919635.0 75
1679919635502 1679919635.0 76
1679919637202 1679919637.0 77
1679919637396 1679919637.0 78
1679919639087 1679919639.0 79
1679919639283 1679919639.0 80
1679919640968 1679919640.0 81
1679919641149 1679919641.0 82
1679919642875 1679919642.0 83
1679919643077 1679919643.0 84
1679919644685 1679919644.0 85
1679919644888 1679919644.0 86
1679919646548 1679919646.0 87
1679919646720 1679919646.0 88
1679919648356 1679919648.0 89
1679919648536 1679919648.0 90
1679919650177 1679919650.0 91
1679919650401 1679919650.0 92
1679919652122 1679919652.0 93
1679919652306 1679919652.0 94
1679919653990 1679919653.0 95
1679919654176 1679919654.0 96
1679919655819 1679919655.0 97
1679919656030 1679919655.0 98
1679919657660 1679919657.0 99
1679919657871 1679919657.0 100
1679919659587 1679919659.0 101
1679919659806 1679919659.0 102
1679919661659 1679919661.0 103
1679919661862 1679919661.0 104
1679919663601 1679919663.0 105
1679919663786 1679919663.0 106
1679919665529 1679919665.0 107
1679919665741 1679919665.0 108
1679919667503 1679919667.0 109
1679919667740 1679919667.0 110
1679919669441 1679919669.0 111
1679919669623 1679919669.0 112
1679919671455 1679919671.0 113
1679919671655 1679919671.0 114
1679919673368 1679919673.0 115
1679919673567 1679919673.0 116
1679919675274 1679919675.0 117
1679919675468 1679919675.0 118
1679919677153 1679919677.0 119
1679919677359 1679919677.0 120
1679919679134 1679919679.0 121
1679919679334 1679919679.0 122
1679919681160 1679919681.0 123
1679919681347 1679919681.0 124
1679919683060 1679919683.0 125
1679919683263 1679919683.0 126
1679919684947 1679919684.0 127
1679919685153 1679919685.0 128
1679919686855 1679919686.0 129
1679919687045 1679919686.0 130
1679919688837 1679919688.0 131
1679919689037 1679919688.0 132
1679919690865 1679919690.0 133
1679919691071 1679919691.0 134
1679919692750 1679919692.0 135
1679919692954 1679919692.0 136
1679919694688 1679919694.0 137
1679919694893 1679919694.0 138
1679919696726 1679919696.0 139
1679919696947 1679919696.0 140
1679919698670 1679919698.0 141
1679919698935 1679919698.0 142
1679919700665 1679919700.0 143
1679919700856 1679919700.0 144
1679919702615 1679919702.0 145
1679919702834 1679919702.0 146
1679919704506 1679919704.0 147
1679919704699 1679919704.0 148
1679919706410 1679919706.0 149
1679919706605 1679919706.0 150
1679919708254 1679919708.0 151
1679919708527 1679919708.0 152
1679919710219 1679919710.0 153
1679919710443 1679919710.0 154
1679919712282 1679919712.0 155
1679919712488 1679919712.0 156
1679919714221 1679919714.0 157
1679919714415 1679919714.0 158
1679919716148 1679919716.0 159
1679919716350 1679919716.0 160
1679919718112 1679919718.0 161
1679919718382 1679919718.0 162
1679919720101 1679919720.0 163
1679919720357 1679919720.0 164
1679919722044 1679919721.0 165
1679919722199 1679919722.0 166
1679919724033 1679919723.0 167
1679919724265 1679919724.0 168
1679919726024 1679919725.0 169
1679919726245 1679919726.0 170
1679919728138 1679919728.0 171
1679919728326 1679919728.0 172
1679919730085 1679919730.0 173
1679919730319 1679919730.0 174
1679919732166 1679919732.0 175
1679919732383 1679919732.0 176
1679919734258 1679919734.0 177
1679919734452 1679919734.0 178
1679919736248 1679919736.0 179
1679919736452 1679919736.0 180
1679919738216 1679919738.0 181
1679919738414 1679919738.0 182
1679919740204 1679919740.0 183
1679919740417 1679919740.0 184
1679919742162 1679919742.0 185
1679919742386 1679919742.0 186
1679919744217 1679919744.0 187
1679919744464 1679919744.0 188
1679919746245 1679919746.0 189
1679919746435 1679919746.0 190
1679919748313 1679919748.0 191
1679919748529 1679919748.0 192
1679919750337 1679919750.0 193
1679919750538 1679919750.0 194
1679919752304 1679919752.0 195
1679919752495 1679919752.0 196
1679919754267 1679919754.0 197
1679919754477 1679919754.0 198
1679919756250 1679919756.0 199
1679919756454 1679919756.0 200
1679919756589 1679919756.0 201
