1677142853327 1677142853.0 1
1677142853492 1677142853.0 2
1677142854417 1677142854.0 3
1677142854582 1677142854.0 4
1677142855578 1677142855.0 5
1677142855746 1677142855.0 6
1677142856711 1677142856.0 7
1677142856886 1677142856.0 8
1677142857907 1677142857.0 9
1677142858081 1677142858.0 10
1677142859070 1677142859.0 11
1677142859240 1677142859.0 12
1677142860237 1677142860.0 13
1677142860410 1677142860.0 14
1677142861434 1677142861.0 15
1677142861601 1677142861.0 16
1677142862667 1677142862.0 17
1677142862844 1677142862.0 18
1677142863861 1677142863.0 19
1677142864031 1677142863.0 20
1677142865015 1677142864.0 21
1677142865176 1677142865.0 22
1677142866100 1677142866.0 23
1677142866256 1677142866.0 24
1677142867183 1677142867.0 25
1677142867342 1677142867.0 26
1677142868364 1677142868.0 27
1677142868532 1677142868.0 28
1677142869463 1677142869.0 29
1677142869628 1677142869.0 30
1677142870587 1677142870.0 31
1677142870748 1677142870.0 32
1677142871690 1677142871.0 33
1677142871849 1677142871.0 34
1677142872824 1677142872.0 35
1677142872985 1677142872.0 36
1677142873929 1677142873.0 37
1677142874091 1677142874.0 38
1677142875097 1677142875.0 39
1677142875258 1677142875.0 40
1677142876187 1677142876.0 41
1677142876350 1677142876.0 42
1677142877264 1677142877.0 43
1677142877418 1677142877.0 44
1677142878322 1677142878.0 45
1677142878489 1677142878.0 46
1677142879406 1677142879.0 47
1677142879569 1677142879.0 48
1677142880561 1677142880.0 49
1677142880718 1677142880.0 50
1677142881627 1677142881.0 51
1677142881795 1677142881.0 52
1677142882757 1677142882.0 53
1677142882923 1677142882.0 54
1677142883865 1677142883.0 55
1677142884032 1677142883.0 56
1677142884968 1677142884.0 57
1677142885140 1677142885.0 58
1677142886086 1677142886.0 59
1677142886249 1677142886.0 60
1677142887243 1677142887.0 61
1677142887409 1677142887.0 62
1677142888329 1677142888.0 63
1677142888495 1677142888.0 64
1677142889410 1677142889.0 65
1677142889573 1677142889.0 66
1677142890472 1677142890.0 67
1677142890637 1677142890.0 68
1677142891564 1677142891.0 69
1677142891730 1677142891.0 70
1677142892761 1677142892.0 71
1677142892932 1677142892.0 72
1677142893846 1677142893.0 73
1677142894006 1677142893.0 74
1677142894927 1677142894.0 75
1677142895092 1677142895.0 76
1677142896027 1677142895.0 77
1677142896190 1677142896.0 78
1677142897127 1677142897.0 79
1677142897290 1677142897.0 80
1677142898218 1677142898.0 81
1677142898383 1677142898.0 82
1677142899382 1677142899.0 83
1677142899550 1677142899.0 84
1677142900474 1677142900.0 85
1677142900663 1677142900.0 86
1677142901596 1677142901.0 87
1677142901774 1677142901.0 88
1677142902681 1677142902.0 89
1677142902848 1677142902.0 90
1677142903771 1677142903.0 91
1677142903937 1677142903.0 92
1677142904849 1677142904.0 93
1677142905090 1677142905.0 94
1677142906003 1677142905.0 95
1677142906166 1677142906.0 96
1677142907074 1677142907.0 97
1677142907239 1677142907.0 98
1677142908192 1677142908.0 99
1677142908358 1677142908.0 100
1677142909326 1677142909.0 101
1677142909507 1677142909.0 102
1677142910466 1677142910.0 103
1677142910634 1677142910.0 104
1677142911637 1677142911.0 105
1677142911819 1677142911.0 106
1677142912786 1677142912.0 107
1677142912953 1677142912.0 108
1677142913887 1677142913.0 109
1677142914050 1677142914.0 110
1677142914988 1677142914.0 111
1677142915156 1677142915.0 112
1677142916076 1677142916.0 113
1677142916249 1677142916.0 114
1677142917182 1677142917.0 115
1677142917424 1677142917.0 116
1677142918344 1677142918.0 117
1677142918518 1677142918.0 118
1677142919439 1677142919.0 119
1677142919609 1677142919.0 120
1677142920532 1677142920.0 121
1677142920732 1677142920.0 122
1677142921667 1677142921.0 123
1677142921828 1677142921.0 124
1677142922789 1677142922.0 125
1677142922959 1677142922.0 126
1677142923970 1677142923.0 127
1677142924137 1677142924.0 128
1677142925121 1677142925.0 129
1677142925289 1677142925.0 130
1677142926227 1677142926.0 131
1677142926392 1677142926.0 132
1677142927361 1677142927.0 133
1677142927528 1677142927.0 134
1677142928443 1677142928.0 135
1677142928615 1677142928.0 136
1677142929543 1677142929.0 137
1677142929716 1677142929.0 138
1677142930724 1677142930.0 139
1677142930893 1677142930.0 140
1677142931865 1677142931.0 141
1677142932037 1677142931.0 142
1677142932956 1677142932.0 143
1677142933124 1677142933.0 144
1677142934051 1677142934.0 145
1677142934218 1677142934.0 146
1677142935167 1677142935.0 147
1677142935335 1677142935.0 148
1677142936359 1677142936.0 149
1677142936536 1677142936.0 150
1677142937493 1677142937.0 151
1677142937670 1677142937.0 152
1677142938610 1677142938.0 153
1677142938780 1677142938.0 154
1677142939721 1677142939.0 155
1677142939890 1677142939.0 156
1677142940851 1677142940.0 157
1677142941018 1677142940.0 158
1677142941953 1677142941.0 159
1677142942119 1677142942.0 160
1677142943108 1677142943.0 161
1677142943277 1677142943.0 162
1677142944194 1677142944.0 163
1677142944364 1677142944.0 164
1677142945286 1677142945.0 165
1677142945449 1677142945.0 166
1677142946368 1677142946.0 167
1677142946540 1677142946.0 168
1677142947461 1677142947.0 169
1677142947630 1677142947.0 170
1677142948643 1677142948.0 171
1677142948840 1677142948.0 172
1677142949790 1677142949.0 173
1677142949960 1677142949.0 174
1677142950881 1677142950.0 175
1677142951050 1677142951.0 176
1677142951995 1677142951.0 177
1677142952174 1677142952.0 178
1677142953094 1677142953.0 179
1677142953269 1677142953.0 180
1677142954199 1677142954.0 181
1677142954371 1677142954.0 182
1677142955378 1677142955.0 183
1677142955544 1677142955.0 184
1677142956476 1677142956.0 185
1677142956639 1677142956.0 186
1677142957581 1677142957.0 187
1677142957750 1677142957.0 188
1677142958655 1677142958.0 189
1677142958826 1677142958.0 190
1677142959797 1677142959.0 191
1677142959969 1677142959.0 192
1677142960966 1677142960.0 193
1677142961135 1677142961.0 194
1677142962064 1677142962.0 195
1677142962233 1677142962.0 196
1677142963174 1677142963.0 197
1677142963346 1677142963.0 198
1677142964283 1677142964.0 199
1677142964449 1677142964.0 200
1677142965398 1677142965.0 201
1677142965569 1677142965.0 202
1677142966506 1677142966.0 203
1677142966675 1677142966.0 204
1677142967703 1677142967.0 205
1677142967873 1677142967.0 206
1677142968795 1677142968.0 207
1677142968974 1677142968.0 208
1677142969932 1677142969.0 209
1677142970108 1677142970.0 210
1677142971034 1677142970.0 211
1677142971202 1677142971.0 212
1677142972148 1677142972.0 213
1677142972318 1677142972.0 214
1677142973311 1677142973.0 215
1677142973481 1677142973.0 216
1677142974414 1677142974.0 217
1677142974585 1677142974.0 218
1677142975519 1677142975.0 219
1677142975685 1677142975.0 220
1677142976634 1677142976.0 221
1677142976810 1677142976.0 222
1677142977775 1677142977.0 223
1677142977951 1677142977.0 224
1677142978885 1677142978.0 225
1677142979055 1677142979.0 226
1677142980055 1677142980.0 227
1677142980232 1677142980.0 228
1677142981179 1677142981.0 229
1677142981379 1677142981.0 230
1677142982332 1677142982.0 231
1677142982505 1677142982.0 232
1677142983437 1677142983.0 233
1677142983607 1677142983.0 234
1677142984552 1677142984.0 235
1677142984724 1677142984.0 236
1677142985734 1677142985.0 237
1677142985920 1677142985.0 238
1677142986869 1677142986.0 239
1677142987045 1677142986.0 240
1677142987996 1677142987.0 241
1677142988172 1677142988.0 242
1677142989106 1677142989.0 243
1677142989280 1677142989.0 244
1677142990241 1677142990.0 245
1677142990424 1677142990.0 246
1677142991375 1677142991.0 247
1677142991551 1677142991.0 248
1677142992562 1677142992.0 249
1677142992731 1677142992.0 250
1677142993668 1677142993.0 251
1677142993845 1677142993.0 252
1677142994759 1677142994.0 253
1677142994930 1677142994.0 254
1677142995848 1677142995.0 255
1677142996018 1677142995.0 256
1677142996942 1677142996.0 257
1677142997129 1677142997.0 258
1677142998041 1677142997.0 259
1677142998291 1677142998.0 260
1677142999221 1677142999.0 261
1677142999397 1677142999.0 262
1677143000324 1677143000.0 263
1677143000501 1677143000.0 264
1677143001483 1677143001.0 265
1677143001655 1677143001.0 266
1677143002623 1677143002.0 267
1677143002804 1677143002.0 268
1677143003751 1677143003.0 269
1677143003944 1677143003.0 270
1677143004976 1677143004.0 271
1677143005152 1677143005.0 272
1677143006091 1677143006.0 273
1677143006268 1677143006.0 274
1677143007214 1677143007.0 275
1677143007385 1677143007.0 276
1677143008318 1677143008.0 277
1677143008491 1677143008.0 278
1677143009462 1677143009.0 279
1677143009634 1677143009.0 280
1677143010583 1677143010.0 281
1677143010840 1677143010.0 282
1677143011801 1677143011.0 283
1677143011983 1677143011.0 284
1677143012979 1677143012.0 285
1677143013162 1677143013.0 286
1677143014212 1677143014.0 287
1677143014393 1677143014.0 288
1677143015371 1677143015.0 289
1677143015543 1677143015.0 290
1677143016486 1677143016.0 291
1677143016665 1677143016.0 292
1677143017701 1677143017.0 293
1677143017881 1677143017.0 294
1677143018885 1677143018.0 295
1677143019064 1677143019.0 296
1677143020092 1677143020.0 297
1677143020345 1677143020.0 298
1677143021394 1677143021.0 299
1677143021619 1677143021.0 300
1677143021850 1677143021.0 301
