1677142853329 3.4218006134033203 1
1677142853494 3.5746047496795654 2
1677142854419 4.497535228729248 3
1677142854584 4.6635901927948 4
1677142855580 5.6551337242126465 5
1677142855747 5.824934482574463 6
1677142856712 6.789191484451294 7
1677142856888 6.961339235305786 8
1677142857908 7.981958866119385 9
1677142858084 8.158709287643433 10
1677142859071 9.147713661193848 11
1677142859241 9.318715810775757 12
1677142860239 10.316505432128906 13
1677142860412 10.48670768737793 14
1677142861435 11.509878635406494 15
1677142861603 11.679698705673218 16
1677142862669 12.733889818191528 17
1677142862846 12.922024965286255 18
1677142863862 13.939680099487305 19
1677142864033 14.1081223487854 20
1677142865016 15.09395718574524 21
1677142865177 15.256219148635864 22
1677142866101 16.17872405052185 23
1677142866257 16.335665702819824 24
1677142867185 17.25976300239563 25
1677142867343 17.41979455947876 26
1677142868365 18.434828519821167 27
1677142868533 18.610587120056152 28
1677142869464 19.54258108139038 29
1677142869629 19.70751929283142 30
1677142870588 20.665828704833984 31
1677142870750 20.8268723487854 32
1677142871692 21.767306327819824 33
1677142871850 21.926721811294556 34
1677142872825 22.894303560256958 35
1677142872987 23.06228280067444 36
1677142873931 24.006168842315674 37
1677142874093 24.170628547668457 38
1677142875098 25.174819231033325 39
1677142875259 25.336485385894775 40
1677142876188 26.264815092086792 41
1677142876352 26.42766308784485 42
1677142877265 27.341885089874268 43
1677142877419 27.495861053466797 44
1677142878324 28.400699138641357 45
1677142878490 28.563676834106445 46
1677142879407 29.479958057403564 47
1677142879570 29.646567821502686 48
1677142880563 30.637850999832153 49
1677142880720 30.79569697380066 50
1677142881628 31.703234434127808 51
1677142881797 31.872665405273438 52
1677142882759 32.831830739974976 53
1677142882924 32.998573303222656 54
1677142883866 33.94153594970703 55
1677142884034 34.10679244995117 56
1677142884970 35.04376935958862 57
1677142885140 35.21555709838867 58
1677142886088 36.16256809234619 59
1677142886251 36.32451128959656 60
1677142887245 37.319602489471436 61
1677142887410 37.48675322532654 62
1677142888331 38.40662932395935 63
1677142888497 38.567935943603516 64
1677142889412 39.48488116264343 65
1677142889575 39.64767265319824 66
1677142890474 40.5496723651886 67
1677142890639 40.71240973472595 68
1677142891566 41.639946699142456 69
1677142891731 41.804123640060425 70
1677142892763 42.83553767204285 71
1677142892934 43.00861597061157 72
1677142893848 43.92059898376465 73
1677142894008 44.08177971839905 74
1677142894929 45.00492596626282 75
1677142895093 45.16716456413269 76
1677142896029 46.09989619255066 77
1677142896191 46.26384139060974 78
1677142897129 47.19963574409485 79
1677142897292 47.365676403045654 80
1677142898220 48.29378151893616 81
1677142898385 48.45873427391052 82
1677142899384 49.458407402038574 83
1677142899552 49.626898765563965 84
1677142900475 50.54625225067139 85
1677142900665 50.71166729927063 86
1677142901598 51.67075300216675 87
1677142901776 51.84963893890381 88
1677142902683 52.75846719741821 89
1677142902849 52.91818404197693 90
1677142903772 53.842947244644165 91
1677142903938 54.01159191131592 92
1677142904851 54.922964096069336 93
1677142905092 55.16357779502869 94
1677142906005 56.07491493225098 95
1677142906168 56.24075508117676 96
1677142907076 57.14875864982605 97
1677142907240 57.312562704086304 98
1677142908193 58.266911029815674 99
1677142908360 58.43067407608032 100
1677142909328 59.366493463516235 101
1677142909509 59.58188533782959 102
1677142910468 60.53975296020508 103
1677142910635 60.70468235015869 104
1677142911639 61.71160006523132 105
1677142911821 61.89002799987793 106
1677142912787 62.857874631881714 107
1677142912954 63.02666473388672 108
1677142913888 63.95896530151367 109
1677142914051 64.1245903968811 110
1677142914989 65.0606484413147 111
1677142915157 65.22823715209961 112
1677142916077 66.14996814727783 113
1677142916251 66.32065105438232 114
1677142917183 67.2560384273529 115
1677142917425 67.49555516242981 116
1677142918345 68.41739678382874 117
1677142918520 68.59252071380615 118
1677142919440 69.51273274421692 119
1677142919610 69.67856550216675 120
1677142920534 70.60450673103333 121
1677142920734 70.8038113117218 122
1677142921668 71.73644161224365 123
1677142921830 71.90068101882935 124
1677142922792 72.86353182792664 125
1677142922961 73.02980971336365 126
1677142923971 74.04253840446472 127
1677142924139 74.20990777015686 128
1677142925124 75.19376564025879 129
1677142925291 75.36160039901733 130
1677142926229 76.29772067070007 131
1677142926394 76.46565055847168 132
1677142927363 77.43067932128906 133
1677142927530 77.60256910324097 134
1677142928444 78.51518034934998 135
1677142928616 78.68467140197754 136
1677142929545 79.61369466781616 137
1677142929717 79.78773975372314 138
1677142930725 80.7952630519867 139
1677142930895 80.96292519569397 140
1677142931867 81.93765044212341 141
1677142932039 82.10979318618774 142
1677142932958 83.02876114845276 143
1677142933125 83.19368886947632 144
1677142934052 84.12235403060913 145
1677142934219 84.29101514816284 146
1677142935168 85.23816561698914 147
1677142935337 85.4068443775177 148
1677142936360 86.4281415939331 149
1677142936538 86.60585331916809 150
1677142937494 87.56370186805725 151
1677142937671 87.74142527580261 152
1677142938612 88.68058800697327 153
1677142938781 88.84761881828308 154
1677142939722 89.79285001754761 155
1677142939891 89.95967555046082 156
1677142940853 90.92380809783936 157
1677142941019 91.08851027488708 158
1677142941955 92.0206401348114 159
1677142942121 92.1906487941742 160
1677142943110 93.17895817756653 161
1677142943278 93.3466899394989 162
1677142944195 94.26482510566711 163
1677142944366 94.43547797203064 164
1677142945287 95.35484266281128 165
1677142945451 95.52161645889282 166
1677142946370 96.43964743614197 167
1677142946541 96.609610080719 168
1677142947462 97.53071928024292 169
1677142947632 97.69960451126099 170
1677142948645 98.71471357345581 171
1677142948843 98.88176584243774 172
1677142949792 99.85974740982056 173
1677142949962 100.03062295913696 174
1677142950883 100.94962167739868 175
1677142951052 101.12116861343384 176
1677142951996 102.06517815589905 177
1677142952176 102.2457287311554 178
1677142953095 103.16474413871765 179
1677142953271 103.33955311775208 180
1677142954200 104.26980090141296 181
1677142954372 104.43971133232117 182
1677142955380 105.44819855690002 183
1677142955546 105.61449909210205 184
1677142956477 106.54337978363037 185
1677142956641 106.71095156669617 186
1677142957583 107.64843463897705 187
1677142957752 107.82127141952515 188
1677142958657 108.72675561904907 189
1677142958828 108.89352774620056 190
1677142959798 109.86762523651123 191
1677142959971 110.04063010215759 192
1677142960967 111.03660988807678 193
1677142961137 111.20666408538818 194
1677142962066 112.13358187675476 195
1677142962235 112.30374693870544 196
1677142963175 113.24346351623535 197
1677142963348 113.41677951812744 198
1677142964284 114.35287284851074 199
1677142964452 114.5215208530426 200
1677142965399 115.46561980247498 201
1677142965571 115.6398937702179 202
1677142966509 116.57599592208862 203
1677142966677 116.74663233757019 204
1677142967705 117.77257370948792 205
1677142967875 117.93991351127625 206
1677142968796 118.86579370498657 207
1677142968976 119.04125308990479 208
1677142969933 119.99815320968628 209
1677142970110 120.1748788356781 210
1677142971036 121.10378885269165 211
1677142971204 121.27375936508179 212
1677142972149 122.21653366088867 213
1677142972319 122.38822984695435 214
1677142973312 123.38177061080933 215
1677142973482 123.5506944656372 216
1677142974415 124.48329067230225 217
1677142974586 124.65392851829529 218
1677142975520 125.58763861656189 219
1677142975686 125.75652980804443 220
1677142976635 126.70372533798218 221
1677142976811 126.87777328491211 222
1677142977776 127.84385514259338 223
1677142977952 128.01862025260925 224
1677142978887 128.95284724235535 225
1677142979056 129.12370204925537 226
1677142980056 130.12164402008057 227
1677142980234 130.29746985435486 228
1677142981181 131.24164843559265 229
1677142981382 131.44866275787354 230
1677142982334 132.39879941940308 231
1677142982506 132.57243013381958 232
1677142983439 133.50479745864868 233
1677142983609 133.6762204170227 234
1677142984554 134.61374044418335 235
1677142984725 134.79131746292114 236
1677142985735 135.796781539917 237
1677142985921 135.9874985218048 238
1677142986872 136.93261456489563 239
1677142987046 137.1118667125702 240
1677142987998 138.06421971321106 241
1677142988174 138.23845052719116 242
1677142989108 139.17370295524597 243
1677142989281 139.34566855430603 244
1677142990243 140.30870079994202 245
1677142990426 140.488116979599 246
1677142991376 141.4386157989502 247
1677142991553 141.61720323562622 248
1677142992564 142.62796115875244 249
1677142992732 142.79862880706787 250
1677142993670 143.7368040084839 251
1677142993846 143.91149353981018 252
1677142994760 144.82489657402039 253
1677142994933 144.9947168827057 254
1677142995849 145.9140055179596 255
1677142996019 146.08568668365479 256
1677142996943 147.0046739578247 257
1677142997131 147.19408321380615 258
1677142998043 148.10973930358887 259
1677142998293 148.35752391815186 260
1677142999222 149.28640866279602 261
1677142999398 149.46422004699707 262
1677143000325 150.39170742034912 263
1677143000502 150.5646948814392 264
1677143001484 151.54870414733887 265
1677143001656 151.7205753326416 266
1677143002625 152.68971061706543 267
1677143002806 152.8717815876007 268
1677143003753 153.8147840499878 269
1677143003947 153.998779296875 270
1677143004977 155.04072737693787 271
1677143005153 155.21842789649963 272
1677143006092 156.15358901023865 273
1677143006269 156.3341784477234 274
1677143007216 157.277818441391 275
1677143007387 157.4505968093872 276
1677143008319 158.38312911987305 277
1677143008492 158.55858063697815 278
1677143009463 159.51481533050537 279
1677143009636 159.6996386051178 280
1677143010584 160.6505856513977 281
1677143010841 160.90320539474487 282
1677143011803 161.8661231994629 283
1677143011984 162.0435311794281 284
1677143012981 163.04172444343567 285
1677143013163 163.2254786491394 286
1677143014214 164.27713251113892 287
1677143014395 164.45736503601074 288
1677143015373 165.436692237854 289
1677143015544 165.61184549331665 290
1677143016488 166.5497636795044 291
1677143016667 166.7306354045868 292
1677143017703 167.7654435634613 293
1677143017882 167.94379806518555 294
1677143018887 168.94971585273743 295
1677143019065 169.12855768203735 296
1677143020093 170.13562440872192 297
1677143020346 170.39978218078613 298
1677143021396 171.45471811294556 299
1677143021621 171.65865397453308 300
1677143021853 171.89563918113708 301
