1677142853321 3.4218006134033203 1
1677142853487 0.15280413627624512 2
1677142854412 0.9229304790496826 3
1677142854578 0.16605496406555176 4
1677142855574 0.9915435314178467 5
1677142855741 0.1698007583618164 6
1677142856706 0.964257001876831 7
1677142856880 0.1721477508544922 8
1677142857901 1.0206196308135986 9
1677142858077 0.17675042152404785 10
1677142859065 0.989004373550415 11
1677142859235 0.17100214958190918 12
1677142860233 0.9977896213531494 13
1677142860406 0.17020225524902344 14
1677142861429 1.0231709480285645 15
1677142861596 0.16982007026672363 16
1677142862655 1.0541911125183105 17
1677142862839 0.18813514709472656 18
1677142863856 1.0176551342010498 19
1677142864027 0.1684422492980957 20
1677142865010 0.9858348369598389 21
1677142865172 0.162261962890625 22
1677142866095 0.9225049018859863 23
1677142866250 0.15694165229797363 24
1677142867178 0.9240972995758057 25
1677142867337 0.16003155708312988 26
1677142868351 1.0150339603424072 27
1677142868527 0.17575860023498535 28
1677142869458 0.9319939613342285 29
1677142869623 0.16493821144104004 30
1677142870581 0.9583094120025635 31
1677142870744 0.16104364395141602 32
1677142871686 0.9404339790344238 33
1677142871844 0.15941548347473145 34
1677142872819 0.9675817489624023 35
1677142872980 0.16797924041748047 36
1677142873926 0.9438860416412354 37
1677142874087 0.1644597053527832 38
1677142875092 1.0041906833648682 39
1677142875253 0.1616661548614502 40
1677142876182 0.9283297061920166 41
1677142876347 0.16284799575805664 42
1677142877259 0.914222002029419 43
1677142877413 0.1539759635925293 44
1677142878318 0.9048380851745605 45
1677142878483 0.1629776954650879 46
1677142879400 0.9162812232971191 47
1677142879564 0.1666097640991211 48
1677142880556 0.9912831783294678 49
1677142880713 0.15784597396850586 50
1677142881622 0.9075374603271484 51
1677142881789 0.16943097114562988 52
1677142882752 0.9591653347015381 53
1677142882918 0.16674256324768066 54
1677142883860 0.942962646484375 55
1677142884028 0.16525650024414062 56
1677142884964 0.9369769096374512 57
1677142885134 0.17178773880004883 58
1677142886082 0.9470109939575195 59
1677142886244 0.1619431972503662 60
1677142887238 0.9950911998748779 61
1677142887404 0.16715073585510254 62
1677142888325 0.9198760986328125 63
1677142888491 0.16130661964416504 64
1677142889406 0.916945219039917 65
1677142889568 0.16279149055480957 66
1677142890468 0.9019997119903564 67
1677142890633 0.16273736953735352 68
1677142891559 0.9275369644165039 69
1677142891726 0.16417694091796875 70
1677142892757 1.0314140319824219 71
1677142892927 0.17307829856872559 72
1677142893839 0.9119830131530762 73
1677142894001 0.16118073463439941 74
1677142894924 0.9231462478637695 75
1677142895087 0.16223859786987305 76
1677142896023 0.9327316284179688 77
1677142896185 0.16394519805908203 78
1677142897122 0.9357943534851074 79
1677142897285 0.16604065895080566 80
1677142898214 0.9281051158905029 81
1677142898379 0.16495275497436523 82
1677142899378 0.9996731281280518 83
1677142899546 0.16849136352539062 84
1677142900466 0.9193534851074219 85
1677142900658 0.16541504859924316 86
1677142901592 0.9590857028961182 87
1677142901770 0.17888593673706055 88
1677142902677 0.9088282585144043 89
1677142902843 0.15971684455871582 90
1677142903766 0.9247632026672363 91
1677142903932 0.16864466667175293 92
1677142904845 0.911372184753418 93
1677142905085 0.24061369895935059 94
1677142905997 0.91133713722229 95
1677142906161 0.16584014892578125 96
1677142907070 0.908003568649292 97
1677142907234 0.1638040542602539 98
1677142908187 0.9543483257293701 99
1677142908354 0.16376304626464844 100
1677142909321 0.9358193874359131 101
1677142909503 0.2153918743133545 102
1677142910462 0.9578676223754883 103
1677142910629 0.16492938995361328 104
1677142911632 1.0069177150726318 105
1677142911814 0.17842793464660645 106
1677142912781 0.9678466320037842 107
1677142912948 0.16879010200500488 108
1677142913882 0.9323005676269531 109
1677142914045 0.16562509536743164 110
1677142914982 0.9360580444335938 111
1677142915151 0.1675887107849121 112
1677142916071 0.9217309951782227 113
1677142916245 0.1706829071044922 114
1677142917177 0.935387372970581 115
1677142917419 0.2395167350769043 116
1677142918339 0.9218416213989258 117
1677142918514 0.175123929977417 118
1677142919434 0.9202120304107666 119
1677142919604 0.1658327579498291 120
1677142920528 0.9259412288665771 121
1677142920727 0.19930458068847656 122
1677142921662 0.9326303005218506 123
1677142921823 0.16423940658569336 124
1677142922785 0.96285080909729 125
1677142922955 0.16627788543701172 126
1677142923965 1.0127286911010742 127
1677142924132 0.16736936569213867 128
1677142925117 0.9838578701019287 129
1677142925285 0.16783475875854492 130
1677142926223 0.9361202716827393 131
1677142926388 0.16792988777160645 132
1677142927357 0.9650287628173828 133
1677142927524 0.1718897819519043 134
1677142928438 0.9126112461090088 135
1677142928610 0.16949105262756348 136
1677142929538 0.929023265838623 137
1677142929712 0.17404508590698242 138
1677142930719 1.0075232982635498 139
1677142930889 0.1676621437072754 140
1677142931861 0.9747252464294434 141
1677142932032 0.17214274406433105 142
1677142932952 0.9189679622650146 143
1677142933119 0.16492772102355957 144
1677142934046 0.9286651611328125 145
1677142934213 0.16866111755371094 146
1677142935162 0.947150468826294 147
1677142935331 0.16867876052856445 148
1677142936354 1.0212972164154053 149
1677142936532 0.17771172523498535 150
1677142937488 0.9578485488891602 151
1677142937665 0.17772340774536133 152
1677142938606 0.9391627311706543 153
1677142938776 0.16703081130981445 154
1677142939716 0.9452311992645264 155
1677142939885 0.166825532913208 156
1677142940847 0.96413254737854 157
1677142941014 0.1647021770477295 158
1677142941949 0.9321298599243164 159
1677142942115 0.17000865936279297 160
1677142943103 0.988309383392334 161
1677142943273 0.16773176193237305 162
1677142944189 0.9181351661682129 163
1677142944359 0.1706528663635254 164
1677142945281 0.9193646907806396 165
1677142945445 0.16677379608154297 166
1677142946363 0.9180309772491455 167
1677142946535 0.16996264457702637 168
1677142947456 0.9211091995239258 169
1677142947626 0.1688852310180664 170
1677142948638 1.0151090621948242 171
1677142948835 0.1670522689819336 172
1677142949786 0.9779815673828125 173
1677142949956 0.17087554931640625 174
1677142950877 0.9189987182617188 175
1677142951046 0.17154693603515625 176
1677142951990 0.94400954246521 177
1677142952170 0.18055057525634766 178
1677142953089 0.9190154075622559 179
1677142953264 0.17480897903442383 180
1677142954194 0.9302477836608887 181
1677142954366 0.16991043090820312 182
1677142955374 1.0084872245788574 183
1677142955539 0.16630053520202637 184
1677142956471 0.9288806915283203 185
1677142956635 0.1675717830657959 186
1677142957577 0.9374830722808838 187
1677142957746 0.1728367805480957 188
1677142958650 0.9054841995239258 189
1677142958822 0.16677212715148926 190
1677142959792 0.974097490310669 191
1677142959965 0.1730048656463623 192
1677142960962 0.9959797859191895 193
1677142961131 0.17005419731140137 194
1677142962060 0.9269177913665771 195
1677142962229 0.1701650619506836 196
1677142963169 0.9397165775299072 197
1677142963342 0.17331600189208984 198
1677142964278 0.9360933303833008 199
1677142964445 0.16864800453186035 200
1677142965393 0.944098949432373 201
1677142965565 0.17427396774291992 202
1677142966501 0.9361021518707275 203
1677142966671 0.17063641548156738 204
1677142967699 1.0259413719177246 205
1677142967868 0.16733980178833008 206
1677142968790 0.9258801937103271 207
1677142968968 0.1754593849182129 208
1677142969927 0.9569001197814941 209
1677142970103 0.1767256259918213 210
1677142971030 0.9289100170135498 211
1677142971197 0.16997051239013672 212
1677142972144 0.9427742958068848 213
1677142972313 0.17169618606567383 214
1677142973307 0.9935407638549805 215
1677142973477 0.16892385482788086 216
1677142974409 0.9325962066650391 217
1677142974580 0.170637845993042 218
1677142975514 0.9337100982666016 219
1677142975680 0.16889119148254395 220
1677142976630 0.9471955299377441 221
1677142976805 0.17404794692993164 222
1677142977770 0.9660818576812744 223
1677142977946 0.17476511001586914 224
1677142978881 0.9342269897460938 225
1677142979050 0.17085480690002441 226
1677142980049 0.9979419708251953 227
1677142980227 0.175825834274292 228
1677142981169 0.944178581237793 229
1677142981376 0.2070143222808838 230
1677142982328 0.950136661529541 231
1677142982500 0.1736307144165039 232
1677142983433 0.9323673248291016 233
1677142983604 0.17142295837402344 234
1677142984548 0.9375200271606445 235
1677142984719 0.17757701873779297 236
1677142985729 1.0054640769958496 237
1677142985916 0.19071698188781738 238
1677142986865 0.9451160430908203 239
1677142987041 0.17925214767456055 240
1677142987993 0.9523530006408691 241
1677142988168 0.17423081398010254 242
1677142989101 0.9352524280548096 243
1677142989275 0.1719655990600586 244
1677142990237 0.9630322456359863 245
1677142990419 0.17941617965698242 246
1677142991370 0.9504988193511963 247
1677142991546 0.1785874366760254 248
1677142992558 1.0107579231262207 249
1677142992727 0.1706676483154297 250
1677142993663 0.9381752014160156 251
1677142993841 0.17468953132629395 252
1677142994754 0.9134030342102051 253
1677142994926 0.16982030868530273 254
1677142995844 0.9192886352539062 255
1677142996013 0.17168116569519043 256
1677142996937 0.9189872741699219 257
1677142997124 0.1894092559814453 258
1677142998037 0.9156560897827148 259
1677142998286 0.24778461456298828 260
1677142999216 0.928884744644165 261
1677142999392 0.1778113842010498 262
1677143000319 0.9274873733520508 263
1677143000496 0.1729874610900879 264
1677143001478 0.9840092658996582 265
1677143001650 0.17187118530273438 266
1677143002618 0.9691352844238281 267
1677143002800 0.18207097053527832 268
1677143003747 0.943002462387085 269
1677143003939 0.18399524688720703 270
1677143004971 1.0419480800628662 271
1677143005147 0.17770051956176758 272
1677143006087 0.9351611137390137 273
1677143006263 0.1805894374847412 274
1677143007210 0.9436399936676025 275
1677143007380 0.17277836799621582 276
1677143008313 0.9325323104858398 277
1677143008487 0.17545151710510254 278
1677143009457 0.9562346935272217 279
1677143009629 0.18482327461242676 280
1677143010578 0.9509470462799072 281
1677143010835 0.25261974334716797 282
1677143011797 0.9629178047180176 283
1677143011979 0.17740797996520996 284
1677143012976 0.9981932640075684 285
1677143013158 0.18375420570373535 286
1677143014208 1.0516538619995117 287
1677143014389 0.18023252487182617 288
1677143015367 0.9793272018432617 289
1677143015538 0.17515325546264648 290
1677143016481 0.9379181861877441 291
1677143016661 0.18087172508239746 292
1677143017696 1.0348081588745117 293
1677143017876 0.17835450172424316 294
1677143018880 1.0059177875518799 295
1677143019059 0.17884182929992676 296
1677143020087 1.0070667266845703 297
1677143020340 0.264157772064209 298
1677143021389 1.0549359321594238 299
1677143021613 0.20393586158752441 300
1677143021844 0.2369852066040039 301
