1679833944778 3.6718943119049072 1
1679833944905 3.7758443355560303 2
1679833945365 4.246157884597778 3
1679833945472 4.352892637252808 4
1679833946011 4.893150329589844 5
1679833946117 4.999039888381958 6
1679833946544 5.427335023880005 7
1679833946645 5.529949903488159 8
1679833947078 5.959683179855347 9
1679833947181 6.064182758331299 10
1679833947594 6.479069948196411 11
1679833947696 6.578901052474976 12
1679833948121 7.00648832321167 13
1679833948240 7.109616279602051 14
1679833948668 7.552027940750122 15
1679833948770 7.655898571014404 16
1679833949219 8.09894061088562 17
1679833949325 8.206383228302002 18
1679833949801 8.680842161178589 19
1679833949906 8.788836002349854 20
1679833950342 9.226111650466919 21
1679833950448 9.333393096923828 22
1679833950895 9.777482986450195 23
1679833951071 9.954946756362915 24
1679833951515 10.395817518234253 25
1679833951618 10.500463724136353 26
1679833952044 10.926873207092285 27
1679833952143 11.028730869293213 28
1679833952584 11.459465742111206 29
1679833952684 11.569020509719849 30
1679833953147 12.028982877731323 31
1679833953254 12.132031202316284 32
1679833953707 12.58533787727356 33
1679833953814 12.692551851272583 34
1679833954316 13.19577693939209 35
1679833954418 13.299985408782959 36
1679833954845 13.72730302810669 37
1679833954970 13.843626737594604 38
1679833955392 14.272970914840698 39
1679833955500 14.376818418502808 40
1679833955926 14.809209108352661 41
1679833956028 14.909910678863525 42
1679833956455 15.33334994316101 43
1679833956560 15.440061807632446 44
1679833956983 15.8642418384552 45
1679833957088 15.96877384185791 46
1679833957518 16.397634744644165 47
1679833957623 16.503326892852783 48
1679833958065 16.94482660293579 49
1679833958171 17.052839279174805 50
1679833958613 17.49337935447693 51
1679833958719 17.598752975463867 52
1679833959154 18.035029888153076 53
1679833959336 18.21390962600708 54
1679833959759 18.637482404708862 55
1679833959863 18.744784832000732 56
1679833960311 19.19032335281372 57
1679833960414 19.295450448989868 58
1679833960856 19.735190868377686 59
1679833960958 19.84092950820923 60
1679833961392 20.270554542541504 61
1679833961499 20.377665042877197 62
1679833961942 20.82151961326599 63
1679833962047 20.928988456726074 64
1679833962568 21.446796655654907 65
1679833962674 21.554630756378174 66
1679833963111 21.988577365875244 67
1679833963229 22.104873657226562 68
1679833963680 22.56088399887085 69
1679833963787 22.666295289993286 70
1679833964207 23.086348056793213 71
1679833964313 23.191779375076294 72
1679833964748 23.6275954246521 73
1679833964854 23.735188007354736 74
1679833965283 24.16183876991272 75
1679833965395 24.27346181869507 76
1679833965842 24.720946788787842 77
1679833965948 24.826106548309326 78
1679833966386 25.26488947868347 79
1679833966491 25.370596885681152 80
1679833966939 25.81786608695984 81
1679833967051 25.92621636390686 82
1679833967494 26.373340606689453 83
1679833967600 26.479031324386597 84
1679833968105 26.985453605651855 85
1679833968210 27.09107279777527 86
1679833968638 27.513057708740234 87
1679833968772 27.630947828292847 88
1679833969195 28.075350999832153 89
1679833969303 28.182373046875 90
1679833969743 28.62125515937805 91
1679833969850 28.72935962677002 92
1679833970269 29.150474548339844 93
1679833970376 29.253807544708252 94
1679833970944 29.81792426109314 95
1679833971060 29.93725347518921 96
1679833971537 30.408002614974976 97
1679833971658 30.525371551513672 98
1679833972122 31.00001335144043 99
1679833972241 31.112330198287964 100
1679833972703 31.57525110244751 101
1679833972822 31.69231343269348 102
1679833973276 32.15007257461548 103
1679833973389 32.26582312583923 104
1679833973845 32.71727204322815 105
1679833973980 32.834779024124146 106
1679833974438 33.311803340911865 107
1679833974557 33.429428577423096 108
1679833975015 33.89228630065918 109
1679833975133 34.00770139694214 110
1679833975595 34.46885704994202 111
1679833975709 34.58242082595825 112
1679833976152 35.0272171497345 113
1679833976257 35.1358482837677 114
1679833976778 35.65409326553345 115
1679833976891 35.76705622673035 116
1679833977325 36.204272985458374 117
1679833977428 36.30943036079407 118
1679833977877 36.751585721969604 119
1679833977985 36.86213779449463 120
1679833978412 37.28867292404175 121
1679833978522 37.399938106536865 122
1679833978948 37.82688021659851 123
1679833979076 37.93529653549194 124
1679833979571 38.44884634017944 125
1679833979678 38.55624461174011 126
1679833980114 38.99099135398865 127
1679833980220 39.0989089012146 128
1679833980649 39.527875900268555 129
1679833980761 39.63884663581848 130
1679833981192 40.070456743240356 131
1679833981298 40.17606520652771 132
1679833981735 40.6058144569397 133
1679833981852 40.724780797958374 134
1679833982310 41.18751907348633 135
1679833982417 41.29508066177368 136
1679833982843 41.721378326416016 137
1679833982953 41.83097505569458 138
1679833983374 42.25138473510742 139
1679833983479 42.35860991477966 140
1679833983906 42.7844922542572 141
1679833984015 42.89125370979309 142
1679833984451 43.32745814323425 143
1679833984566 43.437113523483276 144
1679833985093 43.96725583076477 145
1679833985202 44.07995295524597 146
1679833985638 44.513957262039185 147
1679833985746 44.62336611747742 148
1679833986198 45.07504177093506 149
1679833986307 45.18386459350586 150
1679833986731 45.605302572250366 151
1679833986846 45.717355251312256 152
1679833987273 46.150898694992065 153
1679833987386 46.261279582977295 154
1679833987897 46.7738893032074 155
1679833988002 46.88003611564636 156
1679833988424 47.300445795059204 157
1679833988533 47.40879559516907 158
1679833988966 47.84189438819885 159
1679833989080 47.95618939399719 160
1679833989533 48.408737897872925 161
1679833989640 48.516021490097046 162
1679833990079 48.9535346031189 163
1679833990191 49.06727957725525 164
1679833990626 49.50198721885681 165
1679833990740 49.61410880088806 166
1679833991167 50.044609785079956 167
1679833991279 50.15381383895874 168
1679833991740 50.61025834083557 169
1679833991857 50.72880721092224 170
1679833992300 51.17583227157593 171
1679833992409 51.285879611968994 172
1679833992878 51.74377727508545 173
1679833992995 51.86729192733765 174
1679833993522 52.39628624916077 175
1679833993633 52.510064363479614 176
1679833994201 53.026440382003784 177
1679833994298 53.1978759765625 178
1679833994819 53.694716691970825 179
1679833994927 53.8032488822937 180
1679833995357 54.23410367965698 181
1679833995465 54.34082531929016 182
1679833995872 54.77600359916687 183
1679833996002 54.866294145584106 184
1679833996435 55.309603452682495 185
1679833996562 55.430957078933716 186
1679833996973 55.848793506622314 187
1679833997154 56.02668333053589 188
1679833997567 56.44271445274353 189
1679833997681 56.557605266571045 190
1679833998093 56.96869707107544 191
1679833998207 57.081727266311646 192
1679833998653 57.52571368217468 193
1679833998767 57.64034342765808 194
1679833999179 58.05283164978027 195
1679833999291 58.16647982597351 196
1679833999723 58.5968599319458 197
1679833999832 58.70535922050476 198
1679834000243 59.11778163909912 199
1679834000351 59.22609829902649 200
1679834000780 59.65679383277893 201
1679834000887 59.76374530792236 202
1679834001308 60.17860150337219 203
1679834001417 60.29269361495972 204
1679834001831 60.70606994628906 205
1679834001945 60.816787004470825 206
1679834002458 61.326738119125366 207
1679834002574 61.446330547332764 208
1679834002994 61.8675856590271 209
1679834003103 61.97737383842468 210
1679834003518 62.39288806915283 211
1679834003628 62.50175666809082 212
1679834004036 62.91238784790039 213
1679834004145 63.01905393600464 214
1679834004563 63.43487024307251 215
1679834004673 63.54769325256348 216
1679834005088 63.9626784324646 217
1679834005268 64.14324617385864 218
1679834005671 64.54481315612793 219
1679834005777 64.65235614776611 220
1679834006187 65.06118297576904 221
1679834006294 65.16872930526733 222
1679834006694 65.56856369972229 223
1679834006801 65.67552924156189 224
1679834007207 66.08156180381775 225
1679834007335 66.19170475006104 226
1679834007741 66.61386752128601 227
1679834007858 66.72722172737122 228
1679834008293 67.16721200942993 229
1679834008399 67.27569699287415 230
1679834008815 67.69029211997986 231
1679834008921 67.79601383209229 232
1679834009296 68.20380330085754 233
1679834009406 68.28257536888123 234
1679834009809 68.6837911605835 235
1679834009935 68.79375219345093 236
1679834010354 69.22630143165588 237
1679834010535 69.40718746185303 238
1679834010949 69.82170343399048 239
1679834011060 69.93180775642395 240
1679834011466 70.34121108055115 241
1679834011579 70.45320200920105 242
1679834011976 70.85276365280151 243
1679834012090 70.96499681472778 244
1679834012497 71.36901450157166 245
1679834012613 71.48229646682739 246
1679834013020 71.89376401901245 247
1679834013131 72.00289177894592 248
1679834013609 72.48272752761841 249
1679834013718 72.59035038948059 250
1679834014134 73.00848507881165 251
1679834014244 73.11925506591797 252
1679834014643 73.51861453056335 253
1679834014757 73.62742853164673 254
1679834015162 74.03444218635559 255
1679834015283 74.1477918624878 256
1679834015694 74.565913438797 257
1679834015806 74.67738199234009 258
1679834016209 75.08395743370056 259
1679834016321 75.19348049163818 260
1679834016726 75.60155153274536 261
1679834016851 75.72274160385132 262
1679834017295 76.16576218605042 263
1679834017405 76.2786796092987 264
1679834017820 76.69190001487732 265
1679834017935 76.80585980415344 266
1679834018402 77.26387810707092 267
1679834018521 77.38919734954834 268
1679834019147 78.01196265220642 269
1679834019278 78.14056396484375 270
1679834019772 78.63506174087524 271
1679834019896 78.76061964035034 272
1679834020344 79.21505570411682 273
1679834020479 79.33373785018921 274
1679834020937 79.8064706325531 275
1679834021061 79.92779421806335 276
1679834021518 80.38336539268494 277
1679834021638 80.50558924674988 278
1679834022193 81.06185722351074 279
1679834022310 81.18023681640625 280
1679834022770 81.63183927536011 281
1679834022888 81.75871348381042 282
1679834023368 82.22962784767151 283
1679834023487 82.35478734970093 284
1679834023990 82.82576990127563 285
1679834024130 82.98886585235596 286
1679834024600 83.45771956443787 287
1679834024733 83.5887200832367 288
1679834025202 84.05882263183594 289
1679834025335 84.18910336494446 290
1679834025802 84.65940046310425 291
1679834025938 84.80230021476746 292
1679834026392 85.25913286209106 293
1679834026514 85.38319039344788 294
1679834026979 85.84690165519714 295
1679834027102 85.96677136421204 296
1679834027557 86.42465782165527 297
1679834027678 86.54340386390686 298
1679834028200 87.06565403938293 299
1679834028329 87.19059324264526 300
1679834028424 87.29263949394226 301
