1679857087647 3.0332424640655518 1
1679857087745 0.08857417106628418 2
1679857088120 0.3757317066192627 3
1679857088210 0.08842325210571289 4
1679857088588 0.3795619010925293 5
1679857088677 0.08882713317871094 6
1679857089053 0.37714385986328125 7
1679857089139 0.08452773094177246 8
1679857089498 0.35950255393981934 9
1679857089587 0.08722090721130371 10
1679857089948 0.36224985122680664 11
1679857090035 0.08812761306762695 12
1679857090402 0.3633310794830322 13
1679857090487 0.08711624145507812 14
1679857090936 0.44495058059692383 15
1679857091024 0.08997559547424316 16
1679857091420 0.38785576820373535 17
1679857091515 0.10372304916381836 18
1679857091875 0.36157941818237305 19
1679857091962 0.08690643310546875 20
1679857092332 0.3683502674102783 21
1679857092425 0.08892965316772461 22
1679857092788 0.3671560287475586 23
1679857092881 0.0935215950012207 24
1679857093249 0.36871886253356934 25
1679857093335 0.0863037109375 26
1679857093724 0.38842344284057617 27
1679857093823 0.09448075294494629 28
1679857094198 0.37609338760375977 29
1679857094287 0.09041643142700195 30
1679857094658 0.3707253932952881 31
1679857094747 0.09160685539245605 32
1679857095107 0.3589653968811035 33
1679857095207 0.08621883392333984 34
1679857095565 0.3689601421356201 35
1679857095653 0.08988285064697266 36
1679857096035 0.3816039562225342 37
1679857096124 0.08969593048095703 38
1679857096516 0.39182138442993164 39
1679857096609 0.09132099151611328 40
1679857096986 0.37073254585266113 41
1679857097077 0.0975034236907959 42
1679857097448 0.37131476402282715 43
1679857097538 0.09011483192443848 44
1679857097910 0.37203073501586914 45
1679857098000 0.09097599983215332 46
1679857098396 0.3872706890106201 47
1679857098498 0.10438108444213867 48
1679857098921 0.42040252685546875 49
1679857099016 0.09834074974060059 50
1679857099507 0.4889061450958252 51
1679857099613 0.1030278205871582 52
1679857100004 0.39826130867004395 53
1679857100099 0.09348440170288086 54
1679857100505 0.40649914741516113 55
1679857100605 0.09522724151611328 56
1679857101022 0.41725945472717285 57
1679857101119 0.09967470169067383 58
1679857101527 0.40454554557800293 59
1679857101626 0.10024523735046387 60
1679857102028 0.4025874137878418 61
1679857102130 0.09954142570495605 62
1679857102528 0.4014260768890381 63
1679857102631 0.10099244117736816 64
1679857103027 0.3959677219390869 65
1679857103131 0.10408139228820801 66
1679857103543 0.40690016746520996 67
1679857103647 0.10507512092590332 68
1679857104055 0.41443967819213867 69
1679857104160 0.09560251235961914 70
1679857104561 0.40842318534851074 71
1679857104659 0.09914898872375488 72
1679857105060 0.39745235443115234 73
1679857105162 0.10222530364990234 74
1679857105574 0.41573500633239746 75
1679857105677 0.09601545333862305 76
1679857106089 0.41800498962402344 77
1679857106192 0.10140776634216309 78
1679857106616 0.42608094215393066 79
1679857106718 0.09908652305603027 80
1679857107131 0.41291356086730957 81
1679857107233 0.10153985023498535 82
1679857107636 0.4118916988372803 83
1679857107731 0.0926828384399414 84
1679857108102 0.37227845191955566 85
1679857108205 0.0979764461517334 86
1679857108602 0.39086103439331055 87
1679857108777 0.1778409481048584 88
1679857109192 0.41356325149536133 89
1679857109294 0.10351419448852539 90
1679857109718 0.4225432872772217 91
1679857109820 0.10408854484558105 92
1679857110217 0.3973805904388428 93
1679857110318 0.10139918327331543 94
1679857110718 0.39949750900268555 95
1679857110820 0.10376954078674316 96
1679857111226 0.4010765552520752 97
1679857111328 0.10470438003540039 98
1679857111717 0.3873715400695801 99
1679857111812 0.10334563255310059 100
1679857112187 0.3759300708770752 101
1679857112282 0.09317708015441895 102
1679857112664 0.38330578804016113 103
1679857112763 0.09377336502075195 104
1679857113152 0.3929624557495117 105
1679857113247 0.09427523612976074 106
1679857113644 0.3956718444824219 107
1679857113742 0.09695100784301758 108
1679857114149 0.40700435638427734 109
1679857114244 0.0951995849609375 110
1679857114614 0.37401413917541504 111
1679857114707 0.09205508232116699 112
1679857115089 0.38367533683776855 113
1679857115182 0.09152913093566895 114
1679857115562 0.3764832019805908 115
1679857115655 0.09647917747497559 116
1679857116041 0.38367486000061035 117
1679857116138 0.09785127639770508 118
1679857116521 0.3854825496673584 119
1679857116617 0.0955970287322998 120
1679857116993 0.3749854564666748 121
1679857117087 0.0936131477355957 122
1679857117460 0.3730618953704834 123
1679857117557 0.09396886825561523 124
1679857118022 0.4657766819000244 125
1679857118117 0.09604454040527344 126
1679857118503 0.3865189552307129 127
1679857118610 0.1052846908569336 128
1679857119001 0.3934447765350342 129
1679857119093 0.0932767391204834 130
1679857119471 0.37598562240600586 131
1679857119567 0.093597412109375 132
1679857119951 0.3843979835510254 133
1679857120053 0.09765744209289551 134
1679857120433 0.3854517936706543 135
1679857120525 0.0937962532043457 136
1679857120906 0.3771522045135498 137
1679857121005 0.10194849967956543 138
1679857121393 0.3880949020385742 139
1679857121493 0.09785079956054688 140
1679857121900 0.4081838130950928 141
1679857121995 0.09450316429138184 142
1679857122367 0.37182116508483887 143
1679857122462 0.09546232223510742 144
1679857122837 0.37772369384765625 145
1679857122934 0.09346795082092285 146
1679857123317 0.38651227951049805 147
1679857123417 0.09479546546936035 148
1679857123813 0.39644718170166016 149
1679857123916 0.10139656066894531 150
1679857124306 0.3936777114868164 151
1679857124403 0.09419894218444824 152
1679857124787 0.3827502727508545 153
1679857124882 0.10003042221069336 154
1679857125265 0.38310933113098145 155
1679857125365 0.09946918487548828 156
1679857125754 0.38890933990478516 157
1679857125854 0.09651327133178711 158
1679857126255 0.40003228187561035 159
1679857126354 0.1001126766204834 160
1679857126798 0.4470524787902832 161
1679857126893 0.09677672386169434 162
1679857127267 0.37204432487487793 163
1679857127363 0.0941305160522461 164
1679857127738 0.37488269805908203 165
1679857127836 0.09812688827514648 166
1679857128212 0.3783688545227051 167
1679857128308 0.09598565101623535 168
1679857128719 0.40621376037597656 169
1679857128821 0.10431170463562012 170
1679857129202 0.3801236152648926 171
1679857129301 0.1009676456451416 172
1679857129688 0.38509154319763184 173
1679857129789 0.1007547378540039 174
1679857130174 0.38517212867736816 175
1679857130277 0.10538911819458008 176
1679857130654 0.3767411708831787 177
1679857130750 0.09641456604003906 178
1679857131150 0.39340996742248535 179
1679857131270 0.11816596984863281 180
1679857131685 0.41623783111572266 181
1679857131794 0.11063218116760254 182
1679857132202 0.40790510177612305 183
1679857132319 0.1175849437713623 184
1679857132731 0.4094727039337158 185
1679857132839 0.10619091987609863 186
1679857133250 0.41179347038269043 187
1679857133357 0.1074063777923584 188
1679857133779 0.42237210273742676 189
1679857133893 0.10728693008422852 190
1679857134307 0.42192697525024414 191
1679857134414 0.10750699043273926 192
1679857134840 0.41985249519348145 193
1679857134947 0.11211299896240234 194
1679857135361 0.41365718841552734 195
1679857135469 0.10683870315551758 196
1679857135972 0.5018751621246338 197
1679857136083 0.10808372497558594 198
1679857136478 0.4074397087097168 199
1679857136575 0.09600210189819336 200
1679857136948 0.3734908103942871 201
1679857137045 0.09507107734680176 202
1679857137423 0.37899255752563477 203
1679857137524 0.10005807876586914 204
1679857137903 0.3791038990020752 205
1679857138005 0.10384416580200195 206
1679857138400 0.3940393924713135 207
1679857138502 0.10022711753845215 208
1679857138908 0.4079470634460449 209
1679857139011 0.10329842567443848 210
1679857139389 0.37676548957824707 211
1679857139487 0.09694337844848633 212
1679857139871 0.3849446773529053 213
1679857139970 0.09828567504882812 214
1679857140364 0.3887453079223633 215
1679857140471 0.11088943481445312 216
1679857140872 0.3932647705078125 217
1679857140978 0.10897016525268555 218
1679857141401 0.4299030303955078 219
1679857141499 0.09874367713928223 220
1679857141913 0.4021742343902588 221
1679857142015 0.11338233947753906 222
1679857142414 0.38828396797180176 223
1679857142514 0.10920882225036621 224
1679857142930 0.4069535732269287 225
1679857143033 0.11298036575317383 226
1679857143446 0.4001121520996094 227
1679857143550 0.1128692626953125 228
1679857143965 0.4071664810180664 229
1679857144079 0.11449766159057617 230
1679857144477 0.39651966094970703 231
1679857144577 0.11008286476135254 232
1679857144972 0.3829686641693115 233
1679857145150 0.19188141822814941 234
1679857145541 0.38016414642333984 235
1679857145640 0.11191177368164062 236
1679857146045 0.3908267021179199 237
1679857146148 0.1152341365814209 238
1679857146553 0.39374589920043945 239
1679857146655 0.11323118209838867 240
1679857147047 0.380812406539917 241
1679857147144 0.10947918891906738 242
1679857147535 0.37716197967529297 243
1679857147655 0.11373543739318848 244
1679857148056 0.4048013687133789 245
1679857148156 0.11496734619140625 246
1679857148555 0.38583803176879883 247
1679857148658 0.11428642272949219 248
1679857149065 0.389833927154541 249
1679857149170 0.1233975887298584 250
1679857149557 0.37554097175598145 251
1679857149656 0.11142849922180176 252
1679857150051 0.38398098945617676 253
1679857150151 0.11154985427856445 254
1679857150573 0.4065053462982178 255
1679857150672 0.11545276641845703 256
1679857151087 0.39603376388549805 257
1679857151193 0.12202739715576172 258
1679857151600 0.3890345096588135 259
1679857151698 0.11791086196899414 260
1679857152086 0.3781166076660156 261
1679857152191 0.10930013656616211 262
1679857152580 0.3811182975769043 263
1679857152681 0.11144804954528809 264
1679857153110 0.4179830551147461 265
1679857153218 0.11322402954101562 266
1679857153617 0.3948996067047119 267
1679857153730 0.1139068603515625 268
1679857154127 0.40622830390930176 269
1679857154235 0.10699009895324707 270
1679857154693 0.45835351943969727 271
1679857154794 0.09985566139221191 272
1679857155200 0.40263795852661133 273
1679857155308 0.1101233959197998 274
1679857155710 0.3998868465423584 275
1679857155820 0.10745835304260254 276
1679857156245 0.43247389793395996 277
1679857156350 0.10551095008850098 278
1679857156766 0.41730403900146484 279
1679857156869 0.10220718383789062 280
1679857157258 0.38518834114074707 281
1679857157366 0.10928893089294434 282
1679857157764 0.3996872901916504 283
1679857157881 0.10779261589050293 284
1679857158276 0.4050164222717285 285
1679857158376 0.10245037078857422 286
1679857158772 0.39319849014282227 287
1679857158877 0.10510063171386719 288
1679857159265 0.3883185386657715 289
1679857159387 0.10897541046142578 290
1679857159785 0.4102919101715088 291
1679857159895 0.10566520690917969 292
1679857160332 0.4365520477294922 293
1679857160437 0.10640835762023926 294
1679857160816 0.381044864654541 295
1679857160920 0.10192346572875977 296
1679857161347 0.4206089973449707 297
1679857161457 0.11348176002502441 298
1679857161880 0.4225308895111084 299
1679857161994 0.11351490020751953 300
1679857162099 0.09712338447570801 301
