1679857087661 3.0332424640655518 1
1679857087752 3.121816635131836 2
1679857088128 3.4975483417510986 3
1679857088217 3.5859715938568115 4
1679857088595 3.965533494949341 5
1679857088684 4.054360628128052 6
1679857089060 4.431504487991333 7
1679857089145 4.5160322189331055 8
1679857089505 4.875534772872925 9
1679857089594 4.9627556800842285 10
1679857089955 5.325005531311035 11
1679857090043 5.413133144378662 12
1679857090408 5.776464223861694 13
1679857090493 5.8635804653167725 14
1679857090942 6.308531045913696 15
1679857091031 6.3985066413879395 16
1679857091434 6.786362409591675 17
1679857091521 6.890085458755493 18
1679857091883 7.251664876937866 19
1679857091969 7.338571310043335 20
1679857092340 7.706921577453613 21
1679857092431 7.795851230621338 22
1679857092795 8.163007259368896 23
1679857092887 8.256528854370117 24
1679857093256 8.625247716903687 25
1679857093343 8.711551427841187 26
1679857093732 9.099974870681763 27
1679857093831 9.194455623626709 28
1679857094205 9.570549011230469 29
1679857094294 9.66096544265747 30
1679857094665 10.031690835952759 31
1679857094755 10.123297691345215 32
1679857095114 10.482263088226318 33
1679857095213 10.568481922149658 34
1679857095572 10.937442064285278 35
1679857095660 11.027324914932251 36
1679857096043 11.408928871154785 37
1679857096132 11.498624801635742 38
1679857096523 11.890446186065674 39
1679857096616 11.981767177581787 40
1679857096992 12.352499723434448 41
1679857097084 12.450003147125244 42
1679857097454 12.821317911148071 43
1679857097545 12.91143274307251 44
1679857097917 13.283463478088379 45
1679857098007 13.374439477920532 46
1679857098404 13.761710166931152 47
1679857098505 13.866091251373291 48
1679857098927 14.28649377822876 49
1679857099023 14.38483452796936 50
1679857099516 14.873740673065186 51
1679857099621 14.976768493652344 52
1679857100010 15.375029802322388 53
1679857100105 15.468514204025269 54
1679857100512 15.87501335144043 55
1679857100612 15.970240592956543 56
1679857101030 16.387500047683716 57
1679857101127 16.48717474937439 58
1679857101534 16.891720294952393 59
1679857101634 16.991965532302856 60
1679857102035 17.3945529460907 61
1679857102138 17.494094371795654 62
1679857102535 17.895520448684692 63
1679857102637 17.99651288986206 64
1679857103033 18.392480611801147 65
1679857103137 18.496562004089355 66
1679857103551 18.903462171554565 67
1679857103655 19.00853729248047 68
1679857104062 19.422976970672607 69
1679857104167 19.518579483032227 70
1679857104568 19.927002668380737 71
1679857104666 20.026151657104492 72
1679857105068 20.423604011535645 73
1679857105169 20.525829315185547 74
1679857105580 20.941564321517944 75
1679857105684 21.037579774856567 76
1679857106095 21.45558476448059 77
1679857106198 21.556992530822754 78
1679857106623 21.983073472976685 79
1679857106725 22.082159996032715 80
1679857107139 22.495073556900024 81
1679857107241 22.59661340713501 82
1679857107643 23.00850510597229 83
1679857107739 23.10118794441223 84
1679857108111 23.473466396331787 85
1679857108212 23.57144284248352 86
1679857108609 23.96230387687683 87
1679857108784 24.14014482498169 88
1679857109200 24.55370807647705 89
1679857109302 24.657222270965576 90
1679857109725 25.079765558242798 91
1679857109827 25.18385410308838 92
1679857110225 25.58123469352722 93
1679857110325 25.682633876800537 94
1679857110725 26.082131385803223 95
1679857110827 26.185900926589966 96
1679857111234 26.58697748184204 97
1679857111335 26.69168186187744 98
1679857111724 27.07905340194702 99
1679857111818 27.182399034500122 100
1679857112194 27.558329105377197 101
1679857112289 27.651506185531616 102
1679857112671 28.034811973571777 103
1679857112770 28.12858533859253 104
1679857113159 28.52154779434204 105
1679857113254 28.6158230304718 106
1679857113651 29.011494874954224 107
1679857113749 29.10844588279724 108
1679857114155 29.51545023918152 109
1679857114252 29.610649824142456 110
1679857114622 29.98466396331787 111
1679857114713 30.076719045639038 112
1679857115096 30.460394382476807 113
1679857115189 30.551923513412476 114
1679857115569 30.928406715393066 115
1679857115661 31.024885892868042 116
1679857116048 31.408560752868652 117
1679857116145 31.506412029266357 118
1679857116528 31.891894578933716 119
1679857116624 31.987491607666016 120
1679857117000 32.36247706413269 121
1679857117093 32.456090211868286 122
1679857117466 32.82915210723877 123
1679857117564 32.923120975494385 124
1679857118029 33.38889765739441 125
1679857118124 33.48494219779968 126
1679857118511 33.871461153030396 127
1679857118617 33.97674584388733 128
1679857119008 34.37019062042236 129
1679857119100 34.46346735954285 130
1679857119477 34.83945298194885 131
1679857119573 34.93305039405823 132
1679857119958 35.31744837760925 133
1679857120059 35.41510581970215 134
1679857120439 35.8005576133728 135
1679857120532 35.89435386657715 136
1679857120913 36.2715060710907 137
1679857121011 36.373454570770264 138
1679857121401 36.76154947280884 139
1679857121500 36.859400272369385 140
1679857121907 37.26758408546448 141
1679857122002 37.36208724975586 142
1679857122374 37.7339084148407 143
1679857122469 37.829370737075806 144
1679857122844 38.20709443092346 145
1679857122941 38.300562381744385 146
1679857123324 38.68707466125488 147
1679857123425 38.78187012672424 148
1679857123820 39.1783173084259 149
1679857123923 39.27971386909485 150
1679857124312 39.673391580581665 151
1679857124412 39.76759052276611 152
1679857124794 40.15034079551697 153
1679857124889 40.25037121772766 154
1679857125273 40.63348054885864 155
1679857125374 40.73294973373413 156
1679857125761 41.121859073638916 157
1679857125861 41.2183723449707 158
1679857126261 41.61840462684631 159
1679857126362 41.7185173034668 160
1679857126804 42.16556978225708 161
1679857126900 42.262346506118774 162
1679857127274 42.63439083099365 163
1679857127370 42.7285213470459 164
1679857127745 43.10340404510498 165
1679857127842 43.20153093338013 166
1679857128219 43.57989978790283 167
1679857128315 43.67588543891907 168
1679857128727 44.082099199295044 169
1679857128829 44.186410903930664 170
1679857129210 44.56653451919556 171
1679857129308 44.6675021648407 172
1679857129698 45.05259370803833 173
1679857129796 45.153348445892334 174
1679857130184 45.5385205745697 175
1679857130285 45.64390969276428 176
1679857130661 46.02065086364746 177
1679857130757 46.1170654296875 178
1679857131158 46.510475397109985 179
1679857131278 46.62864136695862 180
1679857131693 47.04487919807434 181
1679857131801 47.15551137924194 182
1679857132210 47.563416481018066 183
1679857132327 47.68100142478943 184
1679857132739 48.090474128723145 185
1679857132847 48.19666504859924 186
1679857133258 48.608458518981934 187
1679857133364 48.71586489677429 188
1679857133787 49.13823699951172 189
1679857133900 49.24552392959595 190
1679857134316 49.66745090484619 191
1679857134421 49.77495789527893 192
1679857134847 50.19481039047241 193
1679857134953 50.306923389434814 194
1679857135368 50.72058057785034 195
1679857135475 50.82741928100586 196
1679857135980 51.32929444313049 197
1679857136091 51.43737816810608 198
1679857136485 51.844817876815796 199
1679857136582 51.94081997871399 200
1679857136955 52.314310789108276 201
1679857137051 52.40938186645508 202
1679857137430 52.78837442398071 203
1679857137531 52.88843250274658 204
1679857137911 53.26753640174866 205
1679857138012 53.37138056755066 206
1679857138408 53.76541996002197 207
1679857138508 53.865647077560425 208
1679857138915 54.27359414100647 209
1679857139020 54.37689256668091 210
1679857139396 54.753658056259155 211
1679857139494 54.85060143470764 212
1679857139878 55.23554611206055 213
1679857139977 55.333831787109375 214
1679857140372 55.72257709503174 215
1679857140477 55.83346652984619 216
1679857140879 56.226731300354004 217
1679857140985 56.33570146560669 218
1679857141407 56.7656044960022 219
1679857141506 56.86434817314148 220
1679857141919 57.26652240753174 221
1679857142023 57.37990474700928 222
1679857142420 57.76818871498108 223
1679857142521 57.877397537231445 224
1679857142938 58.284351110458374 225
1679857143040 58.39733147621155 226
1679857143453 58.79744362831116 227
1679857143558 58.91031289100647 228
1679857143972 59.317479372024536 229
1679857144086 59.43197703361511 230
1679857144483 59.82849669456482 231
1679857144584 59.93857955932617 232
1679857144979 60.32154822349548 233
1679857145157 60.51342964172363 234
1679857145548 60.89359378814697 235
1679857145646 61.00550556182861 236
1679857146053 61.39633226394653 237
1679857146154 61.511566400527954 238
1679857146560 61.905312299728394 239
1679857146661 62.01854348182678 240
1679857147053 62.3993558883667 241
1679857147152 62.50883507728577 242
1679857147541 62.88599705696106 243
1679857147662 62.99973249435425 244
1679857148063 63.40453386306763 245
1679857148163 63.51950120925903 246
1679857148562 63.90533924102783 247
1679857148665 64.01962566375732 248
1679857149073 64.40945959091187 249
1679857149178 64.53285717964172 250
1679857149564 64.9083981513977 251
1679857149663 65.0198266506195 252
1679857150058 65.40380764007568 253
1679857150159 65.51535749435425 254
1679857150580 65.92186284065247 255
1679857150679 66.03731560707092 256
1679857151094 66.43334937095642 257
1679857151200 66.55537676811218 258
1679857151606 66.944411277771 259
1679857151705 67.06232213973999 260
1679857152095 67.440438747406 261
1679857152198 67.54973888397217 262
1679857152586 67.93085718154907 263
1679857152688 68.04230523109436 264
1679857153116 68.4602882862091 265
1679857153225 68.57351231575012 266
1679857153623 68.96841192245483 267
1679857153741 69.0823187828064 268
1679857154135 69.4885470867157 269
1679857154241 69.59553718566895 270
1679857154700 70.05389070510864 271
1679857154802 70.15374636650085 272
1679857155207 70.55638432502747 273
1679857155314 70.66650772094727 274
1679857155717 71.06639456748962 275
1679857155827 71.17385292053223 276
1679857156253 71.60632681846619 277
1679857156357 71.71183776855469 278
1679857156775 72.12914180755615 279
1679857156876 72.23134899139404 280
1679857157266 72.61653733253479 281
1679857157372 72.72582626342773 282
1679857157771 73.12551355361938 283
1679857157889 73.23330616950989 284
1679857158284 73.63832259178162 285
1679857158383 73.74077296257019 286
1679857158780 74.13397145271301 287
1679857158884 74.23907208442688 288
1679857159273 74.62739062309265 289
1679857159393 74.73636603355408 290
1679857159791 75.14665794372559 291
1679857159902 75.25232315063477 292
1679857160339 75.68887519836426 293
1679857160444 75.7952835559845 294
1679857160823 76.17632842063904 295
1679857160926 76.2782518863678 296
1679857161353 76.69886088371277 297
1679857161465 76.8123426437378 298
1679857161887 77.2348735332489 299
1679857162001 77.34838843345642 300
1679857162107 77.44551181793213 301
