1679857087651 1.0 1
1679857087749 2.0 2
1679857088124 3.0 3
1679857088213 4.0 4
1679857088591 5.0 5
1679857088681 6.0 6
1679857089057 7.0 7
1679857089142 8.0 8
1679857089502 9.0 9
1679857089590 10.0 10
1679857089952 11.0 11
1679857090040 12.0 12
1679857090405 13.0 13
1679857090490 14.0 14
1679857090939 15.0 15
1679857091027 16.0 16
1679857091431 17.0 17
1679857091518 18.0 18
1679857091879 19.0 19
1679857091966 20.0 20
1679857092336 21.0 21
1679857092428 22.0 22
1679857092792 23.0 23
1679857092885 24.0 24
1679857093253 25.0 25
1679857093339 26.0 26
1679857093727 27.0 27
1679857093827 28.0 28
1679857094201 29.0 29
1679857094290 30.0 30
1679857094662 31.0 31
1679857094751 32.0 32
1679857095111 33.0 33
1679857095210 34.0 34
1679857095568 35.0 35
1679857095657 36.0 36
1679857096039 37.0 37
1679857096129 38.0 38
1679857096520 39.0 39
1679857096613 40.0 40
1679857096989 41.0 41
1679857097080 42.0 42
1679857097451 43.0 43
1679857097542 44.0 44
1679857097913 45.0 45
1679857098003 46.0 46
1679857098400 47.0 47
1679857098502 48.0 48
1679857098924 49.0 49
1679857099019 50.0 50
1679857099512 51.0 51
1679857099617 52.0 52
1679857100007 53.0 53
1679857100102 54.0 54
1679857100508 55.0 55
1679857100608 56.0 56
1679857101025 57.0 57
1679857101123 58.0 58
1679857101531 59.0 59
1679857101631 60.0 60
1679857102031 61.0 61
1679857102134 62.0 62
1679857102532 63.0 63
1679857102634 64.0 64
1679857103030 65.0 65
1679857103134 66.0 66
1679857103547 67.0 67
1679857103651 68.0 68
1679857104058 69.0 69
1679857104164 70.0 70
1679857104564 71.0 71
1679857104663 72.0 72
1679857105064 73.0 73
1679857105166 74.0 74
1679857105577 75.0 75
1679857105680 76.0 76
1679857106092 77.0 77
1679857106195 78.0 78
1679857106620 79.0 79
1679857106722 80.0 80
1679857107135 81.0 81
1679857107237 82.0 82
1679857107640 83.0 83
1679857107736 84.0 84
1679857108107 85.0 85
1679857108209 86.0 86
1679857108606 87.0 87
1679857108781 88.0 88
1679857109197 89.0 89
1679857109298 90.0 90
1679857109722 91.0 91
1679857109824 92.0 92
1679857110221 93.0 93
1679857110321 94.0 94
1679857110722 95.0 95
1679857110824 96.0 96
1679857111229 97.0 97
1679857111331 98.0 98
1679857111721 99.0 99
1679857111815 100.0 100
1679857112190 101.0 101
1679857112285 102.0 102
1679857112668 103.0 103
1679857112767 104.0 104
1679857113156 105.0 105
1679857113250 106.0 106
1679857113647 107.0 107
1679857113745 108.0 108
1679857114153 109.0 109
1679857114247 110.0 110
1679857114619 111.0 111
1679857114710 112.0 112
1679857115093 113.0 113
1679857115185 114.0 114
1679857115565 115.0 115
1679857115658 116.0 116
1679857116045 117.0 117
1679857116142 118.0 118
1679857116525 119.0 119
1679857116621 120.0 120
1679857116997 121.0 121
1679857117090 122.0 122
1679857117463 123.0 123
1679857117559 124.0 124
1679857118025 125.0 125
1679857118121 126.0 126
1679857118507 127.0 127
1679857118613 128.0 128
1679857119004 129.0 129
1679857119097 130.0 130
1679857119475 131.0 131
1679857119570 132.0 132
1679857119954 133.0 133
1679857120056 134.0 134
1679857120435 135.0 135
1679857120529 136.0 136
1679857120909 137.0 137
1679857121007 138.0 138
1679857121396 139.0 139
1679857121496 140.0 140
1679857121904 141.0 141
1679857121997 142.0 142
1679857122371 143.0 143
1679857122465 144.0 144
1679857122841 145.0 145
1679857122937 146.0 146
1679857123321 147.0 147
1679857123421 148.0 148
1679857123817 149.0 149
1679857123919 150.0 150
1679857124309 151.0 151
1679857124407 152.0 152
1679857124791 153.0 153
1679857124886 154.0 154
1679857125269 155.0 155
1679857125370 156.0 156
1679857125757 157.0 157
1679857125858 158.0 158
1679857126257 159.0 159
1679857126358 160.0 160
1679857126801 161.0 161
1679857126897 162.0 162
1679857127271 163.0 163
1679857127367 164.0 164
1679857127741 165.0 165
1679857127839 166.0 166
1679857128216 167.0 167
1679857128312 168.0 168
1679857128723 169.0 169
1679857128824 170.0 170
1679857129206 171.0 171
1679857129304 172.0 172
1679857129693 173.0 173
1679857129792 174.0 174
1679857130180 175.0 175
1679857130281 176.0 176
1679857130658 177.0 177
1679857130754 178.0 178
1679857131154 179.0 179
1679857131274 180.0 180
1679857131690 181.0 181
1679857131798 182.0 182
1679857132206 183.0 183
1679857132323 184.0 184
1679857132735 185.0 185
1679857132844 186.0 186
1679857133254 187.0 187
1679857133361 188.0 188
1679857133783 189.0 189
1679857133896 190.0 190
1679857134312 191.0 191
1679857134418 192.0 192
1679857134845 193.0 193
1679857134950 194.0 194
1679857135364 195.0 195
1679857135472 196.0 196
1679857135975 197.0 197
1679857136087 198.0 198
1679857136482 199.0 199
1679857136579 200.0 200
1679857136951 201.0 201
1679857137047 202.0 202
1679857137426 203.0 203
1679857137527 204.0 204
1679857137908 205.0 205
1679857138009 206.0 206
1679857138404 207.0 207
1679857138506 208.0 208
1679857138912 209.0 209
1679857139016 210.0 210
1679857139392 211.0 211
1679857139490 212.0 212
1679857139875 213.0 213
1679857139973 214.0 214
1679857140368 215.0 215
1679857140475 216.0 216
1679857140875 217.0 217
1679857140982 218.0 218
1679857141404 219.0 219
1679857141503 220.0 220
1679857141916 221.0 221
1679857142018 222.0 222
1679857142417 223.0 223
1679857142518 224.0 224
1679857142933 225.0 225
1679857143036 226.0 226
1679857143450 227.0 227
1679857143554 228.0 228
1679857143968 229.0 229
1679857144083 230.0 230
1679857144480 231.0 231
1679857144581 232.0 232
1679857144975 233.0 233
1679857145154 234.0 234
1679857145544 235.0 235
1679857145644 236.0 236
1679857146050 237.0 237
1679857146151 238.0 238
1679857146557 239.0 239
1679857146657 240.0 240
1679857147050 241.0 241
1679857147149 242.0 242
1679857147537 243.0 243
1679857147658 244.0 244
1679857148059 245.0 245
1679857148159 246.0 246
1679857148559 247.0 247
1679857148661 248.0 248
1679857149069 249.0 249
1679857149174 250.0 250
1679857149560 251.0 251
1679857149660 252.0 252
1679857150055 253.0 253
1679857150155 254.0 254
1679857150577 255.0 255
1679857150676 256.0 256
1679857151091 257.0 257
1679857151197 258.0 258
1679857151603 259.0 259
1679857151702 260.0 260
1679857152091 261.0 261
1679857152194 262.0 262
1679857152583 263.0 263
1679857152685 264.0 264
1679857153113 265.0 265
1679857153222 266.0 266
1679857153619 267.0 267
1679857153735 268.0 268
1679857154130 269.0 269
1679857154238 270.0 270
1679857154696 271.0 271
1679857154798 272.0 272
1679857155204 273.0 273
1679857155311 274.0 274
1679857155713 275.0 275
1679857155824 276.0 276
1679857156249 277.0 277
1679857156353 278.0 278
1679857156771 279.0 279
1679857156872 280.0 280
1679857157263 281.0 281
1679857157369 282.0 282
1679857157767 283.0 283
1679857157885 284.0 284
1679857158281 285.0 285
1679857158380 286.0 286
1679857158776 287.0 287
1679857158880 288.0 288
1679857159269 289.0 289
1679857159390 290.0 290
1679857159788 291.0 291
1679857159898 292.0 292
1679857160335 293.0 293
1679857160440 294.0 294
1679857160819 295.0 295
1679857160923 296.0 296
1679857161350 297.0 297
1679857161461 298.0 298
1679857161883 299.0 299
1679857161997 300.0 300
1679857162103 301.0 301
