1677085577382 0.0 1
1677085577557 0.0 2
1677085578589 0.0 3
1677085578768 0.0 4
1677085579891 0.0 5
1677085580111 0.0 6
1677085581262 0.0 7
1677085581454 0.0 8
1677085582609 0.0 9
1677085582800 0.0 10
1677085583922 0.0 11
1677085584113 0.0 12
1677085585269 0.0 13
1677085585460 0.0 14
1677085586501 0.0 15
1677085586703 0.0 16
1677085587754 0.0 17
1677085587936 0.0 18
1677085588909 0.0 19
1677085589081 0.0 20
1677085590061 0.0 21
1677085590247 0.0 22
1677085591267 0.0 23
1677085591440 0.0 24
1677085592416 0.0 25
1677085592590 0.0 26
1677085593681 0.0 27
1677085593868 0.0 28
1677085594955 0.0 29
1677085595152 0.0 30
1677085596239 0.0 31
1677085596415 0.0 32
1677085597440 0.0 33
1677085597627 0.0 34
1677085598815 0.0 35
1677085599015 0.0 36
1677085600108 0.0 37
1677085600298 0.0 38
1677085601492 0.0 39
1677085601683 0.0 40
1677085602772 0.0 41
1677085603000 0.0 42
1677085604106 0.0 43
1677085604287 0.0 44
1677085605309 0.0 45
1677085605490 0.0 46
1677085606574 0.0 47
1677085606750 0.0 48
1677085607827 0.0 49
1677085608011 0.0 50
1677085609046 0.0 51
1677085609225 0.0 52
1677085610256 0.0 53
1677085610439 0.0 54
1677085611515 0.0 55
1677085611709 0.0 56
1677085612833 0.0 57
1677085613042 0.0 58
1677085614152 0.0 59
1677085614342 0.0 60
1677085615500 0.0 61
1677085615701 0.0 62
1677085616802 0.0 63
1677085616979 0.0 64
1677085618010 0.0 65
1677085618191 0.0 66
1677085619201 0.0 67
1677085619376 0.0 68
1677085620373 0.0 69
1677085620559 0.0 70
1677085621696 0.0 71
1677085621869 0.0 72
1677085622887 0.0 73
1677085623071 0.0 74
1677085624065 0.0 75
1677085624247 0.0 76
1677085625308 0.0 77
1677085625491 0.0 78
1677085626518 0.0 79
1677085626696 0.0 80
1677085627758 0.0 81
1677085628026 0.0 82
1677085629058 0.0 83
1677085629241 0.0 84
1677085630257 0.0 85
1677085630439 0.0 86
1677085631498 0.0 87
1677085631681 0.0 88
1677085632669 0.0 89
1677085632856 0.0 90
1677085633933 0.0 91
1677085634129 0.0 92
1677085635266 0.0 93
1677085635446 0.0 94
1677085636526 0.0 95
1677085636706 0.0 96
1677085637766 0.0 97
1677085637972 0.0 98
1677085639102 0.0 99
1677085639322 0.0 100
1677085640469 0.0 101
1677085640661 0.0 102
1677085641793 0.0 103
1677085642118 0.0 104
1677085643396 0.0 105
1677085643607 0.0 106
1677085644836 0.0 107
1677085645024 0.0 108
1677085646284 0.0 109
1677085646506 0.0 110
1677085647619 0.0 111
1677085647800 0.0 112
1677085648880 0.0 113
1677085649064 0.0 114
1677085650299 0.0 115
1677085650580 0.0 116
1677085651720 0.0 117
1677085651925 0.0 118
1677085652982 0.0 119
1677085653184 0.0 120
1677085654249 0.0 121
1677085654453 0.0 122
1677085655487 0.0 123
1677085655671 0.0 124
1677085656685 0.0 125
1677085656954 0.0 126
1677085657954 0.0 127
1677085658146 0.0 128
1677085659205 0.0 129
1677085659399 0.0 130
1677085660430 0.0 131
1677085660624 0.0 132
1677085661644 0.0 133
1677085661830 0.0 134
1677085662847 0.0 135
1677085663048 0.0 136
1677085664143 0.0 137
1677085664325 0.0 138
1677085665318 0.0 139
1677085665506 0.0 140
1677085666532 0.0 141
1677085666716 0.0 142
1677085667691 0.0 143
1677085667874 0.0 144
1677085668881 0.0 145
1677085669058 0.0 146
1677085670053 0.0 147
1677085670311 0.0 148
1677085671402 0.0 149
1677085671619 0.0 150
1677085672734 0.0 151
1677085672934 0.0 152
1677085674106 0.0 153
1677085674309 0.0 154
1677085675387 0.0 155
1677085675593 0.0 156
1677085676710 0.0 157
1677085676898 0.0 158
1677085677996 0.0 159
1677085678190 0.0 160
1677085679185 0.0 161
1677085679368 0.0 162
1677085680371 0.0 163
1677085680552 0.0 164
1677085681583 0.0 165
1677085681790 0.0 166
1677085682843 0.0 167
1677085683033 0.0 168
1677085684036 0.0 169
1677085684299 0.0 170
1677085685303 0.0 171
1677085685494 0.0 172
1677085686528 0.0 173
1677085686712 0.0 174
1677085687775 0.0 175
1677085687973 0.0 176
1677085689031 0.0 177
1677085689226 0.0 178
1677085690278 0.0 179
1677085690465 0.0 180
1677085691557 0.0 181
1677085691753 0.0 182
1677085692828 0.0 183
1677085693054 0.0 184
1677085694147 0.0 185
1677085694366 0.0 186
1677085695472 0.0 187
1677085695699 0.0 188
1677085696826 0.0 189
1677085697021 0.0 190
1677085698120 0.0 191
1677085698406 0.0 192
1677085699541 0.0 193
1677085699741 0.0 194
1677085701048 0.0 195
1677085701309 0.0 196
1677085702558 0.0 197
1677085702798 0.0 198
1677085704003 0.0 199
1677085704217 0.0 200
1677085705406 0.0 201
1677085705639 0.0 202
1677085706847 0.0 203
1677085707035 0.0 204
1677085708166 0.0 205
1677085708363 0.0 206
1677085709491 0.0 207
1677085709694 0.0 208
1677085710736 0.0 209
1677085710952 0.0 210
1677085712136 0.0 211
1677085712339 0.0 212
1677085713501 0.0 213
1677085713828 0.0 214
1677085714963 0.0 215
1677085715176 0.0 216
1677085716319 0.0 217
1677085716536 0.0 218
1677085717666 0.0 219
1677085717925 0.0 220
1677085719101 0.0 221
1677085719318 0.0 222
1677085720358 0.0 223
1677085720557 0.0 224
1677085721895 0.0 225
1677085722129 0.0 226
1677085723208 0.0 227
1677085723407 0.0 228
1677085724493 0.0 229
1677085724710 0.0 230
1677085725784 0.0 231
1677085726011 0.0 232
1677085727106 0.0 233
1677085727318 0.0 234
1677085728419 0.0 235
1677085728688 0.0 236
1677085729760 0.0 237
1677085729957 0.0 238
1677085731165 0.0 239
1677085731411 0.0 240
1677085732614 0.0 241
1677085732843 0.0 242
1677085734070 0.0 243
1677085734308 0.0 244
1677085735652 0.0 245
1677085735869 0.0 246
1677085737104 0.0 247
1677085737323 0.0 248
1677085738538 0.0 249
1677085738791 0.0 250
1677085739991 0.0 251
1677085740198 0.0 252
1677085741264 0.0 253
1677085741458 0.0 254
1677085742618 0.0 255
1677085742817 0.0 256
1677085743891 0.0 257
1677085744172 0.0 258
1677085745289 0.0 259
1677085745507 0.0 260
1677085746576 0.0 261
1677085746776 0.0 262
1677085747832 0.0 263
1677085748026 0.0 264
1677085749079 0.0 265
1677085749303 0.0 266
1677085750357 0.0 267
1677085750553 0.0 268
1677085751712 0.0 269
1677085751917 0.0 270
1677085752999 0.0 271
1677085753207 0.0 272
1677085754264 0.0 273
1677085754472 0.0 274
1677085755518 0.0 275
1677085755725 0.0 276
1677085756853 0.0 277
1677085757069 0.0 278
1677085758159 0.0 279
1677085758443 0.0 280
1677085759505 0.0 281
1677085759713 0.0 282
1677085760921 0.0 283
1677085761144 0.0 284
1677085762363 0.0 285
1677085762581 0.0 286
1677085763793 0.0 287
1677085764016 0.0 288
1677085765160 0.0 289
1677085765368 0.0 290
1677085766493 0.0 291
1677085766690 0.0 292
1677085767753 0.0 293
1677085767962 0.0 294
1677085768998 0.0 295
1677085769194 0.0 296
1677085770236 0.0 297
1677085770463 0.0 298
1677085771476 0.0 299
1677085771672 0.0 300
1677085771870 0.0 301
