1677085577389 3.0192363262176514 1
1677085577562 3.1809093952178955 2
1677085578596 4.204989910125732 3
1677085578773 4.387139558792114 4
1677085579898 5.502228260040283 5
1677085580116 5.7252891063690186 6
1677085581268 6.876970529556274 7
1677085581460 7.071168661117554 8
1677085582614 8.223215103149414 9
1677085582805 8.41779351234436 10
1677085583927 9.53717589378357 11
1677085584118 9.723948001861572 12
1677085585274 10.917954444885254 13
1677085585465 11.079073667526245 14
1677085586506 12.119491338729858 15
1677085586708 12.316084146499634 16
1677085587759 13.366164445877075 17
1677085587940 13.552114486694336 18
1677085588914 14.52802848815918 19
1677085589085 14.698081016540527 20
1677085590066 15.679974555969238 21
1677085590252 15.859011173248291 22
1677085591272 16.886006593704224 23
1677085591445 17.057990789413452 24
1677085592421 18.034042835235596 25
1677085592596 18.209046602249146 26
1677085593687 19.299044132232666 27
1677085593874 19.482922792434692 28
1677085594960 20.565988063812256 29
1677085595157 20.767085790634155 30
1677085596244 21.8549702167511 31
1677085596420 22.03188681602478 32
1677085597445 23.054842233657837 33
1677085597639 23.239003658294678 34
1677085598821 24.41097140312195 35
1677085599019 24.632123470306396 36
1677085600114 25.754067182540894 37
1677085600303 25.912108182907104 38
1677085601496 27.10682702064514 39
1677085601687 27.292924880981445 40
1677085602778 28.385108709335327 41
1677085603006 28.593961715698242 42
1677085604110 29.72152543067932 43
1677085604292 29.904059886932373 44
1677085605314 30.923982858657837 45
1677085605497 31.102990865707397 46
1677085606578 32.19000816345215 47
1677085606755 32.367234230041504 48
1677085607833 33.44297480583191 49
1677085608016 33.62505793571472 50
1677085609050 34.66109323501587 51
1677085609231 34.83805227279663 52
1677085610261 35.870803117752075 53
1677085610443 36.05214214324951 54
1677085611521 37.129997968673706 55
1677085611714 37.32001614570618 56
1677085612838 38.44299936294556 57
1677085613047 38.65116548538208 58
1677085614158 39.765257596969604 59
1677085614348 39.95185971260071 60
1677085615504 41.146339654922485 61
1677085615707 41.30702567100525 62
1677085616806 42.41588258743286 63
1677085616984 42.59555792808533 64
1677085618015 43.623048543930054 65
1677085618196 43.806124210357666 66
1677085619206 44.814096450805664 67
1677085619380 44.99074864387512 68
1677085620378 45.98708701133728 69
1677085620564 46.170029163360596 70
1677085621700 47.309019804000854 71
1677085621873 47.486053705215454 72
1677085622892 48.500961780548096 73
1677085623076 48.682910442352295 74
1677085624068 49.680461168289185 75
1677085624251 49.860485792160034 76
1677085625311 50.920884132385254 77
1677085625496 51.104923725128174 78
1677085626524 52.12494659423828 79
1677085626700 52.309709787368774 80
1677085627763 53.370089292526245 81
1677085628031 53.63388442993164 82
1677085629063 54.66777968406677 83
1677085629246 54.85498785972595 84
1677085630262 55.904165506362915 85
1677085630444 56.05179047584534 86
1677085631503 57.112234354019165 87
1677085631685 57.292869091033936 88
1677085632673 58.283010721206665 89
1677085632862 58.4680118560791 90
1677085633938 59.545491456985474 91
1677085634134 59.73735737800598 92
1677085635271 60.87755823135376 93
1677085635452 61.0589816570282 94
1677085636531 62.140100955963135 95
1677085636710 62.317142963409424 96
1677085637771 63.37289118766785 97
1677085637977 63.57607173919678 98
1677085639110 64.70312452316284 99
1677085639327 64.930020570755 100
1677085640474 66.07993149757385 101
1677085640665 66.27196168899536 102
1677085641798 67.40121293067932 103
1677085642125 67.71615886688232 104
1677085643401 69.00106883049011 105
1677085643612 69.20616245269775 106
1677085644842 70.43279767036438 107
1677085645028 70.66817498207092 108
1677085646290 71.89115977287292 109
1677085646513 72.1068274974823 110
1677085647624 73.2270097732544 111
1677085647804 73.41299676895142 112
1677085648885 74.49073886871338 113
1677085649068 74.67386937141418 114
1677085650306 75.89499545097351 115
1677085650586 76.17609453201294 116
1677085651725 77.32625842094421 117
1677085651929 77.53192853927612 118
1677085652987 78.58722424507141 119
1677085653189 78.78993678092957 120
1677085654254 79.85627269744873 121
1677085654458 80.05198812484741 122
1677085655492 81.09721851348877 123
1677085655678 81.28195691108704 124
1677085656689 82.29404425621033 125
1677085656958 82.56501126289368 126
1677085657959 83.56285238265991 127
1677085658151 83.75481605529785 128
1677085659209 84.81397724151611 129
1677085659404 85.00717449188232 130
1677085660435 86.07616329193115 131
1677085660629 86.23142790794373 132
1677085661649 87.25188994407654 133
1677085661835 87.44192337989807 134
1677085662851 88.4571053981781 135
1677085663053 88.65435719490051 136
1677085664147 89.75655794143677 137
1677085664330 89.9371109008789 138
1677085665323 90.92761445045471 139
1677085665511 91.1143171787262 140
1677085666537 92.142893075943 141
1677085666720 92.32388854026794 142
1677085667694 93.29946994781494 143
1677085667878 93.48386788368225 144
1677085668885 94.48654460906982 145
1677085669063 94.67012023925781 146
1677085670057 95.662517786026 147
1677085670316 95.92419767379761 148
1677085671407 97.00634098052979 149
1677085671623 97.22261476516724 150
1677085672739 98.33907175064087 151
1677085672939 98.53877687454224 152
1677085674111 99.7059223651886 153
1677085674314 99.91388750076294 154
1677085675391 101.0317280292511 155
1677085675599 101.19900274276733 156
1677085676715 102.3181095123291 157
1677085676902 102.50632619857788 158
1677085678001 103.60491275787354 159
1677085678195 103.798020362854 160
1677085679190 104.79091453552246 161
1677085679372 104.97816562652588 162
1677085680376 105.97985219955444 163
1677085680557 106.16286897659302 164
1677085681587 107.19393610954285 165
1677085681795 107.3907380104065 166
1677085682848 108.45190930366516 167
1677085683037 108.63874340057373 168
1677085684041 109.64490842819214 169
1677085684304 109.91014885902405 170
1677085685309 110.91493058204651 171
1677085685498 111.10083794593811 172
1677085686532 112.13710141181946 173
1677085686717 112.3209114074707 174
1677085687780 113.37282657623291 175
1677085687978 113.58188009262085 176
1677085689036 114.63485360145569 177
1677085689232 114.83418107032776 178
1677085690283 115.92241859436035 179
1677085690469 116.07488870620728 180
1677085691561 117.16292595863342 181
1677085691758 117.35848951339722 182
1677085692832 118.43206858634949 183
1677085693061 118.64296889305115 184
1677085694151 119.75304818153381 185
1677085694371 119.96910834312439 186
1677085695481 121.0462121963501 187
1677085695705 121.29999852180481 188
1677085696830 122.43198466300964 189
1677085697026 122.62284731864929 190
1677085698125 123.7229266166687 191
1677085698412 124.00816631317139 192
1677085699546 125.14392423629761 193
1677085699746 125.34489512443542 194
1677085701053 126.64193224906921 195
1677085701313 126.90104126930237 196
1677085702564 128.2007281780243 197
1677085702803 128.39312291145325 198
1677085704009 129.5883014202118 199
1677085704223 129.81902599334717 200
1677085705411 131.04899144172668 201
1677085705644 131.2355465888977 202
1677085706851 132.44902920722961 203
1677085707038 132.6414270401001 204
1677085708171 133.76903533935547 205
1677085708368 133.96798491477966 206
1677085709496 135.1361062526703 207
1677085709698 135.29944610595703 208
1677085710741 136.33268666267395 209
1677085710957 136.55166363716125 210
1677085712142 137.73680186271667 211
1677085712344 137.94186758995056 212
1677085713506 139.0923879146576 213
1677085713833 139.41990208625793 214
1677085714968 140.56310272216797 215
1677085715180 140.77606654167175 216
1677085716324 141.91908955574036 217
1677085716541 142.13831567764282 218
1677085717672 143.26201128959656 219
1677085717929 143.5228934288025 220
1677085719105 144.70721173286438 221
1677085719324 144.91697025299072 222
1677085720363 146.00298523902893 223
1677085720562 146.1589765548706 224
1677085721900 147.49195170402527 225
1677085722134 147.73205089569092 226
1677085723213 148.80893969535828 227
1677085723411 149.0140483379364 228
1677085724498 150.08989429473877 229
1677085724714 150.3062126636505 230
1677085725788 151.38899850845337 231
1677085726016 151.61000990867615 232
1677085727111 152.7081642150879 233
1677085727324 152.92041420936584 234
1677085728423 154.0217719078064 235
1677085728693 154.29190826416016 236
1677085729766 155.36409878730774 237
1677085729962 155.55904817581177 238
1677085731172 156.75996494293213 239
1677085731416 157.00313663482666 240
1677085732618 158.20799207687378 241
1677085732849 158.43630647659302 242
1677085734076 159.65894889831543 243
1677085734315 159.8989293575287 244
1677085735657 161.29547238349915 245
1677085735874 161.46698379516602 246
1677085737110 162.70890760421753 247
1677085737327 162.92380928993225 248
1677085738543 164.13846635818481 249
1677085738797 164.38213205337524 250
1677085739996 165.59480142593384 251
1677085740203 165.80172991752625 252
1677085741268 166.86899948120117 253
1677085741462 167.06097602844238 254
1677085742623 168.21717476844788 255
1677085742822 168.41699385643005 256
1677085743896 169.49684238433838 257
1677085744176 169.7739863395691 258
1677085745295 170.8888943195343 259
1677085745512 171.09587597846985 260
1677085746581 172.177259683609 261
1677085746781 172.37911581993103 262
1677085747836 173.43493461608887 263
1677085748030 173.6297709941864 264
1677085749085 174.67912650108337 265
1677085749308 174.90087842941284 266
1677085750362 176.0019030570984 267
1677085750558 176.15404891967773 268
1677085751717 177.3099594116211 269
1677085751922 177.5160150527954 270
1677085753004 178.60272574424744 271
1677085753211 178.80499863624573 272
1677085754269 179.86244940757751 273
1677085754477 180.07187175750732 274
1677085755522 181.1170084476471 275
1677085755730 181.3258843421936 276
1677085756858 182.45318746566772 277
1677085757073 182.6670024394989 278
1677085758164 183.75202083587646 279
1677085758447 184.04603123664856 280
1677085759510 185.10397505760193 281
1677085759718 185.3174695968628 282
1677085760927 186.5150933265686 283
1677085761148 186.7382206916809 284
1677085762368 187.9572217464447 285
1677085762586 188.1728777885437 286
1677085763798 189.38909029960632 287
1677085764021 189.60993027687073 288
1677085765164 190.8028540611267 289
1677085765373 190.96797060966492 290
1677085766498 192.09395217895508 291
1677085766695 192.29126238822937 292
1677085767758 193.34895610809326 293
1677085767967 193.5599308013916 294
1677085769004 194.59782648086548 295
1677085769199 194.79600715637207 296
1677085770242 195.83987736701965 297
1677085770467 196.06482434272766 298
1677085771480 197.07794070243835 299
1677085771677 197.27206349372864 300
1677085771876 197.4702639579773 301
