1677085577380 3.0192363262176514 1
1677085577556 0.16167306900024414 2
1677085578587 1.024080514907837 3
1677085578767 0.18214964866638184 4
1677085579890 1.115088701248169 5
1677085580110 0.22306084632873535 6
1677085581260 1.1516814231872559 7
1677085581453 0.1941981315612793 8
1677085582607 1.1520464420318604 9
1677085582798 0.1945784091949463 10
1677085583920 1.119382381439209 11
1677085584112 0.18677210807800293 12
1677085585268 1.1940064430236816 13
1677085585459 0.1611192226409912 14
1677085586500 1.0404176712036133 15
1677085586702 0.1965928077697754 16
1677085587746 1.0500802993774414 17
1677085587934 0.18595004081726074 18
1677085588908 0.9759140014648438 19
1677085589080 0.17005252838134766 20
1677085590060 0.9818935394287109 21
1677085590246 0.17903661727905273 22
1677085591266 1.0269954204559326 23
1677085591438 0.17198419570922852 24
1677085592415 0.9760520458221436 25
1677085592589 0.1750037670135498 26
1677085593679 1.0899975299835205 27
1677085593867 0.18387866020202637 28
1677085594954 1.0830652713775635 29
1677085595150 0.20109772682189941 30
1677085596238 1.0878844261169434 31
1677085596414 0.17691659927368164 32
1677085597439 1.0229554176330566 33
1677085597626 0.18416142463684082 34
1677085598814 1.1719677448272705 35
1677085599014 0.22115206718444824 36
1677085600106 1.121943712234497 37
1677085600297 0.15804100036621094 38
1677085601490 1.194718837738037 39
1677085601682 0.1860978603363037 40
1677085602771 1.0921838283538818 41
1677085602998 0.20885300636291504 42
1677085604104 1.127563714981079 43
1677085604286 0.18253445625305176 44
1677085605308 1.0199229717254639 45
1677085605488 0.17900800704956055 46
1677085606573 1.087017297744751 47
1677085606749 0.17722606658935547 48
1677085607826 1.0757405757904053 49
1677085608010 0.1820831298828125 50
1677085609045 1.0360352993011475 51
1677085609224 0.17695903778076172 52
1677085610255 1.0327508449554443 53
1677085610438 0.18133902549743652 54
1677085611514 1.0778558254241943 55
1677085611708 0.1900181770324707 56
1677085612831 1.1229832172393799 57
1677085613040 0.20816612243652344 58
1677085614151 1.1140921115875244 59
1677085614341 0.18660211563110352 60
1677085615499 1.1944799423217773 61
1677085615699 0.16068601608276367 62
1677085616801 1.1088569164276123 63
1677085616978 0.17967534065246582 64
1677085618009 1.0274906158447266 65
1677085618190 0.1830756664276123 66
1677085619200 1.007972240447998 67
1677085619374 0.176652193069458 68
1677085620371 0.9963383674621582 69
1677085620558 0.18294215202331543 70
1677085621695 1.1389906406402588 71
1677085621868 0.1770339012145996 72
1677085622886 1.0149080753326416 73
1677085623070 0.18194866180419922 74
1677085624063 0.9975507259368896 75
1677085624246 0.1800246238708496 76
1677085625306 1.0603983402252197 77
1677085625490 0.18403959274291992 78
1677085626517 1.0200228691101074 79
1677085626695 0.18476319313049316 80
1677085627757 1.0603795051574707 81
1677085628025 0.2637951374053955 82
1677085629057 1.0338952541351318 83
1677085629240 0.1872081756591797 84
1677085630256 1.049177646636963 85
1677085630438 0.14762496948242188 86
1677085631497 1.0604438781738281 87
1677085631679 0.1806347370147705 88
1677085632667 0.9901416301727295 89
1677085632855 0.18500113487243652 90
1677085633931 1.077479600906372 91
1677085634128 0.1918659210205078 92
1677085635265 1.1402008533477783 93
1677085635445 0.18142342567443848 94
1677085636525 1.0811192989349365 95
1677085636704 0.17704200744628906 96
1677085637765 1.0557482242584229 97
1677085637970 0.20318055152893066 98
1677085639101 1.1270527839660645 99
1677085639321 0.22689604759216309 100
1677085640468 1.1499109268188477 101
1677085640659 0.1920301914215088 102
1677085641791 1.12925124168396 103
1677085642116 0.31494593620300293 104
1677085643394 1.284909963607788 105
1677085643605 0.2050936222076416 106
1677085644834 1.226635217666626 107
1677085645022 0.23537731170654297 108
1677085646284 1.222984790802002 109
1677085646504 0.215667724609375 110
1677085647618 1.1201822757720947 111
1677085647798 0.18598699569702148 112
1677085648879 1.077742099761963 113
1677085649062 0.18313050270080566 114
1677085650297 1.2211260795593262 115
1677085650579 0.2810990810394287 116
1677085651719 1.1501638889312744 117
1677085651924 0.20567011833190918 118
1677085652981 1.055295705795288 119
1677085653183 0.2027125358581543 120
1677085654248 1.066335916519165 121
1677085654451 0.19571542739868164 122
1677085655486 1.0452303886413574 123
1677085655670 0.1847383975982666 124
1677085656684 1.012087345123291 125
1677085656952 0.2709670066833496 126
1677085657952 0.9978411197662354 127
1677085658145 0.19196367263793945 128
1677085659204 1.0591611862182617 129
1677085659398 0.19319725036621094 130
1677085660429 1.0689888000488281 131
1677085660623 0.15526461601257324 132
1677085661643 1.0204620361328125 133
1677085661829 0.1900334358215332 134
1677085662846 1.0151820182800293 135
1677085663047 0.1972517967224121 136
1677085664141 1.1022007465362549 137
1677085664324 0.18055295944213867 138
1677085665317 0.9905035495758057 139
1677085665504 0.18670272827148438 140
1677085666531 1.0285758972167969 141
1677085666714 0.18099546432495117 142
1677085667690 0.9755814075469971 143
1677085667872 0.18439793586730957 144
1677085668880 1.0026767253875732 145
1677085669057 0.18357563018798828 146
1677085670052 0.9923975467681885 147
1677085670310 0.26167988777160645 148
1677085671402 1.0821433067321777 149
1677085671617 0.21627378463745117 150
1677085672732 1.1164569854736328 151
1677085672933 0.1997051239013672 152
1677085674105 1.1671454906463623 153
1677085674308 0.20796513557434082 154
1677085675386 1.1178405284881592 155
1677085675592 0.16727471351623535 156
1677085676709 1.1191067695617676 157
1677085676897 0.1882166862487793 158
1677085677994 1.0985865592956543 159
1677085678189 0.19310760498046875 160
1677085679184 0.992894172668457 161
1677085679366 0.18725109100341797 162
1677085680369 1.0016865730285645 163
1677085680551 0.18301677703857422 164
1677085681582 1.031067132949829 165
1677085681788 0.19680190086364746 166
1677085682842 1.061171293258667 167
1677085683031 0.18683409690856934 168
1677085684035 1.0061650276184082 169
1677085684297 0.2652404308319092 170
1677085685302 1.004781723022461 171
1677085685492 0.18590736389160156 172
1677085686526 1.0362634658813477 173
1677085686711 0.18380999565124512 174
1677085687774 1.051915168762207 175
1677085687972 0.20905351638793945 176
1677085689030 1.0529735088348389 177
1677085689224 0.1993274688720703 178
1677085690277 1.0882375240325928 179
1677085690464 0.15247011184692383 180
1677085691556 1.0880372524261475 181
1677085691752 0.19556355476379395 182
1677085692827 1.0735790729522705 183
1677085693052 0.21090030670166016 184
1677085694146 1.110079288482666 185
1677085694364 0.21606016159057617 186
1677085695470 1.077103853225708 187
1677085695698 0.2537863254547119 188
1677085696824 1.131986141204834 189
1677085697020 0.19086265563964844 190
1677085698119 1.1000792980194092 191
1677085698403 0.28523969650268555 192
1677085699540 1.1357579231262207 193
1677085699740 0.20097088813781738 194
1677085701047 1.297037124633789 195
1677085701307 0.2591090202331543 196
1677085702556 1.2996869087219238 197
1677085702796 0.19239473342895508 198
1677085704002 1.195178508758545 199
1677085704216 0.23072457313537598 200
1677085705404 1.2299654483795166 201
1677085705636 0.1865551471710205 202
1677085706845 1.2134826183319092 203
1677085707033 0.1923978328704834 204
1677085708165 1.127608299255371 205
1677085708362 0.19894957542419434 206
1677085709490 1.168121337890625 207
1677085709692 0.16333985328674316 208
1677085710735 1.033240556716919 209
1677085710950 0.2189769744873047 210
1677085712135 1.18513822555542 211
1677085712338 0.20506572723388672 212
1677085713499 1.1505203247070312 213
1677085713826 0.3275141716003418 214
1677085714961 1.1432006359100342 215
1677085715174 0.21296381950378418 216
1677085716318 1.1430230140686035 217
1677085716534 0.21922612190246582 218
1677085717665 1.1236956119537354 219
1677085717923 0.2608821392059326 220
1677085719099 1.1843183040618896 221
1677085719317 0.20975852012634277 222
1677085720357 1.086014986038208 223
1677085720556 0.1559913158416748 224
1677085721893 1.332975149154663 225
1677085722128 0.24009919166564941 226
1677085723207 1.0768887996673584 227
1677085723406 0.205108642578125 228
1677085724492 1.0758459568023682 229
1677085724709 0.21631836891174316 230
1677085725783 1.0827858448028564 231
1677085726009 0.22101140022277832 232
1677085727104 1.0981543064117432 233
1677085727317 0.2122499942779541 234
1677085728417 1.1013576984405518 235
1677085728687 0.27013635635375977 236
1677085729759 1.072190523147583 237
1677085729955 0.19494938850402832 238
1677085731164 1.2009167671203613 239
1677085731409 0.24317169189453125 240
1677085732613 1.2048554420471191 241
1677085732842 0.22831439971923828 242
1677085734069 1.222642421722412 243
1677085734307 0.23998045921325684 244
1677085735650 1.396543025970459 245
1677085735868 0.17151141166687012 246
1677085737103 1.2419238090515137 247
1677085737321 0.21490168571472168 248
1677085738537 1.2146570682525635 249
1677085738790 0.2436656951904297 250
1677085739989 1.2126693725585938 251
1677085740197 0.20692849159240723 252
1677085741263 1.0672695636749268 253
1677085741457 0.19197654724121094 254
1677085742617 1.1561987400054932 255
1677085742816 0.19981908798217773 256
1677085743889 1.0798485279083252 257
1677085744170 0.2771439552307129 258
1677085745287 1.11490797996521 259
1677085745506 0.20698165893554688 260
1677085746575 1.0813837051391602 261
1677085746775 0.20185613632202148 262
1677085747830 1.055818796157837 263
1677085748024 0.19483637809753418 264
1677085749077 1.0493555068969727 265
1677085749302 0.22175192832946777 266
1677085750356 1.1010246276855469 267
1677085750552 0.1521458625793457 268
1677085751711 1.1559104919433594 269
1677085751915 0.2060556411743164 270
1677085752998 1.0867106914520264 271
1677085753204 0.20227289199829102 272
1677085754263 1.057450771331787 273
1677085754471 0.20942234992980957 274
1677085755517 1.0451366901397705 275
1677085755724 0.2088758945465088 276
1677085756852 1.127303123474121 277
1677085757067 0.21381497383117676 278
1677085758158 1.0850183963775635 279
1677085758442 0.2940104007720947 280
1677085759502 1.0579438209533691 281
1677085759712 0.21349453926086426 282
1677085760919 1.1976237297058105 283
1677085761142 0.2231273651123047 284
1677085762362 1.219001054763794 285
1677085762580 0.21565604209899902 286
1677085763792 1.216212511062622 287
1677085764015 0.2208399772644043 288
1677085765159 1.1929237842559814 289
1677085765367 0.165116548538208 290
1677085766492 1.1259815692901611 291
1677085766689 0.197310209274292 292
1677085767751 1.0576937198638916 293
1677085767961 0.21097469329833984 294
1677085768997 1.037895679473877 295
1677085769193 0.1981806755065918 296
1677085770235 1.043870210647583 297
1677085770462 0.2249469757080078 298
1677085771474 1.0131163597106934 299
1677085771671 0.1941227912902832 300
1677085771868 0.19820046424865723 301
