1677085577384 1.0 1
1677085577558 2.0 2
1677085578590 3.0 3
1677085578770 4.0 4
1677085579892 5.0 5
1677085580112 6.0 6
1677085581264 7.0 7
1677085581456 8.0 8
1677085582610 9.0 9
1677085582801 10.0 10
1677085583923 11.0 11
1677085584114 12.0 12
1677085585271 13.0 13
1677085585461 14.0 14
1677085586502 15.0 15
1677085586704 16.0 16
1677085587754 17.0 17
1677085587937 18.0 18
1677085588911 19.0 19
1677085589082 20.0 20
1677085590062 21.0 21
1677085590249 22.0 22
1677085591268 23.0 23
1677085591441 24.0 24
1677085592418 25.0 25
1677085592591 26.0 26
1677085593682 27.0 27
1677085593870 28.0 28
1677085594956 29.0 29
1677085595152 30.0 30
1677085596240 31.0 31
1677085596417 32.0 32
1677085597441 33.0 33
1677085597636 34.0 34
1677085598816 35.0 35
1677085599016 36.0 36
1677085600109 37.0 37
1677085600300 38.0 38
1677085601493 39.0 39
1677085601684 40.0 40
1677085602774 41.0 41
1677085603001 42.0 42
1677085604107 43.0 43
1677085604289 44.0 44
1677085605311 45.0 45
1677085605492 46.0 46
1677085606575 47.0 47
1677085606751 48.0 48
1677085607828 49.0 49
1677085608013 50.0 50
1677085609047 51.0 51
1677085609226 52.0 52
1677085610257 53.0 53
1677085610440 54.0 54
1677085611517 55.0 55
1677085611710 56.0 56
1677085612834 57.0 57
1677085613043 58.0 58
1677085614154 59.0 59
1677085614344 60.0 60
1677085615501 61.0 61
1677085615702 62.0 62
1677085616803 63.0 63
1677085616981 64.0 64
1677085618011 65.0 65
1677085618193 66.0 66
1677085619202 67.0 67
1677085619377 68.0 68
1677085620374 69.0 69
1677085620560 70.0 70
1677085621697 71.0 71
1677085621869 72.0 72
1677085622888 73.0 73
1677085623072 74.0 74
1677085624065 75.0 75
1677085624248 76.0 76
1677085625308 77.0 77
1677085625492 78.0 78
1677085626520 79.0 79
1677085626697 80.0 80
1677085627759 81.0 81
1677085628027 82.0 82
1677085629059 83.0 83
1677085629242 84.0 84
1677085630258 85.0 85
1677085630441 86.0 86
1677085631499 87.0 87
1677085631682 88.0 88
1677085632670 89.0 89
1677085632858 90.0 90
1677085633934 91.0 91
1677085634130 92.0 92
1677085635267 93.0 93
1677085635447 94.0 94
1677085636527 95.0 95
1677085636707 96.0 96
1677085637767 97.0 97
1677085637973 98.0 98
1677085639106 99.0 99
1677085639323 100.0 100
1677085640470 101.0 101
1677085640662 102.0 102
1677085641794 103.0 103
1677085642120 104.0 104
1677085643398 105.0 105
1677085643608 106.0 106
1677085644837 107.0 107
1677085645025 108.0 108
1677085646286 109.0 109
1677085646507 110.0 110
1677085647621 111.0 111
1677085647801 112.0 112
1677085648882 113.0 113
1677085649065 114.0 114
1677085650301 115.0 115
1677085650582 116.0 116
1677085651722 117.0 117
1677085651926 118.0 118
1677085652983 119.0 119
1677085653185 120.0 120
1677085654251 121.0 121
1677085654454 122.0 122
1677085655488 123.0 123
1677085655673 124.0 124
1677085656685 125.0 125
1677085656955 126.0 126
1677085657955 127.0 127
1677085658147 128.0 128
1677085659206 129.0 129
1677085659401 130.0 130
1677085660431 131.0 131
1677085660625 132.0 132
1677085661645 133.0 133
1677085661831 134.0 134
1677085662848 135.0 135
1677085663049 136.0 136
1677085664144 137.0 137
1677085664327 138.0 138
1677085665320 139.0 139
1677085665507 140.0 140
1677085666533 141.0 141
1677085666717 142.0 142
1677085667692 143.0 143
1677085667875 144.0 144
1677085668882 145.0 145
1677085669060 146.0 146
1677085670054 147.0 147
1677085670313 148.0 148
1677085671403 149.0 149
1677085671620 150.0 150
1677085672736 151.0 151
1677085672935 152.0 152
1677085674107 153.0 153
1677085674310 154.0 154
1677085675388 155.0 155
1677085675595 156.0 156
1677085676711 157.0 157
1677085676899 158.0 158
1677085677997 159.0 159
1677085678191 160.0 160
1677085679186 161.0 161
1677085679368 162.0 162
1677085680372 163.0 163
1677085680554 164.0 164
1677085681584 165.0 165
1677085681791 166.0 166
1677085682844 167.0 167
1677085683034 168.0 168
1677085684037 169.0 169
1677085684300 170.0 170
1677085685305 171.0 171
1677085685495 172.0 172
1677085686529 173.0 173
1677085686714 174.0 174
1677085687776 175.0 175
1677085687975 176.0 176
1677085689032 177.0 177
1677085689227 178.0 178
1677085690279 179.0 179
1677085690466 180.0 180
1677085691558 181.0 181
1677085691755 182.0 182
1677085692829 183.0 183
1677085693056 184.0 184
1677085694148 185.0 185
1677085694367 186.0 186
1677085695474 187.0 187
1677085695701 188.0 188
1677085696827 189.0 189
1677085697023 190.0 190
1677085698121 191.0 191
1677085698408 192.0 192
1677085699542 193.0 193
1677085699742 194.0 194
1677085701049 195.0 195
1677085701310 196.0 196
1677085702559 197.0 197
1677085702799 198.0 198
1677085704005 199.0 199
1677085704219 200.0 200
1677085705407 201.0 201
1677085705640 202.0 202
1677085706847 203.0 203
1677085707035 204.0 204
1677085708167 205.0 205
1677085708364 206.0 206
1677085709493 207.0 207
1677085709695 208.0 208
1677085710738 209.0 209
1677085710953 210.0 210
1677085712139 211.0 211
1677085712340 212.0 212
1677085713502 213.0 213
1677085713829 214.0 214
1677085714964 215.0 215
1677085715177 216.0 216
1677085716321 217.0 217
1677085716538 218.0 218
1677085717667 219.0 219
1677085717926 220.0 220
1677085719102 221.0 221
1677085719320 222.0 222
1677085720360 223.0 223
1677085720558 224.0 224
1677085721895 225.0 225
1677085722130 226.0 226
1677085723210 227.0 227
1677085723408 228.0 228
1677085724495 229.0 229
1677085724711 230.0 230
1677085725785 231.0 231
1677085726012 232.0 232
1677085727107 233.0 233
1677085727320 234.0 234
1677085728420 235.0 235
1677085728689 236.0 236
1677085729762 237.0 237
1677085729958 238.0 238
1677085731167 239.0 239
1677085731413 240.0 240
1677085732615 241.0 241
1677085732844 242.0 242
1677085734071 243.0 243
1677085734310 244.0 244
1677085735654 245.0 245
1677085735871 246.0 246
1677085737106 247.0 247
1677085737324 248.0 248
1677085738540 249.0 249
1677085738793 250.0 250
1677085739992 251.0 251
1677085740199 252.0 252
1677085741265 253.0 253
1677085741459 254.0 254
1677085742619 255.0 255
1677085742818 256.0 256
1677085743892 257.0 257
1677085744173 258.0 258
1677085745291 259.0 259
1677085745508 260.0 260
1677085746577 261.0 261
1677085746777 262.0 262
1677085747833 263.0 263
1677085748027 264.0 264
1677085749080 265.0 265
1677085749305 266.0 266
1677085750359 267.0 267
1677085750554 268.0 268
1677085751713 269.0 269
1677085751918 270.0 270
1677085753000 271.0 271
1677085753208 272.0 272
1677085754266 273.0 273
1677085754474 274.0 274
1677085755519 275.0 275
1677085755726 276.0 276
1677085756855 277.0 277
1677085757070 278.0 278
1677085758161 279.0 279
1677085758444 280.0 280
1677085759506 281.0 281
1677085759715 282.0 282
1677085760923 283.0 283
1677085761145 284.0 284
1677085762364 285.0 285
1677085762583 286.0 286
1677085763795 287.0 287
1677085764017 288.0 288
1677085765161 289.0 289
1677085765369 290.0 290
1677085766494 291.0 291
1677085766692 292.0 292
1677085767754 293.0 293
1677085767963 294.0 294
1677085769000 295.0 295
1677085769195 296.0 296
1677085770238 297.0 297
1677085770464 298.0 298
1677085771477 299.0 299
1677085771673 300.0 300
1677085771872 301.0 301
