1679777983066 3.67805814743042 1
1679777983262 3.8584275245666504 2
1679777984495 5.094066143035889 3
1679777984675 5.270748138427734 4
1679777985829 6.426887273788452 5
1679777986131 6.7188215255737305 6
1679777987425 8.021002054214478 7
1679777987605 8.203193664550781 8
1679777988819 9.417999505996704 9
1679777989012 9.610470294952393 10
1679777990227 10.827075481414795 11
1679777990402 10.999977588653564 12
1679777991632 12.211822509765625 13
1679777991848 12.427519083023071 14
1679777993093 13.685938835144043 15
1679777993273 13.867864608764648 16
1679777994577 15.161132335662842 17
1679777994781 15.366860389709473 18
1679777996207 16.802921056747437 19
1679777996399 16.991727828979492 20
1679777997587 18.178053617477417 21
1679777997770 18.366252660751343 22
1679777999033 19.63077402114868 23
1679777999214 19.80909037590027 24
1679778000479 21.076053380966187 25
1679778000671 21.265032529830933 26
1679778001960 22.54192614555359 27
1679778002151 22.747994661331177 28
1679778003370 23.965068578720093 29
1679778003560 24.152564525604248 30
1679778004809 25.402883529663086 31
1679778004993 25.587004899978638 32
1679778006287 26.88384175300598 33
1679778006494 27.077165365219116 34
1679778007707 28.301707983016968 35
1679778007892 28.4838387966156 36
1679778009123 29.71809720993042 37
1679778009316 29.911080360412598 38
1679778010518 31.11242699623108 39
1679778010693 31.28805422782898 40
1679778011874 32.46982455253601 41
1679778012057 32.650121212005615 42
1679778013239 33.82746934890747 43
1679778013419 34.01482963562012 44
1679778014621 35.21403169631958 45
1679778014903 35.48799920082092 46
1679778016091 36.68725299835205 47
1679778016274 36.870014667510986 48
1679778017478 38.06613206863403 49
1679778017687 38.270097970962524 50
1679778018918 39.50933241844177 51
1679778019110 39.702032804489136 52
1679778020324 40.912718772888184 53
1679778020515 41.10123658180237 54
1679778021813 42.40214204788208 55
1679778022024 42.60992622375488 56
1679778023425 44.00478649139404 57
1679778023665 44.23682713508606 58
1679778025106 45.69105935096741 59
1679778025305 45.891828775405884 60
1679778026578 47.16102743148804 61
1679778026772 47.358617067337036 62
1679778028032 48.623703718185425 63
1679778028221 48.81358981132507 64
1679778029436 50.02172350883484 65
1679778029635 50.223827600479126 66
1679778030811 51.403345823287964 67
1679778031003 51.5931715965271 68
1679778032188 52.78190851211548 69
1679778032371 52.960994720458984 70
1679778033547 54.140098333358765 71
1679778033740 54.329906940460205 72
1679778035016 55.60676336288452 73
1679778035211 55.80376696586609 74
1679778036566 57.14910340309143 75
1679778036766 57.354990005493164 76
1679778038027 58.62085008621216 77
1679778038221 58.80814003944397 78
1679778039491 60.083802223205566 79
1679778039685 60.26991128921509 80
1679778040950 61.539878129959106 81
1679778041153 61.73903036117554 82
1679778042413 63.005024433135986 83
1679778042604 63.194263219833374 84
1679778043852 64.44201970100403 85
1679778044051 64.63619065284729 86
1679778045450 66.03989601135254 87
1679778045638 66.22682428359985 88
1679778046867 67.45797514915466 89
1679778047061 67.64797139167786 90
1679778048269 68.8638219833374 91
1679778048462 69.04969763755798 92
1679778049683 70.2747437953949 93
1679778049864 70.45190191268921 94
1679778051088 71.68139791488647 95
1679778051278 71.86286687850952 96
1679778052560 73.1437554359436 97
1679778052770 73.34996032714844 98
1679778054104 74.69283103942871 99
1679778054375 74.9617919921875 100
1679778055642 76.22685027122498 101
1679778055848 76.4280891418457 102
1679778057099 77.6888632774353 103
1679778057283 77.87191247940063 104
1679778058487 79.07906937599182 105
1679778058694 79.27798366546631 106
1679778059936 80.52298712730408 107
1679778060128 80.71743559837341 108
1679778061359 81.94769597053528 109
1679778061559 82.14093565940857 110
1679778062915 83.49647212028503 111
1679778063114 83.69995045661926 112
1679778064427 85.01093220710754 113
1679778064648 85.21897220611572 114
1679778065965 86.54621911048889 115
1679778066161 86.74594712257385 116
1679778067418 88.00089120864868 117
1679778067655 88.2400004863739 118
1679778068948 89.53599810600281 119
1679778069140 89.72583651542664 120
1679778070325 90.91422939300537 121
1679778070530 91.10893368721008 122
1679778071781 92.36489248275757 123
1679778071971 92.55597758293152 124
1679778073118 93.70878767967224 125
1679778073309 93.89288353919983 126
1679778074654 95.23879599571228 127
1679778074843 95.42989110946655 128
1679778076072 96.6528582572937 129
1679778076280 96.86180305480957 130
1679778077541 98.13177061080933 131
1679778077732 98.32188487052917 132
1679778078992 99.57866311073303 133
1679778079197 99.78179955482483 134
1679778080523 101.10883021354675 135
1679778080728 101.30880689620972 136
1679778082032 102.6091468334198 137
1679778082265 102.83116269111633 138
1679778083622 104.20376563072205 139
1679778083913 104.4933385848999 140
1679778085216 105.79860806465149 141
1679778085446 106.01168894767761 142
1679778086750 107.33322405815125 143
1679778086954 107.53231573104858 144
1679778088225 108.8087990283966 145
1679778088439 109.01333999633789 146
1679778089705 110.29172015190125 147
1679778089896 110.47994565963745 148
1679778091064 111.6469714641571 149
1679778091265 111.8445372581482 150
1679778092510 113.09879803657532 151
1679778092697 113.28365302085876 152
1679778093994 114.57370591163635 153
1679778094203 114.78362560272217 154
1679778095436 116.02434968948364 155
1679778095619 116.2056622505188 156
1679778096853 117.43379855155945 157
1679778097059 117.63805937767029 158
1679778098303 118.8858950138092 159
1679778098507 119.08780765533447 160
1679778099724 120.3107476234436 161
1679778099935 120.51320576667786 162
1679778101216 121.80177545547485 163
1679778101413 122.00087070465088 164
1679778102653 123.23979663848877 165
1679778102856 123.43375325202942 166
1679778104226 124.81205558776855 167
1679778104416 125.00300526618958 168
1679778105639 126.2228274345398 169
1679778105843 126.42570376396179 170
1679778107187 127.76894807815552 171
1679778107377 127.9636161327362 172
1679778108660 129.24371027946472 173
1679778108867 129.44064712524414 174
1679778110134 130.72013330459595 175
1679778110336 130.91989159584045 176
1679778111561 132.1499309539795 177
1679778111793 132.36781430244446 178
1679778113179 133.75922560691833 179
1679778113381 133.95903491973877 180
1679778114800 135.381192445755 181
1679778115028 135.60072946548462 182
1679778116395 136.96874070167542 183
1679778116612 137.18783354759216 184
1679778117977 138.55790328979492 185
1679778118176 138.758855342865 186
1679778119458 140.0366451740265 187
1679778119657 140.23972249031067 188
1679778120892 141.47466230392456 189
1679778121101 141.67778515815735 190
1679778122435 143.01561427116394 191
1679778122650 143.22484755516052 192
1679778123947 144.52961015701294 193
1679778124226 144.80857181549072 194
1679778125462 146.04660940170288 195
1679778125652 146.23653745651245 196
1679778126871 147.45587301254272 197
1679778127070 147.6500153541565 198
1679778128304 148.88468050956726 199
1679778128523 149.10174942016602 200
1679778129737 150.32060885429382 201
1679778129926 150.50654125213623 202
1679778131125 151.70660281181335 203
1679778131316 151.8977587223053 204
1679778132483 153.06679129600525 205
1679778132678 153.25906825065613 206
1679778134087 154.66841983795166 207
1679778134296 154.87265062332153 208
1679778135554 156.12674283981323 209
1679778135744 156.32871437072754 210
1679778136957 157.53925681114197 211
1679778137156 157.73867869377136 212
1679778138360 158.9416220188141 213
1679778138562 159.1382327079773 214
1679778139820 160.39771389961243 215
1679778140040 160.60967874526978 216
1679778141303 161.88572430610657 217
1679778141520 162.0845000743866 218
1679778142893 163.46391582489014 219
1679778143111 163.68468809127808 220
1679778144546 165.11797714233398 221
1679778144767 165.3365421295166 222
1679778146129 166.70459628105164 223
1679778146351 166.92291927337646 224
1679778147664 168.2426061630249 225
1679778147861 168.44661331176758 226
1679778149114 169.69688534736633 227
1679778149317 169.89787936210632 228
1679778150519 171.10065340995789 229
1679778150726 171.30161356925964 230
1679778151982 172.55853819847107 231
1679778152188 172.76650285720825 232
1679778153466 174.05162620544434 233
1679778153749 174.33351516723633 234
1679778155019 175.60170197486877 235
1679778155217 175.79674887657166 236
1679778156458 177.03819108009338 237
1679778156689 177.27076935768127 238
1679778157998 178.57867169380188 239
1679778158229 178.79849672317505 240
1679778159561 180.1415958404541 241
1679778159759 180.34060907363892 242
1679778161085 181.6677794456482 243
1679778161289 181.8694944381714 244
1679778162585 183.1625669002533 245
1679778162804 183.38017082214355 246
1679778164170 184.7456760406494 247
1679778164393 184.96652150154114 248
1679778165660 186.24137043952942 249
1679778165858 186.43573021888733 250
1679778167120 187.70077896118164 251
1679778167313 187.8983907699585 252
1679778168535 189.11655640602112 253
1679778168742 189.31453204154968 254
1679778170014 190.59666514396667 255
1679778170236 190.805490732193 256
1679778171506 192.0906548500061 257
1679778171699 192.2764995098114 258
1679778173005 193.58231019973755 259
1679778173210 193.78526639938354 260
1679778174599 195.17592978477478 261
1679778174828 195.3933846950531 262
1679778176227 196.7987539768219 263
1679778176447 197.0159125328064 264
1679778177713 198.29269552230835 265
1679778177914 198.4936559200287 266
1679778179166 199.74347710609436 267
1679778179359 199.9426634311676 268
1679778180668 201.2404224872589 269
1679778180878 201.4503734111786 270
1679778182191 202.76156044006348 271
1679778182445 203.02034378051758 272
1679778183767 204.34623456001282 273
1679778183970 204.54660439491272 274
1679778185321 205.9011423587799 275
1679778185522 206.10040879249573 276
1679778186772 207.35254764556885 277
1679778186980 207.55641341209412 278
1679778188265 208.83956003189087 279
1679778188487 209.05656623840332 280
1679778189801 210.3797402381897 281
1679778189999 210.57645273208618 282
1679778191200 211.77882647514343 283
1679778191395 211.97374534606934 284
1679778192561 213.143452167511 285
1679778192776 213.33949303627014 286
1679778194079 214.6563708782196 287
1679778194388 214.9606373310089 288
1679778195658 216.23456144332886 289
1679778195863 216.4376425743103 290
1679778197126 217.69954442977905 291
1679778197331 217.90656900405884 292
1679778198604 219.1822726726532 293
1679778198827 219.39645218849182 294
1679778200114 220.68680906295776 295
1679778200335 220.90963625907898 296
1679778201639 222.19742393493652 297
1679778201874 222.4428005218506 298
1679778203193 223.76571655273438 299
1679778203405 223.97650837898254 300
1679778203554 224.1266040802002 301
