1679777983057 40.91285269629835 1
1679777984486 9.667372730968195 3
1679777985821 5.788995435429462 5
1679777987417 4.874066987621741 7
1679777988812 3.182275482170847 9
1679777990220 3.1294199586919986 11
1679777991622 2.7905660413268922 13
1679777993083 2.2661902684366746 15
1679777994560 1.8411997586550863 17
1679777996199 1.797820868317169 19
1679777997573 1.8386941446560687 21
1679777999025 1.6461413898360209 23
1679778000471 1.83640837124207 25
1679778001950 1.24831752241691 27
1679778003362 1.35553478967597 29
1679778004801 1.7217159562428022 31
1679778006279 1.5589085609287463 33
1679778007697 1.2358348484075738 35
1679778009115 0.9207706908982248 37
1679778010508 1.2118240489206762 39
1679778011866 1.371776292982049 41
1679778013230 1.240384481621216 43
1679778014613 1.593469866079001 45
1679778016082 1.198815215904758 47
1679778017470 1.0705693060861405 49
1679778018910 0.9222321334170259 51
1679778020316 0.9832031937089468 53
1679778021806 0.7460497335956844 55
1679778023416 0.9872794180076203 57
1679778025097 0.8191696237362879 59
1679778026569 0.8116941052051246 61
1679778028025 0.7440890493288475 63
1679778029429 0.8002695425850067 65
1679778030803 0.8467357755333377 67
1679778032181 0.8129432303406955 69
1679778033540 0.6019101794577816 71
1679778035008 0.9806602514914593 73
1679778036557 0.5786313135027923 75
1679778038019 0.5297917497520505 77
1679778039483 0.5519764336373882 79
1679778040942 0.5238330899923413 81
1679778042406 0.5370822070974582 83
1679778043843 0.5431133964518756 85
1679778045442 0.6071196908662623 87
1679778046859 0.45242413006435644 89
1679778048261 0.5404686786458595 91
1679778049674 0.5539165610110797 93
1679778051080 0.5743260279089613 95
1679778052550 0.5656388168634273 97
1679778054094 0.5492678720425095 99
1679778055633 0.46960150644981247 101
1679778057092 0.4465268562201714 103
1679778058480 0.48601553297301053 105
1679778059928 0.48569720070320466 107
1679778061352 0.6121212683375304 109
1679778062908 0.5074970346235507 111
1679778064417 0.466331446311411 113
1679778065957 0.42627076378234596 115
1679778067409 0.438519771005676 117
1679778068940 0.436059015588823 119
1679778070317 0.36717389768649006 121
1679778071772 0.4353936429663028 123
1679778073111 0.4773987297420723 125
1679778074645 0.36677457823998355 127
1679778076062 0.4039035008942176 129
1679778077533 0.462829793398815 131
1679778078983 0.41115273070729375 133
1679778080513 0.35573361653802005 135
1679778082024 0.3587785147755834 137
1679778083613 0.3644490623156556 139
1679778085208 0.4035049235350915 141
1679778086742 0.36191024506911584 143
1679778088216 0.37484672420095283 145
1679778089697 0.3752329107560026 147
1679778091054 0.32333424466126526 149
1679778092502 0.35986010678374747 151
1679778093985 0.3054673920877358 153
1679778095428 0.2850901429822171 155
1679778096842 0.3693436055367346 157
1679778098295 0.339036780463337 159
1679778099717 0.31691473525788344 161
1679778101208 0.3266531650701669 163
1679778102646 0.2881786195479035 165
1679778104218 0.3819892748699236 167
1679778105629 0.27736822703051395 169
1679778107178 0.32998075757496936 171
1679778108652 0.31119271249605734 173
1679778110126 0.29871727556376976 175
1679778111553 0.28979740634788276 177
1679778113170 0.274393001835568 179
1679778114791 0.28876405898573776 181
1679778116384 0.26867933273760614 183
1679778117969 0.31233841700739834 185
1679778119451 0.3116280327243872 187
1679778120881 0.2998748307163833 189
1679778122427 0.2891619209729612 191
1679778123939 0.33076136458269917 193
1679778125454 0.3459163226767592 195
1679778126863 0.3446428781611851 197
1679778128296 0.3222448264514128 199
1679778129729 0.3208841113100324 201
1679778131116 0.2694452907348092 203
1679778132476 0.33304218340071406 205
1679778134079 0.3096134609845982 207
1679778135543 0.3248184544331063 209
1679778136949 0.2692853524839014 211
1679778138352 0.30681498226611786 213
1679778139811 0.3042682333447458 215
1679778141295 0.2568511407467266 217
1679778142882 0.27406278455253336 219
1679778144535 0.2861806137000198 221
1679778146121 0.2894524417944424 223
1679778147656 0.3258375030549913 225
1679778149106 0.3579296909011357 227
1679778150511 0.332478756249142 229
1679778151973 0.29433783001972136 231
1679778153459 0.2792091317616513 233
1679778155010 0.3211717104804589 235
1679778156450 0.31163565422037093 237
1679778157990 0.2846217111244733 239
1679778159552 0.32729443529423624 241
1679778161077 0.30316517462907144 243
1679778162577 0.27755328524744494 245
1679778164162 0.3168688376439915 247
1679778165652 0.2964856515013678 249
1679778167112 0.30523684167418236 251
1679778168528 0.2890881129763646 253
1679778170006 0.33856579297894696 255
1679778171498 0.31085634732029 257
1679778172998 0.3019330460073081 259
1679778174591 0.3039569155833703 261
1679778176218 0.2973724506463605 263
1679778177706 0.29834911814127874 265
1679778179157 0.31220033271333564 267
1679778180660 0.2540802289631373 269
1679778182183 0.2802777828062237 271
1679778183759 0.26805945416664395 273
1679778185313 0.3157840908599479 275
1679778186764 0.3379440949536192 277
1679778188257 0.3321397357692728 279
1679778189794 0.2654062009135411 281
1679778191192 0.32651581978637834 283
1679778192554 0.29598314742654885 285
1679778194071 0.26829133352096485 287
1679778195649 0.3018586500262775 289
1679778197119 0.2528680475461799 291
1679778198594 0.28953805856409703 293
1679778200106 0.3241718660953002 295
1679778201627 0.2503338185704263 297
1679778203184 0.2822715967000449 299
