1677116048395 59.67420840263367 1
1677116048668 59.92139172554016 2
1677116050458 61.719215631484985 3
1677116050722 61.98022413253784 4
1677116052459 63.71710395812988 5
1677116052699 63.96045422554016 6
1677116054435 65.69378113746643 7
1677116054694 65.95121502876282 8
1677116056412 67.67127108573914 9
1677116056700 67.96141171455383 10
1677116058458 69.71338224411011 11
1677116058716 69.97237014770508 12
1677116060454 71.71185612678528 13
1677116060703 71.95732092857361 14
1677116062347 73.6082763671875 15
1677116062595 73.85224151611328 16
1677116064345 75.59326577186584 17
1677116064595 75.85455393791199 18
1677116066309 77.56701993942261 19
1677116066558 77.8135769367218 20
1677116068285 79.54212665557861 21
1677116068532 79.79075884819031 22
1677116070264 81.52629780769348 23
1677116070511 81.77093696594238 24
1677116072212 83.47059845924377 25
1677116072461 83.71801590919495 26
1677116074139 85.39093470573425 27
1677116074395 85.65229845046997 28
1677116076166 87.42238187789917 29
1677116076413 87.67014217376709 30
1677116078219 89.4784471988678 31
1677116078500 89.74900197982788 32
1677116080237 91.49502635002136 33
1677116080491 91.74616551399231 34
1677116082238 93.4872236251831 35
1677116082492 93.74476528167725 36
1677116084123 95.38075113296509 37
1677116084386 95.6370792388916 38
1677116086151 97.40812182426453 39
1677116086411 97.66106748580933 40
1677116088126 99.38232898712158 41
1677116088393 99.64550685882568 42
1677116090145 101.39483547210693 43
1677116090410 101.66602373123169 44
1677116092100 103.35652589797974 45
1677116092356 103.61084938049316 46
1677116094070 105.32026720046997 47
1677116094330 105.58244585990906 48
1677116096025 107.283846616745 49
1677116096275 107.53173422813416 50
1677116097939 109.19675374031067 51
1677116098225 109.47811770439148 52
1677116099903 111.16058135032654 53
1677116100160 111.41524505615234 54
1677116101860 113.11805582046509 55
1677116102127 113.37265920639038 56
1677116103857 115.11702513694763 57
1677116104115 115.3651065826416 58
1677116105867 117.11528134346008 59
1677116106120 117.37461972236633 60
1677116107925 119.17892003059387 61
1677116108179 119.43246746063232 62
1677116109873 121.13126015663147 63
1677116110132 121.38419151306152 64
1677116111860 123.10932493209839 65
1677116112115 123.36692333221436 66
1677116113831 125.08682751655579 67
1677116114087 125.33895516395569 68
1677116115809 127.06262826919556 69
1677116116062 127.31479406356812 70
1677116117879 129.13326787948608 71
1677116118134 129.38704419136047 72
1677116119939 131.19312477111816 73
1677116120207 131.45112991333008 74
1677116121900 133.15326642990112 75
1677116122163 133.41801500320435 76
1677116123850 135.10305976867676 77
1677116124110 135.36062049865723 78
1677116125878 137.13298988342285 79
1677116126142 137.39155554771423 80
1677116127894 139.1474061012268 81
1677116128152 139.40141248703003 82
1677116129879 141.13079452514648 83
1677116130140 141.38671374320984 84
1677116131867 143.11901950836182 85
1677116132126 143.37697458267212 86
1677116133795 145.0483422279358 87
1677116134059 145.30212688446045 88
1677116135714 146.9693160057068 89
1677116135973 147.2161922454834 90
1677116137717 148.97185373306274 91
1677116137990 149.23927569389343 92
1677116139647 150.90240025520325 93
1677116139901 151.15303373336792 94
1677116141564 152.81932640075684 95
1677116141818 153.07095074653625 96
1677116143582 154.82913160324097 97
1677116143841 155.09018445014954 98
1677116145627 156.87676763534546 99
1677116145881 157.13400554656982 100
1677116147577 158.8323953151703 101
1677116147826 159.07820415496826 102
1677116149595 160.84324073791504 103
1677116149865 161.11436462402344 104
1677116151612 162.86406660079956 105
1677116151880 163.12595081329346 106
1677116153607 164.84709978103638 107
1677116153870 165.1140570640564 108
1677116155679 166.92800736427307 109
1677116155950 167.19921159744263 110
1677116157702 168.95244431495667 111
1677116157970 169.2170214653015 112
1677116159694 170.94110250473022 113
1677116159944 171.19592833518982 114
1677116161647 172.8989064693451 115
1677116161907 173.15706133842468 116
1677116163751 175.00618958473206 117
1677116164011 175.25920414924622 118
1677116165720 176.96423196792603 119
1677116166007 177.24640154838562 120
1677116167770 179.01911115646362 121
1677116168033 179.27607131004333 122
1677116169743 180.99625420570374 123
1677116169993 181.24530053138733 124
1677116171687 182.94111728668213 125
1677116171980 183.22420954704285 126
1677116173652 184.90379285812378 127
1677116173907 185.15583181381226 128
1677116175630 186.8791377544403 129
1677116175881 187.13244819641113 130
1677116177544 188.79617834091187 131
1677116177804 189.05315279960632 132
1677116179503 190.74897170066833 133
1677116179775 191.01703929901123 134
1677116181794 193.03302788734436 135
1677116182082 193.3216691017151 136
1677116184036 195.28398180007935 137
1677116184336 195.56586480140686 138
1677116186199 197.4481337070465 139
1677116186464 197.71717309951782 140
1677116188154 199.40509629249573 141
1677116188417 199.66509771347046 142
1677116190108 201.3553867340088 143
1677116190366 201.6125659942627 144
1677116192070 203.31169247627258 145
1677116192344 203.58916926383972 146
1677116194057 205.31015634536743 147
1677116194315 205.56086373329163 148
1677116195977 207.22613525390625 149
1677116196239 207.486328125 150
1677116197987 209.2367444038391 151
1677116198256 209.5010747909546 152
1677116199987 211.2318606376648 153
1677116200250 211.49734330177307 154
1677116201946 213.19588780403137 155
1677116202201 213.45113968849182 156
1677116203881 215.13329911231995 157
1677116204134 215.38292741775513 158
1677116205839 217.09148859977722 159
1677116206088 217.34008026123047 160
1677116207807 219.0534975528717 161
1677116208060 219.3069133758545 162
1677116209841 221.08826398849487 163
1677116210130 221.369131565094 164
1677116212153 223.39471769332886 165
1677116212445 223.68609356880188 166
1677116214427 225.66446614265442 167
1677116214708 225.95084881782532 168
1677116216552 227.7970621585846 169
1677116216845 228.09029865264893 170
1677116218594 229.84318590164185 171
1677116218858 230.09898972511292 172
1677116220552 231.80340552330017 173
1677116220813 232.05931782722473 174
1677116222497 233.7401773929596 175
1677116222755 234.004047870636 176
1677116224451 235.69595742225647 177
1677116224717 235.96578216552734 178
1677116226382 237.62840223312378 179
1677116226645 237.8920862674713 180
1677116228339 239.58914184570312 181
1677116228607 239.85240602493286 182
1677116230461 241.70445847511292 183
1677116230733 241.97893738746643 184
1677116232484 243.71992111206055 185
1677116232765 244.00932216644287 186
1677116234465 245.70298147201538 187
1677116234742 245.9850492477417 188
1677116236444 247.69229316711426 189
1677116236707 247.9503939151764 190
1677116238367 249.61706686019897 191
1677116238639 249.87801933288574 192
1677116240393 251.62925958633423 193
1677116240700 251.93630290031433 194
1677116242647 253.88502836227417 195
1677116242930 254.16894340515137 196
1677116244841 256.07998609542847 197
1677116245125 256.3624656200409 198
1677116246890 258.13243079185486 199
1677116247146 258.3943901062012 200
1677116248919 260.16183519363403 201
1677116249178 260.4273021221161 202
1677116250900 262.14591574668884 203
1677116251189 262.4346227645874 204
1677116252903 264.15062165260315 205
1677116253173 264.4182183742523 206
1677116254823 266.0693242549896 207
1677116255099 266.3369300365448 208
1677116256768 268.0046350955963 209
1677116257033 268.27600479125977 210
1677116258809 270.0531692504883 211
1677116259073 270.31501293182373 212
1677116260826 272.0649211406708 213
1677116261092 272.3374638557434 214
1677116262800 274.04612016677856 215
1677116263066 274.3063654899597 216
1677116264729 275.97514295578003 217
1677116264999 276.2433021068573 218
1677116266735 277.9820485115051 219
1677116267004 278.24695658683777 220
1677116268683 279.9304521083832 221
1677116268943 280.18808007240295 222
1677116270781 282.0164358615875 223
1677116271093 282.31047344207764 224
1677116273032 284.27096724510193 225
1677116273321 284.5612008571625 226
1677116275244 286.49275517463684 227
1677116275505 286.75243186950684 228
1677116277163 288.40644001960754 229
1677116277432 288.6742196083069 230
1677116279225 290.466148853302 231
1677116279495 290.7380554676056 232
1677116281211 292.4538381099701 233
1677116281475 292.7160611152649 234
1677116283251 294.4892177581787 235
1677116283526 294.7681269645691 236
1677116285299 296.5410077571869 237
1677116285570 296.8112313747406 238
1677116287315 298.5625343322754 239
1677116287602 298.84358382225037 240
1677116289289 300.52496433258057 241
1677116289554 300.79698610305786 242
1677116291269 302.50147914886475 243
1677116291564 302.80429792404175 244
1677116293223 304.46814489364624 245
1677116293487 304.7303583621979 246
1677116295166 306.4113256931305 247
1677116295431 306.6762270927429 248
1677116297265 308.5105369091034 249
1677116297535 308.7738435268402 250
1677116299315 310.559250831604 251
1677116299572 310.81736731529236 252
1677116301595 312.8289701938629 253
1677116301886 313.1192111968994 254
1677116303791 315.03313302993774 255
1677116304082 315.32118916511536 256
1677116305868 317.11340618133545 257
1677116306131 317.37112402915955 258
1677116307870 319.11370182037354 259
1677116308141 319.38401436805725 260
1677116309912 321.15679025650024 261
1677116310177 321.42299365997314 262
1677116311984 323.2299020290375 263
1677116312250 323.4903130531311 264
1677116314033 325.27223348617554 265
1677116314302 325.5448489189148 266
1677116316015 327.260324716568 267
1677116316280 327.523108959198 268
1677116317983 329.2302768230438 269
1677116318244 329.4882125854492 270
1677116319917 331.16575956344604 271
1677116320190 331.4263119697571 272
1677116321879 333.11652731895447 273
1677116322146 333.3906600475311 274
1677116323870 335.11274313926697 275
1677116324135 335.3792316913605 276
1677116325836 337.0799460411072 277
1677116326109 337.3509216308594 278
1677116327825 339.06794691085815 279
1677116328092 339.3327896595001 280
1677116329782 341.0244255065918 281
1677116330050 341.2890374660492 282
1677116332010 343.2423369884491 283
1677116332319 343.54904985427856 284
1677116334302 345.53690242767334 285
1677116334604 345.834819316864 286
1677116336374 347.6203136444092 287
1677116336648 347.88689494132996 288
1677116338353 349.5949990749359 289
1677116338621 349.8590772151947 290
1677116340357 351.60393500328064 291
1677116340650 351.87816429138184 292
1677116342417 353.6600351333618 293
1677116342681 353.92028522491455 294
1677116344408 355.65027809143066 295
1677116344681 355.9251198768616 296
1677116346449 357.6841857433319 297
1677116346729 357.9712076187134 298
1677116348548 359.78457045555115 299
1677116348829 360.0650067329407 300
1677116349102 360.3412137031555 301
