1679773974343 20.498419046401978 1
1679773974469 0.11729741096496582 2
1679773975060 0.5874674320220947 3
1679773975179 0.12393999099731445 4
1679773975688 0.5077633857727051 5
1679773975855 0.11511063575744629 6
1679773976361 0.5549130439758301 7
1679773976468 0.1117863655090332 8
1679773976931 0.4584054946899414 9
1679773977037 0.1127781867980957 10
1679773977488 0.45232081413269043 11
1679773977596 0.10682868957519531 12
1679773978064 0.4659581184387207 13
1679773978169 0.10583758354187012 14
1679773978630 0.45863962173461914 15
1679773978738 0.10850119590759277 16
1679773979200 0.46416187286376953 17
1679773979316 0.11379599571228027 18
1679773979780 0.4651470184326172 19
1679773979901 0.11681389808654785 20
1679773980366 0.46803998947143555 21
1679773980473 0.10925889015197754 22
1679773980924 0.4517197608947754 23
1679773981134 0.21053433418273926 24
1679773981608 0.46846604347229004 25
1679773981712 0.10798192024230957 26
1679773982165 0.4513556957244873 27
1679773982271 0.1051340103149414 28
1679773982721 0.4507102966308594 29
1679773982825 0.10481381416320801 30
1679773983273 0.44709205627441406 31
1679773983385 0.11398053169250488 32
1679773983853 0.4577927589416504 33
1679773983961 0.11590456962585449 34
1679773984515 0.55330491065979 35
1679773984620 0.10685133934020996 36
1679773985087 0.46655917167663574 37
1679773985255 0.1205739974975586 38
1679773985725 0.5148918628692627 39
1679773985837 0.11068344116210938 40
1679773986301 0.46735262870788574 41
1679773986418 0.11402368545532227 42
1679773986891 0.4740610122680664 43
1679773986999 0.10890030860900879 44
1679773987459 0.45801281929016113 45
1679773987571 0.1119070053100586 46
1679773988037 0.46511173248291016 47
1679773988145 0.11207294464111328 48
1679773988607 0.45707058906555176 49
1679773988724 0.11975812911987305 50
1679773989209 0.48629140853881836 51
1679773989336 0.11071634292602539 52
1679773989803 0.4806857109069824 53
1679773989913 0.11130952835083008 54
1679773990449 0.5331501960754395 55
1679773990567 0.11783027648925781 56
1679773991030 0.46659421920776367 57
1679773991148 0.11443662643432617 58
1679773991640 0.4925956726074219 59
1679773991749 0.11040234565734863 60
1679773992204 0.45488691329956055 61
1679773992314 0.1102147102355957 62
1679773992768 0.4542808532714844 63
1679773992875 0.1067042350769043 64
1679773993347 0.46986818313598633 65
1679773993539 0.19621586799621582 66
1679773994001 0.46142148971557617 67
1679773994118 0.11458611488342285 68
1679773994597 0.48239946365356445 69
1679773994708 0.10759282112121582 70
1679773995173 0.46398162841796875 71
1679773995283 0.1110384464263916 72
1679773995741 0.45902156829833984 73
1679773995864 0.11184406280517578 74
1679773996324 0.47197699546813965 75
1679773996439 0.11320757865905762 76
1679773996909 0.4728100299835205 77
1679773997046 0.11298060417175293 78
1679773997518 0.48928117752075195 79
1679773997631 0.11696147918701172 80
1679773998109 0.47975945472717285 81
1679773998221 0.11195063591003418 82
1679773998701 0.4732966423034668 83
1679773998816 0.11781740188598633 84
1679773999288 0.4760315418243408 85
1679773999398 0.10993194580078125 86
1679773999974 0.5747768878936768 87
1679774000091 0.11278533935546875 88
1679774000572 0.4833104610443115 89
1679774000688 0.1130063533782959 90
1679774001168 0.4781074523925781 91
1679774001304 0.13389945030212402 92
1679774001806 0.5080163478851318 93
1679774001930 0.1201314926147461 94
1679774002425 0.4951057434082031 95
1679774002551 0.1277773380279541 96
1679774003148 0.595848560333252 97
1679774003272 0.12324976921081543 98
1679774003777 0.5080432891845703 99
1679774003906 0.12183070182800293 100
1679774004404 0.5032088756561279 101
1679774004527 0.12187004089355469 102
1679774005057 0.5315213203430176 103
1679774005179 0.12203836441040039 104
1679774005694 0.510277509689331 105
1679774005814 0.12521982192993164 106
1679774006323 0.5019667148590088 107
1679774006516 0.14800739288330078 108
1679774007041 0.5729811191558838 109
1679774007172 0.12806010246276855 110
1679774007689 0.5220530033111572 111
1679774007807 0.12134575843811035 112
1679774008297 0.4914684295654297 113
1679774008414 0.11700582504272461 114
1679774008899 0.483029842376709 115
1679774009019 0.11604595184326172 116
1679774009590 0.5738680362701416 117
1679774009705 0.11587071418762207 118
1679774010166 0.4631228446960449 119
1679774010280 0.11568260192871094 120
1679774010762 0.47962045669555664 121
1679774010882 0.11974143981933594 122
1679774011376 0.4951515197753906 123
1679774011493 0.11590957641601562 124
1679774011952 0.45902323722839355 125
1679774012067 0.11385703086853027 126
1679774012520 0.4542520046234131 127
1679774012642 0.12217998504638672 128
1679774013187 0.5456221103668213 129
1679774013297 0.1100921630859375 130
1679774013773 0.47397470474243164 131
1679774013892 0.11628079414367676 132
1679774014369 0.4808802604675293 133
1679774014484 0.11489248275756836 134
1679774014966 0.47797656059265137 135
1679774015085 0.12250876426696777 136
1679774015580 0.49444007873535156 137
1679774015703 0.12412762641906738 138
1679774016189 0.48380064964294434 139
1679774016312 0.11608171463012695 140
1679774016789 0.48497986793518066 141
1679774016925 0.12223196029663086 142
1679774017415 0.49780750274658203 143
1679774017559 0.12496733665466309 144
1679774018044 0.5050816535949707 145
1679774018163 0.1222541332244873 146
1679774018633 0.47098350524902344 147
1679774018755 0.12007355690002441 148
1679774019326 0.5747325420379639 149
1679774019446 0.11789941787719727 150
1679774019943 0.4929330348968506 151
1679774020064 0.11930656433105469 152
1679774020538 0.4787719249725342 153
1679774020658 0.1202535629272461 154
1679774021142 0.48392772674560547 155
1679774021261 0.1186833381652832 156
1679774021741 0.480175256729126 157
1679774021856 0.11627864837646484 158
1679774022338 0.4775967597961426 159
1679774022452 0.12090325355529785 160
1679774023025 0.5682773590087891 161
1679774023144 0.1190950870513916 162
1679774023611 0.47177767753601074 163
1679774023728 0.11500883102416992 164
1679774024210 0.4799010753631592 165
1679774024338 0.12200713157653809 166
1679774024811 0.478055477142334 167
1679774024928 0.11907839775085449 168
1679774025398 0.4689333438873291 169
1679774025516 0.11912059783935547 170
1679774025993 0.474271297454834 171
1679774026121 0.12707233428955078 172
1679774026604 0.4846792221069336 173
1679774026721 0.11784601211547852 174
1679774027207 0.48703813552856445 175
1679774027341 0.12505269050598145 176
1679774027818 0.4830741882324219 177
1679774027956 0.1227865219116211 178
1679774028430 0.4881150722503662 179
1679774028550 0.12195658683776855 180
1679774029142 0.5945541858673096 181
1679774029257 0.11562633514404297 182
1679774029731 0.46709179878234863 183
1679774029858 0.12179303169250488 184
1679774030318 0.47289490699768066 185
1679774030436 0.11603164672851562 186
1679774030912 0.47702550888061523 187
1679774031027 0.11221194267272949 188
1679774031525 0.48887085914611816 189
1679774031656 0.13796615600585938 190
1679774032177 0.5110189914703369 191
1679774032389 0.217881441116333 192
1679774032897 0.5091259479522705 193
1679774033063 0.13091492652893066 194
1679774033564 0.537935733795166 195
1679774033695 0.1310896873474121 196
1679774034208 0.5131034851074219 197
1679774034337 0.12557649612426758 198
1679774034848 0.5124166011810303 199
1679774034986 0.13375639915466309 200
1679774035494 0.510901927947998 201
1679774035621 0.12416696548461914 202
1679774036137 0.5212976932525635 203
1679774036271 0.13320255279541016 204
1679774036779 0.512068510055542 205
1679774036896 0.11831951141357422 206
1679774037367 0.4691951274871826 207
1679774037493 0.12392067909240723 208
1679774038026 0.5360074043273926 209
1679774038151 0.12207388877868652 210
1679774038625 0.4738771915435791 211
1679774038743 0.12110137939453125 212
1679774039335 0.5911173820495605 213
1679774039459 0.12678933143615723 214
1679774039957 0.4897592067718506 215
1679774040086 0.13440918922424316 216
1679774040571 0.4872593879699707 217
1679774040693 0.1187126636505127 218
1679774041180 0.48783278465270996 219
1679774041303 0.12304043769836426 220
1679774041785 0.48484373092651367 221
1679774041911 0.11828207969665527 222
1679774042525 0.6189608573913574 223
1679774042658 0.13111519813537598 224
1679774043151 0.4908406734466553 225
1679774043278 0.12588191032409668 226
1679774043783 0.5121896266937256 227
1679774043910 0.12291812896728516 228
1679774044414 0.5041975975036621 229
1679774044541 0.12577295303344727 230
1679774045052 0.50716233253479 231
1679774045183 0.127730131149292 232
1679774045664 0.4941275119781494 233
1679774045789 0.12393045425415039 234
1679774046281 0.48951268196105957 235
1679774046407 0.12673187255859375 236
1679774046899 0.49122095108032227 237
1679774047022 0.12164807319641113 238
1679774047512 0.49091029167175293 239
1679774047631 0.1229705810546875 240
1679774048127 0.48894238471984863 241
1679774048254 0.1255955696105957 242
1679774048848 0.5984199047088623 243
1679774048971 0.12410998344421387 244
1679774049463 0.4890775680541992 245
1679774049584 0.1231393814086914 246
1679774050046 0.4638173580169678 247
1679774050167 0.1189727783203125 248
1679774050632 0.46730756759643555 249
1679774050753 0.11858892440795898 250
1679774051267 0.5043351650238037 251
1679774051388 0.1320056915283203 252
1679774051888 0.49339771270751953 253
1679774052007 0.12641668319702148 254
1679774052567 0.5566394329071045 255
1679774052689 0.12127113342285156 256
1679774053168 0.48296046257019043 257
1679774053290 0.11613845825195312 258
1679774053777 0.4868144989013672 259
1679774053913 0.13316798210144043 260
1679774054408 0.5008125305175781 261
1679774054531 0.12520623207092285 262
1679774055044 0.5041537284851074 263
1679774055174 0.12980389595031738 264
1679774055681 0.5129778385162354 265
1679774055811 0.12900233268737793 266
1679774056301 0.49415087699890137 267
1679774056429 0.12390351295471191 268
1679774056946 0.5171232223510742 269
1679774057066 0.12376618385314941 270
1679774057584 0.5155196189880371 271
1679774057707 0.12242388725280762 272
1679774058190 0.486217737197876 273
1679774058311 0.11886048316955566 274
1679774058928 0.6129851341247559 275
1679774059047 0.12624621391296387 276
1679774059529 0.4813392162322998 277
1679774059650 0.11948347091674805 278
1679774060171 0.5208663940429688 279
1679774060295 0.12318658828735352 280
1679774060783 0.48093175888061523 281
1679774060907 0.12607550621032715 282
1679774061428 0.5170130729675293 283
1679774061557 0.13278937339782715 284
1679774062101 0.533184289932251 285
1679774062330 0.23685979843139648 286
1679774062844 0.5190219879150391 287
1679774062997 0.14596271514892578 288
1679774063533 0.5359978675842285 289
1679774063722 0.141096830368042 290
1679774064263 0.588679313659668 291
1679774064408 0.14914536476135254 292
1679774064927 0.5203251838684082 293
1679774065076 0.14983201026916504 294
1679774065590 0.5140409469604492 295
1679774065718 0.1281909942626953 296
1679774066259 0.533167839050293 297
1679774066400 0.14989733695983887 298
1679774066923 0.5137248039245605 299
1679774067060 0.1430044174194336 300
1679774067160 0.10192322731018066 301
