1679773974342 34.222060573475964 1
1679773975058 7.574641337031426 3
1679773975686 2.2547589901927774 5
1679773976359 1.8955128897537419 7
1679773976929 1.4502082683307618 9
1679773977486 1.1102838916296867 11
1679773978062 0.8925623732048784 13
1679773978629 1.0093894477506566 15
1679773979198 0.9351990893141211 17
1679773979779 1.0809967331255315 19
1679773980365 1.0684800148096643 21
1679773980923 0.4934255066868349 23
1679773981606 0.8151968477129262 25
1679773982164 1.0463568386556308 27
1679773982719 0.8081758363784595 29
1679773983271 1.007714629340295 31
1679773983843 0.8109739373269199 33
1679773984514 0.6691374414464957 35
1679773985085 0.3203638329885278 37
1679773985723 0.3790155620418071 39
1679773986299 0.2528222269542874 41
1679773986889 0.28256086286608567 43
1679773987458 0.286163189302142 45
1679773988036 0.32972483466147134 47
1679773988606 0.2751421908198235 49
1679773989207 0.2123014833102339 51
1679773989801 0.18592223429012958 53
1679773990448 0.2597958221012938 55
1679773991028 0.28558727065024325 57
1679773991638 0.23461336629149637 59
1679773992203 0.1570888430325039 61
1679773992766 0.19728642648830236 63
1679773993345 0.2824827901364997 65
1679773993999 0.29564302226510436 67
1679773994595 0.20982502810100903 69
1679773995171 0.2830835697233254 71
1679773995740 0.23752565717281332 73
1679773996323 0.20452618751556287 75
1679773996907 0.22627274173012366 77
1679773997516 0.21973755244005302 79
1679773998107 0.19030546698931813 81
1679773998700 0.1680074538034001 83
1679773999286 0.16160352305934836 85
1679773999973 0.18675327773062272 87
1679774000570 0.1427955125953513 89
1679774001167 0.14153406764465898 91
1679774001804 0.1501411397613542 93
1679774002421 0.13880163763814304 95
1679774003146 0.13526985513581719 97
1679774003775 0.1363457537904224 99
1679774004402 0.14025853587162138 101
1679774005055 0.16798599366779127 103
1679774005692 0.13911959993922915 105
1679774006321 0.13865094184205984 107
1679774007039 0.15827933913170125 109
1679774007687 0.13712101936040855 111
1679774008295 0.142447772759033 113
1679774008897 0.13364798476329845 115
1679774009588 0.12893369079069547 117
1679774010164 0.12978215704118753 119
1679774010761 0.13588505852583255 121
1679774011374 0.13911392273719433 123
1679774011951 0.1240478037920905 125
1679774012519 0.12165594798280994 127
1679774013185 0.12631403608056416 129
1679774013771 0.11423051063218098 131
1679774014367 0.13425080648591148 133
1679774014965 0.14296643042063056 135
1679774015579 0.11723583205131305 137
1679774016187 0.12098152813914202 139
1679774016788 0.12293695460365524 141
1679774017413 0.12162047369168331 143
1679774018042 0.13253209017470202 145
1679774018631 0.12395480907368218 147
1679774019324 0.1222832722079956 149
1679774019941 0.10870368828234554 151
1679774020536 0.12648301126098938 153
1679774021140 0.11745321154997564 155
1679774021740 0.12341729489102606 157
1679774022336 0.11385205218857213 159
1679774023024 0.12413239895813684 161
1679774023610 0.11734550616005762 163
1679774024208 0.11746599460674419 165
1679774024810 0.11854987846708763 167
1679774025397 0.11923082191084046 169
1679774025992 0.12054841013066353 171
1679774026602 0.129109557180455 173
1679774027205 0.1285352394333225 175
1679774027816 0.12677054920205574 177
1679774028428 0.1241102198132444 179
1679774029141 0.11860803628660808 181
1679774029729 0.11156910909450919 183
1679774030317 0.12491151480057014 185
1679774030910 0.12660549349855746 187
1679774031524 0.11536878470787305 189
1679774032174 0.1210678560753146 191
1679774032895 0.1179792600043114 193
1679774033563 0.11468592526735709 195
1679774034206 0.12016333267560639 197
1679774034846 0.11306538553131427 199
1679774035492 0.11538579196523967 201
1679774036136 0.11504261394783324 203
1679774036777 0.11989151310679405 205
1679774037365 0.11398310996521854 207
1679774038024 0.12193229844463155 209
1679774038623 0.10984225329953845 211
1679774039334 0.11166126904022441 213
1679774039956 0.11852777077527522 215
1679774040569 0.12331191610282698 217
1679774041179 0.11990768810085076 219
1679774041784 0.11385775354497242 221
1679774042523 0.11619377769794381 223
1679774043149 0.11300583013293651 225
1679774043782 0.10736031836843893 227
1679774044413 0.11844166071360293 229
1679774045050 0.12271620122624674 231
1679774045663 0.11466769762871731 233
1679774046279 0.11435887948829682 235
1679774046897 0.11607694661273456 237
1679774047510 0.1175999011475629 239
1679774048126 0.11581005523691915 241
1679774048847 0.10760129466969626 243
1679774049462 0.12016852647591642 245
1679774050044 0.11916949434224877 247
1679774050630 0.11529677887171143 249
1679774051265 0.12053824640615038 251
1679774051887 0.12179958146950767 253
1679774052565 0.1122535232921932 255
1679774053167 0.12258275924180743 257
1679774053776 0.11810932511374583 259
1679774054406 0.12275113440955386 261
1679774055041 0.11821838929551633 263
1679774055680 0.11408355128543954 265
1679774056300 0.1133065328683719 267
1679774056943 0.11796159166242484 269
1679774057581 0.1178451556550592 271
1679774058188 0.11233111349670973 273
1679774058927 0.11430558424670315 275
1679774059528 0.11917899520643449 277
1679774060170 0.10953854929951488 279
1679774060781 0.11862049350456787 281
1679774061426 0.11477176649801465 283
1679774062099 0.12358760061901983 285
1679774062843 0.1195020170075069 287
1679774063531 0.11762767902456785 289
1679774064262 0.11857395290556699 291
1679774064924 0.11584720663253717 293
1679774065588 0.1248772528800557 295
1679774066257 0.11630771859175135 297
1679774066921 0.11575426225216125 299
