1679775502278 0.0 1
1679775502489 0.0 2
1679775504014 0.0 3
1679775504223 0.0 4
1679775505591 0.0 5
1679775505799 0.0 6
1679775507236 0.0 7
1679775507424 0.0 8
1679775508747 0.0 9
1679775508937 0.0 10
1679775510198 0.0 11
1679775510374 0.0 12
1679775511640 0.0 13
1679775511831 0.0 14
1679775513142 0.0 15
1679775513430 0.0 16
1679775514720 0.0 17
1679775514907 0.0 18
1679775516191 0.0 19
1679775516381 0.0 20
1679775517671 0.0 21
1679775517872 0.0 22
1679775519167 0.0 23
1679775519368 0.0 24
1679775520695 0.0 25
1679775520889 0.0 26
1679775522242 0.0 27
1679775522456 0.0 28
1679775523872 0.0 29
1679775524072 0.0 30
1679775525410 0.0 31
1679775525617 0.0 32
1679775526976 0.0 33
1679775527165 0.0 34
1679775528513 0.0 35
1679775528716 0.0 36
1679775530020 0.0 37
1679775530218 0.0 38
1679775531503 0.0 39
1679775531724 0.0 40
1679775533080 0.0 41
1679775533365 0.0 42
1679775534801 0.0 43
1679775535017 0.0 44
1679775536471 0.0 45
1679775536689 0.0 46
1679775538104 0.0 47
1679775538289 0.0 48
1679775539616 0.0 49
1679775539807 0.0 50
1679775541142 0.0 51
1679775541341 0.0 52
1679775542683 0.0 53
1679775542892 0.0 54
1679775544317 0.0 55
1679775544513 0.0 56
1679775545851 0.0 57
1679775546047 0.0 58
1679775547331 0.0 59
1679775547532 0.0 60
1679775548864 0.0 61
1679775549075 0.0 62
1679775550369 0.0 63
1679775550548 0.0 64
1679775551820 0.0 65
1679775552011 0.0 66
1679775553349 0.0 67
1679775553637 0.0 68
1679775554960 0.0 69
1679775555161 0.0 70
1679775556465 0.0 71
1679775556667 0.0 72
1679775557982 0.0 73
1679775558171 0.0 74
1679775559473 0.0 75
1679775559681 0.0 76
1679775561065 0.0 77
1679775561285 0.0 78
1679775562779 0.0 79
1679775562984 0.0 80
1679775564485 0.0 81
1679775564697 0.0 82
1679775566180 0.0 83
1679775566395 0.0 84
1679775567830 0.0 85
1679775568043 0.0 86
1679775569377 0.0 87
1679775569577 0.0 88
1679775570940 0.0 89
1679775571135 0.0 90
1679775572428 0.0 91
1679775572627 0.0 92
1679775573905 0.0 93
1679775574208 0.0 94
1679775575577 0.0 95
1679775575796 0.0 96
1679775577153 0.0 97
1679775577350 0.0 98
1679775578669 0.0 99
1679775578877 0.0 100
1679775580244 0.0 101
1679775580441 0.0 102
1679775581741 0.0 103
1679775581973 0.0 104
1679775583346 0.0 105
1679775583563 0.0 106
1679775585020 0.0 107
1679775585226 0.0 108
1679775586590 0.0 109
1679775586784 0.0 110
1679775588135 0.0 111
1679775588330 0.0 112
1679775589683 0.0 113
1679775589872 0.0 114
1679775591146 0.0 115
1679775591360 0.0 116
1679775592679 0.0 117
1679775592902 0.0 118
1679775594320 0.0 119
1679775594625 0.0 120
1679775595978 0.0 121
1679775596191 0.0 122
1679775597610 0.0 123
1679775597836 0.0 124
1679775599229 0.0 125
1679775599421 0.0 126
1679775600745 0.0 127
1679775600941 0.0 128
1679775602256 0.0 129
1679775602474 0.0 130
1679775603851 0.0 131
1679775604059 0.0 132
1679775605447 0.0 133
1679775605648 0.0 134
1679775607061 0.0 135
1679775607259 0.0 136
1679775608657 0.0 137
1679775608886 0.0 138
1679775610503 0.0 139
1679775610700 0.0 140
1679775611931 0.0 141
1679775612123 0.0 142
1679775613430 0.0 143
1679775613698 0.0 144
1679775615248 0.0 145
1679775615468 0.0 146
1679775616796 0.0 147
1679775617009 0.0 148
1679775618342 0.0 149
1679775618554 0.0 150
1679775619880 0.0 151
1679775620116 0.0 152
1679775621538 0.0 153
1679775621785 0.0 154
1679775623225 0.0 155
1679775623447 0.0 156
1679775624761 0.0 157
1679775624999 0.0 158
1679775626533 0.0 159
1679775626739 0.0 160
1679775628114 0.0 161
1679775628333 0.0 162
1679775629591 0.0 163
1679775629794 0.0 164
1679775631032 0.0 165
1679775631269 0.0 166
1679775632679 0.0 167
1679775632914 0.0 168
1679775634286 0.0 169
1679775634497 0.0 170
1679775635946 0.0 171
1679775636167 0.0 172
1679775637597 0.0 173
1679775637803 0.0 174
1679775639221 0.0 175
1679775639433 0.0 176
1679775640837 0.0 177
1679775641035 0.0 178
1679775642419 0.0 179
1679775642625 0.0 180
1679775643978 0.0 181
1679775644186 0.0 182
1679775645561 0.0 183
1679775645764 0.0 184
1679775647176 0.0 185
1679775647403 0.0 186
1679775648797 0.0 187
1679775649019 0.0 188
1679775650395 0.0 189
1679775650597 0.0 190
1679775651903 0.0 191
1679775652138 0.0 192
1679775653520 0.0 193
1679775653747 0.0 194
1679775655228 0.0 195
1679775655452 0.0 196
1679775657017 0.0 197
1679775657218 0.0 198
1679775658575 0.0 199
1679775658796 0.0 200
1679775660205 0.0 201
1679775660416 0.0 202
1679775661789 0.0 203
1679775662006 0.0 204
1679775663343 0.0 205
1679775663552 0.0 206
1679775664903 0.0 207
1679775665120 0.0 208
1679775666523 0.0 209
1679775666732 0.0 210
1679775668226 0.0 211
1679775668436 0.0 212
1679775669737 0.0 213
1679775669938 0.0 214
1679775671260 0.0 215
1679775671460 0.0 216
1679775672725 0.0 217
1679775672935 0.0 218
1679775674232 0.0 219
1679775674452 0.0 220
1679775675794 0.0 221
1679775676015 0.0 222
1679775677464 0.0 223
1679775677680 0.0 224
1679775679070 0.0 225
1679775679289 0.0 226
1679775680654 0.0 227
1679775680873 0.0 228
1679775682300 0.0 229
1679775682520 0.0 230
1679775684004 0.0 231
1679775684223 0.0 232
1679775685683 0.0 233
1679775685907 0.0 234
1679775687354 0.0 235
1679775687560 0.0 236
1679775689090 0.0 237
1679775689302 0.0 238
1679775690638 0.0 239
1679775690845 0.0 240
1679775692173 0.0 241
1679775692393 0.0 242
1679775693777 0.0 243
1679775693985 0.0 244
1679775695311 0.0 245
1679775695530 0.0 246
1679775696918 0.0 247
1679775697139 0.0 248
1679775698569 0.0 249
1679775698786 0.0 250
1679775700159 0.0 251
1679775700371 0.0 252
1679775701782 0.0 253
1679775701990 0.0 254
1679775703309 0.0 255
1679775703516 0.0 256
1679775704865 0.0 257
1679775705094 0.0 258
1679775706520 0.0 259
1679775706734 0.0 260
1679775708093 0.0 261
1679775708304 0.0 262
1679775709734 0.0 263
1679775709928 0.0 264
1679775711231 0.0 265
1679775711433 0.0 266
1679775712800 0.0 267
1679775713025 0.0 268
1679775714405 0.0 269
1679775714632 0.0 270
1679775716078 0.0 271
1679775716334 0.0 272
1679775717739 0.0 273
1679775717949 0.0 274
1679775719422 0.0 275
1679775719658 0.0 276
1679775720999 0.0 277
1679775721197 0.0 278
1679775722528 0.0 279
1679775722732 0.0 280
1679775724084 0.0 281
1679775724296 0.0 282
1679775725654 0.0 283
1679775725868 0.0 284
1679775727221 0.0 285
1679775727443 0.0 286
1679775728854 0.0 287
1679775729061 0.0 288
1679775730475 0.0 289
1679775730685 0.0 290
1679775731996 0.0 291
1679775732197 0.0 292
1679775733505 0.0 293
1679775733709 0.0 294
1679775735099 0.0 295
1679775735312 0.0 296
1679775736625 0.0 297
1679775736844 0.0 298
1679775738216 0.0 299
1679775738421 0.0 300
1679775738570 0.0 301
