1679775502283 18.237446069717407 1
1679775502493 18.42652988433838 2
1679775504020 19.9546959400177 3
1679775504228 20.16224241256714 4
1679775505595 21.536269426345825 5
1679775505804 21.73627781867981 6
1679775507240 23.1833016872406 7
1679775507428 23.368260383605957 8
1679775508752 24.69068455696106 9
1679775508943 24.87934708595276 10
1679775510203 26.144269704818726 11
1679775510379 26.318108081817627 12
1679775511644 27.58614754676819 13
1679775511835 27.773348331451416 14
1679775513147 29.087714910507202 15
1679775513435 29.36842632293701 16
1679775514724 30.66226291656494 17
1679775514911 30.849291801452637 18
1679775516195 32.13430881500244 19
1679775516386 32.3272340297699 20
1679775517683 33.613205909729004 21
1679775517877 33.814347982406616 22
1679775519172 35.109209299087524 23
1679775519373 35.308284759521484 24
1679775520700 36.641388177871704 25
1679775520894 36.82782506942749 26
1679775522254 38.18272876739502 27
1679775522461 38.394476652145386 28
1679775523879 39.8162055015564 29
1679775524075 40.012577056884766 30
1679775525414 41.35330581665039 31
1679775525623 41.55532264709473 32
1679775526979 42.916229248046875 33
1679775527176 43.108171463012695 34
1679775528517 44.45235252380371 35
1679775528721 44.65731358528137 36
1679775530024 45.95716953277588 37
1679775530225 46.15209770202637 38
1679775531508 47.44532585144043 39
1679775531729 47.65249443054199 40
1679775533084 49.01798129081726 41
1679775533370 49.30228853225708 42
1679775534808 50.73423933982849 43
1679775535023 50.953577518463135 44
1679775536476 52.389424085617065 45
1679775536694 52.61928939819336 46
1679775538110 54.04331994056702 47
1679775538293 54.22928810119629 48
1679775539621 55.55811858177185 49
1679775539813 55.7493040561676 50
1679775541145 57.081069469451904 51
1679775541346 57.27815341949463 52
1679775542689 58.61919617652893 53
1679775542897 58.83007049560547 54
1679775544322 60.25719904899597 55
1679775544517 60.449721574783325 56
1679775545856 61.79236721992493 57
1679775546052 61.98831343650818 58
1679775547335 63.26915144920349 59
1679775547536 63.4642231464386 60
1679775548869 64.80519247055054 61
1679775549081 65.00813961029053 62
1679775550373 66.30975842475891 63
1679775550553 66.49020171165466 64
1679775551824 67.76213002204895 65
1679775552017 67.9490749835968 66
1679775553352 69.28906226158142 67
1679775553642 69.56061220169067 68
1679775554963 70.89904952049255 69
1679775555165 71.09699892997742 70
1679775556471 72.39905738830566 71
1679775556673 72.60492825508118 72
1679775557986 73.92418718338013 73
1679775558177 74.10961985588074 74
1679775559477 75.40534710884094 75
1679775559686 75.61454248428345 76
1679775561071 77.00772166252136 77
1679775561292 77.21049785614014 78
1679775562782 78.7175920009613 79
1679775562991 78.92053270339966 80
1679775564490 80.41333317756653 81
1679775564701 80.62806844711304 82
1679775566183 82.11443781852722 83
1679775566399 82.32325625419617 84
1679775567834 83.76132106781006 85
1679775568048 83.97821283340454 86
1679775569381 85.31732749938965 87
1679775569580 85.5108413696289 88
1679775570944 86.87591433525085 89
1679775571142 87.06825232505798 90
1679775572432 88.36723351478577 91
1679775572632 88.56418180465698 92
1679775573910 89.84112429618835 93
1679775574212 90.14122104644775 94
1679775575582 91.50631070137024 95
1679775575802 91.72104334831238 96
1679775577159 93.09255146980286 97
1679775577354 93.28914165496826 98
1679775578674 94.60203909873962 99
1679775578881 94.81314849853516 100
1679775580249 96.1809561252594 101
1679775580446 96.38013648986816 102
1679775581747 97.6790657043457 103
1679775581979 97.906986951828 104
1679775583350 99.28206276893616 105
1679775583569 99.49727439880371 106
1679775585025 100.95745301246643 107
1679775585231 101.16102766990662 108
1679775586594 102.51690149307251 109
1679775586787 102.72219562530518 110
1679775588140 104.06421375274658 111
1679775588336 104.26541543006897 112
1679775589687 105.61455273628235 113
1679775589878 105.8080472946167 114
1679775591150 107.08409857749939 115
1679775591364 107.29532170295715 116
1679775592686 108.60488796234131 117
1679775592907 108.83002805709839 118
1679775594325 110.2490177154541 119
1679775594630 110.5541045665741 120
1679775595981 111.91016983985901 121
1679775596196 112.12451481819153 122
1679775597615 113.54363775253296 123
1679775597841 113.7551200389862 124
1679775599234 115.16100835800171 125
1679775599426 115.35703158378601 126
1679775600749 116.6804747581482 127
1679775600945 116.87701439857483 128
1679775602260 118.18694043159485 129
1679775602478 118.39849591255188 130
1679775603856 119.78337121009827 131
1679775604064 119.99073648452759 132
1679775605451 121.37844133377075 133
1679775605653 121.58194136619568 134
1679775607065 122.99004459381104 135
1679775607262 123.19213199615479 136
1679775608662 124.58817958831787 137
1679775608892 124.80409693717957 138
1679775610507 126.4151999950409 139
1679775610705 126.6300323009491 140
1679775611936 127.86825919151306 141
1679775612128 128.0529510974884 142
1679775613434 129.3478283882141 143
1679775613704 129.5990560054779 144
1679775615253 131.17645382881165 145
1679775615473 131.38886952400208 146
1679775616800 132.73100876808167 147
1679775617014 132.93654656410217 148
1679775618346 134.3130054473877 149
1679775618559 134.47522735595703 150
1679775619885 135.81411814689636 151
1679775620123 136.01903915405273 152
1679775621543 137.47199892997742 153
1679775621791 137.69415378570557 154
1679775623228 139.14192295074463 155
1679775623451 139.37904143333435 156
1679775624765 140.68904972076416 157
1679775625006 140.9139552116394 158
1679775626536 142.44847774505615 159
1679775626743 142.66634225845337 160
1679775628118 144.042884349823 161
1679775628338 144.26591181755066 162
1679775629595 145.51926350593567 163
1679775629798 145.72304487228394 164
1679775631037 146.95933890342712 165
1679775631274 147.17775893211365 166
1679775632683 148.6008324623108 167
1679775632921 148.81094241142273 168
1679775634294 150.21503734588623 169
1679775634502 150.43032574653625 170
1679775635951 151.8781270980835 171
1679775636172 152.09289717674255 172
1679775637602 153.49888944625854 173
1679775637807 153.7299201488495 174
1679775639225 155.1500129699707 175
1679775639438 155.36087369918823 176
1679775640841 156.76195096969604 177
1679775641039 156.9649875164032 178
1679775642423 158.34716176986694 179
1679775642629 158.54967188835144 180
1679775643982 159.91118502616882 181
1679775644194 160.11301398277283 182
1679775645564 161.49083280563354 183
1679775645769 161.69185948371887 184
1679775647181 163.1006724834442 185
1679775647407 163.32399797439575 186
1679775648802 164.72487258911133 187
1679775649024 164.93787908554077 188
1679775650400 166.3206012248993 189
1679775650601 166.5199065208435 190
1679775651908 167.81289267539978 191
1679775652144 168.0478160381317 192
1679775653525 169.44210720062256 193
1679775653754 169.66877031326294 194
1679775655233 171.15215158462524 195
1679775655458 171.36986899375916 196
1679775657022 172.93836188316345 197
1679775657223 173.14892578125 198
1679775658580 174.49967575073242 199
1679775658801 174.71693682670593 200
1679775660211 176.13280725479126 201
1679775660421 176.3403627872467 202
1679775661793 177.7120497226715 203
1679775662011 177.93400740623474 204
1679775663347 179.2659306526184 205
1679775663556 179.4785315990448 206
1679775664908 180.82810854911804 207
1679775665124 181.046706199646 208
1679775666527 182.4488401412964 209
1679775666736 182.65591716766357 210
1679775668231 184.14965081214905 211
1679775668441 184.36098980903625 212
1679775669741 185.66574358940125 213
1679775669943 185.8649287223816 214
1679775671264 187.18540334701538 215
1679775671465 187.38490986824036 216
1679775672728 188.65321588516235 217
1679775672939 188.85585951805115 218
1679775674236 190.1606125831604 219
1679775674456 190.3771994113922 220
1679775675798 191.71488785743713 221
1679775676020 191.9429407119751 222
1679775677470 193.39391565322876 223
1679775677685 193.6028516292572 224
1679775679075 194.99586963653564 225
1679775679294 195.20799326896667 226
1679775680659 196.58310747146606 227
1679775680879 196.79175996780396 228
1679775682307 198.2218840122223 229
1679775682525 198.44735431671143 230
1679775684009 199.92464685440063 231
1679775684229 200.14604473114014 232
1679775685688 201.60516953468323 233
1679775685913 201.82789778709412 234
1679775687358 203.27884101867676 235
1679775687566 203.48799872398376 236
1679775689095 205.01606822013855 237
1679775689307 205.23107242584229 238
1679775690642 206.56394028663635 239
1679775690848 206.76883935928345 240
1679775692177 208.09990453720093 241
1679775692399 208.3102583885193 242
1679775693781 209.69431161880493 243
1679775693989 209.91347813606262 244
1679775695315 211.24061250686646 245
1679775695535 211.45075392723083 246
1679775696923 212.8390245437622 247
1679775697143 213.06088209152222 248
1679775698573 214.49594354629517 249
1679775698792 214.7112913131714 250
1679775700163 216.08315420150757 251
1679775700377 216.29390335083008 252
1679775701787 217.71242499351501 253
1679775701994 217.91688776016235 254
1679775703313 219.23879647254944 255
1679775703521 219.44296169281006 256
1679775704871 220.79286527633667 257
1679775705099 221.01336789131165 258
1679775706525 222.44684958457947 259
1679775706739 222.65890741348267 260
1679775708097 224.01678228378296 261
1679775708310 224.22777724266052 262
1679775709738 225.6641435623169 263
1679775709932 225.85775780677795 264
1679775711236 227.16174840927124 265
1679775711439 227.35581707954407 266
1679775712805 228.72290062904358 267
1679775713031 228.94375777244568 268
1679775714410 230.32926607131958 269
1679775714635 230.5450222492218 270
1679775716083 232.0027186870575 271
1679775716339 232.22604060173035 272
1679775717744 233.66904854774475 273
1679775717953 233.87417101860046 274
1679775719428 235.34271883964539 275
1679775719664 235.5788698196411 276
1679775721004 236.927747964859 277
1679775721202 237.13029623031616 278
1679775722533 238.4519190788269 279
1679775722736 238.65630722045898 280
1679775724088 240.00759172439575 281
1679775724301 240.2187168598175 282
1679775725659 241.5819194316864 283
1679775725872 241.79381275177002 284
1679775727225 243.14568877220154 285
1679775727447 243.36684727668762 286
1679775728857 244.78003597259521 287
1679775729066 244.98922300338745 288
1679775730479 246.40383625030518 289
1679775730692 246.60695052146912 290
1679775732001 247.92044687271118 291
1679775732201 248.12438654899597 292
1679775733509 249.43477201461792 293
1679775733713 249.6358187198639 294
1679775735104 251.02832770347595 295
1679775735316 251.23924803733826 296
1679775736629 252.5507071018219 297
1679775736849 252.76480793952942 298
1679775738221 254.14366960525513 299
1679775738425 254.34850788116455 300
1679775738575 254.49180555343628 301
