1679833524785 16884.0 1
1679833524910 16884.0 2
1679833525551 16884.0 3
1679833525663 16884.0 4
1679833526189 16884.0 5
1679833526302 16884.0 6
1679833526826 16884.0 7
1679833526935 16884.0 8
1679833527461 16884.0 9
1679833527573 16884.0 10
1679833528100 16884.0 11
1679833528211 16884.0 12
1679833528735 16884.0 13
1679833528847 16884.0 14
1679833529368 16884.0 15
1679833529485 16884.0 16
1679833530029 16884.0 17
1679833530146 16884.0 18
1679833530756 16884.0 19
1679833530871 16884.0 20
1679833531391 16884.0 21
1679833531504 16884.0 22
1679833532039 16884.0 23
1679833532150 16884.0 24
1679833532700 16884.0 25
1679833532817 16884.0 26
1679833533366 16884.0 27
1679833533479 16884.0 28
1679833534036 16884.0 29
1679833534163 16884.0 30
1679833534724 16884.0 31
1679833534837 16884.0 32
1679833535367 16884.0 33
1679833535554 16884.0 34
1679833536087 16884.0 35
1679833536202 16884.0 36
1679833536758 16884.0 37
1679833536871 16884.0 38
1679833537391 16884.0 39
1679833537511 16884.0 40
1679833538037 16884.0 41
1679833538151 16884.0 42
1679833538681 16884.0 43
1679833538794 16884.0 44
1679833539310 16884.0 45
1679833539440 16884.0 46
1679833539994 16884.0 47
1679833540114 16884.0 48
1679833540725 16884.0 49
1679833540843 16884.0 50
1679833541399 16884.0 51
1679833541514 16884.0 52
1679833542087 16884.0 53
1679833542208 16884.0 54
1679833542751 16884.0 55
1679833542879 16884.0 56
1679833543417 16884.0 57
1679833543533 16884.0 58
1679833544072 16884.0 59
1679833544196 16884.0 60
1679833544740 16884.0 61
1679833544854 16884.0 62
1679833545484 16884.0 63
1679833545602 16884.0 64
1679833546148 16884.0 65
1679833546266 16884.0 66
1679833546835 16884.0 67
1679833546949 16884.0 68
1679833547503 16884.0 69
1679833547630 16884.0 70
1679833548224 16884.0 71
1679833548357 16884.0 72
1679833548943 16884.0 73
1679833549061 16884.0 74
1679833549630 16884.0 75
1679833549753 16884.0 76
1679833550311 16884.0 77
1679833550438 16884.0 78
1679833551099 16884.0 79
1679833551223 16884.0 80
1679833551756 16884.0 81
1679833551870 16884.0 82
1679833552394 16884.0 83
1679833552509 16884.0 84
1679833553035 16884.0 85
1679833553150 16884.0 86
1679833553751 16884.0 87
1679833553887 16884.0 88
1679833554492 16884.0 89
1679833554642 16884.0 90
1679833555200 16884.0 91
1679833555319 16884.0 92
1679833555986 16884.0 93
1679833556109 16884.0 94
1679833556692 16884.0 95
1679833556819 16884.0 96
1679833557426 16884.0 97
1679833557543 16884.0 98
1679833558112 16884.0 99
1679833558238 16884.0 100
1679833558881 16884.0 101
1679833559046 16884.0 102
1679833559688 16884.0 103
1679833559821 16884.0 104
1679833560384 16884.0 105
1679833560519 16884.0 106
1679833561073 16884.0 107
1679833561191 16884.0 108
1679833561830 16884.0 109
1679833561957 16884.0 110
1679833562511 16884.0 111
1679833562632 16884.0 112
1679833563219 16884.0 113
1679833563340 16884.0 114
1679833563933 16884.0 115
1679833564055 16884.0 116
1679833564610 16884.0 117
1679833564734 16884.0 118
1679833565278 16884.0 119
1679833565396 16884.0 120
1679833565951 16884.0 121
1679833566073 16884.0 122
1679833566615 16884.0 123
1679833566812 16884.0 124
1679833567351 16884.0 125
1679833567474 16884.0 126
1679833568031 16884.0 127
1679833568151 16884.0 128
1679833568702 16884.0 129
1679833568823 16884.0 130
1679833569356 16884.0 131
1679833569475 16884.0 132
1679833570014 16884.0 133
1679833570134 16884.0 134
1679833570670 16884.0 135
1679833570791 16884.0 136
1679833571325 16884.0 137
1679833571445 16884.0 138
1679833572076 16884.0 139
1679833572200 16884.0 140
1679833572757 16884.0 141
1679833572877 16884.0 142
1679833573432 16884.0 143
1679833573555 16884.0 144
1679833574097 16884.0 145
1679833574216 16884.0 146
1679833574753 16884.0 147
1679833574888 16884.0 148
1679833575432 16884.0 149
1679833575564 16884.0 150
1679833576095 16884.0 151
1679833576232 16884.0 152
1679833576800 16884.0 153
1679833577013 16884.0 154
1679833577548 16884.0 155
1679833577671 16884.0 156
1679833578221 16884.0 157
1679833578344 16884.0 158
1679833578907 16884.0 159
1679833579029 16884.0 160
1679833579566 16884.0 161
1679833579686 16884.0 162
1679833580221 16884.0 163
1679833580341 16884.0 164
1679833580898 16884.0 165
1679833581026 16884.0 166
1679833581615 16884.0 167
1679833581738 16884.0 168
1679833582365 16884.0 169
1679833582486 16884.0 170
1679833583026 16884.0 171
1679833583147 16884.0 172
1679833583700 16884.0 173
1679833583830 16884.0 174
1679833584393 16884.0 175
1679833584521 16884.0 176
1679833585083 16884.0 177
1679833585209 16884.0 178
1679833585777 16884.0 179
1679833585917 16884.0 180
1679833586493 16884.0 181
1679833586616 16884.0 182
1679833587145 16884.0 183
1679833587265 16884.0 184
1679833587879 16884.0 185
1679833588002 16884.0 186
1679833588540 16884.0 187
1679833588660 16884.0 188
1679833589197 16884.0 189
1679833589331 16884.0 190
1679833589886 16884.0 191
1679833590012 16884.0 192
1679833590615 16884.0 193
1679833590753 16884.0 194
1679833591332 16884.0 195
1679833591459 16884.0 196
1679833592010 16884.0 197
1679833592136 16884.0 198
1679833592787 16884.0 199
1679833592913 16884.0 200
1679833593482 16884.0 201
1679833593609 16884.0 202
1679833594161 16884.0 203
1679833594288 16884.0 204
1679833594856 16884.0 205
1679833594997 16884.0 206
1679833595541 16884.0 207
1679833595669 16884.0 208
1679833596261 16884.0 209
1679833596385 16884.0 210
1679833596981 16884.0 211
1679833597108 16884.0 212
1679833597662 16884.0 213
1679833597791 16884.0 214
1679833598435 16884.0 215
1679833598560 16884.0 216
1679833599119 16884.0 217
1679833599244 16884.0 218
1679833599829 16884.0 219
1679833599958 16884.0 220
1679833600499 16884.0 221
1679833600624 16884.0 222
1679833601172 16884.0 223
1679833601297 16884.0 224
1679833601843 16884.0 225
1679833601970 16884.0 226
1679833602530 16884.0 227
1679833602658 16884.0 228
1679833603213 16884.0 229
1679833603340 16884.0 230
1679833603983 16884.0 231
1679833604108 16884.0 232
1679833604683 16884.0 233
1679833604820 16884.0 234
1679833605376 16884.0 235
1679833605516 16884.0 236
1679833606083 16884.0 237
1679833606206 16884.0 238
1679833606764 16884.0 239
1679833606893 16884.0 240
1679833607445 16884.0 241
1679833607578 16884.0 242
1679833608175 16884.0 243
1679833608299 16884.0 244
1679833608869 16884.0 245
1679833609079 16884.0 246
1679833609684 16884.0 247
1679833609816 16884.0 248
1679833610395 16884.0 249
1679833610552 16884.0 250
1679833611185 16884.0 251
1679833611326 16884.0 252
1679833611927 16884.0 253
1679833612059 16884.0 254
1679833612640 16884.0 255
1679833612789 16884.0 256
1679833613394 16884.0 257
1679833613531 16884.0 258
1679833614165 16884.0 259
1679833614311 16884.0 260
1679833615026 16884.0 261
1679833615180 16884.0 262
1679833615792 16884.0 263
1679833615926 16884.0 264
1679833616525 16884.0 265
1679833616667 16884.0 266
1679833617265 16884.0 267
1679833617400 16884.0 268
1679833617993 16884.0 269
1679833618130 16884.0 270
1679833618719 16884.0 271
1679833618876 16884.0 272
1679833619476 16884.0 273
1679833619613 16884.0 274
1679833620266 16884.0 275
1679833620489 16884.0 276
1679833621122 16884.0 277
1679833621276 16884.0 278
1679833621907 16884.0 279
1679833622052 16884.0 280
1679833622693 16884.0 281
1679833622860 16884.0 282
1679833623462 16884.0 283
1679833623622 16884.0 284
1679833624240 16884.0 285
1679833624375 16884.0 286
1679833624972 16884.0 287
1679833625116 16884.0 288
1679833625696 16884.0 289
1679833625834 16884.0 290
1679833626514 16884.0 291
1679833626655 16884.0 292
1679833627240 16884.0 293
1679833627376 16884.0 294
1679833627969 16884.0 295
1679833628108 16884.0 296
1679833628723 16884.0 297
1679833628863 16884.0 298
1679833629452 16884.0 299
1679833629605 16884.0 300
1679833629709 16884.0 301
