1679833524788 0.0 1
1679833524913 0.0 2
1679833525553 0.0 3
1679833525666 0.0 4
1679833526192 0.0 5
1679833526305 0.0 6
1679833526828 0.0 7
1679833526938 0.0 8
1679833527464 0.0 9
1679833527575 0.0 10
1679833528104 0.0 11
1679833528213 0.0 12
1679833528738 0.0 13
1679833528850 0.0 14
1679833529372 0.0 15
1679833529488 0.0 16
1679833530033 0.0 17
1679833530149 0.0 18
1679833530760 0.0 19
1679833530874 0.0 20
1679833531394 0.0 21
1679833531508 0.0 22
1679833532041 0.0 23
1679833532153 0.0 24
1679833532704 0.0 25
1679833532821 0.0 26
1679833533369 0.0 27
1679833533482 0.0 28
1679833534047 0.0 29
1679833534166 0.0 30
1679833534727 0.0 31
1679833534840 0.0 32
1679833535370 0.0 33
1679833535562 0.0 34
1679833536089 0.0 35
1679833536205 0.0 36
1679833536762 0.0 37
1679833536874 0.0 38
1679833537394 0.0 39
1679833537514 0.0 40
1679833538041 0.0 41
1679833538154 0.0 42
1679833538684 0.0 43
1679833538797 0.0 44
1679833539313 0.0 45
1679833539443 0.0 46
1679833539996 0.0 47
1679833540117 0.0 48
1679833540728 0.0 49
1679833540846 0.0 50
1679833541403 0.0 51
1679833541518 0.0 52
1679833542089 0.0 53
1679833542212 0.0 54
1679833542753 0.0 55
1679833542882 0.0 56
1679833543421 0.0 57
1679833543536 0.0 58
1679833544075 0.0 59
1679833544198 0.0 60
1679833544742 0.0 61
1679833544858 0.0 62
1679833545488 0.0 63
1679833545605 0.0 64
1679833546151 0.0 65
1679833546270 0.0 66
1679833546838 0.0 67
1679833546952 0.0 68
1679833547506 0.0 69
1679833547633 0.0 70
1679833548227 0.0 71
1679833548360 0.0 72
1679833548946 0.0 73
1679833549063 0.0 74
1679833549633 0.0 75
1679833549757 0.0 76
1679833550319 0.0 77
1679833550440 0.0 78
1679833551104 0.0 79
1679833551226 0.0 80
1679833551758 0.0 81
1679833551873 0.0 82
1679833552397 0.0 83
1679833552513 0.0 84
1679833553038 0.0 85
1679833553153 0.0 86
1679833553751 0.0 87
1679833553891 0.0 88
1679833554498 0.0 89
1679833554647 0.0 90
1679833555205 0.0 91
1679833555321 0.0 92
1679833555989 0.0 93
1679833556112 0.0 94
1679833556695 0.0 95
1679833556824 0.0 96
1679833557429 0.0 97
1679833557546 0.0 98
1679833558116 0.0 99
1679833558241 0.0 100
1679833558884 0.0 101
1679833559049 0.0 102
1679833559691 0.0 103
1679833559823 0.0 104
1679833560387 0.0 105
1679833560521 0.0 106
1679833561076 0.0 107
1679833561194 0.0 108
1679833561833 0.0 109
1679833561961 0.0 110
1679833562514 0.0 111
1679833562635 0.0 112
1679833563222 0.0 113
1679833563343 0.0 114
1679833563936 0.0 115
1679833564057 0.0 116
1679833564613 0.0 117
1679833564736 0.0 118
1679833565281 0.0 119
1679833565399 0.0 120
1679833565953 0.0 121
1679833566076 0.0 122
1679833566618 0.0 123
1679833566815 0.0 124
1679833567355 0.0 125
1679833567477 0.0 126
1679833568034 0.0 127
1679833568154 0.0 128
1679833568706 0.0 129
1679833568826 0.0 130
1679833569359 0.0 131
1679833569478 0.0 132
1679833570017 0.0 133
1679833570137 0.0 134
1679833570673 0.0 135
1679833570794 0.0 136
1679833571329 0.0 137
1679833571448 0.0 138
1679833572080 0.0 139
1679833572203 0.0 140
1679833572760 0.0 141
1679833572879 0.0 142
1679833573435 0.0 143
1679833573558 0.0 144
1679833574100 0.0 145
1679833574219 0.0 146
1679833574756 0.0 147
1679833574892 0.0 148
1679833575435 0.0 149
1679833575568 0.0 150
1679833576103 0.0 151
1679833576235 0.0 152
1679833576804 0.0 153
1679833577016 0.0 154
1679833577551 0.0 155
1679833577674 0.0 156
1679833578224 0.0 157
1679833578347 0.0 158
1679833578910 0.0 159
1679833579033 0.0 160
1679833579569 0.0 161
1679833579688 0.0 162
1679833580224 0.0 163
1679833580344 0.0 164
1679833580902 0.0 165
1679833581031 0.0 166
1679833581618 0.0 167
1679833581741 0.0 168
1679833582369 0.0 169
1679833582489 0.0 170
1679833583028 0.0 171
1679833583150 0.0 172
1679833583703 0.0 173
1679833583833 0.0 174
1679833584396 0.0 175
1679833584524 0.0 176
1679833585087 0.0 177
1679833585212 0.0 178
1679833585781 0.0 179
1679833585921 0.0 180
1679833586497 0.0 181
1679833586619 0.0 182
1679833587148 0.0 183
1679833587268 0.0 184
1679833587882 0.0 185
1679833588005 0.0 186
1679833588543 0.0 187
1679833588663 0.0 188
1679833589199 0.0 189
1679833589334 0.0 190
1679833589890 0.0 191
1679833590015 0.0 192
1679833590619 0.0 193
1679833590757 0.0 194
1679833591335 0.0 195
1679833591462 0.0 196
1679833592014 0.0 197
1679833592139 0.0 198
1679833592789 0.0 199
1679833592915 0.0 200
1679833593485 0.0 201
1679833593612 0.0 202
1679833594164 0.0 203
1679833594291 0.0 204
1679833594860 0.0 205
1679833595000 0.0 206
1679833595544 0.0 207
1679833595671 0.0 208
1679833596264 0.0 209
1679833596388 0.0 210
1679833596984 0.0 211
1679833597111 0.0 212
1679833597666 0.0 213
1679833597796 0.0 214
1679833598438 0.0 215
1679833598562 0.0 216
1679833599122 0.0 217
1679833599247 0.0 218
1679833599832 0.0 219
1679833599962 0.0 220
1679833600502 0.0 221
1679833600628 0.0 222
1679833601175 0.0 223
1679833601300 0.0 224
1679833601846 0.0 225
1679833601973 0.0 226
1679833602534 0.0 227
1679833602661 0.0 228
1679833603216 0.0 229
1679833603343 0.0 230
1679833603987 0.0 231
1679833604111 0.0 232
1679833604686 0.0 233
1679833604823 0.0 234
1679833605378 0.0 235
1679833605519 0.0 236
1679833606085 0.0 237
1679833606209 0.0 238
1679833606767 0.0 239
1679833606896 0.0 240
1679833607448 0.0 241
1679833607581 0.0 242
1679833608178 0.0 243
1679833608301 0.0 244
1679833608871 0.0 245
1679833609081 0.0 246
1679833609687 0.0 247
1679833609819 0.0 248
1679833610398 0.0 249
1679833610555 0.0 250
1679833611188 0.0 251
1679833611330 0.0 252
1679833611930 0.0 253
1679833612061 0.0 254
1679833612643 0.0 255
1679833612792 0.0 256
1679833613397 0.0 257
1679833613534 0.0 258
1679833614168 0.0 259
1679833614313 0.0 260
1679833615028 0.0 261
1679833615182 0.0 262
1679833615794 0.0 263
1679833615929 0.0 264
1679833616528 0.0 265
1679833616669 0.0 266
1679833617269 0.0 267
1679833617403 0.0 268
1679833617996 0.0 269
1679833618134 0.0 270
1679833618721 0.0 271
1679833618879 0.0 272
1679833619480 0.0 273
1679833619616 0.0 274
1679833620269 0.0 275
1679833620491 0.0 276
1679833621126 0.0 277
1679833621279 0.0 278
1679833621910 0.0 279
1679833622055 0.0 280
1679833622698 0.0 281
1679833622864 0.0 282
1679833623465 0.0 283
1679833623624 0.0 284
1679833624244 0.0 285
1679833624378 0.0 286
1679833624976 0.0 287
1679833625119 0.0 288
1679833625699 0.0 289
1679833625838 0.0 290
1679833626518 0.0 291
1679833626658 0.0 292
1679833627242 0.0 293
1679833627380 0.0 294
1679833627971 0.0 295
1679833628111 0.0 296
1679833628727 0.0 297
1679833628867 0.0 298
1679833629457 0.0 299
1679833629609 0.0 300
1679833629713 0.0 301
