1679833524782 1679833524.0 1
1679833524905 1679833524.0 2
1679833525548 1679833525.0 3
1679833525660 1679833525.0 4
1679833526186 1679833526.0 5
1679833526300 1679833526.0 6
1679833526823 1679833526.0 7
1679833526932 1679833526.0 8
1679833527458 1679833527.0 9
1679833527570 1679833527.0 10
1679833528096 1679833528.0 11
1679833528208 1679833528.0 12
1679833528732 1679833528.0 13
1679833528844 1679833528.0 14
1679833529364 1679833529.0 15
1679833529482 1679833529.0 16
1679833530027 1679833529.0 17
1679833530143 1679833530.0 18
1679833530753 1679833530.0 19
1679833530867 1679833530.0 20
1679833531388 1679833531.0 21
1679833531501 1679833531.0 22
1679833532036 1679833531.0 23
1679833532147 1679833532.0 24
1679833532697 1679833532.0 25
1679833532813 1679833532.0 26
1679833533362 1679833533.0 27
1679833533476 1679833533.0 28
1679833534033 1679833533.0 29
1679833534160 1679833534.0 30
1679833534721 1679833534.0 31
1679833534835 1679833534.0 32
1679833535364 1679833535.0 33
1679833535554 1679833535.0 34
1679833536084 1679833536.0 35
1679833536199 1679833536.0 36
1679833536755 1679833536.0 37
1679833536868 1679833536.0 38
1679833537387 1679833537.0 39
1679833537508 1679833537.0 40
1679833538034 1679833537.0 41
1679833538148 1679833538.0 42
1679833538677 1679833538.0 43
1679833538791 1679833538.0 44
1679833539307 1679833539.0 45
1679833539437 1679833539.0 46
1679833539990 1679833539.0 47
1679833540111 1679833540.0 48
1679833540722 1679833540.0 49
1679833540839 1679833540.0 50
1679833541396 1679833541.0 51
1679833541512 1679833541.0 52
1679833542083 1679833542.0 53
1679833542205 1679833542.0 54
1679833542748 1679833542.0 55
1679833542876 1679833542.0 56
1679833543414 1679833543.0 57
1679833543529 1679833543.0 58
1679833544070 1679833544.0 59
1679833544193 1679833544.0 60
1679833544737 1679833544.0 61
1679833544851 1679833544.0 62
1679833545478 1679833545.0 63
1679833545599 1679833545.0 64
1679833546145 1679833546.0 65
1679833546264 1679833546.0 66
1679833546832 1679833546.0 67
1679833546946 1679833546.0 68
1679833547500 1679833547.0 69
1679833547628 1679833547.0 70
1679833548221 1679833548.0 71
1679833548354 1679833548.0 72
1679833548939 1679833548.0 73
1679833549058 1679833549.0 74
1679833549627 1679833549.0 75
1679833549750 1679833549.0 76
1679833550311 1679833550.0 77
1679833550435 1679833550.0 78
1679833551095 1679833551.0 79
1679833551220 1679833551.0 80
1679833551753 1679833551.0 81
1679833551867 1679833551.0 82
1679833552391 1679833552.0 83
1679833552506 1679833552.0 84
1679833553032 1679833552.0 85
1679833553146 1679833553.0 86
1679833553748 1679833553.0 87
1679833553884 1679833553.0 88
1679833554488 1679833554.0 89
1679833554637 1679833554.0 90
1679833555198 1679833555.0 91
1679833555316 1679833555.0 92
1679833555983 1679833555.0 93
1679833556106 1679833556.0 94
1679833556689 1679833556.0 95
1679833556817 1679833556.0 96
1679833557423 1679833557.0 97
1679833557540 1679833557.0 98
1679833558109 1679833558.0 99
1679833558235 1679833558.0 100
1679833558877 1679833558.0 101
1679833559041 1679833558.0 102
1679833559685 1679833559.0 103
1679833559818 1679833559.0 104
1679833560380 1679833560.0 105
1679833560514 1679833560.0 106
1679833561069 1679833561.0 107
1679833561188 1679833561.0 108
1679833561827 1679833561.0 109
1679833561953 1679833561.0 110
1679833562507 1679833562.0 111
1679833562629 1679833562.0 112
1679833563216 1679833563.0 113
1679833563337 1679833563.0 114
1679833563930 1679833563.0 115
1679833564051 1679833564.0 116
1679833564607 1679833564.0 117
1679833564731 1679833564.0 118
1679833565274 1679833565.0 119
1679833565393 1679833565.0 120
1679833565948 1679833565.0 121
1679833566071 1679833566.0 122
1679833566612 1679833566.0 123
1679833566809 1679833566.0 124
1679833567349 1679833567.0 125
1679833567471 1679833567.0 126
1679833568027 1679833567.0 127
1679833568147 1679833568.0 128
1679833568699 1679833568.0 129
1679833568820 1679833568.0 130
1679833569353 1679833569.0 131
1679833569472 1679833569.0 132
1679833570011 1679833569.0 133
1679833570131 1679833570.0 134
1679833570667 1679833570.0 135
1679833570788 1679833570.0 136
1679833571323 1679833571.0 137
1679833571442 1679833571.0 138
1679833572073 1679833572.0 139
1679833572196 1679833572.0 140
1679833572754 1679833572.0 141
1679833572874 1679833572.0 142
1679833573429 1679833573.0 143
1679833573552 1679833573.0 144
1679833574094 1679833574.0 145
1679833574213 1679833574.0 146
1679833574750 1679833574.0 147
1679833574885 1679833574.0 148
1679833575428 1679833575.0 149
1679833575562 1679833575.0 150
1679833576095 1679833576.0 151
1679833576229 1679833576.0 152
1679833576795 1679833576.0 153
1679833577009 1679833576.0 154
1679833577545 1679833577.0 155
1679833577668 1679833577.0 156
1679833578219 1679833578.0 157
1679833578340 1679833578.0 158
1679833578905 1679833578.0 159
1679833579026 1679833578.0 160
1679833579563 1679833579.0 161
1679833579683 1679833579.0 162
1679833580218 1679833580.0 163
1679833580339 1679833580.0 164
1679833580895 1679833580.0 165
1679833581022 1679833580.0 166
1679833581612 1679833581.0 167
1679833581735 1679833581.0 168
1679833582362 1679833582.0 169
1679833582483 1679833582.0 170
1679833583023 1679833582.0 171
1679833583144 1679833583.0 172
1679833583696 1679833583.0 173
1679833583828 1679833583.0 174
1679833584391 1679833584.0 175
1679833584518 1679833584.0 176
1679833585080 1679833585.0 177
1679833585206 1679833585.0 178
1679833585776 1679833585.0 179
1679833585914 1679833585.0 180
1679833586490 1679833586.0 181
1679833586612 1679833586.0 182
1679833587142 1679833587.0 183
1679833587262 1679833587.0 184
1679833587876 1679833587.0 185
1679833587999 1679833587.0 186
1679833588537 1679833588.0 187
1679833588658 1679833588.0 188
1679833589194 1679833589.0 189
1679833589328 1679833589.0 190
1679833589883 1679833589.0 191
1679833590009 1679833589.0 192
1679833590612 1679833590.0 193
1679833590750 1679833590.0 194
1679833591329 1679833591.0 195
1679833591456 1679833591.0 196
1679833592006 1679833591.0 197
1679833592134 1679833592.0 198
1679833592784 1679833592.0 199
1679833592910 1679833592.0 200
1679833593479 1679833593.0 201
1679833593606 1679833593.0 202
1679833594158 1679833594.0 203
1679833594285 1679833594.0 204
1679833594853 1679833594.0 205
1679833594994 1679833594.0 206
1679833595538 1679833595.0 207
1679833595665 1679833595.0 208
1679833596258 1679833596.0 209
1679833596382 1679833596.0 210
1679833596978 1679833596.0 211
1679833597104 1679833597.0 212
1679833597660 1679833597.0 213
1679833597787 1679833597.0 214
1679833598432 1679833598.0 215
1679833598557 1679833598.0 216
1679833599116 1679833599.0 217
1679833599241 1679833599.0 218
1679833599827 1679833599.0 219
1679833599956 1679833599.0 220
1679833600496 1679833600.0 221
1679833600622 1679833600.0 222
1679833601169 1679833601.0 223
1679833601294 1679833601.0 224
1679833601840 1679833601.0 225
1679833601967 1679833601.0 226
1679833602528 1679833602.0 227
1679833602654 1679833602.0 228
1679833603210 1679833603.0 229
1679833603336 1679833603.0 230
1679833603980 1679833603.0 231
1679833604106 1679833604.0 232
1679833604679 1679833604.0 233
1679833604816 1679833604.0 234
1679833605373 1679833605.0 235
1679833605513 1679833605.0 236
1679833606079 1679833606.0 237
1679833606204 1679833606.0 238
1679833606761 1679833606.0 239
1679833606890 1679833606.0 240
1679833607443 1679833607.0 241
1679833607574 1679833607.0 242
1679833608171 1679833608.0 243
1679833608296 1679833608.0 244
1679833608866 1679833608.0 245
1679833609074 1679833609.0 246
1679833609681 1679833609.0 247
1679833609813 1679833609.0 248
1679833610392 1679833610.0 249
1679833610548 1679833610.0 250
1679833611182 1679833611.0 251
1679833611323 1679833611.0 252
1679833611924 1679833611.0 253
1679833612055 1679833612.0 254
1679833612637 1679833612.0 255
1679833612786 1679833612.0 256
1679833613391 1679833613.0 257
1679833613528 1679833613.0 258
1679833614161 1679833614.0 259
1679833614308 1679833614.0 260
1679833615021 1679833614.0 261
1679833615176 1679833615.0 262
1679833615789 1679833615.0 263
1679833615923 1679833615.0 264
1679833616522 1679833616.0 265
1679833616663 1679833616.0 266
1679833617262 1679833617.0 267
1679833617397 1679833617.0 268
1679833617989 1679833617.0 269
1679833618126 1679833618.0 270
1679833618715 1679833618.0 271
1679833618871 1679833618.0 272
1679833619474 1679833619.0 273
1679833619610 1679833619.0 274
1679833620262 1679833620.0 275
1679833620486 1679833620.0 276
1679833621118 1679833621.0 277
1679833621273 1679833621.0 278
1679833621904 1679833621.0 279
1679833622048 1679833621.0 280
1679833622689 1679833622.0 281
1679833622857 1679833622.0 282
1679833623458 1679833623.0 283
1679833623616 1679833623.0 284
1679833624237 1679833624.0 285
1679833624372 1679833624.0 286
1679833624970 1679833624.0 287
1679833625113 1679833625.0 288
1679833625693 1679833625.0 289
1679833625832 1679833625.0 290
1679833626511 1679833626.0 291
1679833626652 1679833626.0 292
1679833627236 1679833627.0 293
1679833627374 1679833627.0 294
1679833627966 1679833627.0 295
1679833628105 1679833628.0 296
1679833628721 1679833628.0 297
1679833628860 1679833628.0 298
1679833629449 1679833629.0 299
1679833629601 1679833629.0 300
1679833629706 1679833629.0 301
