1679833524783 21.25784206390381 1
1679833524908 21.369877576828003 2
1679833525549 22.011932134628296 3
1679833525662 22.12679123878479 4
1679833526187 22.65375328063965 5
1679833526301 22.766855716705322 6
1679833526825 23.28879404067993 7
1679833526934 23.39886736869812 8
1679833527460 23.923931121826172 9
1679833527571 24.036778211593628 10
1679833528098 24.56177520751953 11
1679833528209 24.674232482910156 12
1679833528733 25.197547912597656 13
1679833528845 25.30984616279602 14
1679833529367 25.82824444770813 15
1679833529483 25.944252252578735 16
1679833530028 26.485811471939087 17
1679833530144 26.607744216918945 18
1679833530755 27.21992254257202 19
1679833530869 27.330928087234497 20
1679833531390 27.854535341262817 21
1679833531502 27.96558165550232 22
1679833532037 28.50179100036621 23
1679833532148 28.612202405929565 24
1679833532699 29.16184115409851 25
1679833532814 29.279762744903564 26
1679833533363 29.820634603500366 27
1679833533477 29.939383268356323 28
1679833534035 30.497715711593628 29
1679833534161 30.621331453323364 30
1679833534723 31.185408115386963 31
1679833534836 31.29998278617859 32
1679833535366 31.82221817970276 33
1679833535554 32.01864528656006 34
1679833536085 32.54691982269287 35
1679833536200 32.657862186431885 36
1679833536757 33.21981978416443 37
1679833536870 33.33237075805664 38
1679833537389 33.84981083869934 39
1679833537509 33.965065479278564 40
1679833538036 34.49681854248047 41
1679833538149 34.61179709434509 42
1679833538679 35.14075589179993 43
1679833538792 35.254844188690186 44
1679833539309 35.77087759971619 45
1679833539439 35.8938570022583 46
1679833539991 36.45172381401062 47
1679833540113 36.56819772720337 48
1679833540724 37.18395161628723 49
1679833540840 37.30152082443237 50
1679833541398 37.85650157928467 51
1679833541513 37.97273111343384 52
1679833542085 38.54311418533325 53
1679833542206 38.66593313217163 54
1679833542749 39.20882749557495 55
1679833542877 39.329350233078 56
1679833543415 39.874682664871216 57
1679833543531 39.99139666557312 58
1679833544071 40.53322792053223 59
1679833544194 40.65651178359985 60
1679833544738 41.19877052307129 61
1679833544853 41.314027547836304 62
1679833545480 41.93552494049072 63
1679833545601 42.060877561569214 64
1679833546146 42.605721950531006 65
1679833546265 42.725526571273804 66
1679833546834 43.29462265968323 67
1679833546948 43.408828258514404 68
1679833547502 43.95652747154236 69
1679833547629 44.0836398601532 70
1679833548222 44.67583727836609 71
1679833548355 44.81292009353638 72
1679833548941 45.399402379989624 73
1679833549059 45.518697023391724 74
1679833549629 46.083744525909424 75
1679833549751 46.20783519744873 76
1679833550311 46.77347230911255 77
1679833550436 46.89431619644165 78
1679833551098 47.54584240913391 79
1679833551221 47.67895984649658 80
1679833551755 48.21579360961914 81
1679833551868 48.33091640472412 82
1679833552392 48.8530638217926 83
1679833552508 48.96768641471863 84
1679833553034 49.4939329624176 85
1679833553148 49.608959436416626 86
1679833553749 50.186877965927124 87
1679833553886 50.333964586257935 88
1679833554490 50.947301387786865 89
1679833554639 51.08023929595947 90
1679833555199 51.659844160079956 91
1679833555317 51.77781629562378 92
1679833555984 52.44285702705383 93
1679833556107 52.56579875946045 94
1679833556691 53.14671301841736 95
1679833556818 53.275779247283936 96
1679833557424 53.87541723251343 97
1679833557541 54.000234842300415 98
1679833558111 54.56774020195007 99
1679833558237 54.6907753944397 100
1679833558879 55.32476854324341 101
1679833559043 55.47413420677185 102
1679833559686 56.136460065841675 103
1679833559819 56.26923203468323 104
1679833560381 56.86869502067566 105
1679833560516 56.96380424499512 106
1679833561071 57.5279381275177 107
1679833561189 57.6486713886261 108
1679833561828 58.28292965888977 109
1679833561956 58.40820336341858 110
1679833562509 58.96687936782837 111
1679833562631 59.084808349609375 112
1679833563218 59.67343235015869 113
1679833563338 59.79282903671265 114
1679833563931 60.38850021362305 115
1679833564053 60.507563829422 116
1679833564608 61.065866470336914 117
1679833564732 61.186604738235474 118
1679833565276 61.7333869934082 119
1679833565394 61.8526873588562 120
1679833565949 62.408183574676514 121
1679833566072 62.52942967414856 122
1679833566614 63.069321632385254 123
1679833566810 63.26588010787964 124
1679833567350 63.80921006202698 125
1679833567473 63.9308385848999 126
1679833568029 64.48374080657959 127
1679833568149 64.60544633865356 128
1679833568701 65.15492963790894 129
1679833568821 65.2787230014801 130
1679833569354 65.81362652778625 131
1679833569474 65.9328842163086 132
1679833570013 66.47043132781982 133
1679833570132 66.58945155143738 134
1679833570669 67.1266098022461 135
1679833570789 67.24525618553162 136
1679833571324 67.78198623657227 137
1679833571443 67.90015840530396 138
1679833572075 68.53100681304932 139
1679833572198 68.65272927284241 140
1679833572756 69.21091818809509 141
1679833572875 69.33239793777466 142
1679833573431 69.8850953578949 143
1679833573554 70.00748014450073 144
1679833574095 70.55205726623535 145
1679833574214 70.67096829414368 146
1679833574752 71.20956230163574 147
1679833574885 71.33991146087646 148
1679833575430 71.8823037147522 149
1679833575563 72.01649022102356 150
1679833576095 72.55422019958496 151
1679833576230 72.68220615386963 152
1679833576797 73.2387044429779 153
1679833577011 73.46403646469116 154
1679833577546 74.00318551063538 155
1679833577670 74.12432932853699 156
1679833578220 74.67677807807922 157
1679833578342 74.79878044128418 158
1679833578906 75.36105537414551 159
1679833579028 75.48253202438354 160
1679833579564 76.02079129219055 161
1679833579684 76.14136862754822 162
1679833580219 76.67579650878906 163
1679833580340 76.79546427726746 164
1679833580897 77.34580993652344 165
1679833581024 77.47480487823486 166
1679833581614 78.06814360618591 167
1679833581737 78.19310331344604 168
1679833582364 78.81872463226318 169
1679833582485 78.93901085853577 170
1679833583024 79.47819805145264 171
1679833583145 79.60041952133179 172
1679833583698 80.14891934394836 173
1679833583829 80.28096008300781 174
1679833584392 80.84305667877197 175
1679833584519 80.97012495994568 176
1679833585082 81.53108501434326 177
1679833585208 81.65993237495422 178
1679833585777 82.22962427139282 179
1679833585916 82.35545873641968 180
1679833586492 82.94658660888672 181
1679833586614 83.06785130500793 182
1679833587144 83.59769129753113 183
1679833587264 83.71852135658264 184
1679833587878 84.32905721664429 185
1679833588001 84.45285940170288 186
1679833588538 84.99364018440247 187
1679833588659 85.11464738845825 188
1679833589195 85.64755535125732 189
1679833589329 85.77785849571228 190
1679833589884 86.33667230606079 191
1679833590010 86.46060466766357 192
1679833590613 87.05863451957703 193
1679833590752 87.19778251647949 194
1679833591330 87.77670764923096 195
1679833591458 87.90978479385376 196
1679833592008 88.46138095855713 197
1679833592135 88.5850260257721 198
1679833592785 89.23682403564453 199
1679833592911 89.36425924301147 200
1679833593480 89.93311667442322 201
1679833593607 90.05864071846008 202
1679833594160 90.61382055282593 203
1679833594287 90.73742961883545 204
1679833594855 91.30678820610046 205
1679833594996 91.43914365768433 206
1679833595539 91.9916741847992 207
1679833595666 92.11688733100891 208
1679833596260 92.7103636264801 209
1679833596384 92.83663058280945 210
1679833596979 93.41351628303528 211
1679833597107 93.55886483192444 212
1679833597661 94.11428046226501 213
1679833597789 94.23863554000854 214
1679833598434 94.88644123077393 215
1679833598558 95.00998854637146 216
1679833599117 95.56784057617188 217
1679833599243 95.6934220790863 218
1679833599828 96.27795267105103 219
1679833599957 96.40640354156494 220
1679833600498 96.95221781730652 221
1679833600623 97.07540726661682 222
1679833601170 97.62310934066772 223
1679833601296 97.74810361862183 224
1679833601842 98.29348540306091 225
1679833601969 98.41833019256592 226
1679833602529 98.97851395606995 227
1679833602656 99.10551476478577 228
1679833603211 99.66499710083008 229
1679833603338 99.79120516777039 230
1679833603981 100.43539953231812 231
1679833604107 100.55894947052002 232
1679833604681 101.13511347770691 233
1679833604819 101.26530408859253 234
1679833605374 101.82273125648499 235
1679833605515 101.95977354049683 236
1679833606081 102.53162360191345 237
1679833606205 102.6566858291626 238
1679833606763 103.21394181251526 239
1679833606892 103.33820414543152 240
1679833607444 103.89248466491699 241
1679833607575 104.02138042449951 242
1679833608173 104.62218976020813 243
1679833608297 104.75070357322693 244
1679833608867 105.3192048072815 245
1679833609075 105.52205085754395 246
1679833609683 106.13351082801819 247
1679833609815 106.26270413398743 248
1679833610393 106.84219121932983 249
1679833610549 106.98323941230774 250
1679833611184 107.62743639945984 251
1679833611325 107.76885867118835 252
1679833611925 108.37480592727661 253
1679833612056 108.50837326049805 254
1679833612638 109.08678913116455 255
1679833612787 109.225350856781 256
1679833613393 109.8317940235138 257
1679833613529 109.97530269622803 258
1679833614163 110.61177182197571 259
1679833614309 110.74759411811829 260
1679833615023 111.45641350746155 261
1679833615178 111.61501455307007 262
1679833615790 112.23236298561096 263
1679833615924 112.37438797950745 264
1679833616523 112.96645164489746 265
1679833616666 113.10880923271179 266
1679833617264 113.71113204956055 267
1679833617398 113.84530329704285 268
1679833617992 114.43667411804199 269
1679833618128 114.5737988948822 270
1679833618716 115.15748310089111 271
1679833618873 115.29984736442566 272
1679833619475 115.92006921768188 273
1679833619612 116.05831241607666 274
1679833620264 116.69990658760071 275
1679833620488 116.93296551704407 276
1679833621120 117.55959963798523 277
1679833621274 117.71982789039612 278
1679833621906 118.3524215221405 279
1679833622050 118.4873743057251 280
1679833622691 119.13296508789062 281
1679833622859 119.28808379173279 282
1679833623460 119.90776991844177 283
1679833623617 120.05277299880981 284
1679833624239 120.68104004859924 285
1679833624374 120.82300782203674 286
1679833624971 121.41985487937927 287
1679833625115 121.56048393249512 288
1679833625695 122.14204788208008 289
1679833625833 122.2785747051239 290
1679833626513 122.95396971702576 291
1679833626654 123.10170602798462 292
1679833627238 123.68656969070435 293
1679833627376 123.82383704185486 294
1679833627967 124.41256594657898 295
1679833628106 124.55204844474792 296
1679833628722 125.16474342346191 297
1679833628862 125.30765891075134 298
1679833629451 125.8979697227478 299
1679833629604 126.03978991508484 300
1679833629707 126.15492463111877 301
