1677101326776 18.1851327419281 1
1677101327007 18.385271310806274 2
1677101328192 19.571508646011353 3
1677101328409 19.787450313568115 4
1677101329582 20.963175296783447 5
1677101329811 21.18924045562744 6
1677101330973 22.380439043045044 7
1677101331199 22.575275897979736 8
1677101332472 23.85139751434326 9
1677101332729 24.076303243637085 10
1677101333980 25.35670018196106 11
1677101334211 25.58751606941223 12
1677101335479 26.843358755111694 13
1677101335716 27.09005045890808 14
1677101336984 28.365097999572754 15
1677101337186 28.568969249725342 16
1677101338326 29.707501649856567 17
1677101338574 29.95157814025879 18
1677101339701 31.077080965042114 19
1677101339916 31.292418479919434 20
1677101341075 32.45146584510803 21
1677101341298 32.67543649673462 22
1677101342535 33.90334224700928 23
1677101342762 34.137336015701294 24
1677101343967 35.34901762008667 25
1677101344300 35.67460823059082 26
1677101345499 36.871116399765015 27
1677101345694 37.102556228637695 28
1677101346930 38.30231738090515 29
1677101347159 38.533222913742065 30
1677101348332 39.69955921173096 31
1677101348562 39.94023537635803 32
1677101349708 41.07717728614807 33
1677101349964 41.337740898132324 34
1677101351197 42.5724196434021 35
1677101351432 42.80646800994873 36
1677101352760 44.13160753250122 37
1677101352987 44.35941171646118 38
1677101354184 45.56329679489136 39
1677101354402 45.77950954437256 40
1677101355584 46.96332907676697 41
1677101355813 47.184744119644165 42
1677101357084 48.461355686187744 43
1677101357313 48.69099950790405 44
1677101358448 49.8284797668457 45
1677101358664 50.04219174385071 46
1677101359752 51.131234884262085 47
1677101359969 51.343419313430786 48
1677101361348 52.752219915390015 49
1677101361597 52.965596199035645 50
1677101362891 54.25053572654724 51
1677101363167 54.52037787437439 52
1677101364457 55.829495906829834 53
1677101364779 56.12950110435486 54
1677101366166 57.527156829833984 55
1677101366399 57.7772319316864 56
1677101367564 58.931206941604614 57
1677101367779 59.15452742576599 58
1677101368991 60.3622190952301 59
1677101369218 60.58922362327576 60
1677101370436 61.81559467315674 61
1677101370678 62.05236077308655 62
1677101371875 63.254302978515625 63
1677101372104 63.47499442100525 64
1677101373207 64.58125424385071 65
1677101373435 64.81118130683899 66
1677101374585 65.96252965927124 67
1677101374803 66.17736625671387 68
1677101375902 67.30857276916504 69
1677101376122 67.49823236465454 70
1677101377241 68.61610102653503 71
1677101377545 68.92114639282227 72
1677101378678 70.05250430107117 73
1677101378901 70.27690958976746 74
1677101379999 71.37504887580872 75
1677101380212 71.58845210075378 76
1677101381311 72.68520021438599 77
1677101381560 72.9295883178711 78
1677101382713 74.0832929611206 79
1677101382936 74.31115651130676 80
1677101384139 75.51576519012451 81
1677101384366 75.73850989341736 82
1677101385633 77.00428056716919 83
1677101385856 77.22716665267944 84
1677101387127 78.49753665924072 85
1677101387357 78.73104000091553 86
1677101388537 79.908607006073 87
1677101388773 80.14247608184814 88
1677101389969 81.34524059295654 89
1677101390180 81.55715656280518 90
1677101391501 82.90721106529236 91
1677101391747 83.11022686958313 92
1677101392978 84.34104514122009 93
1677101393224 84.59226608276367 94
1677101394531 85.90096426010132 95
1677101394764 86.13542604446411 96
1677101395916 87.28572297096252 97
1677101396137 87.50045824050903 98
1677101397288 88.66311168670654 99
1677101397522 88.8901116847992 100
1677101398675 90.05040168762207 101
1677101398897 90.27014708518982 102
1677101400007 91.383052110672 103
1677101400218 91.59657621383667 104
1677101401397 92.76570963859558 105
1677101401726 93.09244656562805 106
1677101402934 94.27593564987183 107
1677101403155 94.5304229259491 108
1677101404577 95.93408870697021 109
1677101404851 96.20526266098022 110
1677101406080 97.48723649978638 111
1677101406317 97.68637466430664 112
1677101407488 98.86415004730225 113
1677101407715 99.08622360229492 114
1677101408937 100.30799221992493 115
1677101409189 100.5532374382019 116
1677101410444 101.81862664222717 117
1677101410662 102.02942156791687 118
1677101412033 103.39512968063354 119
1677101412294 103.65908002853394 120
1677101413615 104.98629260063171 121
1677101413871 105.22522974014282 122
1677101415047 106.41250944137573 123
1677101415294 106.66861581802368 124
1677101416437 107.80956435203552 125
1677101416719 108.05657196044922 126
1677101417943 109.3153977394104 127
1677101418185 109.55243992805481 128
1677101419525 110.89236307144165 129
1677101419759 111.12613153457642 130
1677101420907 112.31253862380981 131
1677101421153 112.5156021118164 132
1677101422691 114.05433583259583 133
1677101422927 114.29442262649536 134
1677101424153 115.52338981628418 135
1677101424391 115.75912308692932 136
1677101425536 116.90644717216492 137
1677101425750 117.11858558654785 138
1677101426846 118.22059178352356 139
1677101427075 118.44567394256592 140
1677101428235 119.60734915733337 141
1677101428454 119.82837343215942 142
1677101429542 120.91241979598999 143
1677101429750 121.12461876869202 144
1677101430808 122.17931485176086 145
1677101431017 122.38926219940186 146
1677101432165 123.53854084014893 147
1677101432412 123.78327631950378 148
1677101433594 124.96742987632751 149
1677101433821 125.19327092170715 150
1677101434985 126.35155034065247 151
1677101435301 126.6724841594696 152
1677101436473 127.87855243682861 153
1677101436700 128.07049107551575 154
1677101437885 129.24759793281555 155
1677101438146 129.5093960762024 156
1677101439339 130.7053098678589 157
1677101439568 130.93809866905212 158
1677101440712 132.07946372032166 159
1677101440941 132.31457781791687 160
1677101442153 133.51732754707336 161
1677101442403 133.76835942268372 162
1677101443676 135.03749537467957 163
1677101443911 135.28009057044983 164
1677101444997 136.36940002441406 165
1677101445208 136.58252477645874 166
1677101446497 137.85673999786377 167
1677101446731 138.10236978530884 168
1677101447867 139.2386133670807 169
1677101448105 139.46911191940308 170
1677101449254 140.62668704986572 171
1677101449486 140.8402647972107 172
1677101450693 142.06953716278076 173
1677101450913 142.28346300125122 174
1677101452255 143.6176619529724 175
1677101452519 143.8723485469818 176
1677101453816 145.1794023513794 177
1677101454084 145.42524099349976 178
1677101455363 146.72779035568237 179
1677101455599 146.96715545654297 180
1677101456810 148.1766083240509 181
1677101457041 148.4106113910675 182
1677101458167 149.53244876861572 183
1677101458409 149.7632761001587 184
1677101459574 150.94339847564697 185
1677101459787 151.1577925682068 186
1677101461002 152.37329602241516 187
1677101461240 152.60420966148376 188
1677101462413 153.77720093727112 189
1677101462661 154.0144522190094 190
1677101463861 155.23035430908203 191
1677101464089 155.45823168754578 192
1677101465182 156.55136680603027 193
1677101465403 156.77340865135193 194
1677101466450 157.85729479789734 195
1677101466675 158.04446649551392 196
1677101467764 159.1179656982422 197
1677101468060 159.43089962005615 198
1677101469150 160.5234980583191 199
1677101469370 160.7402503490448 200
1677101470471 161.84255719184875 201
1677101470685 162.0564727783203 202
1677101471770 163.1423192024231 203
1677101471982 163.35238552093506 204
1677101473080 164.45145225524902 205
1677101473302 164.67004799842834 206
1677101474427 165.79580354690552 207
1677101474640 166.01129031181335 208
1677101475788 167.15742301940918 209
1677101476010 167.37452244758606 210
1677101477142 168.50451850891113 211
1677101477427 168.79658699035645 212
1677101478636 169.98914885520935 213
1677101478867 170.23953700065613 214
1677101479947 171.31242418289185 215
1677101480185 171.5500190258026 216
1677101481258 172.65925645828247 217
1677101481493 172.8606026172638 218
1677101482651 174.00851106643677 219
1677101482898 174.25940918922424 220
1677101484320 175.6833508014679 221
1677101484567 175.9266107082367 222
1677101485842 177.2081573009491 223
1677101486082 177.44323658943176 224
1677101487286 178.6424639225006 225
1677101487512 178.87023758888245 226
1677101488770 180.13141441345215 227
1677101489074 180.43681144714355 228
1677101490188 181.58849358558655 229
1677101490437 181.806161403656 230
1677101491529 182.89931631088257 231
1677101491750 183.11922359466553 232
1677101492940 184.30641722679138 233
1677101493177 184.54302215576172 234
1677101494302 185.67350554466248 235
1677101494510 185.8832437992096 236
1677101495536 186.90932321548462 237
1677101495715 187.1196587085724 238
1677101496947 188.3130304813385 239
1677101497190 188.55541110038757 240
1677101498318 189.68427205085754 241
1677101498535 189.90552067756653 242
1677101499633 191.00237464904785 243
1677101499933 191.3000783920288 244
1677101501000 192.37240314483643 245
1677101501221 192.5922257900238 246
1677101502294 193.66430950164795 247
1677101502513 193.88223385810852 248
1677101503583 194.95041346549988 249
1677101503807 195.1733193397522 250
1677101504871 196.24556255340576 251
1677101505083 196.45529127120972 252
1677101506161 197.52927160263062 253
1677101506387 197.75554418563843 254
1677101507520 198.88736653327942 255
1677101507735 199.10550594329834 256
1677101508812 200.18025612831116 257
1677101509040 200.40837121009827 258
1677101510202 201.5634627342224 259
1677101510424 201.79098796844482 260
1677101511575 202.97849774360657 261
1677101511830 203.19114136695862 262
1677101513110 204.46922945976257 263
1677101513348 204.70953965187073 264
1677101514586 205.95149087905884 265
1677101514827 206.19133710861206 266
1677101516116 207.47924399375916 267
1677101516350 207.7095341682434 268
1677101517406 208.7756142616272 269
1677101517621 208.99133443832397 270
1677101518680 210.04634356498718 271
1677101518904 210.27328062057495 272
1677101519953 211.32620120048523 273
1677101520169 211.5363712310791 274
1677101521212 212.58095860481262 275
1677101521424 212.79552388191223 276
1677101522460 213.82841730117798 277
1677101522759 214.12839221954346 278
1677101523835 215.20324754714966 279
1677101524052 215.42345452308655 280
1677101525158 216.52507305145264 281
1677101525373 216.7412395477295 282
1677101526389 217.79451823234558 283
1677101526605 217.9713454246521 284
1677101527651 219.01828002929688 285
1677101527869 219.23896527290344 286
1677101529007 220.36845779418945 287
1677101529244 220.61126351356506 288
1677101530462 221.82528233528137 289
1677101530683 222.04937100410461 290
1677101531754 223.12322545051575 291
1677101531967 223.3364918231964 292
1677101533014 224.38437581062317 293
1677101533222 224.59534335136414 294
1677101534303 225.6734185218811 295
1677101534524 225.8881549835205 296
1677101535571 226.93921995162964 297
1677101535785 227.1533772945404 298
1677101536828 228.19649577140808 299
1677101537045 228.40989875793457 300
1677101537254 228.62118577957153 301
