1679935568262 3900.0 1
1679935568603 3900.0 2
1679935571149 3900.0 3
1679935571457 3900.0 4
1679935574124 3900.0 5
1679935574417 3900.0 6
1679935577012 3900.0 7
1679935577324 3900.0 8
1679935579958 3900.0 9
1679935580249 3900.0 10
1679935582997 3900.0 11
1679935583346 3900.0 12
1679935586234 3900.0 13
1679935586571 3900.0 14
1679935589109 3900.0 15
1679935589427 3900.0 16
1679935591987 3900.0 17
1679935592310 3900.0 18
1679935594843 3900.0 19
1679935595150 3900.0 20
1679935598134 3900.0 21
1679935598458 3900.0 22
1679935601039 3900.0 23
1679935601336 3900.0 24
1679935603879 3900.0 25
1679935604184 3900.0 26
1679935606758 3900.0 27
1679935607080 3900.0 28
1679935609675 3900.0 29
1679935610009 3900.0 30
1679935612905 3900.0 31
1679935613260 3900.0 32
1679935616098 3900.0 33
1679935616427 3900.0 34
1679935618994 3900.0 35
1679935619297 3900.0 36
1679935621900 3900.0 37
1679935622200 3900.0 38
1679935624814 3900.0 39
1679935625119 3900.0 40
1679935627751 3900.0 41
1679935628105 3900.0 42
1679935630632 3900.0 43
1679935630933 3900.0 44
1679935633517 3900.0 45
1679935633816 3900.0 46
1679935636481 3900.0 47
1679935636839 3900.0 48
1679935639717 3900.0 49
1679935640009 3900.0 50
1679935642617 3900.0 51
1679935642866 3900.0 52
1679935645678 3900.0 53
1679935646006 3900.0 54
1679935648844 3900.0 55
1679935649131 3900.0 56
1679935651699 3900.0 57
1679935651976 3900.0 58
1679935654577 3900.0 59
1679935654877 3900.0 60
1679935657459 3900.0 61
1679935657762 3900.0 62
1679935660372 3900.0 63
1679935660684 3900.0 64
1679935663234 3900.0 65
1679935663509 3900.0 66
1679935666145 3900.0 67
1679935666425 3900.0 68
1679935668994 3900.0 69
1679935669298 3900.0 70
1679935671985 3900.0 71
1679935672297 3900.0 72
1679935675279 3900.0 73
1679935675584 3900.0 74
1679935678289 3900.0 75
1679935678567 3900.0 76
1679935681154 3900.0 77
1679935681435 3900.0 78
1679935684029 3900.0 79
1679935684293 3900.0 80
1679935686855 3900.0 81
1679935687135 3900.0 82
1679935689706 3900.0 83
1679935689981 3900.0 84
1679935692587 3900.0 85
1679935692895 3900.0 86
1679935695444 3900.0 87
1679935695722 3900.0 88
1679935698280 3900.0 89
1679935698568 3900.0 90
1679935701200 3900.0 91
1679935701514 3900.0 92
1679935704383 3900.0 93
1679935704686 3900.0 94
1679935707344 3900.0 95
1679935707629 3900.0 96
1679935710220 3900.0 97
1679935710523 3900.0 98
1679935713137 3900.0 99
1679935713427 3900.0 100
1679935716038 3900.0 101
1679935716319 3900.0 102
1679935718958 3900.0 103
1679935719241 3900.0 104
1679935721850 3900.0 105
1679935722132 3900.0 106
1679935724714 3900.0 107
1679935724991 3900.0 108
1679935727602 3900.0 109
1679935727904 3900.0 110
1679935730460 3900.0 111
1679935730754 3900.0 112
1679935733650 3900.0 113
1679935733961 3900.0 114
1679935736980 3900.0 115
1679935737290 3900.0 116
1679935740181 3900.0 117
1679935740500 3900.0 118
1679935743060 3900.0 119
1679935743334 3900.0 120
1679935745889 3900.0 121
1679935746165 3900.0 122
1679935748821 3900.0 123
1679935749099 3900.0 124
1679935751686 3900.0 125
1679935751962 3900.0 126
1679935754551 3900.0 127
1679935754829 3900.0 128
1679935757359 3900.0 129
1679935757656 3900.0 130
1679935760303 3900.0 131
1679935760601 3900.0 132
1679935763536 3900.0 133
1679935763859 3900.0 134
1679935766711 3900.0 135
1679935766988 3900.0 136
1679935769584 3900.0 137
1679935769877 3900.0 138
1679935772455 3900.0 139
1679935772764 3900.0 140
1679935775352 3900.0 141
1679935775648 3900.0 142
1679935778215 3900.0 143
1679935778518 3900.0 144
1679935781102 3900.0 145
1679935781380 3900.0 146
1679935783963 3900.0 147
1679935784244 3900.0 148
1679935786870 3900.0 149
1679935787181 3900.0 150
1679935789697 3900.0 151
1679935789968 3900.0 152
1679935792780 3900.0 153
1679935793105 3900.0 154
1679935796033 3900.0 155
1679935796383 3900.0 156
1679935798963 3900.0 157
1679935799265 3900.0 158
1679935801850 3900.0 159
1679935802134 3900.0 160
1679935804749 3900.0 161
1679935805056 3900.0 162
1679935807619 3900.0 163
1679935807921 3900.0 164
1679935810453 3900.0 165
1679935810732 3900.0 166
1679935813342 3900.0 167
1679935813624 3900.0 168
1679935816197 3900.0 169
1679935816519 3900.0 170
1679935819130 3900.0 171
1679935819459 3900.0 172
1679935822270 3900.0 173
1679935822633 3900.0 174
1679935825589 3900.0 175
1679935825913 3900.0 176
1679935828555 3900.0 177
1679935828869 3900.0 178
1679935831420 3900.0 179
1679935831721 3900.0 180
1679935834280 3900.0 181
1679935834583 3900.0 182
1679935837140 3900.0 183
1679935837455 3900.0 184
1679935840036 3900.0 185
1679935840366 3900.0 186
1679935842933 3900.0 187
1679935843258 3900.0 188
1679935845815 3900.0 189
1679935846132 3900.0 190
1679935848774 3900.0 191
1679935849106 3900.0 192
1679935851748 3900.0 193
1679935852056 3900.0 194
1679935854681 3900.0 195
1679935855027 3900.0 196
1679935857483 3900.0 197
1679935857773 3900.0 198
1679935860264 3900.0 199
1679935860565 3900.0 200
1679935863050 3900.0 201
1679935863356 3900.0 202
1679935865816 3900.0 203
1679935866108 3900.0 204
1679935868520 3900.0 205
1679935868828 3900.0 206
1679935871306 3900.0 207
1679935871613 3900.0 208
1679935874089 3900.0 209
1679935874391 3900.0 210
1679935876943 3900.0 211
1679935877257 3900.0 212
1679935879763 3900.0 213
1679935880067 3900.0 214
1679935882555 3900.0 215
1679935882893 3900.0 216
1679935885729 3900.0 217
1679935886053 3900.0 218
1679935888637 3900.0 219
1679935888940 3900.0 220
1679935891428 3900.0 221
1679935891718 3900.0 222
1679935894134 3900.0 223
1679935894425 3900.0 224
1679935896875 3900.0 225
1679935897172 3900.0 226
1679935899597 3900.0 227
1679935899896 3900.0 228
1679935902384 3900.0 229
1679935902670 3900.0 230
1679935905111 3900.0 231
1679935905421 3900.0 232
1679935907880 3900.0 233
1679935908189 3900.0 234
1679935910645 3900.0 235
1679935910939 3900.0 236
1679935913636 3900.0 237
1679935913966 3900.0 238
1679935916659 3900.0 239
1679935916981 3900.0 240
1679935919447 3900.0 241
1679935919724 3900.0 242
1679935922271 3900.0 243
1679935922580 3900.0 244
1679935925030 3900.0 245
1679935925341 3900.0 246
1679935927852 3900.0 247
1679935928156 3900.0 248
1679935930655 3900.0 249
1679935930936 3900.0 250
1679935933494 3900.0 251
1679935933765 3900.0 252
1679935936422 3900.0 253
1679935936744 3900.0 254
1679935939225 3900.0 255
1679935939521 3900.0 256
1679935942030 3900.0 257
1679935942341 3900.0 258
1679935945071 3900.0 259
1679935945399 3900.0 260
1679935948044 3900.0 261
1679935948341 3900.0 262
1679935950770 3900.0 263
1679935951073 3900.0 264
1679935953618 3900.0 265
1679935953913 3900.0 266
1679935956394 3900.0 267
1679935956706 3900.0 268
1679935959166 3900.0 269
1679935959480 3900.0 270
1679935961993 3900.0 271
1679935962293 3900.0 272
1679935964795 3900.0 273
1679935965126 3900.0 274
1679935967622 3900.0 275
1679935967923 3900.0 276
1679935970416 3900.0 277
1679935970713 3900.0 278
1679935973353 3900.0 279
1679935973676 3900.0 280
1679935976443 3900.0 281
1679935976764 3900.0 282
1679935979276 3900.0 283
1679935979582 3900.0 284
1679935982072 3900.0 285
1679935982380 3900.0 286
1679935984839 3900.0 287
1679935985131 3900.0 288
1679935987604 3900.0 289
1679935987906 3900.0 290
1679935990417 3900.0 291
1679935990700 3900.0 292
1679935993201 3900.0 293
1679935993501 3900.0 294
1679935995937 3900.0 295
1679935996239 3900.0 296
1679935998727 3900.0 297
1679935999046 3900.0 298
1679936001485 3900.0 299
1679936001801 3900.0 300
1679936001991 3900.0 301
