1679935568271 0.0037293434143066406 1
1679935568611 0.0037293434143066406 2
1679935571158 0.0037293434143066406 3
1679935571469 0.0037293434143066406 4
1679935574134 0.0037293434143066406 5
1679935574426 0.0037293434143066406 6
1679935577023 0.0037293434143066406 7
1679935577333 0.0037293434143066406 8
1679935579967 0.0037293434143066406 9
1679935580258 0.0037293434143066406 10
1679935583008 0.0037293434143066406 11
1679935583359 0.0037293434143066406 12
1679935586243 0.0037293434143066406 13
1679935586581 0.0037293434143066406 14
1679935589118 0.0037293434143066406 15
1679935589436 0.0037293434143066406 16
1679935591997 0.0037293434143066406 17
1679935592319 0.0037293434143066406 18
1679935594853 0.0037293434143066406 19
1679935595159 0.0037293434143066406 20
1679935598144 0.0037293434143066406 21
1679935598466 0.0037293434143066406 22
1679935601048 0.0037293434143066406 23
1679935601345 0.0037293434143066406 24
1679935603888 0.0037293434143066406 25
1679935604193 0.0037293434143066406 26
1679935606767 0.0037293434143066406 27
1679935607091 0.0037293434143066406 28
1679935609685 0.0037293434143066406 29
1679935610018 0.0037293434143066406 30
1679935612922 0.0037293434143066406 31
1679935613269 0.0037293434143066406 32
1679935616107 0.0037293434143066406 33
1679935616436 0.0037293434143066406 34
1679935619002 0.0037293434143066406 35
1679935619305 0.0037293434143066406 36
1679935621911 0.0037293434143066406 37
1679935622208 0.0037293434143066406 38
1679935624823 0.0037293434143066406 39
1679935625127 0.0037293434143066406 40
1679935627761 0.0037293434143066406 41
1679935628114 0.0037293434143066406 42
1679935630642 0.0037293434143066406 43
1679935630941 0.0037293434143066406 44
1679935633528 0.0037293434143066406 45
1679935633824 0.0037293434143066406 46
1679935636491 0.0037293434143066406 47
1679935636849 0.0037293434143066406 48
1679935639729 0.0037293434143066406 49
1679935640017 0.0037293434143066406 50
1679935642628 0.0037293434143066406 51
1679935642876 0.0037293434143066406 52
1679935645689 0.0037293434143066406 53
1679935646020 0.0037293434143066406 54
1679935648852 0.0037293434143066406 55
1679935649139 0.0037293434143066406 56
1679935651709 0.0037293434143066406 57
1679935651985 0.0037293434143066406 58
1679935654587 0.0037293434143066406 59
1679935654886 0.0037293434143066406 60
1679935657468 0.0037293434143066406 61
1679935657771 0.0037293434143066406 62
1679935660380 0.0037293434143066406 63
1679935660693 0.0037293434143066406 64
1679935663242 0.0037293434143066406 65
1679935663518 0.0037293434143066406 66
1679935666154 0.0037293434143066406 67
1679935666434 0.0037293434143066406 68
1679935669003 0.0037293434143066406 69
1679935669309 0.0037293434143066406 70
1679935671994 0.0037293434143066406 71
1679935672307 0.0037293434143066406 72
1679935675289 0.0037293434143066406 73
1679935675594 0.0037293434143066406 74
1679935678299 0.0037293434143066406 75
1679935678576 0.0037293434143066406 76
1679935681163 0.0037293434143066406 77
1679935681444 0.0037293434143066406 78
1679935684038 0.0037293434143066406 79
1679935684301 0.0037293434143066406 80
1679935686863 0.0037293434143066406 81
1679935687145 0.0037293434143066406 82
1679935689716 0.0037293434143066406 83
1679935689989 0.0037293434143066406 84
1679935692596 0.0037293434143066406 85
1679935692904 0.0037293434143066406 86
1679935695453 0.0037293434143066406 87
1679935695731 0.0037293434143066406 88
1679935698289 0.0037293434143066406 89
1679935698578 0.0037293434143066406 90
1679935701210 0.0037293434143066406 91
1679935701523 0.0037293434143066406 92
1679935704393 0.0037293434143066406 93
1679935704696 0.0037293434143066406 94
1679935707358 0.0037293434143066406 95
1679935707638 0.0037293434143066406 96
1679935710229 0.0037293434143066406 97
1679935710535 0.0037293434143066406 98
1679935713148 0.0037293434143066406 99
1679935713436 0.0037293434143066406 100
1679935716047 0.0037293434143066406 101
1679935716328 0.0037293434143066406 102
1679935718966 0.0037293434143066406 103
1679935719250 0.0037293434143066406 104
1679935721858 0.0037293434143066406 105
1679935722142 0.0037293434143066406 106
1679935724723 0.0037293434143066406 107
1679935724999 0.0037293434143066406 108
1679935727612 0.0037293434143066406 109
1679935727914 0.0037293434143066406 110
1679935730468 0.0037293434143066406 111
1679935730765 0.0037293434143066406 112
1679935733659 0.0037293434143066406 113
1679935733971 0.0037293434143066406 114
1679935736993 0.0037293434143066406 115
1679935737300 0.0037293434143066406 116
1679935740191 0.0037293434143066406 117
1679935740509 0.0037293434143066406 118
1679935743069 0.0037293434143066406 119
1679935743345 0.0037293434143066406 120
1679935745897 0.0037293434143066406 121
1679935746175 0.0037293434143066406 122
1679935748831 0.0037293434143066406 123
1679935749108 0.0037293434143066406 124
1679935751695 0.0037293434143066406 125
1679935751970 0.0037293434143066406 126
1679935754559 0.0037293434143066406 127
1679935754837 0.0037293434143066406 128
1679935757366 0.0037293434143066406 129
1679935757665 0.0037293434143066406 130
1679935760311 0.0037293434143066406 131
1679935760611 0.0037293434143066406 132
1679935763548 0.0037293434143066406 133
1679935763869 0.0037293434143066406 134
1679935766720 0.0037293434143066406 135
1679935766998 0.0037293434143066406 136
1679935769593 0.0037293434143066406 137
1679935769886 0.0037293434143066406 138
1679935772465 0.0037293434143066406 139
1679935772774 0.0037293434143066406 140
1679935775361 0.0037293434143066406 141
1679935775658 0.0037293434143066406 142
1679935778224 0.0037293434143066406 143
1679935778528 0.0037293434143066406 144
1679935781111 0.0037293434143066406 145
1679935781388 0.0037293434143066406 146
1679935783972 0.0037293434143066406 147
1679935784260 0.0037293434143066406 148
1679935786880 0.0037293434143066406 149
1679935787190 0.0037293434143066406 150
1679935789706 0.0037293434143066406 151
1679935789977 0.0037293434143066406 152
1679935792790 0.0037293434143066406 153
1679935793114 0.0037293434143066406 154
1679935796046 0.0037293434143066406 155
1679935796395 0.0037293434143066406 156
1679935798971 0.0037293434143066406 157
1679935799274 0.0037293434143066406 158
1679935801859 0.0037293434143066406 159
1679935802144 0.0037293434143066406 160
1679935804760 0.0037293434143066406 161
1679935805065 0.0037293434143066406 162
1679935807629 0.0037293434143066406 163
1679935807931 0.0037293434143066406 164
1679935810461 0.0037293434143066406 165
1679935810741 0.0037293434143066406 166
1679935813351 0.0037293434143066406 167
1679935813633 0.0037293434143066406 168
1679935816206 0.0037293434143066406 169
1679935816529 0.0037293434143066406 170
1679935819141 0.0037293434143066406 171
1679935819467 0.0037293434143066406 172
1679935822279 0.0037293434143066406 173
1679935822641 0.0037293434143066406 174
1679935825598 0.0037293434143066406 175
1679935825922 0.0037293434143066406 176
1679935828563 0.0037293434143066406 177
1679935828878 0.0037293434143066406 178
1679935831430 0.0037293434143066406 179
1679935831730 0.0037293434143066406 180
1679935834289 0.0037293434143066406 181
1679935834592 0.0037293434143066406 182
1679935837149 0.0037293434143066406 183
1679935837463 0.0037293434143066406 184
1679935840046 0.0037293434143066406 185
1679935840376 0.0037293434143066406 186
1679935842942 0.0037293434143066406 187
1679935843268 0.0037293434143066406 188
1679935845824 0.0037293434143066406 189
1679935846141 0.0037293434143066406 190
1679935848783 0.0037293434143066406 191
1679935849123 0.0037293434143066406 192
1679935851757 0.0037293434143066406 193
1679935852065 0.0037293434143066406 194
1679935854688 0.0037293434143066406 195
1679935855037 0.0037293434143066406 196
1679935857492 0.0037293434143066406 197
1679935857781 0.0037293434143066406 198
1679935860273 0.0037293434143066406 199
1679935860573 0.0037293434143066406 200
1679935863059 0.0037293434143066406 201
1679935863364 0.0037293434143066406 202
1679935865824 0.0037293434143066406 203
1679935866118 0.0037293434143066406 204
1679935868531 0.0037293434143066406 205
1679935868837 0.0037293434143066406 206
1679935871315 0.0037293434143066406 207
1679935871621 0.0037293434143066406 208
1679935874099 0.0037293434143066406 209
1679935874400 0.0037293434143066406 210
1679935876951 0.0037293434143066406 211
1679935877266 0.0037293434143066406 212
1679935879771 0.0037293434143066406 213
1679935880077 0.0037293434143066406 214
1679935882565 0.0037293434143066406 215
1679935882905 0.0037293434143066406 216
1679935885737 0.0037293434143066406 217
1679935886063 0.0037293434143066406 218
1679935888648 0.0037293434143066406 219
1679935888949 0.0037293434143066406 220
1679935891436 0.0037293434143066406 221
1679935891727 0.0037293434143066406 222
1679935894144 0.0037293434143066406 223
1679935894433 0.0037293434143066406 224
1679935896884 0.0037293434143066406 225
1679935897180 0.0037293434143066406 226
1679935899606 0.0037293434143066406 227
1679935899906 0.0037293434143066406 228
1679935902393 0.0037293434143066406 229
1679935902679 0.0037293434143066406 230
1679935905120 0.0037293434143066406 231
1679935905429 0.0037293434143066406 232
1679935907889 0.0037293434143066406 233
1679935908198 0.0037293434143066406 234
1679935910654 0.0037293434143066406 235
1679935910948 0.0037293434143066406 236
1679935913645 0.0037293434143066406 237
1679935913976 0.0037293434143066406 238
1679935916667 0.0037293434143066406 239
1679935916990 0.0037293434143066406 240
1679935919456 0.0037293434143066406 241
1679935919733 0.0037293434143066406 242
1679935922279 0.0037293434143066406 243
1679935922589 0.0037293434143066406 244
1679935925039 0.0037293434143066406 245
1679935925349 0.0037293434143066406 246
1679935927860 0.0037293434143066406 247
1679935928164 0.0037293434143066406 248
1679935930662 0.0037293434143066406 249
1679935930947 0.0037293434143066406 250
1679935933503 0.0037293434143066406 251
1679935933774 0.0037293434143066406 252
1679935936431 0.0037293434143066406 253
1679935936752 0.0037293434143066406 254
1679935939234 0.0037293434143066406 255
1679935939530 0.0037293434143066406 256
1679935942038 0.0037293434143066406 257
1679935942350 0.0037293434143066406 258
1679935945080 0.0037293434143066406 259
1679935945409 0.0037293434143066406 260
1679935948053 0.0037293434143066406 261
1679935948349 0.0037293434143066406 262
1679935950781 0.0037293434143066406 263
1679935951081 0.0037293434143066406 264
1679935953628 0.0037293434143066406 265
1679935953921 0.0037293434143066406 266
1679935956402 0.0037293434143066406 267
1679935956714 0.0037293434143066406 268
1679935959175 0.0037293434143066406 269
1679935959490 0.0037293434143066406 270
1679935962001 0.0037293434143066406 271
1679935962302 0.0037293434143066406 272
1679935964804 0.0037293434143066406 273
1679935965134 0.0037293434143066406 274
1679935967631 0.0037293434143066406 275
1679935967932 0.0037293434143066406 276
1679935970425 0.0037293434143066406 277
1679935970721 0.0037293434143066406 278
1679935973361 0.0037293434143066406 279
1679935973685 0.0037293434143066406 280
1679935976452 0.0037293434143066406 281
1679935976773 0.0037293434143066406 282
1679935979284 0.0037293434143066406 283
1679935979590 0.0037293434143066406 284
1679935982081 0.0037293434143066406 285
1679935982389 0.0037293434143066406 286
1679935984847 0.0037293434143066406 287
1679935985140 0.0037293434143066406 288
1679935987613 0.0037293434143066406 289
1679935987914 0.0037293434143066406 290
1679935990429 0.0037293434143066406 291
1679935990709 0.0037293434143066406 292
1679935993211 0.0037293434143066406 293
1679935993510 0.0037293434143066406 294
1679935995945 0.0037293434143066406 295
1679935996248 0.0037293434143066406 296
1679935998735 0.0037293434143066406 297
1679935999055 0.0037293434143066406 298
1679936001493 0.0037293434143066406 299
1679936001811 0.0037293434143066406 300
1679936001999 0.0037293434143066406 301
