1677143221707 1.0 1
1677143221893 2.0 2
1677143222862 3.0 3
1677143223049 4.0 4
1677143224102 5.0 5
1677143224282 6.0 6
1677143225259 7.0 7
1677143225437 8.0 8
1677143226442 9.0 9
1677143226625 10.0 10
1677143227625 11.0 11
1677143227814 12.0 12
1677143228793 13.0 13
1677143228975 14.0 14
1677143229964 15.0 15
1677143230153 16.0 16
1677143231210 17.0 17
1677143231395 18.0 18
1677143232358 19.0 19
1677143232540 20.0 20
1677143233524 21.0 21
1677143233709 22.0 22
1677143234726 23.0 23
1677143234907 24.0 24
1677143235879 25.0 25
1677143236059 26.0 26
1677143237120 27.0 27
1677143237307 28.0 28
1677143238296 29.0 29
1677143238479 30.0 30
1677143239454 31.0 31
1677143239649 32.0 32
1677143240668 33.0 33
1677143240856 34.0 34
1677143241851 35.0 35
1677143242035 36.0 36
1677143243018 37.0 37
1677143243204 38.0 38
1677143244246 39.0 39
1677143244428 40.0 40
1677143245399 41.0 41
1677143245589 42.0 42
1677143246559 43.0 43
1677143246743 44.0 44
1677143247741 45.0 45
1677143247930 46.0 46
1677143248892 47.0 47
1677143249076 48.0 48
1677143250058 49.0 49
1677143250315 50.0 50
1677143251298 51.0 51
1677143251488 52.0 52
1677143252492 53.0 53
1677143252680 54.0 54
1677143253660 55.0 55
1677143253846 56.0 56
1677143254818 57.0 57
1677143255005 58.0 58
1677143255979 59.0 59
1677143256161 60.0 60
1677143257179 61.0 61
1677143257368 62.0 62
1677143258366 63.0 63
1677143258554 64.0 64
1677143259551 65.0 65
1677143259737 66.0 66
1677143260865 67.0 67
1677143261088 68.0 68
1677143262136 69.0 69
1677143262348 70.0 70
1677143263320 71.0 71
1677143263582 72.0 72
1677143264569 73.0 73
1677143264757 74.0 74
1677143265748 75.0 75
1677143265933 76.0 76
1677143266930 77.0 77
1677143267122 78.0 78
1677143268137 79.0 79
1677143268333 80.0 80
1677143269317 81.0 81
1677143269508 82.0 82
1677143270562 83.0 83
1677143270749 84.0 84
1677143271727 85.0 85
1677143271889 86.0 86
1677143272855 87.0 87
1677143273043 88.0 88
1677143274009 89.0 89
1677143274196 90.0 90
1677143275169 91.0 91
1677143275357 92.0 92
1677143276342 93.0 93
1677143276625 94.0 94
1677143277708 95.0 95
1677143277926 96.0 96
1677143278995 97.0 97
1677143279207 98.0 98
1677143280359 99.0 99
1677143280566 100.0 100
1677143281662 101.0 101
1677143281864 102.0 102
1677143282889 103.0 103
1677143283089 104.0 104
1677143284198 105.0 105
1677143284388 106.0 106
1677143285406 107.0 107
1677143285593 108.0 108
1677143286569 109.0 109
1677143286774 110.0 110
1677143287829 111.0 111
1677143288017 112.0 112
1677143289017 113.0 113
1677143289206 114.0 114
1677143290325 115.0 115
1677143290518 116.0 116
1677143291591 117.0 117
1677143291809 118.0 118
1677143292916 119.0 119
1677143293107 120.0 120
1677143294108 121.0 121
1677143294300 122.0 122
1677143295297 123.0 123
1677143295487 124.0 124
1677143296469 125.0 125
1677143296658 126.0 126
1677143297705 127.0 127
1677143297894 128.0 128
1677143298871 129.0 129
1677143299054 130.0 130
1677143300038 131.0 131
1677143300241 132.0 132
1677143301235 133.0 133
1677143301427 134.0 134
1677143302410 135.0 135
1677143302599 136.0 136
1677143303594 137.0 137
1677143303786 138.0 138
1677143304851 139.0 139
1677143305045 140.0 140
1677143306072 141.0 141
1677143306270 142.0 142
1677143307263 143.0 143
1677143307452 144.0 144
1677143308442 145.0 145
1677143308634 146.0 146
1677143309611 147.0 147
1677143309799 148.0 148
1677143310849 149.0 149
1677143311041 150.0 150
1677143312003 151.0 151
1677143312196 152.0 152
1677143313162 153.0 153
1677143313355 154.0 154
1677143314322 155.0 155
1677143314512 156.0 156
1677143315500 157.0 157
1677143315689 158.0 158
1677143316670 159.0 159
1677143316834 160.0 160
1677143317905 161.0 161
1677143318102 162.0 162
1677143319119 163.0 163
1677143319323 164.0 164
1677143320308 165.0 165
1677143320502 166.0 166
1677143321487 167.0 167
1677143321680 168.0 168
1677143322668 169.0 169
1677143322861 170.0 170
1677143323912 171.0 171
1677143324107 172.0 172
1677143325087 173.0 173
1677143325280 174.0 174
1677143326253 175.0 175
1677143326446 176.0 176
1677143327417 177.0 177
1677143327606 178.0 178
1677143328585 179.0 179
1677143328776 180.0 180
1677143329776 181.0 181
1677143329971 182.0 182
1677143331039 183.0 183
1677143331235 184.0 184
1677143332226 185.0 185
1677143332420 186.0 186
1677143333407 187.0 187
1677143333603 188.0 188
1677143334642 189.0 189
1677143334835 190.0 190
1677143335817 191.0 191
1677143336008 192.0 192
1677143337001 193.0 193
1677143337267 194.0 194
1677143338253 195.0 195
1677143338451 196.0 196
1677143339424 197.0 197
1677143339614 198.0 198
1677143340599 199.0 199
1677143340793 200.0 200
1677143341785 201.0 201
1677143341979 202.0 202
1677143342973 203.0 203
1677143343165 204.0 204
1677143344243 205.0 205
1677143344438 206.0 206
1677143345461 207.0 207
1677143345659 208.0 208
1677143346685 209.0 209
1677143346847 210.0 210
1677143347830 211.0 211
1677143348018 212.0 212
1677143349008 213.0 213
1677143349201 214.0 214
1677143350191 215.0 215
1677143350463 216.0 216
1677143351441 217.0 217
1677143351640 218.0 218
1677143352631 219.0 219
1677143352832 220.0 220
1677143353811 221.0 221
1677143354004 222.0 222
1677143355014 223.0 223
1677143355209 224.0 224
1677143356196 225.0 225
1677143356394 226.0 226
1677143357469 227.0 227
1677143357669 228.0 228
1677143358675 229.0 229
1677143358872 230.0 230
1677143359860 231.0 231
1677143360056 232.0 232
1677143361025 233.0 233
1677143361226 234.0 234
1677143362209 235.0 235
1677143362410 236.0 236
1677143363391 237.0 237
1677143363665 238.0 238
1677143364641 239.0 239
1677143364836 240.0 240
1677143365831 241.0 241
1677143366026 242.0 242
1677143366999 243.0 243
1677143367192 244.0 244
1677143368202 245.0 245
1677143368396 246.0 246
1677143369384 247.0 247
1677143369577 248.0 248
1677143370651 249.0 249
1677143370848 250.0 250
1677143371856 251.0 251
1677143372051 252.0 252
1677143373090 253.0 253
1677143373288 254.0 254
1677143374270 255.0 255
1677143374469 256.0 256
1677143375438 257.0 257
1677143375632 258.0 258
1677143376619 259.0 259
1677143376809 260.0 260
1677143377855 261.0 261
1677143378054 262.0 262
1677143379032 263.0 263
1677143379230 264.0 264
1677143380206 265.0 265
1677143380406 266.0 266
1677143381392 267.0 267
1677143381588 268.0 268
1677143382567 269.0 269
1677143382763 270.0 270
1677143383835 271.0 271
1677143384033 272.0 272
1677143385057 273.0 273
1677143385252 274.0 274
1677143386257 275.0 275
1677143386453 276.0 276
1677143387442 277.0 277
1677143387639 278.0 278
1677143388658 279.0 279
1677143388856 280.0 280
1677143389845 281.0 281
1677143390043 282.0 282
1677143391110 283.0 283
1677143391311 284.0 284
1677143392297 285.0 285
1677143392499 286.0 286
1677143393483 287.0 287
1677143393679 288.0 288
1677143394688 289.0 289
1677143394884 290.0 290
1677143395893 291.0 291
1677143396097 292.0 292
1677143397182 293.0 293
1677143397389 294.0 294
1677143398393 295.0 295
1677143398596 296.0 296
1677143399591 297.0 297
1677143399799 298.0 298
1677143401224 299.0 299
1677143401435 300.0 300
1677143401669 301.0 301
