1677143221704 3.669013023376465 1
1677143221890 3.842848777770996 2
1677143222859 4.813914775848389 3
1677143223046 5.000305414199829 4
1677143224098 6.053084850311279 5
1677143224280 6.232186317443848 6
1677143225256 7.207835674285889 7
1677143225434 7.388172388076782 8
1677143226439 8.391205787658691 9
1677143226621 8.573140859603882 10
1677143227622 9.600764036178589 11
1677143227811 9.763401508331299 12
1677143228790 10.741942882537842 13
1677143228972 10.92392635345459 14
1677143229961 11.913718700408936 15
1677143230150 12.102781534194946 16
1677143231207 13.151457071304321 17
1677143231392 13.342229127883911 18
1677143232355 14.306740283966064 19
1677143232537 14.488790035247803 20
1677143233521 15.464804649353027 21
1677143233706 15.654927253723145 22
1677143234722 16.6720712184906 23
1677143234905 16.85666012763977 24
1677143235876 17.826860427856445 25
1677143236056 18.00696897506714 26
1677143237116 19.0670747756958 27
1677143237304 19.255714654922485 28
1677143238293 20.243866682052612 29
1677143238476 20.427019119262695 30
1677143239450 21.40080189704895 31
1677143239646 21.597059726715088 32
1677143240665 22.615911960601807 33
1677143240853 22.802042484283447 34
1677143241848 23.820133209228516 35
1677143242032 23.984023809432983 36
1677143243015 24.966827630996704 37
1677143243201 25.150773763656616 38
1677143244243 26.19386577606201 39
1677143244425 26.374368906021118 40
1677143245396 27.34663724899292 41
1677143245585 27.53611397743225 42
1677143246556 28.50675082206726 43
1677143246741 28.688927173614502 44
1677143247739 29.688856840133667 45
1677143247927 29.876072883605957 46
1677143248888 30.839163303375244 47
1677143249073 31.023897409439087 48
1677143250055 32.002025842666626 49
1677143250312 32.26223015785217 50
1677143251295 33.239895820617676 51
1677143251484 33.43564748764038 52
1677143252490 34.43793869018555 53
1677143252677 34.62520170211792 54
1677143253658 35.60564661026001 55
1677143253843 35.79388427734375 56
1677143254815 36.76587510108948 57
1677143255002 36.951716899871826 58
1677143255975 37.925060749053955 59
1677143256158 38.10781955718994 60
1677143257176 39.15489840507507 61
1677143257365 39.31403422355652 62
1677143258363 40.31154465675354 63
1677143258551 40.50098919868469 64
1677143259548 41.49696922302246 65
1677143259734 41.68204212188721 66
1677143260862 42.79666566848755 67
1677143261084 43.024869441986084 68
1677143262133 44.07685399055481 69
1677143262345 44.29085421562195 70
1677143263317 45.26665782928467 71
1677143263579 45.52469325065613 72
1677143264565 46.51482272148132 73
1677143264754 46.70177459716797 74
1677143265745 47.690977334976196 75
1677143265929 47.87804985046387 76
1677143266927 48.87500882148743 77
1677143267119 49.065773487091064 78
1677143268133 50.05892753601074 79
1677143268330 50.276484966278076 80
1677143269314 51.260117530822754 81
1677143269505 51.45194697380066 82
1677143270559 52.50505590438843 83
1677143270747 52.6938898563385 84
1677143271724 53.66779708862305 85
1677143271886 53.86483597755432 86
1677143272852 54.799190282821655 87
1677143273040 54.987051486968994 88
1677143274005 55.9520947933197 89
1677143274193 56.139896392822266 90
1677143275165 57.11255598068237 91
1677143275354 57.30095100402832 92
1677143276339 58.28579092025757 93
1677143276621 58.56113004684448 94
1677143277703 59.67405104637146 95
1677143277923 59.860939025878906 96
1677143278992 60.93350887298584 97
1677143279202 61.13804268836975 98
1677143280355 62.29104137420654 99
1677143280563 62.50594186782837 100
1677143281659 63.60373306274414 101
1677143281861 63.80018591880798 102
1677143282887 64.832763671875 103
1677143283086 65.03104829788208 104
1677143284195 66.1409752368927 105
1677143284385 66.33095669746399 106
1677143285401 67.34245276451111 107
1677143285590 67.5353991985321 108
1677143286566 68.5109190940857 109
1677143286771 68.70688366889954 110
1677143287826 69.7721426486969 111
1677143288013 69.95816707611084 112
1677143289013 70.95912384986877 113
1677143289202 71.14916944503784 114
1677143290322 72.2666757106781 115
1677143290514 72.46078038215637 116
1677143291588 73.53350281715393 117
1677143291806 73.75188994407654 118
1677143292913 74.85395073890686 119
1677143293104 75.05076789855957 120
1677143294105 76.05000805854797 121
1677143294297 76.2428948879242 122
1677143295294 77.23891949653625 123
1677143295483 77.4291980266571 124
1677143296466 78.41196250915527 125
1677143296655 78.59905791282654 126
1677143297702 79.64634013175964 127
1677143297891 79.83632826805115 128
1677143298867 80.81297492980957 129
1677143299051 80.99812436103821 130
1677143300035 81.98075366020203 131
1677143300238 82.18385696411133 132
1677143301232 83.17791533470154 133
1677143301424 83.36907982826233 134
1677143302407 84.38313603401184 135
1677143302596 84.53995561599731 136
1677143303591 85.53696131706238 137
1677143303782 85.72692775726318 138
1677143304848 86.79472661018372 139
1677143305042 86.98689389228821 140
1677143306067 87.98475933074951 141
1677143306267 88.21218347549438 142
1677143307259 89.20294284820557 143
1677143307449 89.39385461807251 144
1677143308439 90.38345432281494 145
1677143308631 90.5734236240387 146
1677143309608 91.55198168754578 147
1677143309796 91.74098467826843 148
1677143310846 92.78985977172852 149
1677143311038 92.98372435569763 150
1677143312000 93.94392085075378 151
1677143312193 94.13687372207642 152
1677143313160 95.1029760837555 153
1677143313352 95.29598689079285 154
1677143314319 96.26304149627686 155
1677143314509 96.45268106460571 156
1677143315497 97.43947076797485 157
1677143315686 97.62993884086609 158
1677143316667 98.610769033432 159
1677143316830 98.8058340549469 160
1677143317902 99.84703540802002 161
1677143318099 100.04117012023926 162
1677143319114 101.03959631919861 163
1677143319320 101.26094222068787 164
1677143320304 102.24806451797485 165
1677143320498 102.44171476364136 166
1677143321483 103.42571353912354 167
1677143321676 103.61883926391602 168
1677143322665 104.60669779777527 169
1677143322858 104.80001974105835 170
1677143323909 105.85290837287903 171
1677143324104 106.0470621585846 172
1677143325084 107.02604484558105 173
1677143325278 107.21885633468628 174
1677143326250 108.1919355392456 175
1677143326443 108.38288259506226 176
1677143327414 109.3568172454834 177
1677143327603 109.54594159126282 178
1677143328582 110.52390623092651 179
1677143328773 110.71243667602539 180
1677143329773 111.7145893573761 181
1677143329969 111.91077709197998 182
1677143331036 112.97637677192688 183
1677143331232 113.17474579811096 184
1677143332223 114.19892024993896 185
1677143332417 114.3567054271698 186
1677143333404 115.34592819213867 187
1677143333599 115.54081296920776 188
1677143334639 116.58204221725464 189
1677143334832 116.77307844161987 190
1677143335814 117.75595617294312 191
1677143336005 117.945876121521 192
1677143336998 118.93881154060364 193
1677143337264 119.20464706420898 194
1677143338250 120.18886852264404 195
1677143338449 120.38892769813538 196
1677143339421 121.36289119720459 197
1677143339611 121.55287766456604 198
1677143340596 122.53786945343018 199
1677143340789 122.72999048233032 200
1677143341782 123.7229917049408 201
1677143341976 123.91678833961487 202
1677143342971 124.91170978546143 203
1677143343162 125.10396933555603 204
1677143344240 126.17894959449768 205
1677143344435 126.37640738487244 206
1677143345458 127.39880061149597 207
1677143345656 127.59494638442993 208
1677143346682 128.6189260482788 209
1677143346845 128.81988859176636 210
1677143347827 129.76630425453186 211
1677143348015 129.95597100257874 212
1677143349005 130.9448914527893 213
1677143349198 131.14001607894897 214
1677143350188 132.12891340255737 215
1677143350460 132.39896893501282 216
1677143351438 133.3789563179016 217
1677143351637 133.5758819580078 218
1677143352628 134.56886863708496 219
1677143352829 134.7701485157013 220
1677143353807 135.74886512756348 221
1677143354000 135.9424183368683 222
1677143355011 136.9514844417572 223
1677143355206 137.14636278152466 224
1677143356193 138.13383650779724 225
1677143356391 138.33172416687012 226
1677143357466 139.4054663181305 227
1677143357666 139.60568833351135 228
1677143358672 140.61472964286804 229
1677143358869 140.80991506576538 230
1677143359857 141.79699182510376 231
1677143360053 141.99375438690186 232
1677143361022 142.9638867378235 233
1677143361223 143.16300988197327 234
1677143362204 144.17792773246765 235
1677143362407 144.34779381752014 236
1677143363388 145.32665371894836 237
1677143363663 145.60309863090515 238
1677143364638 146.57677245140076 239
1677143364833 146.77288603782654 240
1677143365828 147.76808762550354 241
1677143366023 147.9654037952423 242
1677143366996 148.93492698669434 243
1677143367189 149.12886929512024 244
1677143368199 150.13895225524902 245
1677143368393 150.33400344848633 246
1677143369381 151.3212115764618 247
1677143369573 151.51195359230042 248
1677143370648 152.58909225463867 249
1677143370845 152.78628373146057 250
1677143371853 153.79147291183472 251
1677143372048 153.9888961315155 252
1677143373087 155.02539157867432 253
1677143373284 155.22290015220642 254
1677143374267 156.20681071281433 255
1677143374466 156.40581583976746 256
1677143375435 157.37414860725403 257
1677143375629 157.57026171684265 258
1677143376616 158.55682969093323 259
1677143376806 158.75191950798035 260
1677143377851 159.78876662254333 261
1677143378050 159.99128603935242 262
1677143379030 160.9677448272705 263
1677143379227 161.16671347618103 264
1677143380203 162.14368438720703 265
1677143380403 162.3409628868103 266
1677143381389 163.3249020576477 267
1677143381585 163.5200252532959 268
1677143382564 164.50075435638428 269
1677143382760 164.69646048545837 270
1677143383832 165.77095913887024 271
1677143384031 165.97008681297302 272
1677143385054 166.9939465522766 273
1677143385249 167.18944931030273 274
1677143386254 168.19297003746033 275
1677143386449 168.38781666755676 276
1677143387440 169.37891578674316 277
1677143387636 169.5749385356903 278
1677143388655 170.59459471702576 279
1677143388853 170.79113745689392 280
1677143389842 171.77980303764343 281
1677143390040 171.97676467895508 282
1677143391107 173.04441499710083 283
1677143391308 173.24405074119568 284
1677143392294 174.26688480377197 285
1677143392496 174.43683099746704 286
1677143393479 175.4180829524994 287
1677143393677 175.6130154132843 288
1677143394685 176.6214680671692 289
1677143394880 176.81792187690735 290
1677143395890 177.8278260231018 291
1677143396094 178.02393913269043 292
1677143397178 179.10438132286072 293
1677143397387 179.31628584861755 294
1677143398390 180.31872725486755 295
1677143398593 180.5226263999939 296
1677143399588 181.51989436149597 297
1677143399796 181.72804498672485 298
1677143401221 183.11537742614746 299
1677143401432 183.35819578170776 300
1677143401666 183.58687138557434 301
