1677143221709 0.0037140846252441406 1
1677143221894 0.0037140846252441406 2
1677143222864 0.0037140846252441406 3
1677143223050 0.0037140846252441406 4
1677143224103 0.0037140846252441406 5
1677143224283 0.0037140846252441406 6
1677143225260 0.0037140846252441406 7
1677143225439 0.0037140846252441406 8
1677143226443 0.0037140846252441406 9
1677143226626 0.0037140846252441406 10
1677143227627 0.0037140846252441406 11
1677143227815 0.0037140846252441406 12
1677143228795 0.0037140846252441406 13
1677143228977 0.0037140846252441406 14
1677143229966 0.0037140846252441406 15
1677143230154 0.0037140846252441406 16
1677143231212 0.0037140846252441406 17
1677143231397 0.0037140846252441406 18
1677143232360 0.0037140846252441406 19
1677143232540 0.0037140846252441406 20
1677143233525 0.0037140846252441406 21
1677143233710 0.0037140846252441406 22
1677143234728 0.0037140846252441406 23
1677143234909 0.0037140846252441406 24
1677143235880 0.0037140846252441406 25
1677143236061 0.0037140846252441406 26
1677143237121 0.0037140846252441406 27
1677143237309 0.0037140846252441406 28
1677143238298 0.0037140846252441406 29
1677143238481 0.0037140846252441406 30
1677143239455 0.0037140846252441406 31
1677143239651 0.0037140846252441406 32
1677143240670 0.0037140846252441406 33
1677143240857 0.0037140846252441406 34
1677143241852 0.0037140846252441406 35
1677143242037 0.0037140846252441406 36
1677143243019 0.0037140846252441406 37
1677143243205 0.0037140846252441406 38
1677143244247 0.0037140846252441406 39
1677143244430 0.0037140846252441406 40
1677143245401 0.0037140846252441406 41
1677143245590 0.0037140846252441406 42
1677143246561 0.0037140846252441406 43
1677143246745 0.0037140846252441406 44
1677143247743 0.0037140846252441406 45
1677143247932 0.0037140846252441406 46
1677143248894 0.0037140846252441406 47
1677143249077 0.0037140846252441406 48
1677143250060 0.0037140846252441406 49
1677143250316 0.0037140846252441406 50
1677143251299 0.0037140846252441406 51
1677143251489 0.0037140846252441406 52
1677143252494 0.0037140846252441406 53
1677143252681 0.0037140846252441406 54
1677143253662 0.0037140846252441406 55
1677143253847 0.0037140846252441406 56
1677143254820 0.0037140846252441406 57
1677143255007 0.0037140846252441406 58
1677143255980 0.0037140846252441406 59
1677143256162 0.0037140846252441406 60
1677143257179 0.0037140846252441406 61
1677143257370 0.0037140846252441406 62
1677143258368 0.0037140846252441406 63
1677143258556 0.0037140846252441406 64
1677143259553 0.0037140846252441406 65
1677143259739 0.0037140846252441406 66
1677143260866 0.0037140846252441406 67
1677143261090 0.0037140846252441406 68
1677143262138 0.0037140846252441406 69
1677143262350 0.0037140846252441406 70
1677143263322 0.0037140846252441406 71
1677143263584 0.0037140846252441406 72
1677143264571 0.0037140846252441406 73
1677143264759 0.0037140846252441406 74
1677143265750 0.0037140846252441406 75
1677143265935 0.0037140846252441406 76
1677143266931 0.0037140846252441406 77
1677143267124 0.0037140846252441406 78
1677143268140 0.0037140846252441406 79
1677143268342 0.0037140846252441406 80
1677143269319 0.0037140846252441406 81
1677143269510 0.0037140846252441406 82
1677143270563 0.0037140846252441406 83
1677143270751 0.0037140846252441406 84
1677143271728 0.0037140846252441406 85
1677143271891 0.0037140846252441406 86
1677143272856 0.0037140846252441406 87
1677143273044 0.0037140846252441406 88
1677143274010 0.0037140846252441406 89
1677143274197 0.0037140846252441406 90
1677143275171 0.0037140846252441406 91
1677143275358 0.0037140846252441406 92
1677143276343 0.0037140846252441406 93
1677143276627 0.0037140846252441406 94
1677143277709 0.0037140846252441406 95
1677143277927 0.0037140846252441406 96
1677143278996 0.0037140846252441406 97
1677143279209 0.0037140846252441406 98
1677143280362 0.0037140846252441406 99
1677143280568 0.0037140846252441406 100
1677143281663 0.0037140846252441406 101
1677143281865 0.0037140846252441406 102
1677143282891 0.0037140846252441406 103
1677143283090 0.0037140846252441406 104
1677143284199 0.0037140846252441406 105
1677143284390 0.0037140846252441406 106
1677143285407 0.0037140846252441406 107
1677143285594 0.0037140846252441406 108
1677143286570 0.0037140846252441406 109
1677143286776 0.0037140846252441406 110
1677143287831 0.0037140846252441406 111
1677143288018 0.0037140846252441406 112
1677143289018 0.0037140846252441406 113
1677143289207 0.0037140846252441406 114
1677143290326 0.0037140846252441406 115
1677143290519 0.0037140846252441406 116
1677143291592 0.0037140846252441406 117
1677143291810 0.0037140846252441406 118
1677143292917 0.0037140846252441406 119
1677143293109 0.0037140846252441406 120
1677143294110 0.0037140846252441406 121
1677143294302 0.0037140846252441406 122
1677143295299 0.0037140846252441406 123
1677143295489 0.0037140846252441406 124
1677143296470 0.0037140846252441406 125
1677143296659 0.0037140846252441406 126
1677143297706 0.0037140846252441406 127
1677143297896 0.0037140846252441406 128
1677143298872 0.0037140846252441406 129
1677143299056 0.0037140846252441406 130
1677143300040 0.0037140846252441406 131
1677143300243 0.0037140846252441406 132
1677143301236 0.0037140846252441406 133
1677143301428 0.0037140846252441406 134
1677143302411 0.0037140846252441406 135
1677143302600 0.0037140846252441406 136
1677143303596 0.0037140846252441406 137
1677143303787 0.0037140846252441406 138
1677143304853 0.0037140846252441406 139
1677143305047 0.0037140846252441406 140
1677143306073 0.0037140846252441406 141
1677143306272 0.0037140846252441406 142
1677143307265 0.0037140846252441406 143
1677143307454 0.0037140846252441406 144
1677143308444 0.0037140846252441406 145
1677143308635 0.0037140846252441406 146
1677143309613 0.0037140846252441406 147
1677143309801 0.0037140846252441406 148
1677143310851 0.0037140846252441406 149
1677143311042 0.0037140846252441406 150
1677143312005 0.0037140846252441406 151
1677143312198 0.0037140846252441406 152
1677143313164 0.0037140846252441406 153
1677143313356 0.0037140846252441406 154
1677143314324 0.0037140846252441406 155
1677143314513 0.0037140846252441406 156
1677143315501 0.0037140846252441406 157
1677143315690 0.0037140846252441406 158
1677143316672 0.0037140846252441406 159
1677143316835 0.0037140846252441406 160
1677143317906 0.0037140846252441406 161
1677143318104 0.0037140846252441406 162
1677143319121 0.0037140846252441406 163
1677143319324 0.0037140846252441406 164
1677143320309 0.0037140846252441406 165
1677143320503 0.0037140846252441406 166
1677143321488 0.0037140846252441406 167
1677143321682 0.0037140846252441406 168
1677143322669 0.0037140846252441406 169
1677143322862 0.0037140846252441406 170
1677143323913 0.0037140846252441406 171
1677143324109 0.0037140846252441406 172
1677143325088 0.0037140846252441406 173
1677143325282 0.0037140846252441406 174
1677143326255 0.0037140846252441406 175
1677143326448 0.0037140846252441406 176
1677143327418 0.0037140846252441406 177
1677143327608 0.0037140846252441406 178
1677143328586 0.0037140846252441406 179
1677143328778 0.0037140846252441406 180
1677143329778 0.0037140846252441406 181
1677143329973 0.0037140846252441406 182
1677143331040 0.0037140846252441406 183
1677143331237 0.0037140846252441406 184
1677143332227 0.0037140846252441406 185
1677143332421 0.0037140846252441406 186
1677143333408 0.0037140846252441406 187
1677143333604 0.0037140846252441406 188
1677143334644 0.0037140846252441406 189
1677143334836 0.0037140846252441406 190
1677143335818 0.0037140846252441406 191
1677143336009 0.0037140846252441406 192
1677143337002 0.0037140846252441406 193
1677143337268 0.0037140846252441406 194
1677143338255 0.0037140846252441406 195
1677143338453 0.0037140846252441406 196
1677143339425 0.0037140846252441406 197
1677143339616 0.0037140846252441406 198
1677143340601 0.0037140846252441406 199
1677143340794 0.0037140846252441406 200
1677143341787 0.0037140846252441406 201
1677143341981 0.0037140846252441406 202
1677143342975 0.0037140846252441406 203
1677143343167 0.0037140846252441406 204
1677143344244 0.0037140846252441406 205
1677143344439 0.0037140846252441406 206
1677143345463 0.0037140846252441406 207
1677143345660 0.0037140846252441406 208
1677143346686 0.0037140846252441406 209
1677143346849 0.0037140846252441406 210
1677143347831 0.0037140846252441406 211
1677143348020 0.0037140846252441406 212
1677143349010 0.0037140846252441406 213
1677143349202 0.0037140846252441406 214
1677143350193 0.0037140846252441406 215
1677143350465 0.0037140846252441406 216
1677143351443 0.0037140846252441406 217
1677143351642 0.0037140846252441406 218
1677143352632 0.0037140846252441406 219
1677143352833 0.0037140846252441406 220
1677143353812 0.0037140846252441406 221
1677143354005 0.0037140846252441406 222
1677143355015 0.0037140846252441406 223
1677143355211 0.0037140846252441406 224
1677143356198 0.0037140846252441406 225
1677143356396 0.0037140846252441406 226
1677143357471 0.0037140846252441406 227
1677143357671 0.0037140846252441406 228
1677143358677 0.0037140846252441406 229
1677143358874 0.0037140846252441406 230
1677143359862 0.0037140846252441406 231
1677143360058 0.0037140846252441406 232
1677143361027 0.0037140846252441406 233
1677143361228 0.0037140846252441406 234
1677143362211 0.0037140846252441406 235
1677143362412 0.0037140846252441406 236
1677143363392 0.0037140846252441406 237
1677143363667 0.0037140846252441406 238
1677143364643 0.0037140846252441406 239
1677143364839 0.0037140846252441406 240
1677143365832 0.0037140846252441406 241
1677143366028 0.0037140846252441406 242
1677143367000 0.0037140846252441406 243
1677143367193 0.0037140846252441406 244
1677143368204 0.0037140846252441406 245
1677143368398 0.0037140846252441406 246
1677143369386 0.0037140846252441406 247
1677143369578 0.0037140846252441406 248
1677143370652 0.0037140846252441406 249
1677143370849 0.0037140846252441406 250
1677143371858 0.0037140846252441406 251
1677143372053 0.0037140846252441406 252
1677143373092 0.0037140846252441406 253
1677143373289 0.0037140846252441406 254
1677143374272 0.0037140846252441406 255
1677143374470 0.0037140846252441406 256
1677143375440 0.0037140846252441406 257
1677143375634 0.0037140846252441406 258
1677143376620 0.0037140846252441406 259
1677143376811 0.0037140846252441406 260
1677143377856 0.0037140846252441406 261
1677143378055 0.0037140846252441406 262
1677143379034 0.0037140846252441406 263
1677143379232 0.0037140846252441406 264
1677143380207 0.0037140846252441406 265
1677143380407 0.0037140846252441406 266
1677143381393 0.0037140846252441406 267
1677143381589 0.0037140846252441406 268
1677143382569 0.0037140846252441406 269
1677143382764 0.0037140846252441406 270
1677143383837 0.0037140846252441406 271
1677143384035 0.0037140846252441406 272
1677143385059 0.0037140846252441406 273
1677143385253 0.0037140846252441406 274
1677143386258 0.0037140846252441406 275
1677143386454 0.0037140846252441406 276
1677143387443 0.0037140846252441406 277
1677143387640 0.0037140846252441406 278
1677143388659 0.0037140846252441406 279
1677143388857 0.0037140846252441406 280
1677143389846 0.0037140846252441406 281
1677143390044 0.0037140846252441406 282
1677143391111 0.0037140846252441406 283
1677143391313 0.0037140846252441406 284
1677143392298 0.0037140846252441406 285
1677143392501 0.0037140846252441406 286
1677143393485 0.0037140846252441406 287
1677143393682 0.0037140846252441406 288
1677143394690 0.0037140846252441406 289
1677143394886 0.0037140846252441406 290
1677143395895 0.0037140846252441406 291
1677143396099 0.0037140846252441406 292
1677143397183 0.0037140846252441406 293
1677143397392 0.0037140846252441406 294
1677143398394 0.0037140846252441406 295
1677143398597 0.0037140846252441406 296
1677143399593 0.0037140846252441406 297
1677143399800 0.0037140846252441406 298
1677143401226 0.0037140846252441406 299
1677143401437 0.0037140846252441406 300
1677143401671 0.0037140846252441406 301
