1680273170910 1.0 1
1680273171094 2.0 2
1680273172604 3.0 3
1680273172803 4.0 4
1680273174395 5.0 5
1680273174590 6.0 6
1680273176101 7.0 7
1680273176318 8.0 8
1680273177758 9.0 9
1680273177937 10.0 10
1680273179330 11.0 11
1680273179504 12.0 12
1680273180932 13.0 13
1680273181109 14.0 14
1680273182584 15.0 15
1680273182737 16.0 16
1680273184141 17.0 17
1680273184316 18.0 18
1680273185710 19.0 19
1680273185887 20.0 20
1680273187272 21.0 21
1680273187462 22.0 22
1680273188876 23.0 23
1680273189056 24.0 24
1680273190571 25.0 25
1680273190748 26.0 26
1680273192197 27.0 27
1680273192379 28.0 28
1680273193829 29.0 29
1680273194007 30.0 30
1680273195464 31.0 31
1680273195647 32.0 32
1680273197091 33.0 33
1680273197276 34.0 34
1680273198810 35.0 35
1680273199013 36.0 36
1680273200461 37.0 37
1680273200644 38.0 38
1680273202139 39.0 39
1680273202355 40.0 40
1680273203992 41.0 41
1680273204239 42.0 42
1680273205785 43.0 43
1680273205993 44.0 44
1680273207616 45.0 45
1680273207858 46.0 46
1680273209350 47.0 47
1680273209575 48.0 48
1680273211175 49.0 49
1680273211356 50.0 50
1680273212764 51.0 51
1680273212950 52.0 52
1680273214407 53.0 53
1680273214599 54.0 54
1680273216143 55.0 55
1680273216321 56.0 56
1680273217752 57.0 57
1680273217935 58.0 58
1680273219318 59.0 59
1680273219517 60.0 60
1680273221013 61.0 61
1680273221206 62.0 62
1680273222605 63.0 63
1680273222781 64.0 64
1680273224222 65.0 65
1680273224414 66.0 66
1680273225831 67.0 67
1680273226020 68.0 68
1680273227417 69.0 69
1680273227597 70.0 70
1680273228994 71.0 71
1680273229171 72.0 72
1680273230579 73.0 73
1680273230761 74.0 74
1680273232218 75.0 75
1680273232481 76.0 76
1680273233906 77.0 77
1680273234099 78.0 78
1680273235532 79.0 79
1680273235756 80.0 80
1680273237291 81.0 81
1680273237684 82.0 82
1680273239203 83.0 83
1680273239402 84.0 84
1680273240832 85.0 85
1680273241057 86.0 86
1680273242523 87.0 87
1680273242694 88.0 88
1680273244167 89.0 89
1680273244352 90.0 90
1680273245798 91.0 91
1680273245986 92.0 92
1680273247506 93.0 93
1680273247706 94.0 94
1680273249147 95.0 95
1680273249334 96.0 96
1680273250764 97.0 97
1680273250949 98.0 98
1680273252414 99.0 99
1680273252602 100.0 100
1680273254034 101.0 101
1680273254242 102.0 102
1680273255732 103.0 103
1680273255916 104.0 104
1680273257349 105.0 105
1680273257533 106.0 106
1680273258934 107.0 107
1680273259126 108.0 108
1680273260611 109.0 109
1680273260799 110.0 110
1680273262339 111.0 111
1680273262535 112.0 112
1680273264163 113.0 113
1680273264375 114.0 114
1680273265909 115.0 115
1680273266109 116.0 116
1680273267544 117.0 117
1680273267734 118.0 118
1680273269159 119.0 119
1680273269344 120.0 120
1680273270802 121.0 121
1680273270992 122.0 122
1680273272486 123.0 123
1680273272671 124.0 124
1680273274105 125.0 125
1680273274287 126.0 126
1680273275705 127.0 127
1680273275895 128.0 128
1680273277300 129.0 129
1680273277483 130.0 130
1680273278905 131.0 131
1680273279094 132.0 132
1680273280626 133.0 133
1680273280814 134.0 134
1680273282259 135.0 135
1680273282448 136.0 136
1680273283852 137.0 137
1680273284043 138.0 138
1680273285495 139.0 139
1680273285686 140.0 140
1680273287137 141.0 141
1680273287343 142.0 142
1680273288841 143.0 143
1680273289031 144.0 144
1680273290467 145.0 145
1680273290659 146.0 146
1680273292127 147.0 147
1680273292337 148.0 148
1680273293914 149.0 149
1680273294122 150.0 150
1680273295682 151.0 151
1680273295898 152.0 152
1680273297509 153.0 153
1680273297703 154.0 154
1680273299143 155.0 155
1680273299332 156.0 156
1680273300792 157.0 157
1680273300980 158.0 158
1680273302411 159.0 159
1680273302602 160.0 160
1680273304023 161.0 161
1680273304217 162.0 162
1680273305665 163.0 163
1680273305935 164.0 164
1680273307412 165.0 165
1680273307602 166.0 166
1680273309051 167.0 167
1680273309245 168.0 168
1680273310684 169.0 169
1680273310877 170.0 170
1680273312315 171.0 171
1680273312507 172.0 172
1680273313930 173.0 173
1680273314228 174.0 174
1680273315697 175.0 175
1680273315887 176.0 176
1680273317340 177.0 177
1680273317534 178.0 178
1680273318917 179.0 179
1680273319110 180.0 180
1680273320569 181.0 181
1680273320765 182.0 182
1680273322224 183.0 183
1680273322420 184.0 184
1680273324028 185.0 185
1680273324237 186.0 186
1680273325763 187.0 187
1680273325989 188.0 188
1680273327529 189.0 189
1680273327730 190.0 190
1680273329159 191.0 191
1680273329356 192.0 192
1680273330777 193.0 193
1680273330989 194.0 194
1680273332494 195.0 195
1680273332679 196.0 196
1680273334130 197.0 197
1680273334323 198.0 198
1680273335807 199.0 199
1680273336009 200.0 200
1680273337455 201.0 201
1680273337664 202.0 202
1680273339119 203.0 203
1680273339315 204.0 204
1680273340874 205.0 205
1680273341090 206.0 206
1680273342547 207.0 207
1680273342741 208.0 208
1680273344191 209.0 209
1680273344416 210.0 210
1680273345864 211.0 211
1680273346059 212.0 212
1680273347540 213.0 213
1680273347702 214.0 214
1680273349207 215.0 215
1680273349401 216.0 216
1680273350838 217.0 217
1680273351034 218.0 218
1680273352589 219.0 219
1680273352809 220.0 220
1680273354379 221.0 221
1680273354595 222.0 222
1680273356225 223.0 223
1680273356436 224.0 224
1680273358109 225.0 225
1680273358327 226.0 226
1680273359817 227.0 227
1680273360022 228.0 228
1680273361494 229.0 229
1680273361686 230.0 230
1680273363105 231.0 231
1680273363297 232.0 232
1680273364759 233.0 233
1680273364954 234.0 234
1680273366477 235.0 235
1680273366666 236.0 236
1680273368092 237.0 237
1680273368281 238.0 238
1680273369696 239.0 239
1680273369892 240.0 240
1680273371326 241.0 241
1680273371525 242.0 242
1680273372947 243.0 243
1680273373138 244.0 244
1680273374664 245.0 245
1680273374852 246.0 246
1680273376308 247.0 247
1680273376498 248.0 248
1680273377924 249.0 249
1680273378116 250.0 250
1680273379593 251.0 251
1680273379786 252.0 252
1680273381288 253.0 253
1680273381523 254.0 254
1680273383164 255.0 255
1680273383384 256.0 256
1680273384932 257.0 257
1680273385141 258.0 258
1680273386628 259.0 259
1680273386835 260.0 260
1680273388298 261.0 261
1680273388503 262.0 262
1680273389944 263.0 263
1680273390132 264.0 264
1680273391568 265.0 265
1680273391849 266.0 266
1680273393299 267.0 267
1680273393499 268.0 268
1680273394952 269.0 269
1680273395147 270.0 270
1680273396597 271.0 271
1680273396801 272.0 272
1680273398267 273.0 273
1680273398493 274.0 274
1680273399940 275.0 275
1680273400235 276.0 276
1680273401671 277.0 277
1680273401872 278.0 278
1680273403342 279.0 279
1680273403577 280.0 280
1680273405031 281.0 281
1680273405233 282.0 282
1680273406712 283.0 283
1680273406920 284.0 284
1680273408386 285.0 285
1680273408613 286.0 286
1680273410197 287.0 287
1680273410414 288.0 288
1680273411931 289.0 289
1680273412151 290.0 290
1680273413668 291.0 291
1680273413897 292.0 292
1680273415404 293.0 293
1680273415631 294.0 294
1680273417252 295.0 295
1680273417469 296.0 296
1680273419108 297.0 297
1680273419374 298.0 298
1680273420885 299.0 299
1680273421092 300.0 300
1680273421232 301.0 301
