1680273170903 4.037033796310425 1
1680273171085 4.188246488571167 2
1680273172596 5.6947853565216064 3
1680273172796 5.900989532470703 4
1680273174388 7.492139577865601 5
1680273174583 7.6843366622924805 6
1680273176094 9.197438955307007 7
1680273176311 9.410199165344238 8
1680273177752 10.8584463596344 9
1680273177930 11.033117532730103 10
1680273179322 12.428030490875244 11
1680273179498 12.60213327407837 12
1680273180926 14.032900094985962 13
1680273181100 14.205912351608276 14
1680273182578 15.684879779815674 15
1680273182728 15.861039400100708 16
1680273184134 17.239028930664062 17
1680273184309 17.412994861602783 18
1680273185703 18.80643105506897 19
1680273185880 18.98742437362671 20
1680273187265 20.368733406066895 21
1680273187456 20.56318950653076 22
1680273188869 21.975011825561523 23
1680273189050 22.152196645736694 24
1680273190565 23.66925573348999 25
1680273190742 23.845974683761597 26
1680273192190 25.291963815689087 27
1680273192372 25.477110385894775 28
1680273193821 26.92525839805603 29
1680273194001 27.10398530960083 30
1680273195458 28.559072017669678 31
1680273195641 28.744185209274292 32
1680273197085 30.181273221969604 33
1680273197269 30.373053312301636 34
1680273198803 31.93773913383484 35
1680273199006 32.109110593795776 36
1680273200454 33.55731821060181 37
1680273200637 33.739760637283325 38
1680273202129 35.22807812690735 39
1680273202345 35.44105052947998 40
1680273203985 37.10981225967407 41
1680273204232 37.31970715522766 42
1680273205777 38.875287771224976 43
1680273205984 39.077019929885864 44
1680273207604 40.70632028579712 45
1680273207847 40.92113518714905 46
1680273209343 42.44439077377319 47
1680273209568 42.6722412109375 48
1680273211169 44.15296387672424 49
1680273211349 44.45019507408142 50
1680273212758 45.891010761260986 51
1680273212943 46.04446268081665 52
1680273214400 47.50351142883301 53
1680273214593 47.69179034233093 54
1680273216136 49.231284856796265 55
1680273216315 49.417938470840454 56
1680273217745 50.87820506095886 57
1680273217928 51.02496314048767 58
1680273219310 52.40717101097107 59
1680273219510 52.608201026916504 60
1680273221005 54.108187198638916 61
1680273221199 54.2989776134491 62
1680273222599 55.69947028160095 63
1680273222775 55.8770227432251 64
1680273224215 57.318244218826294 65
1680273224408 57.5118134021759 66
1680273225824 58.92622756958008 67
1680273226014 59.11347007751465 68
1680273227410 60.51486349105835 69
1680273227590 60.6921660900116 70
1680273228987 62.11926507949829 71
1680273229164 62.2670042514801 72
1680273230572 63.67338967323303 73
1680273230754 63.85622262954712 74
1680273232211 65.31199622154236 75
1680273232474 65.57419848442078 76
1680273233899 67.02701210975647 77
1680273234093 67.18491530418396 78
1680273235524 68.62217545509338 79
1680273235749 68.84340023994446 80
1680273237283 70.36428928375244 81
1680273237675 70.61698079109192 82
1680273239197 72.29380321502686 83
1680273239395 72.48785972595215 84
1680273240825 73.91616010665894 85
1680273241048 74.14411330223083 86
1680273242516 75.61515378952026 87
1680273242688 75.81543946266174 88
1680273244161 77.25992608070374 89
1680273244345 77.44178485870361 90
1680273245791 78.89019083976746 91
1680273245979 79.07598805427551 92
1680273247498 80.5982027053833 93
1680273247698 80.79626178741455 94
1680273249140 82.23857307434082 95
1680273249327 82.42604207992554 96
1680273250758 83.85612988471985 97
1680273250942 84.03973126411438 98
1680273252408 85.50565576553345 99
1680273252595 85.69476246833801 100
1680273254027 87.12706017494202 101
1680273254236 87.33532929420471 102
1680273255726 88.82499933242798 103
1680273255909 89.01023483276367 104
1680273257336 90.43522000312805 105
1680273257527 90.62734389305115 106
1680273258927 92.05810451507568 107
1680273259119 92.21212840080261 108
1680273260604 93.69983887672424 109
1680273260793 93.88916850090027 110
1680273262330 95.42539525032043 111
1680273262528 95.6247489452362 112
1680273264156 97.252121925354 113
1680273264368 97.45699787139893 114
1680273265899 98.99112606048584 115
1680273266103 99.19780397415161 116
1680273267536 100.63425827026367 117
1680273267728 100.82826209068298 118
1680273269153 102.25333380699158 119
1680273269337 102.43713808059692 120
1680273270796 103.89216208457947 121
1680273270986 104.08332777023315 122
1680273272479 105.57813835144043 123
1680273272664 105.76213312149048 124
1680273274098 107.19353699684143 125
1680273274280 107.37923121452332 126
1680273275698 108.7981607913971 127
1680273275889 108.98902440071106 128
1680273277293 110.39134073257446 129
1680273277477 110.57511115074158 130
1680273278898 111.99489259719849 131
1680273279087 112.18585467338562 132
1680273280619 113.71707534790039 133
1680273280807 113.90417265892029 134
1680273282252 115.35034990310669 135
1680273282440 115.53875589370728 136
1680273283846 116.94377636909485 137
1680273284036 117.13467764854431 138
1680273285489 118.58501529693604 139
1680273285679 118.77408838272095 140
1680273287130 120.22518968582153 141
1680273287337 120.432044506073 142
1680273288834 121.9661328792572 143
1680273289024 122.12186980247498 144
1680273290459 123.55698323249817 145
1680273290652 123.75014615058899 146
1680273292119 125.21097135543823 147
1680273292328 125.41816687583923 148
1680273293907 126.99027991294861 149
1680273294115 127.20511031150818 150
1680273295675 128.76393914222717 151
1680273295890 128.97563672065735 152
1680273297503 130.59965872764587 153
1680273297697 130.79226064682007 154
1680273299135 132.23337960243225 155
1680273299325 132.4229588508606 156
1680273300785 133.88221096992493 157
1680273300973 134.06960463523865 158
1680273302404 135.49492239952087 159
1680273302595 135.68788266181946 160
1680273304016 137.14592599868774 161
1680273304209 137.301189661026 162
1680273305658 138.75305604934692 163
1680273305929 139.02210545539856 164
1680273307405 140.50115442276 165
1680273307595 140.69195175170898 166
1680273309043 142.13929200172424 167
1680273309239 142.33436489105225 168
1680273310676 143.77232122421265 169
1680273310867 143.95931124687195 170
1680273312308 145.40399622917175 171
1680273312499 145.5944366455078 172
1680273313924 147.01587390899658 173
1680273314220 147.30924129486084 174
1680273315690 148.7848596572876 175
1680273315880 148.97526454925537 176
1680273317332 150.42734003067017 177
1680273317527 150.62528491020203 178
1680273318911 152.0420002937317 179
1680273319102 152.19380044937134 180
1680273320562 153.6550042629242 181
1680273320757 153.85101747512817 182
1680273322217 155.30928111076355 183
1680273322407 155.50219440460205 184
1680273324021 157.1083047389984 185
1680273324229 157.31669425964355 186
1680273325756 158.84520435333252 187
1680273325981 159.07121419906616 188
1680273327522 160.6118061542511 189
1680273327723 160.8171751499176 190
1680273329152 162.23999404907227 191
1680273329349 162.43610978126526 192
1680273330770 163.86129760742188 193
1680273330982 164.0788996219635 194
1680273332487 165.5819935798645 195
1680273332672 165.7711660861969 196
1680273334123 167.21812272071838 197
1680273334317 167.4103183746338 198
1680273335800 168.89487624168396 199
1680273336002 169.09214162826538 200
1680273337448 170.54205298423767 201
1680273337657 170.73314023017883 202
1680273339113 172.2071659564972 203
1680273339309 172.40314030647278 204
1680273340867 173.9611210823059 205
1680273341084 174.17711114883423 206
1680273342540 175.63593816757202 207
1680273342734 175.82506036758423 208
1680273344185 177.27588319778442 209
1680273344409 177.49304008483887 210
1680273345858 178.9503140449524 211
1680273346053 179.1429479122162 212
1680273347533 180.6268928050995 213
1680273347694 180.82106065750122 214
1680273349200 182.2938413619995 215
1680273349394 182.48724055290222 216
1680273350832 183.91795563697815 217
1680273351027 184.11613988876343 218
1680273352582 185.66812777519226 219
1680273352802 185.8857491016388 220
1680273354372 187.45606780052185 221
1680273354585 187.66990685462952 222
1680273356217 189.29978227615356 223
1680273356429 189.51490187644958 224
1680273358102 191.1847960948944 225
1680273358319 191.40761375427246 226
1680273359810 192.9000542163849 227
1680273360014 193.10710167884827 228
1680273361486 194.57713270187378 229
1680273361678 194.76933026313782 230
1680273363098 196.22738695144653 231
1680273363290 196.3819534778595 232
1680273364752 197.843186378479 233
1680273364947 198.03824305534363 234
1680273366471 199.56185865402222 235
1680273366660 199.7532205581665 236
1680273368085 201.17925643920898 237
1680273368274 201.36811780929565 238
1680273369690 202.78352642059326 239
1680273369886 202.9785885810852 240
1680273371314 204.4039454460144 241
1680273371519 204.61202144622803 242
1680273372940 206.03351593017578 243
1680273373131 206.22309756278992 244
1680273374657 207.75115036964417 245
1680273374845 207.940003156662 246
1680273376302 209.39500951766968 247
1680273376491 209.58631658554077 248
1680273377917 211.04635667800903 249
1680273378109 211.2009837627411 250
1680273379585 212.66996479034424 251
1680273379779 212.87195825576782 252
1680273381279 214.3617775440216 253
1680273381516 214.59699964523315 254
1680273383157 216.24291229248047 255
1680273383377 216.44843554496765 256
1680273384924 218.0104022026062 257
1680273385134 218.22096872329712 258
1680273386622 219.71373987197876 259
1680273386824 219.90961384773254 260
1680273388290 221.37626671791077 261
1680273388496 221.58003544807434 262
1680273389937 223.02957344055176 263
1680273390126 223.21990966796875 264
1680273391562 224.65380930900574 265
1680273391842 224.9265012741089 266
1680273393292 226.4219937324524 267
1680273393492 226.57901883125305 268
1680273394945 228.0399239063263 269
1680273395141 228.23110508918762 270
1680273396591 229.6812560558319 271
1680273396794 229.87497353553772 272
1680273398260 231.34592485427856 273
1680273398484 231.54918670654297 274
1680273399933 233.00653648376465 275
1680273400227 233.31213784217834 276
1680273401663 234.74618864059448 277
1680273401865 234.95211362838745 278
1680273403336 236.41810369491577 279
1680273403569 236.6478786468506 280
1680273405024 238.1100835800171 281
1680273405227 238.31101822853088 282
1680273406704 239.78413915634155 283
1680273406913 240.0011487007141 284
1680273408378 241.50526094436646 285
1680273408603 241.68185019493103 286
1680273410191 243.2795934677124 287
1680273410405 243.4879388809204 288
1680273411925 245.05121111869812 289
1680273412144 245.2161102294922 290
1680273413661 246.74876952171326 291
1680273413887 246.96399807929993 292
1680273415396 248.48380589485168 293
1680273415623 248.70208740234375 294
1680273417246 250.33788681030273 295
1680273417464 250.5497531890869 296
1680273419102 252.1904013156891 297
1680273419365 252.43109679222107 298
1680273420876 253.9577956199646 299
1680273421084 254.17225313186646 300
1680273421226 254.3167519569397 301
