1680273170895 4.037033796310425 1
1680273171079 0.1512126922607422 2
1680273172587 1.5065388679504395 3
1680273172788 0.20620417594909668 4
1680273174381 1.5911500453948975 5
1680273174576 0.19219708442687988 6
1680273176087 1.5131022930145264 7
1680273176304 0.21276021003723145 8
1680273177745 1.4482471942901611 9
1680273177923 0.17467117309570312 10
1680273179315 1.3949129581451416 11
1680273179491 0.174102783203125 12
1680273180919 1.4307668209075928 13
1680273181093 0.17301225662231445 14
1680273182571 1.4789674282073975 15
1680273182721 0.17615962028503418 16
1680273184127 1.3779895305633545 17
1680273184302 0.1739659309387207 18
1680273185696 1.3934361934661865 19
1680273185873 0.18099331855773926 20
1680273187256 1.3813090324401855 21
1680273187449 0.1944561004638672 22
1680273188862 1.4118223190307617 23
1680273189043 0.1771848201751709 24
1680273190558 1.517059087753296 25
1680273190735 0.17671895027160645 26
1680273192182 1.4459891319274902 27
1680273192365 0.18514657020568848 28
1680273193814 1.4481480121612549 29
1680273193995 0.1787269115447998 30
1680273195449 1.4550867080688477 31
1680273195634 0.18511319160461426 32
1680273197078 1.4370880126953125 33
1680273197262 0.19178009033203125 34
1680273198797 1.5646858215332031 35
1680273199000 0.1713714599609375 36
1680273200448 1.4482076168060303 37
1680273200629 0.18244242668151855 38
1680273202121 1.4883174896240234 39
1680273202338 0.21297240257263184 40
1680273203974 1.6687617301940918 41
1680273204225 0.20989489555358887 42
1680273205770 1.5555806159973145 43
1680273205977 0.20173215866088867 44
1680273207597 1.6293003559112549 45
1680273207834 0.2148149013519287 46
1680273209336 1.5232555866241455 47
1680273209562 0.22785043716430664 48
1680273211162 1.4807226657867432 49
1680273211342 0.29723119735717773 50
1680273212751 1.4408156871795654 51
1680273212936 0.15345191955566406 52
1680273214393 1.4590487480163574 53
1680273214586 0.1882789134979248 54
1680273216129 1.539494514465332 55
1680273216308 0.18665361404418945 56
1680273217738 1.4602665901184082 57
1680273217922 0.1467580795288086 58
1680273219303 1.3822078704833984 59
1680273219503 0.20103001594543457 60
1680273220999 1.499986171722412 61
1680273221192 0.19079041481018066 62
1680273222592 1.4004926681518555 63
1680273222767 0.1775524616241455 64
1680273224207 1.4412214756011963 65
1680273224401 0.19356918334960938 66
1680273225817 1.4144141674041748 67
1680273226006 0.1872425079345703 68
1680273227404 1.4013934135437012 69
1680273227584 0.17730259895324707 70
1680273228979 1.4270989894866943 71
1680273229157 0.14773917198181152 72
1680273230565 1.4063854217529297 73
1680273230747 0.18283295631408691 74
1680273232203 1.4557735919952393 75
1680273232468 0.26220226287841797 76
1680273233892 1.4528136253356934 77
1680273234083 0.15790319442749023 78
1680273235513 1.4372601509094238 79
1680273235742 0.22122478485107422 80
1680273237276 1.5208890438079834 81
1680273237667 0.25269150733947754 82
1680273239189 1.6768224239349365 83
1680273239388 0.19405651092529297 84
1680273240818 1.428300380706787 85
1680273241041 0.22795319557189941 86
1680273242509 1.4710404872894287 87
1680273242680 0.2002856731414795 88
1680273244154 1.4444866180419922 89
1680273244337 0.18185877799987793 90
1680273245784 1.4484059810638428 91
1680273245972 0.18579721450805664 92
1680273247492 1.522214651107788 93
1680273247691 0.19805908203125 94
1680273249133 1.4423112869262695 95
1680273249320 0.1874690055847168 96
1680273250751 1.4300878047943115 97
1680273250935 0.18360137939453125 98
1680273252401 1.4659245014190674 99
1680273252588 0.18910670280456543 100
1680273254019 1.432297706604004 101
1680273254228 0.2082691192626953 102
1680273255719 1.4896700382232666 103
1680273255902 0.18523550033569336 104
1680273257327 1.4249851703643799 105
1680273257519 0.1921238899230957 106
1680273258920 1.4307606220245361 107
1680273259113 0.1540238857269287 108
1680273260597 1.4877104759216309 109
1680273260783 0.1893296241760254 110
1680273262323 1.536226749420166 111
1680273262520 0.19935369491577148 112
1680273264149 1.6273729801177979 113
1680273264361 0.20487594604492188 114
1680273265893 1.534128189086914 115
1680273266095 0.20667791366577148 116
1680273267529 1.4364542961120605 117
1680273267721 0.19400382041931152 118
1680273269146 1.4250717163085938 119
1680273269330 0.18380427360534668 120
1680273270789 1.455024003982544 121
1680273270978 0.19116568565368652 122
1680273272472 1.4948105812072754 123
1680273272657 0.18399477005004883 124
1680273274091 1.4314038753509521 125
1680273274272 0.18569421768188477 126
1680273275691 1.4189295768737793 127
1680273275882 0.19086360931396484 128
1680273277286 1.4023163318634033 129
1680273277470 0.18377041816711426 130
1680273278891 1.4197814464569092 131
1680273279080 0.1909620761871338 132
1680273280612 1.5312206745147705 133
1680273280801 0.18709731101989746 134
1680273282246 1.4461772441864014 135
1680273282432 0.18840599060058594 136
1680273283838 1.4050204753875732 137
1680273284030 0.1909012794494629 138
1680273285482 1.4503376483917236 139
1680273285672 0.1890730857849121 140
1680273287123 1.451101303100586 141
1680273287329 0.20685482025146484 142
1680273288828 1.534088373184204 143
1680273289017 0.15573692321777344 144
1680273290451 1.4351134300231934 145
1680273290645 0.1931629180908203 146
1680273292113 1.4608252048492432 147
1680273292321 0.20719552040100098 148
1680273293900 1.572113037109375 149
1680273294108 0.2148303985595703 150
1680273295668 1.5588288307189941 151
1680273295882 0.21169757843017578 152
1680273297495 1.6240220069885254 153
1680273297690 0.19260191917419434 154
1680273299129 1.4411189556121826 155
1680273299318 0.18957924842834473 156
1680273300779 1.459252119064331 157
1680273300966 0.1873936653137207 158
1680273302398 1.4253177642822266 159
1680273302589 0.19296026229858398 160
1680273304009 1.4580433368682861 161
1680273304201 0.15526366233825684 162
1680273305649 1.4518663883209229 163
1680273305922 0.26904940605163574 164
1680273307398 1.4790489673614502 165
1680273307589 0.1907973289489746 166
1680273309036 1.4473402500152588 167
1680273309232 0.19507288932800293 168
1680273310670 1.4379563331604004 169
1680273310859 0.18699002265930176 170
1680273312302 1.4446849822998047 171
1680273312494 0.19044041633605957 172
1680273313916 1.4214372634887695 173
1680273314214 0.2933673858642578 174
1680273315682 1.4756183624267578 175
1680273315874 0.19040489196777344 176
1680273317324 1.452075481414795 177
1680273317520 0.19794487953186035 178
1680273318904 1.416715383529663 179
1680273319094 0.15180015563964844 180
1680273320555 1.4612038135528564 181
1680273320749 0.1960132122039795 182
1680273322210 1.458263635635376 183
1680273322400 0.19291329383850098 184
1680273324014 1.6061103343963623 185
1680273324222 0.2083895206451416 186
1680273325749 1.5285100936889648 187
1680273325974 0.22600984573364258 188
1680273327513 1.5405919551849365 189
1680273327716 0.2053689956665039 190
1680273329146 1.422818899154663 191
1680273329342 0.19611573219299316 192
1680273330763 1.4251878261566162 193
1680273330975 0.21760201454162598 194
1680273332480 1.503093957901001 195
1680273332665 0.18917250633239746 196
1680273334116 1.4469566345214844 197
1680273334310 0.19219565391540527 198
1680273335793 1.484557867050171 199
1680273335995 0.1972653865814209 200
1680273337442 1.44991135597229 201
1680273337650 0.1910872459411621 202
1680273339107 1.4740257263183594 203
1680273339302 0.19597434997558594 204
1680273340861 1.5579807758331299 205
1680273341077 0.2159900665283203 206
1680273342534 1.458827018737793 207
1680273342728 0.18912220001220703 208
1680273344178 1.4508228302001953 209
1680273344403 0.21715688705444336 210
1680273345849 1.4572739601135254 211
1680273346046 0.19263386726379395 212
1680273347526 1.4839448928833008 213
1680273347686 0.1941678524017334 214
1680273349193 1.472780704498291 215
1680273349387 0.19339919090270996 216
1680273350825 1.4307150840759277 217
1680273351020 0.19818425178527832 218
1680273352576 1.551987886428833 219
1680273352795 0.2176213264465332 220
1680273354365 1.5703186988830566 221
1680273354577 0.21383905410766602 222
1680273356210 1.6298754215240479 223
1680273356422 0.2151196002960205 224
1680273358095 1.6698942184448242 225
1680273358314 0.22281765937805176 226
1680273359804 1.4924404621124268 227
1680273360005 0.2070474624633789 228
1680273361479 1.4700310230255127 229
1680273361671 0.19219756126403809 230
1680273363092 1.4580566883087158 231
1680273363283 0.15456652641296387 232
1680273364746 1.4612329006195068 233
1680273364940 0.19505667686462402 234
1680273366464 1.5236155986785889 235
1680273366654 0.1913619041442871 236
1680273368078 1.4260358810424805 237
1680273368268 0.18886137008666992 238
1680273369682 1.4154086112976074 239
1680273369879 0.19506216049194336 240
1680273371304 1.4253568649291992 241
1680273371512 0.20807600021362305 242
1680273372933 1.421494483947754 243
1680273373123 0.18958163261413574 244
1680273374650 1.528052806854248 245
1680273374838 0.18885278701782227 246
1680273376295 1.4550063610076904 247
1680273376485 0.19130706787109375 248
1680273377909 1.4600400924682617 249
1680273378102 0.15462708473205566 250
1680273379578 1.4689810276031494 251
1680273379772 0.20199346542358398 252
1680273381271 1.4898192882537842 253
1680273381508 0.23522210121154785 254
1680273383150 1.6459126472473145 255
1680273383369 0.20552325248718262 256
1680273384917 1.5619666576385498 257
1680273385128 0.21056652069091797 258
1680273386614 1.4927711486816406 259
1680273386812 0.19587397575378418 260
1680273388284 1.4666528701782227 261
1680273388487 0.20376873016357422 262
1680273389930 1.449537992477417 263
1680273390119 0.1903362274169922 264
1680273391554 1.4338996410369873 265
1680273391835 0.2726919651031494 266
1680273393285 1.4954924583435059 267
1680273393485 0.15702509880065918 268
1680273394938 1.4609050750732422 269
1680273395134 0.19118118286132812 270
1680273396584 1.450150966644287 271
1680273396787 0.19371747970581055 272
1680273398253 1.4709513187408447 273
1680273398476 0.2032618522644043 274
1680273399925 1.4573497772216797 275
1680273400221 0.3056013584136963 276
1680273401656 1.4340507984161377 277
1680273401858 0.20592498779296875 278
1680273403329 1.4659900665283203 279
1680273403562 0.22977495193481445 280
1680273405018 1.462204933166504 281
1680273405219 0.20093464851379395 282
1680273406697 1.473120927810669 283
1680273406906 0.2170095443725586 284
1680273408370 1.5041122436523438 285
1680273408592 0.1765892505645752 286
1680273410184 1.597743272781372 287
1680273410397 0.2083454132080078 288
1680273411917 1.56327223777771 289
1680273412137 0.16489911079406738 290
1680273413653 1.5326592922210693 291
1680273413872 0.21522855758666992 292
1680273415390 1.5198078155517578 293
1680273415616 0.21828150749206543 294
1680273417238 1.6357994079589844 295
1680273417456 0.2118663787841797 296
1680273419095 1.6406481266021729 297
1680273419358 0.24069547653198242 298
1680273420868 1.5266988277435303 299
1680273421078 0.21445751190185547 300
1680273421218 0.1444988250732422 301
