1679700448643 0.0 1
1679700448895 0.0 2
1679700449847 0.0 3
1679700450007 0.0 4
1679700450958 0.0 5
1679700451127 0.0 6
1679700452092 0.0 7
1679700452330 0.0 8
1679700453280 0.0 9
1679700453450 0.0 10
1679700454453 0.0 11
1679700454625 0.0 12
1679700455606 0.0 13
1679700455843 0.0 14
1679700456823 0.0 15
1679700456991 0.0 16
1679700457939 0.0 17
1679700458104 0.0 18
1679700459046 0.0 19
1679700459289 0.0 20
1679700460264 0.0 21
1679700460447 0.0 22
1679700461407 0.0 23
1679700461579 0.0 24
1679700462551 0.0 25
1679700462796 0.0 26
1679700463754 0.0 27
1679700463921 0.0 28
1679700464909 0.0 29
1679700465086 0.0 30
1679700466077 0.0 31
1679700466337 0.0 32
1679700467318 0.0 33
1679700467487 0.0 34
1679700468461 0.0 35
1679700468630 0.0 36
1679700469593 0.0 37
1679700469830 0.0 38
1679700470778 0.0 39
1679700470946 0.0 40
1679700471904 0.0 41
1679700472078 0.0 42
1679700473035 0.0 43
1679700473276 0.0 44
1679700474256 0.0 45
1679700474428 0.0 46
1679700475390 0.0 47
1679700475560 0.0 48
1679700476533 0.0 49
1679700476788 0.0 50
1679700477766 0.0 51
1679700477942 0.0 52
1679700478942 0.0 53
1679700479110 0.0 54
1679700480089 0.0 55
1679700480306 0.0 56
1679700481274 0.0 57
1679700481444 0.0 58
1679700482400 0.0 59
1679700482578 0.0 60
1679700483542 0.0 61
1679700483799 0.0 62
1679700484755 0.0 63
1679700484926 0.0 64
1679700485887 0.0 65
1679700486055 0.0 66
1679700487021 0.0 67
1679700487265 0.0 68
1679700488233 0.0 69
1679700488403 0.0 70
1679700489394 0.0 71
1679700489572 0.0 72
1679700490547 0.0 73
1679700490792 0.0 74
1679700491768 0.0 75
1679700491969 0.0 76
1679700492968 0.0 77
1679700493136 0.0 78
1679700494097 0.0 79
1679700494352 0.0 80
1679700495290 0.0 81
1679700495478 0.0 82
1679700496439 0.0 83
1679700496611 0.0 84
1679700497568 0.0 85
1679700497844 0.0 86
1679700498808 0.0 87
1679700498977 0.0 88
1679700499949 0.0 89
1679700500136 0.0 90
1679700501119 0.0 91
1679700501372 0.0 92
1679700502353 0.0 93
1679700502525 0.0 94
1679700503495 0.0 95
1679700503666 0.0 96
1679700504630 0.0 97
1679700504875 0.0 98
1679700505839 0.0 99
1679700506015 0.0 100
1679700507030 0.0 101
1679700507210 0.0 102
1679700508164 0.0 103
1679700508411 0.0 104
1679700509380 0.0 105
1679700509548 0.0 106
1679700510475 0.0 107
1679700510648 0.0 108
1679700511612 0.0 109
1679700511878 0.0 110
1679700512846 0.0 111
1679700513030 0.0 112
1679700514006 0.0 113
1679700514184 0.0 114
1679700515150 0.0 115
1679700515396 0.0 116
1679700516384 0.0 117
1679700516558 0.0 118
1679700517557 0.0 119
1679700517731 0.0 120
1679700518696 0.0 121
1679700518955 0.0 122
1679700519913 0.0 123
1679700520085 0.0 124
1679700521046 0.0 125
1679700521218 0.0 126
1679700522192 0.0 127
1679700522441 0.0 128
1679700523445 0.0 129
1679700523629 0.0 130
1679700524634 0.0 131
1679700524823 0.0 132
1679700525786 0.0 133
1679700526036 0.0 134
1679700527023 0.0 135
1679700527197 0.0 136
1679700528186 0.0 137
1679700528360 0.0 138
1679700529340 0.0 139
1679700529630 0.0 140
1679700530598 0.0 141
1679700530783 0.0 142
1679700531747 0.0 143
1679700531923 0.0 144
1679700532909 0.0 145
1679700533160 0.0 146
1679700534153 0.0 147
1679700534329 0.0 148
1679700535336 0.0 149
1679700535525 0.0 150
1679700536556 0.0 151
1679700536823 0.0 152
1679700537807 0.0 153
1679700537982 0.0 154
1679700538989 0.0 155
1679700539163 0.0 156
1679700540140 0.0 157
1679700540393 0.0 158
1679700541414 0.0 159
1679700541590 0.0 160
1679700542577 0.0 161
1679700542751 0.0 162
1679700543720 0.0 163
1679700543965 0.0 164
1679700544932 0.0 165
1679700545105 0.0 166
1679700546066 0.0 167
1679700546247 0.0 168
1679700547226 0.0 169
1679700547490 0.0 170
1679700548476 0.0 171
1679700548650 0.0 172
1679700549651 0.0 173
1679700549827 0.0 174
1679700550807 0.0 175
1679700551056 0.0 176
1679700552048 0.0 177
1679700552232 0.0 178
1679700553288 0.0 179
1679700553468 0.0 180
1679700554453 0.0 181
1679700554707 0.0 182
1679700555658 0.0 183
1679700555834 0.0 184
1679700556811 0.0 185
1679700556988 0.0 186
1679700557971 0.0 187
1679700558260 0.0 188
1679700559245 0.0 189
1679700559420 0.0 190
1679700560399 0.0 191
1679700560573 0.0 192
1679700561547 0.0 193
1679700561798 0.0 194
1679700562761 0.0 195
1679700562945 0.0 196
1679700563910 0.0 197
1679700564110 0.0 198
1679700565112 0.0 199
1679700565353 0.0 200
1679700566324 0.0 201
1679700566501 0.0 202
1679700567504 0.0 203
1679700567685 0.0 204
1679700568679 0.0 205
1679700568934 0.0 206
1679700569939 0.0 207
1679700570119 0.0 208
1679700571112 0.0 209
1679700571292 0.0 210
1679700572272 0.0 211
1679700572523 0.0 212
1679700573521 0.0 213
1679700573697 0.0 214
1679700574699 0.0 215
1679700574897 0.0 216
1679700575898 0.0 217
1679700576150 0.0 218
1679700577142 0.0 219
1679700577320 0.0 220
1679700578311 0.0 221
1679700578491 0.0 222
1679700579488 0.0 223
1679700579748 0.0 224
1679700580764 0.0 225
1679700580955 0.0 226
1679700581944 0.0 227
1679700582126 0.0 228
1679700583122 0.0 229
1679700583384 0.0 230
1679700584392 0.0 231
1679700584583 0.0 232
1679700585600 0.0 233
1679700585800 0.0 234
1679700586845 0.0 235
1679700587104 0.0 236
1679700588136 0.0 237
1679700588323 0.0 238
1679700589312 0.0 239
1679700589496 0.0 240
1679700590488 0.0 241
1679700590744 0.0 242
1679700591745 0.0 243
1679700591929 0.0 244
1679700592915 0.0 245
1679700593096 0.0 246
1679700594080 0.0 247
1679700594338 0.0 248
1679700595332 0.0 249
1679700595514 0.0 250
1679700596518 0.0 251
1679700596722 0.0 252
1679700597751 0.0 253
1679700598009 0.0 254
1679700599016 0.0 255
1679700599202 0.0 256
1679700600183 0.0 257
1679700600366 0.0 258
1679700601377 0.0 259
1679700601634 0.0 260
1679700602659 0.0 261
1679700602848 0.0 262
1679700603851 0.0 263
1679700604039 0.0 264
1679700605026 0.0 265
1679700605290 0.0 266
1679700606281 0.0 267
1679700606476 0.0 268
1679700607482 0.0 269
1679700607685 0.0 270
1679700608703 0.0 271
1679700608969 0.0 272
1679700609985 0.0 273
1679700610169 0.0 274
1679700611190 0.0 275
1679700611379 0.0 276
1679700612390 0.0 277
1679700612649 0.0 278
1679700613671 0.0 279
1679700613861 0.0 280
1679700614846 0.0 281
1679700615030 0.0 282
1679700616004 0.0 283
1679700616267 0.0 284
1679700617261 0.0 285
1679700617443 0.0 286
1679700618422 0.0 287
1679700618616 0.0 288
1679700619580 0.0 289
1679700619833 0.0 290
1679700620820 0.0 291
1679700621003 0.0 292
1679700621983 0.0 293
1679700622169 0.0 294
1679700623168 0.0 295
1679700623425 0.0 296
1679700624485 0.0 297
1679700624672 0.0 298
1679700625667 0.0 299
1679700625852 0.0 300
1679700625978 0.0 301
