1679700448642 2.967759847640991 1
1679700448894 0.23017072677612305 2
1679700449845 0.9510326385498047 3
1679700450006 0.16095614433288574 4
1679700450957 0.9758346080780029 5
1679700451125 0.14015531539916992 6
1679700452091 0.9688639640808105 7
1679700452328 0.23723435401916504 8
1679700453278 0.9448757171630859 9
1679700453449 0.17372632026672363 10
1679700454452 1.0021865367889404 11
1679700454624 0.17223405838012695 12
1679700455605 0.9819474220275879 13
1679700455842 0.23688578605651855 14
1679700456822 0.9794645309448242 15
1679700456990 0.1690216064453125 16
1679700457937 0.9465641975402832 17
1679700458103 0.16445660591125488 18
1679700459045 0.9438071250915527 19
1679700459288 0.2428145408630371 20
1679700460263 0.9728314876556396 21
1679700460446 0.17319583892822266 22
1679700461406 0.9709022045135498 23
1679700461578 0.16806435585021973 24
1679700462548 0.9750111103057861 25
1679700462794 0.24390649795532227 26
1679700463753 0.9590771198272705 27
1679700463920 0.16770052909851074 28
1679700464908 0.9890635013580322 29
1679700465083 0.16911578178405762 30
1679700466076 1.024446964263916 31
1679700466336 0.23361492156982422 32
1679700467317 0.9808297157287598 33
1679700467487 0.16737914085388184 34
1679700468459 0.9737522602081299 35
1679700468628 0.1702098846435547 36
1679700469592 0.9635698795318604 37
1679700469829 0.23630094528198242 38
1679700470777 0.9480979442596436 39
1679700470944 0.1658315658569336 40
1679700471903 0.9599258899688721 41
1679700472078 0.16892385482788086 42
1679700473033 0.9618778228759766 43
1679700473274 0.24135088920593262 44
1679700474255 0.9799482822418213 45
1679700474426 0.1688389778137207 46
1679700475389 0.9646081924438477 47
1679700475559 0.17036199569702148 48
1679700476532 0.9731523990631104 49
1679700476786 0.2551295757293701 50
1679700477765 0.9778251647949219 51
1679700477940 0.17322015762329102 52
1679700478940 0.9999887943267822 53
1679700479108 0.16965413093566895 54
1679700480088 0.9748597145080566 55
1679700480305 0.25035572052001953 56
1679700481273 0.939873218536377 57
1679700481443 0.16826462745666504 58
1679700482398 0.9560697078704834 59
1679700482577 0.17868685722351074 60
1679700483540 0.9641578197479248 61
1679700483798 0.25601840019226074 62
1679700484754 0.9558379650115967 63
1679700484925 0.17207121849060059 64
1679700485886 0.9592151641845703 65
1679700486054 0.16871070861816406 66
1679700487020 0.9650499820709229 67
1679700487264 0.2446606159210205 68
1679700488232 0.9693090915679932 69
1679700488402 0.16986966133117676 70
1679700489392 0.988492488861084 71
1679700489571 0.18055200576782227 72
1679700490546 0.9729108810424805 73
1679700490791 0.2462456226348877 74
1679700491766 0.9746518135070801 75
1679700491968 0.1759655475616455 76
1679700492966 1.0268678665161133 77
1679700493136 0.16734886169433594 78
1679700494096 0.9609642028808594 79
1679700494350 0.2531137466430664 80
1679700495289 0.9697966575622559 81
1679700495477 0.15194916725158691 82
1679700496438 0.9636435508728027 83
1679700496609 0.17179465293884277 84
1679700497567 0.9585409164428711 85
1679700497843 0.27626848220825195 86
1679700498807 0.964268684387207 87
1679700498976 0.16970324516296387 88
1679700499948 0.9722321033477783 89
1679700500134 0.17374396324157715 90
1679700501118 0.9935581684112549 91
1679700501371 0.25530362129211426 92
1679700502352 0.9809796810150146 93
1679700502524 0.17215514183044434 94
1679700503493 0.9701592922210693 95
1679700503665 0.17058491706848145 96
1679700504629 0.9645359516143799 97
1679700504874 0.24377107620239258 98
1679700505837 0.9619433879852295 99
1679700506013 0.1751875877380371 100
1679700507028 1.0126376152038574 101
1679700507208 0.18042755126953125 102
1679700508163 0.9568512439727783 103
1679700508409 0.2468585968017578 104
1679700509379 0.9684507846832275 105
1679700509547 0.17045903205871582 106
1679700510473 0.9574201107025146 107
1679700510646 0.14061212539672852 108
1679700511611 0.9631180763244629 109
1679700511876 0.27008533477783203 110
1679700512845 0.9647815227508545 111
1679700513029 0.1830146312713623 112
1679700514005 0.977118730545044 113
1679700514182 0.1758875846862793 114
1679700515149 0.9678242206573486 115
1679700515394 0.24736547470092773 116
1679700516383 0.9869625568389893 117
1679700516557 0.17329645156860352 118
1679700517556 1.0004301071166992 119
1679700517730 0.17319798469543457 120
1679700518694 0.9635083675384521 121
1679700518954 0.26248884201049805 122
1679700519912 0.955024003982544 123
1679700520084 0.17312264442443848 124
1679700521046 0.96207594871521 125
1679700521216 0.172255277633667 126
1679700522191 0.969308614730835 127
1679700522440 0.252122163772583 128
1679700523443 1.001286506652832 129
1679700523626 0.18009376525878906 130
1679700524633 1.009568452835083 131
1679700524822 0.1842517852783203 132
1679700525785 1.0018315315246582 133
1679700526035 0.21472644805908203 134
1679700527022 0.9902238845825195 135
1679700527196 0.17395305633544922 136
1679700528185 0.9901440143585205 137
1679700528359 0.171644926071167 138
1679700529339 0.9805049896240234 139
1679700529628 0.28363776206970215 140
1679700530596 0.9748873710632324 141
1679700530782 0.1820230484008789 142
1679700531746 0.9663300514221191 143
1679700531922 0.17724609375 144
1679700532908 0.9827935695648193 145
1679700533158 0.25252604484558105 146
1679700534152 0.9925639629364014 147
1679700534327 0.17661595344543457 148
1679700535335 1.0074646472930908 149
1679700535523 0.1857287883758545 150
1679700536555 1.0319252014160156 151
1679700536821 0.26940298080444336 152
1679700537806 0.9847118854522705 153
1679700537981 0.17510747909545898 154
1679700538988 1.0048398971557617 155
1679700539162 0.17624282836914062 156
1679700540139 1.0040533542633057 157
1679700540393 0.22472000122070312 158
1679700541413 1.0177907943725586 159
1679700541589 0.18018364906311035 160
1679700542576 0.983959436416626 161
1679700542749 0.17689919471740723 162
1679700543719 0.965193510055542 163
1679700543964 0.24788498878479004 164
1679700544931 0.967383861541748 165
1679700545104 0.17276549339294434 166
1679700546065 0.9619946479797363 167
1679700546246 0.1769251823425293 168
1679700547225 0.9818253517150879 169
1679700547488 0.26290154457092285 170
1679700548474 0.9871149063110352 171
1679700548649 0.17144441604614258 172
1679700549650 0.9987249374389648 173
1679700549826 0.18053054809570312 174
1679700550806 0.9777264595031738 175
1679700551055 0.2508702278137207 176
1679700552046 0.9908614158630371 177
1679700552230 0.1817033290863037 178
1679700553286 1.0573184490203857 179
1679700553466 0.1810131072998047 180
1679700554452 0.9860444068908691 181
1679700554705 0.254749059677124 182
1679700555656 0.984058141708374 183
1679700555833 0.14133810997009277 184
1679700556810 0.9778561592102051 185
1679700556987 0.1778559684753418 186
1679700557970 0.9820773601531982 187
1679700558258 0.26500725746154785 188
1679700559245 1.0082027912139893 189
1679700559419 0.17578577995300293 190
1679700560397 0.9781274795532227 191
1679700560572 0.17353463172912598 192
1679700561546 0.9734108448028564 193
1679700561796 0.25092077255249023 194
1679700562759 0.9630823135375977 195
1679700562944 0.18261122703552246 196
1679700563909 0.9690284729003906 197
1679700564108 0.18927836418151855 198
1679700565111 1.0120000839233398 199
1679700565352 0.24320340156555176 200
1679700566322 0.9664785861968994 201
1679700566500 0.17748141288757324 202
1679700567503 1.0019526481628418 203
1679700567684 0.18306374549865723 204
1679700568677 0.9910399913787842 205
1679700568933 0.256497859954834 206
1679700569938 1.0064232349395752 207
1679700570118 0.17694687843322754 208
1679700571111 0.9949631690979004 209
1679700571290 0.1780390739440918 210
1679700572272 0.9818565845489502 211
1679700572522 0.24997782707214355 212
1679700573519 0.9989032745361328 213
1679700573696 0.1779792308807373 214
1679700574697 0.998729944229126 215
1679700574896 0.1884136199951172 216
1679700575897 1.0122227668762207 217
1679700576149 0.25054168701171875 218
1679700577140 0.9920988082885742 219
1679700577319 0.17791175842285156 220
1679700578308 0.989267110824585 221
1679700578489 0.18166756629943848 222
1679700579486 0.9963517189025879 223
1679700579747 0.2579054832458496 224
1679700580763 1.0180091857910156 225
1679700580954 0.1881093978881836 226
1679700581943 0.9889132976531982 227
1679700582125 0.18509340286254883 228
1679700583120 0.9931046962738037 229
1679700583383 0.25972962379455566 230
1679700584391 1.0121395587921143 231
1679700584581 0.1878645420074463 232
1679700585599 1.056900978088379 233
1679700585799 0.15319275856018066 234
1679700586843 1.0495274066925049 235
1679700587103 0.2612900733947754 236
1679700588135 1.0337915420532227 237
1679700588322 0.1842823028564453 238
1679700589311 0.990037202835083 239
1679700589494 0.1858992576599121 240
1679700590486 0.9890832901000977 241
1679700590742 0.25817131996154785 242
1679700591744 1.0007638931274414 243
1679700591928 0.18314528465270996 244
1679700592913 0.9851195812225342 245
1679700593094 0.18425536155700684 246
1679700594078 0.9836432933807373 247
1679700594336 0.25665926933288574 248
1679700595330 0.9931883811950684 249
1679700595513 0.18421244621276855 250
1679700596516 1.0016393661499023 251
1679700596720 0.2009577751159668 252
1679700597750 1.0302784442901611 253
1679700598008 0.25514841079711914 254
1679700599014 1.008626937866211 255
1679700599200 0.18908429145812988 256
1679700600182 1.0203118324279785 257
1679700600366 0.1447765827178955 258
1679700601376 1.007798671722412 259
1679700601633 0.25902676582336426 260
1679700602658 1.0243465900421143 261
1679700602847 0.18976569175720215 262
1679700603850 0.9966046810150146 263
1679700604038 0.19166350364685059 264
1679700605024 0.9856572151184082 265
1679700605289 0.26503562927246094 266
1679700606279 0.9930403232574463 267
1679700606475 0.19598865509033203 268
1679700607481 1.0026071071624756 269
1679700607683 0.20121479034423828 270
1679700608702 1.0200510025024414 271
1679700608967 0.26727867126464844 272
1679700609983 1.0160443782806396 273
1679700610168 0.18584895133972168 274
1679700611188 1.0197300910949707 275
1679700611377 0.1863260269165039 276
1679700612388 1.010948896408081 277
1679700612648 0.2626948356628418 278
1679700613668 1.0183115005493164 279
1679700613860 0.1905200481414795 280
1679700614845 0.9874131679534912 281
1679700615028 0.18509292602539062 282
1679700616003 1.013267993927002 283
1679700616265 0.22519898414611816 284
1679700617260 0.9916403293609619 285
1679700617442 0.1821606159210205 286
1679700618421 0.9732563495635986 287
1679700618615 0.1975231170654297 288
1679700619579 0.964998722076416 289
1679700619831 0.2564060688018799 290
1679700620819 0.9825677871704102 291
1679700621002 0.18357563018798828 292
1679700621982 0.9835529327392578 293
1679700622168 0.18410229682922363 294
1679700623167 0.9914145469665527 295
1679700623423 0.26407623291015625 296
1679700624484 1.0594370365142822 297
1679700624670 0.18576860427856445 298
1679700625665 0.9959444999694824 299
1679700625851 0.18276000022888184 300
1679700625976 0.12912416458129883 301
