1679700448648 2.967759847640991 1
1679700448899 3.1979305744171143 2
1679700449850 4.148963212966919 3
1679700450011 4.309919357299805 4
1679700450962 5.285753965377808 5
1679700451131 5.4259092807769775 6
1679700452096 6.394773244857788 7
1679700452334 6.632007598876953 8
1679700453283 7.576883316040039 9
1679700453455 7.750609636306763 10
1679700454457 8.752796173095703 11
1679700454629 8.92503023147583 12
1679700455611 9.906977653503418 13
1679700455847 10.143863439559937 14
1679700456827 11.12332797050476 15
1679700456995 11.292349576950073 16
1679700457943 12.238913774490356 17
1679700458108 12.403370380401611 18
1679700459049 13.347177505493164 19
1679700459294 13.589992046356201 20
1679700460269 14.56282353401184 21
1679700460450 14.736019372940063 22
1679700461411 15.706921577453613 23
1679700461583 15.874985933303833 24
1679700462554 16.84999704360962 25
1679700462799 17.09390354156494 26
1679700463758 18.052980661392212 27
1679700463925 18.220681190490723 28
1679700464913 19.209744691848755 29
1679700465091 19.378860473632812 30
1679700466081 20.40330743789673 31
1679700466341 20.636922359466553 32
1679700467322 21.617752075195312 33
1679700467499 21.785131216049194 34
1679700468464 22.758883476257324 35
1679700468633 22.92909336090088 36
1679700469597 23.89266324043274 37
1679700469834 24.12896418571472 38
1679700470782 25.077062129974365 39
1679700470950 25.2428936958313 40
1679700471908 26.20281958580017 41
1679700472082 26.37174344062805 42
1679700473038 27.33362126350403 43
1679700473279 27.57497215270996 44
1679700474260 28.554920434951782 45
1679700474431 28.723759412765503 46
1679700475394 29.68836760520935 47
1679700475564 29.858729600906372 48
1679700476537 30.831881999969482 49
1679700476791 31.087011575698853 50
1679700477770 32.064836740493774 51
1679700477945 32.238056898117065 52
1679700478945 33.23804569244385 53
1679700479114 33.40769982337952 54
1679700480094 34.38255953788757 55
1679700480310 34.63291525840759 56
1679700481278 35.57278847694397 57
1679700481448 35.741053104400635 58
1679700482404 36.69712281227112 59
1679700482581 36.87580966949463 60
1679700483546 37.839967489242554 61
1679700483803 38.095985889434814 62
1679700484758 39.05182385444641 63
1679700484929 39.22389507293701 64
1679700485891 40.18311023712158 65
1679700486059 40.351820945739746 66
1679700487025 41.31687092781067 67
1679700487269 41.56153154373169 68
1679700488237 42.53084063529968 69
1679700488409 42.70071029663086 70
1679700489398 43.68920278549194 71
1679700489577 43.869754791259766 72
1679700490551 44.842665672302246 73
1679700490796 45.088911294937134 74
1679700491771 46.063563108444214 75
1679700491974 46.23952865600586 76
1679700492971 47.26639652252197 77
1679700493141 47.43374538421631 78
1679700494101 48.39470958709717 79
1679700494356 48.647823333740234 80
1679700495294 49.61761999130249 81
1679700495483 49.76956915855408 82
1679700496443 50.73321270942688 83
1679700496615 50.90500736236572 84
1679700497572 51.863548278808594 85
1679700497848 52.139816761016846 86
1679700498812 53.10408544540405 87
1679700498980 53.27378869056702 88
1679700499953 54.246020793914795 89
1679700500141 54.41976475715637 90
1679700501123 55.41332292556763 91
1679700501376 55.66862654685974 92
1679700502356 56.649606227874756 93
1679700502529 56.8217613697052 94
1679700503499 57.79192066192627 95
1679700503670 57.96250557899475 96
1679700504634 58.92704153060913 97
1679700504879 59.17081260681152 98
1679700505843 60.13275599479675 99
1679700506019 60.30794358253479 100
1679700507034 61.32058119773865 101
1679700507214 61.50100874900818 102
1679700508167 62.45785999298096 103
1679700508415 62.704718589782715 104
1679700509384 63.67316937446594 105
1679700509552 63.84362840652466 106
1679700510478 64.80104851722717 107
1679700510651 64.9416606426239 108
1679700511616 65.90477871894836 109
1679700511882 66.1748640537262 110
1679700512850 67.13964557647705 111
1679700513034 67.32266020774841 112
1679700514010 68.29977893829346 113
1679700514187 68.47566652297974 114
1679700515153 69.44349074363708 115
1679700515400 69.69085621833801 116
1679700516388 70.677818775177 117
1679700516562 70.8511152267456 118
1679700517561 71.8515453338623 119
1679700517735 72.02474331855774 120
1679700518699 72.98825168609619 121
1679700518959 73.25074052810669 122
1679700519917 74.20576453208923 123
1679700520089 74.37888717651367 124
1679700521052 75.34096312522888 125
1679700521222 75.51321840286255 126
1679700522195 76.48252701759338 127
1679700522445 76.73464918136597 128
1679700523448 77.7359356880188 129
1679700523634 77.91602945327759 130
1679700524638 78.92559790611267 131
1679700524827 79.10984969139099 132
1679700525791 80.11168122291565 133
1679700526040 80.32640767097473 134
1679700527027 81.31663155555725 135
1679700527201 81.4905846118927 136
1679700528191 82.48072862625122 137
1679700528365 82.65237355232239 138
1679700529344 83.63287854194641 139
1679700529632 83.91651630401611 140
1679700530602 84.89140367507935 141
1679700530787 85.07342672348022 142
1679700531751 86.03975677490234 143
1679700531927 86.21700286865234 144
1679700532913 87.19979643821716 145
1679700533163 87.45232248306274 146
1679700534157 88.44488644599915 147
1679700534333 88.62150239944458 148
1679700535340 89.62896704673767 149
1679700535531 89.81469583511353 150
1679700536560 90.84662103652954 151
1679700536826 91.11602401733398 152
1679700537812 92.10073590278625 153
1679700537986 92.27584338188171 154
1679700538993 93.28068327903748 155
1679700539167 93.45692610740662 156
1679700540144 94.46097946166992 157
1679700540397 94.68569946289062 158
1679700541418 95.70349025726318 159
1679700541594 95.8836739063263 160
1679700542581 96.86763334274292 161
1679700542754 97.04453253746033 162
1679700543724 98.00972604751587 163
1679700543969 98.25761103630066 164
1679700544936 99.22499489784241 165
1679700545109 99.39776039123535 166
1679700546070 100.35975503921509 167
1679700546252 100.53668022155762 168
1679700547230 101.5185055732727 169
1679700547494 101.78140711784363 170
1679700548479 102.76852202415466 171
1679700548654 102.9399664402008 172
1679700549655 103.93869137763977 173
1679700549831 104.11922192573547 174
1679700550811 105.09694838523865 175
1679700551060 105.34781861305237 176
1679700552051 106.3386800289154 177
1679700552239 106.52038335800171 178
1679700553292 107.5777018070221 179
1679700553472 107.7587149143219 180
1679700554456 108.74475932121277 181
1679700554711 108.99950838088989 182
1679700555662 109.98356652259827 183
1679700555838 110.12490463256836 184
1679700556815 111.10276079177856 185
1679700556991 111.2806167602539 186
1679700557975 112.2626941204071 187
1679700558264 112.52770137786865 188
1679700559249 113.53590416908264 189
1679700559424 113.71168994903564 190
1679700560402 114.68981742858887 191
1679700560578 114.863352060318 192
1679700561551 115.83676290512085 193
1679700561802 116.08768367767334 194
1679700562771 117.05076599121094 195
1679700562948 117.23337721824646 196
1679700563914 118.20240569114685 197
1679700564114 118.39168405532837 198
1679700565116 119.40368413925171 199
1679700565357 119.64688754081726 200
1679700566327 120.61336612701416 201
1679700566505 120.79084753990173 202
1679700567508 121.79280018806458 203
1679700567689 121.97586393356323 204
1679700568682 122.96690392494202 205
1679700568938 123.22340178489685 206
1679700569942 124.22982501983643 207
1679700570124 124.40677189826965 208
1679700571116 125.40173506736755 209
1679700571296 125.57977414131165 210
1679700572276 126.5616307258606 211
1679700572527 126.81160855293274 212
1679700573525 127.81051182746887 213
1679700573701 127.98849105834961 214
1679700574702 128.98722100257874 215
1679700574902 129.17563462257385 216
1679700575902 130.18785738945007 217
1679700576154 130.4383990764618 218
1679700577145 131.43049788475037 219
1679700577324 131.60840964317322 220
1679700578314 132.5976767539978 221
1679700578494 132.77934432029724 222
1679700579492 133.77569603919983 223
1679700579752 134.03360152244568 224
1679700580769 135.0516107082367 225
1679700580959 135.23972010612488 226
1679700581948 136.22863340377808 227
1679700582130 136.41372680664062 228
1679700583126 137.40683150291443 229
1679700583388 137.66656112670898 230
1679700584396 138.6787006855011 231
1679700584586 138.86656522750854 232
1679700585604 139.92346620559692 233
1679700585804 140.0766589641571 234
1679700586849 141.1261863708496 235
1679700587108 141.38747644424438 236
1679700588141 142.4212679862976 237
1679700588328 142.60555028915405 238
1679700589315 143.59558749198914 239
1679700589499 143.78148674964905 240
1679700590492 144.77057003974915 241
1679700590747 145.0287413597107 242
1679700591749 146.02950525283813 243
1679700591933 146.21265053749084 244
1679700592919 147.19777011871338 245
1679700593100 147.38202548027039 246
1679700594084 148.36566877365112 247
1679700594342 148.622328042984 248
1679700595336 149.61551642417908 249
1679700595518 149.79972887039185 250
1679700596521 150.80136823654175 251
1679700596727 151.00232601165771 252
1679700597755 152.03260445594788 253
1679700598013 152.287752866745 254
1679700599019 153.2963798046112 255
1679700599205 153.48546409606934 256
1679700600186 154.50577592849731 257
1679700600371 154.6505525112152 258
1679700601381 155.65835118293762 259
1679700601637 155.917377948761 260
1679700602663 156.9417245388031 261
1679700602853 157.1314902305603 262
1679700603854 158.12809491157532 263
1679700604042 158.31975841522217 264
1679700605030 159.30541563034058 265
1679700605294 159.57045125961304 266
1679700606284 160.56349158287048 267
1679700606480 160.75948023796082 268
1679700607486 161.7620873451233 269
1679700607688 161.96330213546753 270
1679700608707 162.98335313796997 271
1679700608972 163.25063180923462 272
1679700609989 164.26667618751526 273
1679700610172 164.45252513885498 274
1679700611194 165.47225522994995 275
1679700611382 165.65858125686646 276
1679700612393 166.66953015327454 277
1679700612652 166.93222498893738 278
1679700613674 167.9505364894867 279
1679700613865 168.14105653762817 280
1679700614850 169.12846970558167 281
1679700615033 169.31356263160706 282
1679700616008 170.32683062553406 283
1679700616270 170.55202960968018 284
1679700617265 171.54366993904114 285
1679700617447 171.72583055496216 286
1679700618426 172.69908690452576 287
1679700618620 172.8966100215912 288
1679700619584 173.8616087436676 289
1679700619836 174.11801481246948 290
1679700620824 175.1005825996399 291
1679700621006 175.28415822982788 292
1679700621986 176.26771116256714 293
1679700622173 176.45181345939636 294
1679700623172 177.44322800636292 295
1679700623429 177.70730423927307 296
1679700624490 178.76674127578735 297
1679700624674 178.95250988006592 298
1679700625671 179.9484543800354 299
1679700625856 180.13121438026428 300
1679700625982 180.26033854484558 301
