1679700448651 2.967759847640991 1
1679700448902 3.1979305744171143 2
1679700449853 4.148963212966919 3
1679700450013 4.309919357299805 4
1679700450965 5.285753965377808 5
1679700451133 5.4259092807769775 6
1679700452099 6.394773244857788 7
1679700452337 6.632007598876953 8
1679700453286 7.576883316040039 9
1679700453457 7.750609636306763 10
1679700454458 8.752796173095703 11
1679700454632 8.92503023147583 12
1679700455613 9.906977653503418 13
1679700455850 10.143863439559937 14
1679700456830 11.12332797050476 15
1679700456997 11.292349576950073 16
1679700457945 12.238913774490356 17
1679700458110 12.403370380401611 18
1679700459052 13.347177505493164 19
1679700459296 13.589992046356201 20
1679700460272 14.56282353401184 21
1679700460453 14.736019372940063 22
1679700461413 15.706921577453613 23
1679700461585 15.874985933303833 24
1679700462556 16.84999704360962 25
1679700462802 17.09390354156494 26
1679700463761 18.052980661392212 27
1679700463928 18.220681190490723 28
1679700464916 19.209744691848755 29
1679700465096 19.378860473632812 30
1679700466083 20.40330743789673 31
1679700466343 20.636922359466553 32
1679700467325 21.617752075195312 33
1679700467501 21.785131216049194 34
1679700468467 22.758883476257324 35
1679700468636 22.92909336090088 36
1679700469600 23.89266324043274 37
1679700469836 24.12896418571472 38
1679700470784 25.077062129974365 39
1679700470953 25.2428936958313 40
1679700471911 26.20281958580017 41
1679700472084 26.37174344062805 42
1679700473041 27.33362126350403 43
1679700473282 27.57497215270996 44
1679700474263 28.554920434951782 45
1679700474434 28.723759412765503 46
1679700475396 29.68836760520935 47
1679700475566 29.858729600906372 48
1679700476539 30.831881999969482 49
1679700476794 31.087011575698853 50
1679700477772 32.064836740493774 51
1679700477948 32.238056898117065 52
1679700478948 33.23804569244385 53
1679700479116 33.40769982337952 54
1679700480096 34.38255953788757 55
1679700480312 34.63291525840759 56
1679700481281 35.57278847694397 57
1679700481451 35.741053104400635 58
1679700482406 36.69712281227112 59
1679700482584 36.87580966949463 60
1679700483549 37.839967489242554 61
1679700483806 38.095985889434814 62
1679700484761 39.05182385444641 63
1679700484932 39.22389507293701 64
1679700485894 40.18311023712158 65
1679700486061 40.351820945739746 66
1679700487028 41.31687092781067 67
1679700487271 41.56153154373169 68
1679700488239 42.53084063529968 69
1679700488411 42.70071029663086 70
1679700489400 43.68920278549194 71
1679700489580 43.869754791259766 72
1679700490553 44.842665672302246 73
1679700490798 45.088911294937134 74
1679700491774 46.063563108444214 75
1679700491977 46.23952865600586 76
1679700492974 47.26639652252197 77
1679700493143 47.43374538421631 78
1679700494103 48.39470958709717 79
1679700494358 48.647823333740234 80
1679700495296 49.61761999130249 81
1679700495485 49.76956915855408 82
1679700496445 50.73321270942688 83
1679700496617 50.90500736236572 84
1679700497575 51.863548278808594 85
1679700497851 52.139816761016846 86
1679700498814 53.10408544540405 87
1679700498983 53.27378869056702 88
1679700499955 54.246020793914795 89
1679700500144 54.41976475715637 90
1679700501125 55.41332292556763 91
1679700501379 55.66862654685974 92
1679700502359 56.649606227874756 93
1679700502532 56.8217613697052 94
1679700503502 57.79192066192627 95
1679700503671 57.96250557899475 96
1679700504637 58.92704153060913 97
1679700504881 59.17081260681152 98
1679700505845 60.13275599479675 99
1679700506023 60.30794358253479 100
1679700507036 61.32058119773865 101
1679700507216 61.50100874900818 102
1679700508170 62.45785999298096 103
1679700508418 62.704718589782715 104
1679700509386 63.67316937446594 105
1679700509554 63.84362840652466 106
1679700510481 64.80104851722717 107
1679700510653 64.9416606426239 108
1679700511618 65.90477871894836 109
1679700511885 66.1748640537262 110
1679700512852 67.13964557647705 111
1679700513036 67.32266020774841 112
1679700514013 68.29977893829346 113
1679700514189 68.47566652297974 114
1679700515156 69.44349074363708 115
1679700515403 69.69085621833801 116
1679700516391 70.677818775177 117
1679700516565 70.8511152267456 118
1679700517564 71.8515453338623 119
1679700517738 72.02474331855774 120
1679700518702 72.98825168609619 121
1679700518962 73.25074052810669 122
1679700519919 74.20576453208923 123
1679700520091 74.37888717651367 124
1679700521055 75.34096312522888 125
1679700521225 75.51321840286255 126
1679700522198 76.48252701759338 127
1679700522447 76.73464918136597 128
1679700523451 77.7359356880188 129
1679700523637 77.91602945327759 130
1679700524640 78.92559790611267 131
1679700524829 79.10984969139099 132
1679700525793 80.11168122291565 133
1679700526043 80.32640767097473 134
1679700527029 81.31663155555725 135
1679700527203 81.4905846118927 136
1679700528193 82.48072862625122 137
1679700528367 82.65237355232239 138
1679700529345 83.63287854194641 139
1679700529635 83.91651630401611 140
1679700530604 84.89140367507935 141
1679700530789 85.07342672348022 142
1679700531753 86.03975677490234 143
1679700531929 86.21700286865234 144
1679700532916 87.19979643821716 145
1679700533166 87.45232248306274 146
1679700534159 88.44488644599915 147
1679700534336 88.62150239944458 148
1679700535343 89.62896704673767 149
1679700535534 89.81469583511353 150
1679700536563 90.84662103652954 151
1679700536829 91.11602401733398 152
1679700537814 92.10073590278625 153
1679700537988 92.27584338188171 154
1679700538996 93.28068327903748 155
1679700539169 93.45692610740662 156
1679700540148 94.46097946166992 157
1679700540400 94.68569946289062 158
1679700541420 95.70349025726318 159
1679700541596 95.8836739063263 160
1679700542583 96.86763334274292 161
1679700542756 97.04453253746033 162
1679700543727 98.00972604751587 163
1679700543971 98.25761103630066 164
1679700544938 99.22499489784241 165
1679700545112 99.39776039123535 166
1679700546073 100.35975503921509 167
1679700546254 100.53668022155762 168
1679700547233 101.5185055732727 169
1679700547497 101.78140711784363 170
1679700548482 102.76852202415466 171
1679700548656 102.9399664402008 172
1679700549658 103.93869137763977 173
1679700549833 104.11922192573547 174
1679700550813 105.09694838523865 175
1679700551062 105.34781861305237 176
1679700552054 106.3386800289154 177
1679700552243 106.52038335800171 178
1679700553295 107.5777018070221 179
1679700553475 107.7587149143219 180
1679700554460 108.74475932121277 181
1679700554714 108.99950838088989 182
1679700555665 109.98356652259827 183
1679700555841 110.12490463256836 184
1679700556818 111.10276079177856 185
1679700556994 111.2806167602539 186
1679700557978 112.2626941204071 187
1679700558265 112.52770137786865 188
1679700559251 113.53590416908264 189
1679700559426 113.71168994903564 190
1679700560405 114.68981742858887 191
1679700560581 114.863352060318 192
1679700561552 115.83676290512085 193
1679700561805 116.08768367767334 194
1679700562774 117.05076599121094 195
1679700562951 117.23337721824646 196
1679700563917 118.20240569114685 197
1679700564117 118.39168405532837 198
1679700565118 119.40368413925171 199
1679700565359 119.64688754081726 200
1679700566330 120.61336612701416 201
1679700566508 120.79084753990173 202
1679700567510 121.79280018806458 203
1679700567692 121.97586393356323 204
1679700568684 122.96690392494202 205
1679700568940 123.22340178489685 206
1679700569944 124.22982501983643 207
1679700570127 124.40677189826965 208
1679700571119 125.40173506736755 209
1679700571298 125.57977414131165 210
1679700572280 126.5616307258606 211
1679700572529 126.81160855293274 212
1679700573528 127.81051182746887 213
1679700573704 127.98849105834961 214
1679700574704 128.98722100257874 215
1679700574904 129.17563462257385 216
1679700575904 130.18785738945007 217
1679700576156 130.4383990764618 218
1679700577148 131.43049788475037 219
1679700577325 131.60840964317322 220
1679700578317 132.5976767539978 221
1679700578496 132.77934432029724 222
1679700579495 133.77569603919983 223
1679700579754 134.03360152244568 224
1679700580771 135.0516107082367 225
1679700580961 135.23972010612488 226
1679700581950 136.22863340377808 227
1679700582133 136.41372680664062 228
1679700583129 137.40683150291443 229
1679700583391 137.66656112670898 230
1679700584399 138.6787006855011 231
1679700584588 138.86656522750854 232
1679700585606 139.92346620559692 233
1679700585807 140.0766589641571 234
1679700586851 141.1261863708496 235
1679700587110 141.38747644424438 236
1679700588143 142.4212679862976 237
1679700588330 142.60555028915405 238
1679700589319 143.59558749198914 239
1679700589502 143.78148674964905 240
1679700590494 144.77057003974915 241
1679700590750 145.0287413597107 242
1679700591751 146.02950525283813 243
1679700591936 146.21265053749084 244
1679700592922 147.19777011871338 245
1679700593102 147.38202548027039 246
1679700594086 148.36566877365112 247
1679700594344 148.622328042984 248
1679700595339 149.61551642417908 249
1679700595521 149.79972887039185 250
1679700596524 150.80136823654175 251
1679700596729 151.00232601165771 252
1679700597758 152.03260445594788 253
1679700598015 152.287752866745 254
1679700599022 153.2963798046112 255
1679700599208 153.48546409606934 256
1679700600189 154.50577592849731 257
1679700600373 154.6505525112152 258
1679700601383 155.65835118293762 259
1679700601640 155.917377948761 260
1679700602665 156.9417245388031 261
1679700602855 157.1314902305603 262
1679700603856 158.12809491157532 263
1679700604044 158.31975841522217 264
1679700605033 159.30541563034058 265
1679700605296 159.57045125961304 266
1679700606288 160.56349158287048 267
1679700606482 160.75948023796082 268
1679700607489 161.7620873451233 269
1679700607691 161.96330213546753 270
1679700608709 162.98335313796997 271
1679700608975 163.25063180923462 272
1679700609991 164.26667618751526 273
1679700610175 164.45252513885498 274
1679700611195 165.47225522994995 275
1679700611384 165.65858125686646 276
1679700612396 166.66953015327454 277
1679700612655 166.93222498893738 278
1679700613677 167.9505364894867 279
1679700613866 168.14105653762817 280
1679700614853 169.12846970558167 281
1679700615036 169.31356263160706 282
1679700616010 170.32683062553406 283
1679700616273 170.55202960968018 284
1679700617267 171.54366993904114 285
1679700617449 171.72583055496216 286
1679700618428 172.69908690452576 287
1679700618623 172.8966100215912 288
1679700619586 173.8616087436676 289
1679700619839 174.11801481246948 290
1679700620825 175.1005825996399 291
1679700621008 175.28415822982788 292
1679700621989 176.26771116256714 293
1679700622175 176.45181345939636 294
1679700623174 177.44322800636292 295
1679700623432 177.70730423927307 296
1679700624492 178.76674127578735 297
1679700624677 178.95250988006592 298
1679700625674 179.9484543800354 299
1679700625858 180.13121438026428 300
1679700625984 180.26033854484558 301
