1679700448640 64.83734487106824 1
1679700449844 38.89230740605498 3
1679700450956 28.452563126207142 5
1679700452090 22.667074213182147 7
1679700453277 19.05684079254732 9
1679700454450 16.324799744700172 11
1679700455603 14.330179637433089 13
1679700456821 12.865632727328984 15
1679700457936 11.592714120525297 17
1679700459043 10.48615195040306 19
1679700460261 9.640902543001172 21
1679700461405 8.830606972349658 23
1679700462547 8.328023209932342 25
1679700463752 7.819915438670688 27
1679700464907 6.999213218904319 29
1679700466074 6.389297194537319 31
1679700467316 6.294446171369131 33
1679700468458 5.971941132175493 35
1679700469591 5.43672262001744 37
1679700470776 5.240385436697301 39
1679700471901 5.151659549881628 41
1679700473032 4.966934369902722 43
1679700474254 4.5894911051194915 45
1679700475387 4.338840279451242 47
1679700476530 3.9329215913550684 49
1679700477763 3.842089056925618 51
1679700478938 3.97762807217106 53
1679700480086 3.855924258354007 55
1679700481271 3.6025166921569944 57
1679700482397 3.7273058717720944 59
1679700483539 3.3408722896453606 61
1679700484752 3.2346443866350367 63
1679700485884 3.0982702830632243 65
1679700487019 2.7608164019425723 67
1679700488231 3.150169403440379 69
1679700489391 2.981569896490741 71
1679700490545 2.752229241495285 73
1679700491765 2.665532431685605 75
1679700492965 2.587389674896083 77
1679700494094 2.593983099175473 79
1679700495288 2.162415088952616 81
1679700496437 2.8947092121225224 83
1679700497566 2.3828426612962197 85
1679700498806 2.8668432084108453 87
1679700499947 3.172008789928396 89
1679700501117 2.425531616864322 91
1679700502351 2.2785711558021706 93
1679700503492 1.9490281690449456 95
1679700504628 2.0047304692920678 97
1679700505835 2.0812593217077384 99
1679700507026 1.844428897808479 101
1679700508161 1.9609026646680834 103
1679700509378 1.9113370699510375 105
1679700510472 1.9526263462416085 107
1679700511610 2.056163072058442 109
1679700512844 1.8660162481530747 111
1679700514004 1.7627830628338312 113
1679700515147 1.641995838616407 115
1679700516382 1.9778964185917154 117
1679700517555 1.604616928273946 119
1679700518693 1.8071080559708004 121
1679700519910 1.595603350692945 123
1679700521044 2.2361060696106465 125
1679700522189 1.9345208568906151 127
1679700523442 1.5600569524283483 129
1679700524631 1.4239240783295242 131
1679700525784 1.4619903951013824 133
1679700527020 1.4887599653182728 135
1679700528184 1.865852813455387 137
1679700529337 1.2761834772844947 139
1679700530595 1.7301730960001844 141
1679700531744 1.6672649017981254 143
1679700532907 1.2494577171652634 145
1679700534150 1.3003216939355373 147
1679700535334 1.2307812750431033 149
1679700536553 1.2739104224935411 151
1679700537805 1.2189931815399107 153
1679700538987 1.2385279352280971 155
1679700540136 1.3263548180459583 157
1679700541411 1.322237773796976 159
1679700542575 1.144381332167032 161
1679700543718 1.2908112999331434 163
1679700544930 1.430003651047063 165
1679700546064 1.3154819756598237 167
1679700547223 1.1334910801530327 169
1679700548473 1.3642828667263989 171
1679700549649 1.0908291757876671 173
1679700550805 1.1063075437744763 175
1679700552045 1.4016647481862343 177
1679700553285 1.045680465979064 179
1679700554452 1.1088371600451998 181
1679700555655 1.085442762205125 183
1679700556809 1.1988249849782124 185
1679700557969 1.1561328938644588 187
1679700559243 1.0851895950230552 189
1679700560396 1.1966447906866273 191
1679700561545 1.2214022026175289 193
1679700562758 1.4113943397207382 195
1679700563908 1.0419201569207885 197
1679700565109 1.0330085934753632 199
1679700566321 1.2885612952936396 201
1679700567501 1.054504203296765 203
1679700568676 1.193870499521486 205
1679700569936 0.9797298682865525 207
1679700571110 1.1502457933851873 209
1679700572270 1.3258618108949065 211
1679700573518 0.9623512204946105 213
1679700574696 1.2676103389658329 215
1679700575895 1.138134905681648 217
1679700577139 1.0080460352514744 219
1679700578308 1.1457973244298754 221
1679700579485 1.0848761323925904 223
1679700580762 1.0359069741781182 225
1679700581941 1.1416456193598659 227
1679700583119 1.0875064382847275 229
1679700584390 0.942653764022117 231
1679700585596 0.9902258295185272 233
1679700586841 0.9934288394794631 235
1679700588134 1.0372096269060287 237
1679700589309 0.9847530579299917 239
1679700590485 0.8787828595302215 241
1679700591743 0.9468971151138814 243
1679700592911 0.9078984169625792 245
1679700594077 1.041532025278212 247
1679700595329 0.8542145318901428 249
1679700596515 0.7640698623952262 251
1679700597749 0.8470078303975235 253
1679700599012 1.0211987873846713 255
1679700600180 0.9535874418531392 257
1679700601375 0.8669341123908443 259
1679700602656 0.9739040315727286 261
1679700603849 0.980703630143523 263
1679700605023 0.9364475999762724 265
1679700606278 1.0283030046754258 267
1679700607480 0.9179429072543821 269
1679700608700 0.9425375062527129 271
1679700609981 0.988345000785537 273
1679700611187 0.9370080913677737 275
1679700612387 0.9527562483896161 277
1679700613667 0.8348795470466417 279
1679700614844 0.8623736484534652 281
1679700616002 0.9259483182605781 283
1679700617259 0.965364255402084 285
1679700618412 0.8728982803163872 287
1679700619577 1.0177190911747254 289
1679700620817 0.7493251715343008 291
1679700621980 0.8499181342473813 293
1679700623166 0.902345884318447 295
1679700624484 0.8976158386387592 297
1679700625664 1.0319600992544742 299
