1679700448655 0.004128456115722656 1
1679700448905 0.004128456115722656 2
1679700449857 0.004128456115722656 3
1679700450017 0.004128456115722656 4
1679700450969 0.004128456115722656 5
1679700451137 0.004128456115722656 6
1679700452103 0.004128456115722656 7
1679700452340 0.004128456115722656 8
1679700453289 0.004128456115722656 9
1679700453461 0.004128456115722656 10
1679700454462 0.004128456115722656 11
1679700454635 0.004128456115722656 12
1679700455616 0.004128456115722656 13
1679700455853 0.004128456115722656 14
1679700456834 0.004128456115722656 15
1679700457001 0.004128456115722656 16
1679700457949 0.004128456115722656 17
1679700458114 0.004128456115722656 18
1679700459056 0.004128456115722656 19
1679700459299 0.004128456115722656 20
1679700460275 0.004128456115722656 21
1679700460457 0.004128456115722656 22
1679700461417 0.004128456115722656 23
1679700461589 0.004128456115722656 24
1679700462560 0.004128456115722656 25
1679700462805 0.004128456115722656 26
1679700463765 0.004128456115722656 27
1679700463931 0.004128456115722656 28
1679700464920 0.004128456115722656 29
1679700465104 0.004128456115722656 30
1679700466088 0.004128456115722656 31
1679700466347 0.004128456115722656 32
1679700467328 0.004128456115722656 33
1679700467505 0.004128456115722656 34
1679700468470 0.004128456115722656 35
1679700468639 0.004128456115722656 36
1679700469603 0.004128456115722656 37
1679700469839 0.004128456115722656 38
1679700470788 0.004128456115722656 39
1679700470959 0.004128456115722656 40
1679700471913 0.004128456115722656 41
1679700472088 0.004128456115722656 42
1679700473045 0.004128456115722656 43
1679700473286 0.004128456115722656 44
1679700474267 0.004128456115722656 45
1679700474437 0.004128456115722656 46
1679700475400 0.004128456115722656 47
1679700475570 0.004128456115722656 48
1679700476543 0.004128456115722656 49
1679700476797 0.004128456115722656 50
1679700477776 0.004128456115722656 51
1679700477951 0.004128456115722656 52
1679700478951 0.004128456115722656 53
1679700479119 0.004128456115722656 54
1679700480101 0.004128456115722656 55
1679700480316 0.004128456115722656 56
1679700481285 0.004128456115722656 57
1679700481454 0.004128456115722656 58
1679700482410 0.004128456115722656 59
1679700482588 0.004128456115722656 60
1679700483553 0.004128456115722656 61
1679700483809 0.004128456115722656 62
1679700484765 0.004128456115722656 63
1679700484935 0.004128456115722656 64
1679700485897 0.004128456115722656 65
1679700486065 0.004128456115722656 66
1679700487032 0.004128456115722656 67
1679700487275 0.004128456115722656 68
1679700488243 0.004128456115722656 69
1679700488415 0.004128456115722656 70
1679700489405 0.004128456115722656 71
1679700489584 0.004128456115722656 72
1679700490557 0.004128456115722656 73
1679700490801 0.004128456115722656 74
1679700491778 0.004128456115722656 75
1679700491984 0.004128456115722656 76
1679700492978 0.004128456115722656 77
1679700493147 0.004128456115722656 78
1679700494107 0.004128456115722656 79
1679700494362 0.004128456115722656 80
1679700495301 0.004128456115722656 81
1679700495490 0.004128456115722656 82
1679700496449 0.004128456115722656 83
1679700496622 0.004128456115722656 84
1679700497578 0.004128456115722656 85
1679700497855 0.004128456115722656 86
1679700498818 0.004128456115722656 87
1679700498986 0.004128456115722656 88
1679700499959 0.004128456115722656 89
1679700500149 0.004128456115722656 90
1679700501128 0.004128456115722656 91
1679700501382 0.004128456115722656 92
1679700502362 0.004128456115722656 93
1679700502535 0.004128456115722656 94
1679700503505 0.004128456115722656 95
1679700503675 0.004128456115722656 96
1679700504641 0.004128456115722656 97
1679700504885 0.004128456115722656 98
1679700505849 0.004128456115722656 99
1679700506028 0.004128456115722656 100
1679700507039 0.004128456115722656 101
1679700507220 0.004128456115722656 102
1679700508174 0.004128456115722656 103
1679700508421 0.004128456115722656 104
1679700509389 0.004128456115722656 105
1679700509558 0.004128456115722656 106
1679700510485 0.004128456115722656 107
1679700510656 0.004128456115722656 108
1679700511622 0.004128456115722656 109
1679700511888 0.004128456115722656 110
1679700512856 0.004128456115722656 111
1679700513040 0.004128456115722656 112
1679700514016 0.004128456115722656 113
1679700514193 0.004128456115722656 114
1679700515159 0.004128456115722656 115
1679700515406 0.004128456115722656 116
1679700516394 0.004128456115722656 117
1679700516568 0.004128456115722656 118
1679700517567 0.004128456115722656 119
1679700517742 0.004128456115722656 120
1679700518706 0.004128456115722656 121
1679700518965 0.004128456115722656 122
1679700519923 0.004128456115722656 123
1679700520095 0.004128456115722656 124
1679700521058 0.004128456115722656 125
1679700521228 0.004128456115722656 126
1679700522201 0.004128456115722656 127
1679700522451 0.004128456115722656 128
1679700523454 0.004128456115722656 129
1679700523642 0.004128456115722656 130
1679700524643 0.004128456115722656 131
1679700524833 0.004128456115722656 132
1679700525797 0.004128456115722656 133
1679700526046 0.004128456115722656 134
1679700527033 0.004128456115722656 135
1679700527207 0.004128456115722656 136
1679700528197 0.004128456115722656 137
1679700528371 0.004128456115722656 138
1679700529349 0.004128456115722656 139
1679700529639 0.004128456115722656 140
1679700530606 0.004128456115722656 141
1679700530792 0.004128456115722656 142
1679700531757 0.004128456115722656 143
1679700531933 0.004128456115722656 144
1679700532919 0.004128456115722656 145
1679700533169 0.004128456115722656 146
1679700534163 0.004128456115722656 147
1679700534340 0.004128456115722656 148
1679700535347 0.004128456115722656 149
1679700535538 0.004128456115722656 150
1679700536567 0.004128456115722656 151
1679700536833 0.004128456115722656 152
1679700537818 0.004128456115722656 153
1679700537992 0.004128456115722656 154
1679700539000 0.004128456115722656 155
1679700539173 0.004128456115722656 156
1679700540151 0.004128456115722656 157
1679700540403 0.004128456115722656 158
1679700541424 0.004128456115722656 159
1679700541600 0.004128456115722656 160
1679700542587 0.004128456115722656 161
1679700542761 0.004128456115722656 162
1679700543730 0.004128456115722656 163
1679700543975 0.004128456115722656 164
1679700544942 0.004128456115722656 165
1679700545116 0.004128456115722656 166
1679700546076 0.004128456115722656 167
1679700546256 0.004128456115722656 168
1679700547236 0.004128456115722656 169
1679700547501 0.004128456115722656 170
1679700548484 0.004128456115722656 171
1679700548660 0.004128456115722656 172
1679700549661 0.004128456115722656 173
1679700549837 0.004128456115722656 174
1679700550817 0.004128456115722656 175
1679700551066 0.004128456115722656 176
1679700552057 0.004128456115722656 177
1679700552249 0.004128456115722656 178
1679700553299 0.004128456115722656 179
1679700553479 0.004128456115722656 180
1679700554464 0.004128456115722656 181
1679700554717 0.004128456115722656 182
1679700555669 0.004128456115722656 183
1679700555845 0.004128456115722656 184
1679700556821 0.004128456115722656 185
1679700556998 0.004128456115722656 186
1679700557982 0.004128456115722656 187
1679700558270 0.004128456115722656 188
1679700559255 0.004128456115722656 189
1679700559429 0.004128456115722656 190
1679700560408 0.004128456115722656 191
1679700560585 0.004128456115722656 192
1679700561556 0.004128456115722656 193
1679700561808 0.004128456115722656 194
1679700562778 0.004128456115722656 195
1679700562954 0.004128456115722656 196
1679700563920 0.004128456115722656 197
1679700564120 0.004128456115722656 198
1679700565122 0.004128456115722656 199
1679700565363 0.004128456115722656 200
1679700566332 0.004128456115722656 201
1679700566513 0.004128456115722656 202
1679700567514 0.004128456115722656 203
1679700567695 0.004128456115722656 204
1679700568688 0.004128456115722656 205
1679700568944 0.004128456115722656 206
1679700569948 0.004128456115722656 207
1679700570132 0.004128456115722656 208
1679700571123 0.004128456115722656 209
1679700571302 0.004128456115722656 210
1679700572284 0.004128456115722656 211
1679700572533 0.004128456115722656 212
1679700573532 0.004128456115722656 213
1679700573707 0.004128456115722656 214
1679700574708 0.004128456115722656 215
1679700574909 0.004128456115722656 216
1679700575908 0.004128456115722656 217
1679700576159 0.004128456115722656 218
1679700577151 0.004128456115722656 219
1679700577329 0.004128456115722656 220
1679700578320 0.004128456115722656 221
1679700578501 0.004128456115722656 222
1679700579499 0.004128456115722656 223
1679700579759 0.004128456115722656 224
1679700580775 0.004128456115722656 225
1679700580965 0.004128456115722656 226
1679700581953 0.004128456115722656 227
1679700582137 0.004128456115722656 228
1679700583134 0.004128456115722656 229
1679700583395 0.004128456115722656 230
1679700584402 0.004128456115722656 231
1679700584594 0.004128456115722656 232
1679700585611 0.004128456115722656 233
1679700585810 0.004128456115722656 234
1679700586855 0.004128456115722656 235
1679700587114 0.004128456115722656 236
1679700588146 0.004128456115722656 237
1679700588334 0.004128456115722656 238
1679700589322 0.004128456115722656 239
1679700589506 0.004128456115722656 240
1679700590498 0.004128456115722656 241
1679700590752 0.004128456115722656 242
1679700591755 0.004128456115722656 243
1679700591939 0.004128456115722656 244
1679700592925 0.004128456115722656 245
1679700593106 0.004128456115722656 246
1679700594090 0.004128456115722656 247
1679700594348 0.004128456115722656 248
1679700595342 0.004128456115722656 249
1679700595524 0.004128456115722656 250
1679700596527 0.004128456115722656 251
1679700596733 0.004128456115722656 252
1679700597761 0.004128456115722656 253
1679700598018 0.004128456115722656 254
1679700599026 0.004128456115722656 255
1679700599213 0.004128456115722656 256
1679700600192 0.004128456115722656 257
1679700600377 0.004128456115722656 258
1679700601387 0.004128456115722656 259
1679700601643 0.004128456115722656 260
1679700602670 0.004128456115722656 261
1679700602859 0.004128456115722656 262
1679700603860 0.004128456115722656 263
1679700604048 0.004128456115722656 264
1679700605038 0.004128456115722656 265
1679700605300 0.004128456115722656 266
1679700606291 0.004128456115722656 267
1679700606485 0.004128456115722656 268
1679700607492 0.004128456115722656 269
1679700607695 0.004128456115722656 270
1679700608713 0.004128456115722656 271
1679700608979 0.004128456115722656 272
1679700609995 0.004128456115722656 273
1679700610179 0.004128456115722656 274
1679700611199 0.004128456115722656 275
1679700611388 0.004128456115722656 276
1679700612398 0.004128456115722656 277
1679700612659 0.004128456115722656 278
1679700613680 0.004128456115722656 279
1679700613870 0.004128456115722656 280
1679700614857 0.004128456115722656 281
1679700615039 0.004128456115722656 282
1679700616014 0.004128456115722656 283
1679700616276 0.004128456115722656 284
1679700617271 0.004128456115722656 285
1679700617453 0.004128456115722656 286
1679700618432 0.004128456115722656 287
1679700618626 0.004128456115722656 288
1679700619590 0.004128456115722656 289
1679700619842 0.004128456115722656 290
1679700620829 0.004128456115722656 291
1679700621012 0.004128456115722656 292
1679700621993 0.004128456115722656 293
1679700622178 0.004128456115722656 294
1679700623177 0.004128456115722656 295
1679700623436 0.004128456115722656 296
1679700624496 0.004128456115722656 297
1679700624680 0.004128456115722656 298
1679700625677 0.004128456115722656 299
1679700625862 0.004128456115722656 300
1679700625987 0.004128456115722656 301
