1677118980807 1677118980.0 1
1677118981071 1677118981.0 2
1677118982537 1677118982.0 3
1677118982801 1677118982.0 4
1677118984359 1677118984.0 5
1677118984643 1677118984.0 6
1677118986180 1677118986.0 7
1677118986447 1677118986.0 8
1677118987906 1677118987.0 9
1677118988176 1677118988.0 10
1677118989609 1677118989.0 11
1677118989872 1677118989.0 12
1677118991331 1677118991.0 13
1677118991604 1677118991.0 14
1677118993023 1677118992.0 15
1677118993355 1677118993.0 16
1677118994783 1677118994.0 17
1677118995043 1677118995.0 18
1677118996454 1677118996.0 19
1677118996716 1677118996.0 20
1677118998153 1677118998.0 21
1677118998420 1677118998.0 22
1677118999899 1677118999.0 23
1677119000161 1677119000.0 24
1677119001582 1677119001.0 25
1677119001833 1677119001.0 26
1677119003329 1677119003.0 27
1677119003594 1677119003.0 28
1677119005015 1677119004.0 29
1677119005282 1677119005.0 30
1677119006712 1677119006.0 31
1677119006978 1677119006.0 32
1677119008424 1677119008.0 33
1677119008710 1677119008.0 34
1677119010163 1677119010.0 35
1677119010425 1677119010.0 36
1677119011826 1677119011.0 37
1677119012163 1677119012.0 38
1677119013549 1677119013.0 39
1677119013816 1677119013.0 40
1677119015220 1677119015.0 41
1677119015481 1677119015.0 42
1677119016861 1677119016.0 43
1677119017125 1677119017.0 44
1677119018562 1677119018.0 45
1677119018834 1677119018.0 46
1677119020291 1677119020.0 47
1677119020555 1677119020.0 48
1677119022067 1677119022.0 49
1677119022335 1677119022.0 50
1677119023763 1677119023.0 51
1677119024027 1677119023.0 52
1677119025436 1677119025.0 53
1677119025697 1677119025.0 54
1677119027107 1677119027.0 55
1677119027375 1677119027.0 56
1677119028772 1677119028.0 57
1677119029038 1677119028.0 58
1677119030469 1677119030.0 59
1677119030734 1677119030.0 60
1677119032210 1677119032.0 61
1677119032483 1677119032.0 62
1677119033941 1677119033.0 63
1677119034216 1677119034.0 64
1677119035653 1677119035.0 65
1677119035916 1677119035.0 66
1677119037338 1677119037.0 67
1677119037609 1677119037.0 68
1677119039059 1677119039.0 69
1677119039353 1677119039.0 70
1677119040849 1677119040.0 71
1677119041114 1677119041.0 72
1677119042552 1677119042.0 73
1677119042820 1677119042.0 74
1677119044246 1677119044.0 75
1677119044516 1677119044.0 76
1677119045959 1677119045.0 77
1677119046224 1677119046.0 78
1677119047620 1677119047.0 79
1677119047903 1677119047.0 80
1677119049335 1677119049.0 81
1677119049603 1677119049.0 82
1677119051105 1677119051.0 83
1677119051371 1677119051.0 84
1677119052786 1677119052.0 85
1677119053062 1677119053.0 86
1677119054511 1677119054.0 87
1677119054777 1677119054.0 88
1677119056213 1677119056.0 89
1677119056480 1677119056.0 90
1677119057913 1677119057.0 91
1677119058190 1677119058.0 92
1677119059732 1677119059.0 93
1677119060004 1677119059.0 94
1677119061440 1677119061.0 95
1677119061683 1677119061.0 96
1677119063101 1677119063.0 97
1677119063375 1677119063.0 98
1677119064773 1677119064.0 99
1677119065041 1677119064.0 100
1677119066467 1677119066.0 101
1677119066729 1677119066.0 102
1677119068182 1677119068.0 103
1677119068464 1677119068.0 104
1677119070002 1677119069.0 105
1677119070271 1677119070.0 106
1677119071706 1677119071.0 107
1677119071972 1677119071.0 108
1677119073389 1677119073.0 109
1677119073660 1677119073.0 110
1677119075077 1677119075.0 111
1677119075342 1677119075.0 112
1677119076732 1677119076.0 113
1677119076998 1677119076.0 114
1677119078524 1677119078.0 115
1677119078792 1677119078.0 116
1677119080196 1677119080.0 117
1677119080465 1677119080.0 118
1677119081871 1677119081.0 119
1677119082138 1677119082.0 120
1677119083567 1677119083.0 121
1677119083843 1677119083.0 122
1677119085258 1677119085.0 123
1677119085529 1677119085.0 124
1677119087046 1677119086.0 125
1677119087316 1677119087.0 126
1677119088726 1677119088.0 127
1677119089001 1677119088.0 128
1677119090452 1677119090.0 129
1677119090726 1677119090.0 130
1677119092136 1677119092.0 131
1677119092404 1677119092.0 132
1677119093836 1677119093.0 133
1677119094109 1677119094.0 134
1677119095526 1677119095.0 135
1677119095870 1677119095.0 136
1677119097262 1677119097.0 137
1677119097527 1677119097.0 138
1677119098962 1677119098.0 139
1677119099234 1677119099.0 140
1677119100693 1677119100.0 141
1677119100960 1677119100.0 142
1677119102400 1677119102.0 143
1677119102666 1677119102.0 144
1677119104104 1677119104.0 145
1677119104378 1677119104.0 146
1677119105891 1677119105.0 147
1677119106169 1677119106.0 148
1677119107594 1677119107.0 149
1677119107868 1677119107.0 150
1677119109295 1677119109.0 151
1677119109593 1677119109.0 152
1677119111013 1677119110.0 153
1677119111284 1677119111.0 154
1677119112691 1677119112.0 155
1677119112960 1677119112.0 156
1677119114378 1677119114.0 157
1677119114736 1677119114.0 158
1677119116193 1677119116.0 159
1677119116464 1677119116.0 160
1677119117912 1677119117.0 161
1677119118186 1677119118.0 162
1677119119664 1677119119.0 163
1677119119943 1677119119.0 164
1677119121383 1677119121.0 165
1677119121647 1677119121.0 166
1677119123081 1677119123.0 167
1677119123356 1677119123.0 168
1677119124859 1677119124.0 169
1677119125134 1677119125.0 170
1677119126568 1677119126.0 171
1677119126839 1677119126.0 172
1677119128248 1677119128.0 173
1677119128525 1677119128.0 174
1677119130004 1677119129.0 175
1677119130276 1677119130.0 176
1677119131714 1677119131.0 177
1677119131990 1677119131.0 178
1677119133400 1677119133.0 179
1677119133676 1677119133.0 180
1677119135183 1677119135.0 181
1677119135461 1677119135.0 182
1677119136866 1677119136.0 183
1677119137138 1677119137.0 184
1677119138594 1677119138.0 185
1677119138863 1677119138.0 186
1677119140290 1677119140.0 187
1677119140576 1677119140.0 188
1677119142002 1677119141.0 189
1677119142272 1677119142.0 190
1677119143749 1677119143.0 191
1677119144018 1677119143.0 192
1677119145419 1677119145.0 193
1677119145694 1677119145.0 194
1677119147108 1677119147.0 195
1677119147383 1677119147.0 196
1677119148825 1677119148.0 197
1677119149093 1677119149.0 198
1677119150502 1677119150.0 199
1677119150779 1677119150.0 200
1677119152198 1677119152.0 201
1677119152476 1677119152.0 202
1677119153984 1677119153.0 203
1677119154258 1677119154.0 204
1677119155719 1677119155.0 205
1677119155996 1677119155.0 206
1677119157422 1677119157.0 207
1677119157707 1677119157.0 208
1677119159137 1677119159.0 209
1677119159438 1677119159.0 210
1677119160865 1677119160.0 211
1677119161141 1677119161.0 212
1677119162629 1677119162.0 213
1677119162906 1677119162.0 214
1677119164359 1677119164.0 215
1677119164631 1677119164.0 216
1677119166084 1677119166.0 217
1677119166362 1677119166.0 218
1677119167785 1677119167.0 219
1677119168066 1677119168.0 220
1677119169514 1677119169.0 221
1677119169790 1677119169.0 222
1677119171209 1677119171.0 223
1677119171493 1677119171.0 224
1677119172992 1677119172.0 225
1677119173263 1677119173.0 226
1677119174692 1677119174.0 227
1677119174963 1677119174.0 228
1677119176399 1677119176.0 229
1677119176674 1677119176.0 230
1677119178102 1677119178.0 231
1677119178375 1677119178.0 232
1677119179875 1677119179.0 233
1677119180147 1677119180.0 234
1677119181644 1677119181.0 235
1677119181926 1677119181.0 236
1677119183357 1677119183.0 237
1677119183633 1677119183.0 238
1677119185049 1677119184.0 239
1677119185323 1677119185.0 240
1677119186745 1677119186.0 241
1677119187025 1677119186.0 242
1677119188453 1677119188.0 243
1677119188723 1677119188.0 244
1677119190213 1677119190.0 245
1677119190494 1677119190.0 246
1677119192025 1677119191.0 247
1677119192305 1677119192.0 248
1677119193738 1677119193.0 249
1677119194015 1677119193.0 250
1677119195425 1677119195.0 251
1677119195696 1677119195.0 252
1677119197075 1677119197.0 253
1677119197351 1677119197.0 254
1677119198800 1677119198.0 255
1677119199074 1677119199.0 256
1677119200524 1677119200.0 257
1677119200875 1677119200.0 258
1677119202319 1677119202.0 259
1677119202599 1677119202.0 260
1677119204028 1677119203.0 261
1677119204304 1677119204.0 262
1677119205744 1677119205.0 263
1677119206024 1677119205.0 264
1677119207453 1677119207.0 265
1677119207764 1677119207.0 266
1677119209197 1677119209.0 267
1677119209469 1677119209.0 268
1677119210962 1677119210.0 269
1677119211237 1677119211.0 270
1677119212647 1677119212.0 271
1677119212924 1677119212.0 272
1677119214384 1677119214.0 273
1677119214665 1677119214.0 274
1677119216119 1677119216.0 275
1677119216393 1677119216.0 276
1677119217884 1677119217.0 277
1677119218162 1677119218.0 278
1677119219600 1677119219.0 279
1677119219953 1677119219.0 280
1677119221430 1677119221.0 281
1677119221704 1677119221.0 282
1677119223135 1677119223.0 283
1677119223413 1677119223.0 284
1677119224867 1677119224.0 285
1677119225148 1677119225.0 286
1677119226635 1677119226.0 287
1677119226909 1677119226.0 288
1677119228351 1677119228.0 289
1677119228629 1677119228.0 290
1677119230124 1677119230.0 291
1677119230396 1677119230.0 292
1677119231815 1677119231.0 293
1677119232092 1677119232.0 294
1677119233535 1677119233.0 295
1677119233814 1677119233.0 296
1677119235257 1677119235.0 297
1677119235536 1677119235.0 298
1677119236993 1677119236.0 299
1677119237272 1677119237.0 300
1677119237576 1677119237.0 301
