1677118980800 57.53674597717803 1
1677118982532 57.08966034341327 3
1677118984353 57.10181196996078 5
1677118986174 57.15579159447932 7
1677118987901 57.18950374579745 9
1677118989604 57.141139148943196 11
1677118991325 57.11721081165903 13
1677118993017 57.19282378354112 15
1677118994777 57.019461659473734 17
1677118996448 56.9816913973719 19
1677118998147 56.974394409540025 21
1677118999894 56.97474764163917 23
1677119001576 56.99142854596145 25
1677119003321 57.037005144545255 27
1677119005008 57.00908995436275 29
1677119006706 56.985673574747544 31
1677119008417 56.91886042739235 33
1677119010157 56.935265542132335 35
1677119011820 56.93957461901592 37
1677119013543 56.963638455066835 39
1677119015214 56.94695771291595 41
1677119016855 56.99678200726818 43
1677119018555 56.98036358884438 45
1677119020285 56.95623368328646 47
1677119022061 56.92234309156608 49
1677119023757 56.92011412560773 51
1677119025431 56.916673867089564 53
1677119027101 56.919430921792944 55
1677119028766 56.90643160963126 57
1677119030464 56.91862430444824 59
1677119032206 56.910860835905794 61
1677119033936 56.90255670787274 63
1677119035647 56.917089810099185 65
1677119037333 56.9205496801447 67
1677119039053 56.895379345013986 69
1677119040841 56.91087778447444 71
1677119042546 56.892590380149805 73
1677119044239 56.89651907143209 75
1677119045954 56.88922711563854 77
1677119047614 56.89513308982694 79
1677119049328 56.891713322060404 81
1677119051099 56.902528377145075 83
1677119052780 56.88788308383957 85
1677119054505 56.89200615527213 87
1677119056207 56.89194376614065 89
1677119057907 56.888122046039676 91
1677119059726 56.88850831907555 93
1677119061435 56.88926581477812 95
1677119063095 56.888140438466515 97
1677119064766 56.888465009261736 99
1677119066461 56.8887691088604 101
1677119068176 56.88929483098905 103
1677119069997 56.8881107087216 105
1677119071699 56.885905714971564 107
1677119073383 56.88710881611699 109
1677119075071 56.886004210410725 111
1677119076727 56.88685462508881 113
1677119078519 56.885175780461765 115
1677119080190 56.88665723667443 117
1677119081865 56.88595511018366 119
1677119083561 56.884583783724054 121
1677119085253 56.88516800608823 123
1677119087041 56.885043027549145 125
1677119088720 56.88533459360212 127
1677119090446 56.88484008499105 129
1677119092129 56.88415860554168 131
1677119093829 56.88415336578725 133
1677119095519 56.88435547717929 135
1677119097257 56.88409029810978 137
1677119098956 56.884192225992265 139
1677119100687 56.8841099470381 141
1677119102395 56.883970471855136 143
1677119104098 56.88386463697945 145
1677119105886 56.88411022900316 147
1677119107588 56.884041370610824 149
1677119109288 56.88401097227341 151
1677119111007 56.88383212940863 153
1677119112686 56.88385273683719 155
1677119114373 56.8837944496464 157
1677119116188 56.88377453448757 159
1677119117908 56.883830954395 161
1677119119659 56.883785239558435 163
1677119121376 56.88379787706272 165
1677119123076 56.883717825526986 167
1677119124854 56.88373110689088 169
1677119126562 56.883821673325635 171
1677119128242 56.88375516516163 173
1677119129998 56.88377408632952 175
1677119131709 56.88368538541866 177
1677119133395 56.88371652956347 179
1677119135178 56.88368848809004 181
1677119136859 56.88366676496659 183
1677119138588 56.883688362213675 185
1677119140284 56.88367917927157 187
1677119141997 56.883691477352045 189
1677119143744 56.88366055520005 191
1677119145413 56.8836727857175 193
1677119147102 56.88365973257992 195
1677119148819 56.88367273303442 197
1677119150496 56.88365820155335 199
1677119152193 56.88366556270656 201
1677119153979 56.88365621246552 203
1677119155713 56.883666784873554 205
1677119157418 56.88366672816887 207
1677119159131 56.88366534533859 209
1677119160859 56.883654270028345 211
1677119162623 56.8836559822284 213
1677119164354 56.88364932586218 215
1677119166078 56.88365791511425 217
1677119167779 56.88364801803492 219
1677119169507 56.88365231974904 221
1677119171203 56.88364922874032 223
1677119172987 56.883648803455166 225
1677119174685 56.8836491497157 227
1677119176393 56.88365198937385 229
1677119178096 56.88364739357957 231
1677119179869 56.88364858327207 233
1677119181638 56.8836483319215 235
1677119183352 56.88365007639497 237
1677119185045 56.88364775693195 239
1677119186738 56.88364687207741 241
1677119188448 56.88364728489559 243
1677119190208 56.88364763638422 245
1677119192019 56.88364833996472 247
1677119193732 56.88364673494055 249
1677119195419 56.883646471927314 251
1677119197070 56.88364630513108 253
1677119198794 56.88364666496455 255
1677119200518 56.88364677465394 257
1677119202313 56.88364629779164 259
1677119204022 56.883646063734 261
1677119205738 56.88364609108094 263
1677119207448 56.88364572591884 265
1677119209191 56.883646066549126 267
1677119210957 56.883646863430954 269
1677119212641 56.88364591573878 271
1677119214378 56.88364501509944 273
1677119216113 56.8836446800994 275
1677119217878 56.88364549206227 277
1677119219595 56.88364529520451 279
1677119221424 56.8836457448204 281
1677119223129 56.88364585300168 283
1677119224862 56.88364475570565 285
1677119226629 56.88364531008446 287
1677119228345 56.88364511051211 289
1677119230117 56.883645170434086 291
1677119231810 56.88364565131799 293
1677119233529 56.883644561461935 295
1677119235252 56.88364503078371 297
1677119236987 56.883645186922685 299
