1679857014257 0.0 1
1679857014365 0.0 2
1679857014667 0.0 3
1679857014765 0.0 4
1679857015103 0.0 5
1679857015193 0.0 6
1679857015509 0.0 7
1679857015600 0.0 8
1679857015927 0.0 9
1679857016017 0.0 10
1679857016335 0.0 11
1679857016432 0.0 12
1679857016754 0.0 13
1679857016846 0.0 14
1679857017244 0.0 15
1679857017333 0.0 16
1679857017644 0.0 17
1679857017733 0.0 18
1679857018057 0.0 19
1679857018148 0.0 20
1679857018462 0.0 21
1679857018551 0.0 22
1679857018865 0.0 23
1679857018955 0.0 24
1679857019267 0.0 25
1679857019359 0.0 26
1679857019689 0.0 27
1679857019784 0.0 28
1679857020111 0.0 29
1679857020209 0.0 30
1679857020534 0.0 31
1679857020625 0.0 32
1679857021014 0.0 33
1679857021127 0.0 34
1679857021453 0.0 35
1679857021544 0.0 36
1679857021864 0.0 37
1679857021955 0.0 38
1679857022275 0.0 39
1679857022368 0.0 40
1679857022687 0.0 41
1679857022778 0.0 42
1679857023098 0.0 43
1679857023190 0.0 44
1679857023503 0.0 45
1679857023597 0.0 46
1679857023919 0.0 47
1679857024010 0.0 48
1679857024325 0.0 49
1679857024426 0.0 50
1679857024752 0.0 51
1679857024846 0.0 52
1679857025168 0.0 53
1679857025261 0.0 54
1679857025595 0.0 55
1679857025687 0.0 56
1679857026014 0.0 57
1679857026119 0.0 58
1679857026456 0.0 59
1679857026559 0.0 60
1679857026897 0.0 61
1679857026992 0.0 62
1679857027314 0.0 63
1679857027410 0.0 64
1679857027737 0.0 65
1679857027831 0.0 66
1679857028150 0.0 67
1679857028319 0.0 68
1679857028661 0.0 69
1679857028767 0.0 70
1679857029094 0.0 71
1679857029192 0.0 72
1679857029514 0.0 73
1679857029612 0.0 74
1679857029956 0.0 75
1679857030049 0.0 76
1679857030371 0.0 77
1679857030466 0.0 78
1679857030788 0.0 79
1679857030889 0.0 80
1679857031231 0.0 81
1679857031332 0.0 82
1679857031673 0.0 83
1679857031770 0.0 84
1679857032106 0.0 85
1679857032202 0.0 86
1679857032612 0.0 87
1679857032711 0.0 88
1679857033034 0.0 89
1679857033129 0.0 90
1679857033458 0.0 91
1679857033563 0.0 92
1679857033941 0.0 93
1679857034047 0.0 94
1679857034370 0.0 95
1679857034464 0.0 96
1679857034787 0.0 97
1679857034885 0.0 98
1679857035214 0.0 99
1679857035312 0.0 100
1679857035636 0.0 101
1679857035731 0.0 102
1679857036068 0.0 103
1679857036169 0.0 104
1679857036505 0.0 105
1679857036604 0.0 106
1679857036927 0.0 107
1679857037022 0.0 108
1679857037357 0.0 109
1679857037455 0.0 110
1679857037774 0.0 111
1679857037871 0.0 112
1679857038202 0.0 113
1679857038298 0.0 114
1679857038653 0.0 115
1679857038758 0.0 116
1679857039103 0.0 117
1679857039202 0.0 118
1679857039533 0.0 119
1679857039636 0.0 120
1679857040039 0.0 121
1679857040142 0.0 122
1679857040467 0.0 123
1679857040573 0.0 124
1679857040902 0.0 125
1679857041012 0.0 126
1679857041359 0.0 127
1679857041459 0.0 128
1679857041790 0.0 129
1679857041893 0.0 130
1679857042232 0.0 131
1679857042331 0.0 132
1679857042661 0.0 133
1679857042767 0.0 134
1679857043135 0.0 135
1679857043250 0.0 136
1679857043614 0.0 137
1679857043727 0.0 138
1679857044097 0.0 139
1679857044287 0.0 140
1679857044635 0.0 141
1679857044748 0.0 142
1679857045107 0.0 143
1679857045223 0.0 144
1679857045586 0.0 145
1679857045694 0.0 146
1679857046058 0.0 147
1679857046175 0.0 148
1679857046531 0.0 149
1679857046639 0.0 150
1679857046991 0.0 151
1679857047105 0.0 152
1679857047474 0.0 153
1679857047597 0.0 154
1679857047939 0.0 155
1679857048043 0.0 156
1679857048377 0.0 157
1679857048484 0.0 158
1679857048827 0.0 159
1679857048932 0.0 160
1679857049273 0.0 161
1679857049376 0.0 162
1679857049706 0.0 163
1679857049810 0.0 164
1679857050145 0.0 165
1679857050249 0.0 166
1679857050578 0.0 167
1679857050680 0.0 168
1679857051012 0.0 169
1679857051118 0.0 170
1679857051457 0.0 171
1679857051557 0.0 172
1679857051888 0.0 173
1679857051989 0.0 174
1679857052390 0.0 175
1679857052493 0.0 176
1679857052831 0.0 177
1679857052935 0.0 178
1679857053267 0.0 179
1679857053373 0.0 180
1679857053718 0.0 181
1679857053825 0.0 182
1679857054158 0.0 183
1679857054259 0.0 184
1679857054594 0.0 185
1679857054706 0.0 186
1679857055038 0.0 187
1679857055141 0.0 188
1679857055473 0.0 189
1679857055580 0.0 190
1679857055913 0.0 191
1679857056022 0.0 192
1679857056375 0.0 193
1679857056483 0.0 194
1679857056813 0.0 195
1679857056995 0.0 196
1679857057323 0.0 197
1679857057430 0.0 198
1679857057764 0.0 199
1679857057868 0.0 200
1679857058216 0.0 201
1679857058320 0.0 202
1679857058664 0.0 203
1679857058774 0.0 204
1679857059122 0.0 205
1679857059224 0.0 206
1679857059565 0.0 207
1679857059669 0.0 208
1679857059995 0.0 209
1679857060100 0.0 210
1679857060429 0.0 211
1679857060533 0.0 212
1679857060860 0.0 213
1679857060967 0.0 214
1679857061322 0.0 215
1679857061425 0.0 216
1679857061757 0.0 217
1679857061860 0.0 218
1679857062184 0.0 219
1679857062284 0.0 220
1679857062608 0.0 221
1679857062710 0.0 222
1679857063042 0.0 223
1679857063142 0.0 224
1679857063532 0.0 225
1679857063735 0.0 226
1679857064119 0.0 227
1679857064232 0.0 228
1679857064583 0.0 229
1679857064688 0.0 230
1679857065025 0.0 231
1679857065133 0.0 232
1679857065476 0.0 233
1679857065578 0.0 234
1679857065914 0.0 235
1679857066017 0.0 236
1679857066353 0.0 237
1679857066452 0.0 238
1679857066762 0.0 239
1679857066873 0.0 240
1679857067207 0.0 241
1679857067307 0.0 242
1679857067626 0.0 243
1679857067729 0.0 244
1679857068115 0.0 245
1679857068228 0.0 246
1679857068550 0.0 247
1679857068670 0.0 248
1679857069010 0.0 249
1679857069120 0.0 250
1679857069468 0.0 251
1679857069570 0.0 252
1679857069902 0.0 253
1679857070005 0.0 254
1679857070353 0.0 255
1679857070456 0.0 256
1679857070777 0.0 257
1679857070880 0.0 258
1679857071199 0.0 259
1679857071300 0.0 260
1679857071646 0.0 261
1679857071767 0.0 262
1679857072148 0.0 263
1679857072272 0.0 264
1679857072620 0.0 265
1679857072744 0.0 266
1679857073105 0.0 267
1679857073224 0.0 268
1679857073579 0.0 269
1679857073681 0.0 270
1679857074040 0.0 271
1679857074149 0.0 272
1679857074473 0.0 273
1679857074576 0.0 274
1679857074992 0.0 275
1679857075108 0.0 276
1679857075463 0.0 277
1679857075580 0.0 278
1679857075949 0.0 279
1679857076073 0.0 280
1679857076449 0.0 281
1679857076562 0.0 282
1679857076932 0.0 283
1679857077059 0.0 284
1679857077435 0.0 285
1679857077555 0.0 286
1679857077913 0.0 287
1679857078036 0.0 288
1679857078396 0.0 289
1679857078519 0.0 290
1679857078958 0.0 291
1679857079063 0.0 292
1679857079391 0.0 293
1679857079497 0.0 294
1679857079858 0.0 295
1679857079970 0.0 296
1679857080297 0.0 297
1679857080403 0.0 298
1679857080733 0.0 299
1679857080837 0.0 300
1679857080927 0.0 301
