1679857014270 1.0 1
1679857014377 2.0 2
1679857014682 3.0 3
1679857014777 4.0 4
1679857015114 5.0 5
1679857015207 6.0 6
1679857015520 7.0 7
1679857015613 8.0 8
1679857015939 9.0 9
1679857016029 10.0 10
1679857016347 11.0 11
1679857016445 12.0 12
1679857016765 13.0 13
1679857016858 14.0 14
1679857017256 15.0 15
1679857017344 16.0 16
1679857017656 17.0 17
1679857017745 18.0 18
1679857018069 19.0 19
1679857018160 20.0 20
1679857018474 21.0 21
1679857018564 22.0 22
1679857018877 23.0 23
1679857018967 24.0 24
1679857019278 25.0 25
1679857019371 26.0 26
1679857019700 27.0 27
1679857019796 28.0 28
1679857020123 29.0 29
1679857020220 30.0 30
1679857020545 31.0 31
1679857020637 32.0 32
1679857021025 33.0 33
1679857021139 34.0 34
1679857021464 35.0 35
1679857021555 36.0 36
1679857021875 37.0 37
1679857021967 38.0 38
1679857022287 39.0 39
1679857022380 40.0 40
1679857022699 41.0 41
1679857022790 42.0 42
1679857023109 43.0 43
1679857023202 44.0 44
1679857023513 45.0 45
1679857023609 46.0 46
1679857023930 47.0 47
1679857024021 48.0 48
1679857024337 49.0 49
1679857024438 50.0 50
1679857024766 51.0 51
1679857024858 52.0 52
1679857025180 53.0 53
1679857025272 54.0 54
1679857025607 55.0 55
1679857025699 56.0 56
1679857026025 57.0 57
1679857026132 58.0 58
1679857026470 59.0 59
1679857026572 60.0 60
1679857026909 61.0 61
1679857027004 62.0 62
1679857027327 63.0 63
1679857027422 64.0 64
1679857027748 65.0 65
1679857027845 66.0 66
1679857028161 67.0 67
1679857028332 68.0 68
1679857028674 69.0 69
1679857028781 70.0 70
1679857029108 71.0 71
1679857029203 72.0 72
1679857029527 73.0 73
1679857029624 74.0 74
1679857029969 75.0 75
1679857030061 76.0 76
1679857030383 77.0 77
1679857030479 78.0 78
1679857030801 79.0 79
1679857030900 80.0 80
1679857031243 81.0 81
1679857031344 82.0 82
1679857031684 83.0 83
1679857031782 84.0 84
1679857032118 85.0 85
1679857032214 86.0 86
1679857032624 87.0 87
1679857032723 88.0 88
1679857033046 89.0 89
1679857033141 90.0 90
1679857033471 91.0 91
1679857033575 92.0 92
1679857033955 93.0 93
1679857034059 94.0 94
1679857034382 95.0 95
1679857034475 96.0 96
1679857034799 97.0 97
1679857034897 98.0 98
1679857035227 99.0 99
1679857035325 100.0 100
1679857035647 101.0 101
1679857035744 102.0 102
1679857036079 103.0 103
1679857036183 104.0 104
1679857036517 105.0 105
1679857036616 106.0 106
1679857036939 107.0 107
1679857037035 108.0 108
1679857037368 109.0 109
1679857037467 110.0 110
1679857037786 111.0 111
1679857037883 112.0 112
1679857038214 113.0 113
1679857038311 114.0 114
1679857038665 115.0 115
1679857038770 116.0 116
1679857039115 117.0 117
1679857039214 118.0 118
1679857039547 119.0 119
1679857039649 120.0 120
1679857040052 121.0 121
1679857040154 122.0 122
1679857040479 123.0 123
1679857040585 124.0 124
1679857040916 125.0 125
1679857041024 126.0 126
1679857041371 127.0 127
1679857041471 128.0 128
1679857041802 129.0 129
1679857041905 130.0 130
1679857042244 131.0 131
1679857042343 132.0 132
1679857042674 133.0 133
1679857042781 134.0 134
1679857043149 135.0 135
1679857043262 136.0 136
1679857043627 137.0 137
1679857043740 138.0 138
1679857044109 139.0 139
1679857044300 140.0 140
1679857044647 141.0 141
1679857044761 142.0 142
1679857045122 143.0 143
1679857045237 144.0 144
1679857045599 145.0 145
1679857045710 146.0 146
1679857046072 147.0 147
1679857046188 148.0 148
1679857046543 149.0 149
1679857046654 150.0 150
1679857047004 151.0 151
1679857047119 152.0 152
1679857047489 153.0 153
1679857047613 154.0 154
1679857047952 155.0 155
1679857048055 156.0 156
1679857048390 157.0 157
1679857048497 158.0 158
1679857048839 159.0 159
1679857048944 160.0 160
1679857049285 161.0 161
1679857049387 162.0 162
1679857049724 163.0 163
1679857049822 164.0 164
1679857050158 165.0 165
1679857050261 166.0 166
1679857050589 167.0 167
1679857050692 168.0 168
1679857051023 169.0 169
1679857051129 170.0 170
1679857051469 171.0 171
1679857051570 172.0 172
1679857051900 173.0 173
1679857052001 174.0 174
1679857052402 175.0 175
1679857052505 176.0 176
1679857052844 177.0 177
1679857052947 178.0 178
1679857053280 179.0 179
1679857053385 180.0 180
1679857053732 181.0 181
1679857053837 182.0 182
1679857054170 183.0 183
1679857054271 184.0 184
1679857054610 185.0 185
1679857054719 186.0 186
1679857055051 187.0 187
1679857055154 188.0 188
1679857055487 189.0 189
1679857055593 190.0 190
1679857055926 191.0 191
1679857056034 192.0 192
1679857056387 193.0 193
1679857056495 194.0 194
1679857056825 195.0 195
1679857057008 196.0 196
1679857057334 197.0 197
1679857057442 198.0 198
1679857057776 199.0 199
1679857057880 200.0 200
1679857058228 201.0 201
1679857058332 202.0 202
1679857058677 203.0 203
1679857058787 204.0 204
1679857059134 205.0 205
1679857059237 206.0 206
1679857059577 207.0 207
1679857059680 208.0 208
1679857060008 209.0 209
1679857060112 210.0 210
1679857060440 211.0 211
1679857060545 212.0 212
1679857060872 213.0 213
1679857060980 214.0 214
1679857061333 215.0 215
1679857061436 216.0 216
1679857061770 217.0 217
1679857061874 218.0 218
1679857062195 219.0 219
1679857062297 220.0 220
1679857062619 221.0 221
1679857062721 222.0 222
1679857063053 223.0 223
1679857063154 224.0 224
1679857063545 225.0 225
1679857063749 226.0 226
1679857064131 227.0 227
1679857064245 228.0 228
1679857064594 229.0 229
1679857064700 230.0 230
1679857065037 231.0 231
1679857065145 232.0 232
1679857065489 233.0 233
1679857065590 234.0 234
1679857065926 235.0 235
1679857066029 236.0 236
1679857066365 237.0 237
1679857066465 238.0 238
1679857066774 239.0 239
1679857066885 240.0 240
1679857067218 241.0 241
1679857067318 242.0 242
1679857067638 243.0 243
1679857067742 244.0 244
1679857068127 245.0 245
1679857068241 246.0 246
1679857068564 247.0 247
1679857068683 248.0 248
1679857069022 249.0 249
1679857069131 250.0 250
1679857069481 251.0 251
1679857069581 252.0 252
1679857069915 253.0 253
1679857070018 254.0 254
1679857070365 255.0 255
1679857070466 256.0 256
1679857070788 257.0 257
1679857070891 258.0 258
1679857071211 259.0 259
1679857071313 260.0 260
1679857071658 261.0 261
1679857071780 262.0 262
1679857072160 263.0 263
1679857072285 264.0 264
1679857072632 265.0 265
1679857072759 266.0 266
1679857073117 267.0 267
1679857073240 268.0 268
1679857073590 269.0 269
1679857073693 270.0 270
1679857074053 271.0 271
1679857074161 272.0 272
1679857074485 273.0 273
1679857074588 274.0 274
1679857075005 275.0 275
1679857075121 276.0 276
1679857075476 277.0 277
1679857075593 278.0 278
1679857075962 279.0 279
1679857076085 280.0 280
1679857076462 281.0 281
1679857076574 282.0 282
1679857076944 283.0 283
1679857077072 284.0 284
1679857077450 285.0 285
1679857077569 286.0 286
1679857077925 287.0 287
1679857078049 288.0 288
1679857078409 289.0 289
1679857078531 290.0 290
1679857078971 291.0 291
1679857079075 292.0 292
1679857079403 293.0 293
1679857079510 294.0 294
1679857079871 295.0 295
1679857079983 296.0 296
1679857080309 297.0 297
1679857080415 298.0 298
1679857080745 299.0 299
1679857080850 300.0 300
1679857080940 301.0 301
