1679857014264 20168.0 1
1679857014373 20168.0 2
1679857014674 20168.0 3
1679857014773 20168.0 4
1679857015110 20168.0 5
1679857015201 20168.0 6
1679857015515 20168.0 7
1679857015607 20168.0 8
1679857015933 20168.0 9
1679857016024 20168.0 10
1679857016342 20168.0 11
1679857016439 20168.0 12
1679857016760 20168.0 13
1679857016853 20168.0 14
1679857017250 20168.0 15
1679857017339 20168.0 16
1679857017651 20168.0 17
1679857017739 20168.0 18
1679857018063 20168.0 19
1679857018155 20168.0 20
1679857018469 20168.0 21
1679857018557 20168.0 22
1679857018872 20168.0 23
1679857018962 20168.0 24
1679857019273 20168.0 25
1679857019365 20168.0 26
1679857019695 20168.0 27
1679857019791 20168.0 28
1679857020118 20168.0 29
1679857020215 20168.0 30
1679857020541 20168.0 31
1679857020632 20168.0 32
1679857021021 20168.0 33
1679857021134 20168.0 34
1679857021459 20168.0 35
1679857021550 20168.0 36
1679857021870 20168.0 37
1679857021962 20168.0 38
1679857022283 20168.0 39
1679857022375 20168.0 40
1679857022694 20168.0 41
1679857022785 20168.0 42
1679857023105 20168.0 43
1679857023196 20168.0 44
1679857023509 20168.0 45
1679857023603 20168.0 46
1679857023926 20168.0 47
1679857024017 20168.0 48
1679857024332 20168.0 49
1679857024432 20168.0 50
1679857024761 20168.0 51
1679857024853 20168.0 52
1679857025175 20168.0 53
1679857025268 20168.0 54
1679857025603 20168.0 55
1679857025693 20168.0 56
1679857026021 20168.0 57
1679857026126 20168.0 58
1679857026464 20168.0 59
1679857026566 20168.0 60
1679857026903 20168.0 61
1679857026999 20168.0 62
1679857027322 20168.0 63
1679857027418 20168.0 64
1679857027744 20168.0 65
1679857027840 20168.0 66
1679857028157 20168.0 67
1679857028325 20168.0 68
1679857028668 20168.0 69
1679857028775 20168.0 70
1679857029103 20168.0 71
1679857029198 20168.0 72
1679857029521 20168.0 73
1679857029619 20168.0 74
1679857029962 20168.0 75
1679857030057 20168.0 76
1679857030378 20168.0 77
1679857030473 20168.0 78
1679857030795 20168.0 79
1679857030895 20168.0 80
1679857031238 20168.0 81
1679857031339 20168.0 82
1679857031679 20168.0 83
1679857031777 20168.0 84
1679857032113 20168.0 85
1679857032209 20168.0 86
1679857032619 20168.0 87
1679857032717 20168.0 88
1679857033041 20168.0 89
1679857033136 20168.0 90
1679857033466 20168.0 91
1679857033570 20168.0 92
1679857033949 20168.0 93
1679857034054 20168.0 94
1679857034377 20168.0 95
1679857034470 20168.0 96
1679857034794 20168.0 97
1679857034892 20168.0 98
1679857035222 20168.0 99
1679857035320 20168.0 100
1679857035643 20168.0 101
1679857035738 20168.0 102
1679857036074 20168.0 103
1679857036177 20168.0 104
1679857036511 20168.0 105
1679857036611 20168.0 106
1679857036934 20168.0 107
1679857037030 20168.0 108
1679857037364 20168.0 109
1679857037462 20168.0 110
1679857037781 20168.0 111
1679857037878 20168.0 112
1679857038209 20168.0 113
1679857038305 20168.0 114
1679857038660 20168.0 115
1679857038765 20168.0 116
1679857039110 20168.0 117
1679857039209 20168.0 118
1679857039540 20168.0 119
1679857039643 20168.0 120
1679857040047 20168.0 121
1679857040149 20168.0 122
1679857040474 20168.0 123
1679857040580 20168.0 124
1679857040909 20168.0 125
1679857041019 20168.0 126
1679857041365 20168.0 127
1679857041465 20168.0 128
1679857041797 20168.0 129
1679857041901 20168.0 130
1679857042239 20168.0 131
1679857042338 20168.0 132
1679857042668 20168.0 133
1679857042776 20168.0 134
1679857043142 20168.0 135
1679857043257 20168.0 136
1679857043621 20168.0 137
1679857043734 20168.0 138
1679857044104 20168.0 139
1679857044294 20168.0 140
1679857044642 20168.0 141
1679857044755 20168.0 142
1679857045117 20168.0 143
1679857045231 20168.0 144
1679857045593 20168.0 145
1679857045702 20168.0 146
1679857046067 20168.0 147
1679857046183 20168.0 148
1679857046538 20168.0 149
1679857046649 20168.0 150
1679857046999 20168.0 151
1679857047114 20168.0 152
1679857047482 20168.0 153
1679857047607 20168.0 154
1679857047947 20168.0 155
1679857048050 20168.0 156
1679857048385 20168.0 157
1679857048491 20168.0 158
1679857048834 20168.0 159
1679857048939 20168.0 160
1679857049280 20168.0 161
1679857049383 20168.0 162
1679857049712 20168.0 163
1679857049817 20168.0 164
1679857050153 20168.0 165
1679857050255 20168.0 166
1679857050584 20168.0 167
1679857050687 20168.0 168
1679857051018 20168.0 169
1679857051125 20168.0 170
1679857051463 20168.0 171
1679857051565 20168.0 172
1679857051895 20168.0 173
1679857051995 20168.0 174
1679857052397 20168.0 175
1679857052500 20168.0 176
1679857052838 20168.0 177
1679857052942 20168.0 178
1679857053275 20168.0 179
1679857053380 20168.0 180
1679857053725 20168.0 181
1679857053832 20168.0 182
1679857054165 20168.0 183
1679857054267 20168.0 184
1679857054603 20168.0 185
1679857054713 20168.0 186
1679857055046 20168.0 187
1679857055149 20168.0 188
1679857055482 20168.0 189
1679857055587 20168.0 190
1679857055921 20168.0 191
1679857056029 20168.0 192
1679857056382 20168.0 193
1679857056490 20168.0 194
1679857056819 20168.0 195
1679857057002 20168.0 196
1679857057329 20168.0 197
1679857057436 20168.0 198
1679857057771 20168.0 199
1679857057875 20168.0 200
1679857058222 20168.0 201
1679857058327 20168.0 202
1679857058671 20168.0 203
1679857058781 20168.0 204
1679857059129 20168.0 205
1679857059231 20168.0 206
1679857059572 20168.0 207
1679857059675 20168.0 208
1679857060003 20168.0 209
1679857060107 20168.0 210
1679857060435 20168.0 211
1679857060540 20168.0 212
1679857060867 20168.0 213
1679857060975 20168.0 214
1679857061328 20168.0 215
1679857061431 20168.0 216
1679857061765 20168.0 217
1679857061868 20168.0 218
1679857062190 20168.0 219
1679857062291 20168.0 220
1679857062614 20168.0 221
1679857062716 20168.0 222
1679857063048 20168.0 223
1679857063149 20168.0 224
1679857063540 20168.0 225
1679857063743 20168.0 226
1679857064125 20168.0 227
1679857064240 20168.0 228
1679857064589 20168.0 229
1679857064695 20168.0 230
1679857065032 20168.0 231
1679857065140 20168.0 232
1679857065483 20168.0 233
1679857065585 20168.0 234
1679857065921 20168.0 235
1679857066024 20168.0 236
1679857066360 20168.0 237
1679857066460 20168.0 238
1679857066769 20168.0 239
1679857066880 20168.0 240
1679857067213 20168.0 241
1679857067313 20168.0 242
1679857067634 20168.0 243
1679857067737 20168.0 244
1679857068122 20168.0 245
1679857068235 20168.0 246
1679857068559 20168.0 247
1679857068676 20168.0 248
1679857069017 20168.0 249
1679857069126 20168.0 250
1679857069475 20168.0 251
1679857069576 20168.0 252
1679857069909 20168.0 253
1679857070013 20168.0 254
1679857070360 20168.0 255
1679857070462 20168.0 256
1679857070783 20168.0 257
1679857070887 20168.0 258
1679857071205 20168.0 259
1679857071307 20168.0 260
1679857071652 20168.0 261
1679857071774 20168.0 262
1679857072155 20168.0 263
1679857072279 20168.0 264
1679857072627 20168.0 265
1679857072753 20168.0 266
1679857073113 20168.0 267
1679857073234 20168.0 268
1679857073585 20168.0 269
1679857073688 20168.0 270
1679857074048 20168.0 271
1679857074156 20168.0 272
1679857074480 20168.0 273
1679857074583 20168.0 274
1679857074999 20168.0 275
1679857075116 20168.0 276
1679857075470 20168.0 277
1679857075587 20168.0 278
1679857075955 20168.0 279
1679857076080 20168.0 280
1679857076457 20168.0 281
1679857076569 20168.0 282
1679857076939 20168.0 283
1679857077066 20168.0 284
1679857077444 20168.0 285
1679857077564 20168.0 286
1679857077920 20168.0 287
1679857078043 20168.0 288
1679857078404 20168.0 289
1679857078526 20168.0 290
1679857078965 20168.0 291
1679857079070 20168.0 292
1679857079398 20168.0 293
1679857079505 20168.0 294
1679857079865 20168.0 295
1679857079977 20168.0 296
1679857080304 20168.0 297
1679857080410 20168.0 298
1679857080740 20168.0 299
1679857080844 20168.0 300
1679857080935 20168.0 301
