1679857014268 0.0 1
1679857014376 0.0 2
1679857014679 0.0 3
1679857014776 0.0 4
1679857015113 0.0 5
1679857015205 0.0 6
1679857015518 0.0 7
1679857015611 0.0 8
1679857015937 0.0 9
1679857016027 0.0 10
1679857016345 0.0 11
1679857016443 0.0 12
1679857016764 0.0 13
1679857016856 0.0 14
1679857017254 0.0 15
1679857017343 0.0 16
1679857017655 0.0 17
1679857017743 0.0 18
1679857018067 0.0 19
1679857018157 0.0 20
1679857018472 0.0 21
1679857018561 0.0 22
1679857018875 0.0 23
1679857018966 0.0 24
1679857019276 0.0 25
1679857019369 0.0 26
1679857019698 0.0 27
1679857019794 0.0 28
1679857020121 0.0 29
1679857020219 0.0 30
1679857020544 0.0 31
1679857020636 0.0 32
1679857021024 0.0 33
1679857021137 0.0 34
1679857021462 0.0 35
1679857021553 0.0 36
1679857021874 0.0 37
1679857021965 0.0 38
1679857022286 0.0 39
1679857022379 0.0 40
1679857022697 0.0 41
1679857022789 0.0 42
1679857023107 0.0 43
1679857023200 0.0 44
1679857023512 0.0 45
1679857023607 0.0 46
1679857023929 0.0 47
1679857024020 0.0 48
1679857024335 0.0 49
1679857024435 0.0 50
1679857024764 0.0 51
1679857024857 0.0 52
1679857025178 0.0 53
1679857025271 0.0 54
1679857025606 0.0 55
1679857025697 0.0 56
1679857026024 0.0 57
1679857026130 0.0 58
1679857026467 0.0 59
1679857026570 0.0 60
1679857026907 0.0 61
1679857027002 0.0 62
1679857027325 0.0 63
1679857027421 0.0 64
1679857027747 0.0 65
1679857027843 0.0 66
1679857028160 0.0 67
1679857028330 0.0 68
1679857028672 0.0 69
1679857028780 0.0 70
1679857029105 0.0 71
1679857029202 0.0 72
1679857029525 0.0 73
1679857029621 0.0 74
1679857029967 0.0 75
1679857030060 0.0 76
1679857030381 0.0 77
1679857030477 0.0 78
1679857030799 0.0 79
1679857030899 0.0 80
1679857031241 0.0 81
1679857031342 0.0 82
1679857031682 0.0 83
1679857031781 0.0 84
1679857032115 0.0 85
1679857032212 0.0 86
1679857032623 0.0 87
1679857032721 0.0 88
1679857033044 0.0 89
1679857033139 0.0 90
1679857033470 0.0 91
1679857033574 0.0 92
1679857033953 0.0 93
1679857034057 0.0 94
1679857034380 0.0 95
1679857034474 0.0 96
1679857034797 0.0 97
1679857034895 0.0 98
1679857035224 0.0 99
1679857035323 0.0 100
1679857035645 0.0 101
1679857035742 0.0 102
1679857036077 0.0 103
1679857036181 0.0 104
1679857036515 0.0 105
1679857036614 0.0 106
1679857036938 0.0 107
1679857037033 0.0 108
1679857037367 0.0 109
1679857037465 0.0 110
1679857037785 0.0 111
1679857037881 0.0 112
1679857038212 0.0 113
1679857038309 0.0 114
1679857038663 0.0 115
1679857038768 0.0 116
1679857039113 0.0 117
1679857039212 0.0 118
1679857039544 0.0 119
1679857039647 0.0 120
1679857040050 0.0 121
1679857040152 0.0 122
1679857040478 0.0 123
1679857040583 0.0 124
1679857040913 0.0 125
1679857041022 0.0 126
1679857041369 0.0 127
1679857041469 0.0 128
1679857041800 0.0 129
1679857041904 0.0 130
1679857042242 0.0 131
1679857042341 0.0 132
1679857042672 0.0 133
1679857042779 0.0 134
1679857043147 0.0 135
1679857043260 0.0 136
1679857043625 0.0 137
1679857043738 0.0 138
1679857044107 0.0 139
1679857044298 0.0 140
1679857044646 0.0 141
1679857044759 0.0 142
1679857045120 0.0 143
1679857045235 0.0 144
1679857045597 0.0 145
1679857045707 0.0 146
1679857046070 0.0 147
1679857046186 0.0 148
1679857046541 0.0 149
1679857046653 0.0 150
1679857047003 0.0 151
1679857047117 0.0 152
1679857047487 0.0 153
1679857047611 0.0 154
1679857047950 0.0 155
1679857048053 0.0 156
1679857048388 0.0 157
1679857048495 0.0 158
1679857048838 0.0 159
1679857048942 0.0 160
1679857049284 0.0 161
1679857049386 0.0 162
1679857049715 0.0 163
1679857049820 0.0 164
1679857050156 0.0 165
1679857050259 0.0 166
1679857050587 0.0 167
1679857050690 0.0 168
1679857051021 0.0 169
1679857051127 0.0 170
1679857051467 0.0 171
1679857051567 0.0 172
1679857051898 0.0 173
1679857051999 0.0 174
1679857052400 0.0 175
1679857052503 0.0 176
1679857052842 0.0 177
1679857052945 0.0 178
1679857053279 0.0 179
1679857053383 0.0 180
1679857053729 0.0 181
1679857053835 0.0 182
1679857054168 0.0 183
1679857054270 0.0 184
1679857054608 0.0 185
1679857054717 0.0 186
1679857055049 0.0 187
1679857055152 0.0 188
1679857055486 0.0 189
1679857055591 0.0 190
1679857055925 0.0 191
1679857056033 0.0 192
1679857056385 0.0 193
1679857056493 0.0 194
1679857056824 0.0 195
1679857057005 0.0 196
1679857057332 0.0 197
1679857057441 0.0 198
1679857057774 0.0 199
1679857057878 0.0 200
1679857058226 0.0 201
1679857058331 0.0 202
1679857058674 0.0 203
1679857058784 0.0 204
1679857059133 0.0 205
1679857059234 0.0 206
1679857059575 0.0 207
1679857059678 0.0 208
1679857060006 0.0 209
1679857060110 0.0 210
1679857060439 0.0 211
1679857060543 0.0 212
1679857060870 0.0 213
1679857060978 0.0 214
1679857061332 0.0 215
1679857061435 0.0 216
1679857061767 0.0 217
1679857061871 0.0 218
1679857062194 0.0 219
1679857062295 0.0 220
1679857062617 0.0 221
1679857062720 0.0 222
1679857063052 0.0 223
1679857063152 0.0 224
1679857063544 0.0 225
1679857063747 0.0 226
1679857064129 0.0 227
1679857064243 0.0 228
1679857064593 0.0 229
1679857064698 0.0 230
1679857065034 0.0 231
1679857065143 0.0 232
1679857065487 0.0 233
1679857065588 0.0 234
1679857065924 0.0 235
1679857066027 0.0 236
1679857066364 0.0 237
1679857066463 0.0 238
1679857066773 0.0 239
1679857066884 0.0 240
1679857067217 0.0 241
1679857067316 0.0 242
1679857067637 0.0 243
1679857067741 0.0 244
1679857068125 0.0 245
1679857068239 0.0 246
1679857068562 0.0 247
1679857068681 0.0 248
1679857069020 0.0 249
1679857069129 0.0 250
1679857069479 0.0 251
1679857069579 0.0 252
1679857069913 0.0 253
1679857070016 0.0 254
1679857070363 0.0 255
1679857070465 0.0 256
1679857070787 0.0 257
1679857070890 0.0 258
1679857071209 0.0 259
1679857071311 0.0 260
1679857071655 0.0 261
1679857071777 0.0 262
1679857072159 0.0 263
1679857072283 0.0 264
1679857072630 0.0 265
1679857072757 0.0 266
1679857073115 0.0 267
1679857073238 0.0 268
1679857073589 0.0 269
1679857073691 0.0 270
1679857074051 0.0 271
1679857074159 0.0 272
1679857074484 0.0 273
1679857074587 0.0 274
1679857075003 0.0 275
1679857075119 0.0 276
1679857075474 0.0 277
1679857075592 0.0 278
1679857075960 0.0 279
1679857076084 0.0 280
1679857076460 0.0 281
1679857076572 0.0 282
1679857076942 0.0 283
1679857077070 0.0 284
1679857077448 0.0 285
1679857077567 0.0 286
1679857077923 0.0 287
1679857078046 0.0 288
1679857078407 0.0 289
1679857078530 0.0 290
1679857078969 0.0 291
1679857079073 0.0 292
1679857079401 0.0 293
1679857079508 0.0 294
1679857079869 0.0 295
1679857079981 0.0 296
1679857080307 0.0 297
1679857080413 0.0 298
1679857080744 0.0 299
1679857080848 0.0 300
1679857080938 0.0 301
