1679857014265 3.030268669128418 1
1679857014374 3.10756778717041 2
1679857014677 3.438591480255127 3
1679857014774 3.5100767612457275 4
1679857015111 3.8455710411071777 5
1679857015203 3.9381494522094727 6
1679857015517 4.254236936569214 7
1679857015609 4.344597339630127 8
1679857015935 4.670724153518677 9
1679857016025 4.7629547119140625 10
1679857016344 5.077755451202393 11
1679857016441 5.170701503753662 12
1679857016762 5.500932931900024 13
1679857016855 5.590368747711182 14
1679857017252 5.988638162612915 15
1679857017341 6.077826499938965 16
1679857017652 6.389267921447754 17
1679857017741 6.479276418685913 18
1679857018065 6.801935195922852 19
1679857018156 6.894396543502808 20
1679857018470 7.20541787147522 21
1679857018559 7.297125816345215 22
1679857018873 7.610495090484619 23
1679857018964 7.699991464614868 24
1679857019275 8.010505199432373 25
1679857019368 8.10345458984375 26
1679857019697 8.427488327026367 27
1679857019792 8.527912139892578 28
1679857020120 8.854215383529663 29
1679857020217 8.949484586715698 30
1679857020543 9.277483701705933 31
1679857020634 9.370931386947632 32
1679857021023 9.759438276290894 33
1679857021135 9.849518060684204 34
1679857021461 10.197085618972778 35
1679857021552 10.287538766860962 36
1679857021872 10.607014656066895 37
1679857021964 10.699528217315674 38
1679857022284 11.020208597183228 39
1679857022376 11.110899448394775 40
1679857022695 11.431620121002197 41
1679857022787 11.523310661315918 42
1679857023106 11.84094500541687 43
1679857023197 11.933700799942017 44
1679857023510 12.24593734741211 45
1679857023605 12.33803939819336 46
1679857023927 12.660586833953857 47
1679857024018 12.752938270568848 48
1679857024334 13.06845474243164 49
1679857024434 13.167502641677856 50
1679857024763 13.488559484481812 51
1679857024855 13.588002920150757 52
1679857025177 13.912619352340698 53
1679857025269 14.00402307510376 54
1679857025605 14.337490797042847 55
1679857025695 14.43049955368042 56
1679857026022 14.756442546844482 57
1679857026127 14.847939014434814 58
1679857026466 15.199532508850098 59
1679857026567 15.296526670455933 60
1679857026905 15.639212846755981 61
1679857027001 15.734006643295288 62
1679857027323 16.056604385375977 63
1679857027420 16.15174913406372 64
1679857027745 16.474833965301514 65
1679857027841 16.573007822036743 66
1679857028158 16.892172813415527 67
1679857028328 17.05791735649109 68
1679857028670 17.40162968635559 69
1679857028777 17.501485109329224 70
1679857029104 17.8355655670166 71
1679857029200 17.9339656829834 72
1679857029523 18.25492286682129 73
1679857029620 18.35421347618103 74
1679857029964 18.694572925567627 75
1679857030058 18.790951013565063 76
1679857030379 19.11147403717041 77
1679857030475 19.204501390457153 78
1679857030797 19.530189275741577 79
1679857030897 19.626985549926758 80
1679857031240 19.9669349193573 81
1679857031341 20.06849217414856 82
1679857031680 20.41292142868042 83
1679857031779 20.511260509490967 84
1679857032114 20.845938205718994 85
1679857032211 20.94248127937317 86
1679857032621 21.351658821105957 87
1679857032720 21.448425769805908 88
1679857033043 21.776466131210327 89
1679857033137 21.870762825012207 90
1679857033468 22.193408489227295 91
1679857033572 22.301610231399536 92
1679857033951 22.673458576202393 93
1679857034056 22.780224323272705 94
1679857034378 23.10922122001648 95
1679857034472 23.20353388786316 96
1679857034796 23.528090715408325 97
1679857034894 23.62521982192993 98
1679857035223 23.951974153518677 99
1679857035321 24.05042028427124 100
1679857035644 24.376121282577515 101
1679857035740 24.47117805480957 102
1679857036076 24.802419424057007 103
1679857036179 24.90599298477173 104
1679857036513 25.246400117874146 105
1679857036613 25.342275619506836 106
1679857036935 25.666426420211792 107
1679857037031 25.76260471343994 108
1679857037366 26.094556093215942 109
1679857037463 26.192375421524048 110
1679857037783 26.51290273666382 111
1679857037880 26.61157250404358 112
1679857038210 26.939449548721313 113
1679857038306 27.03691840171814 114
1679857038661 27.389447689056396 115
1679857038766 27.491999864578247 116
1679857039111 27.835453510284424 117
1679857039210 27.937463998794556 118
1679857039542 28.271432399749756 119
1679857039644 28.375435829162598 120
1679857040048 28.77694082260132 121
1679857040150 28.87931776046753 122
1679857040475 29.204453468322754 123
1679857040581 29.303941249847412 124
1679857040911 29.640936136245728 125
1679857041021 29.749242305755615 126
1679857041367 30.09406852722168 127
1679857041467 30.195029973983765 128
1679857041799 30.527435302734375 129
1679857041902 30.631484508514404 130
1679857042241 30.969424962997437 131
1679857042340 31.068400621414185 132
1679857042670 31.39666748046875 133
1679857042777 31.50298500061035 134
1679857043145 31.86546039581299 135
1679857043259 31.98146963119507 136
1679857043623 32.347753047943115 137
1679857043736 32.456483125686646 138
1679857044106 32.82573342323303 139
1679857044295 33.019458293914795 140
1679857044644 33.36648082733154 141
1679857044757 33.47490668296814 142
1679857045118 33.838042974472046 143
1679857045234 33.95391130447388 144
1679857045595 34.317079305648804 145
1679857045704 34.42579197883606 146
1679857046069 34.79018592834473 147
1679857046185 34.905534982681274 148
1679857046539 35.26159620285034 149
1679857046651 35.36923837661743 150
1679857047001 35.720942735672 151
1679857047116 35.831464767456055 152
1679857047484 36.20695400238037 153
1679857047609 36.31960868835449 154
1679857047949 36.675400495529175 155
1679857048051 36.77941107749939 156
1679857048387 37.110947370529175 157
1679857048493 37.21591639518738 158
1679857048835 37.563499212265015 159
1679857048940 37.666497230529785 160
1679857049282 38.00452899932861 161
1679857049384 38.10999608039856 162
1679857049714 38.442734479904175 163
1679857049819 38.54844570159912 164
1679857050154 38.881985902786255 165
1679857050258 38.9858922958374 166
1679857050586 39.31493353843689 167
1679857050688 39.41696119308472 168
1679857051020 39.74795889854431 169
1679857051126 39.8499653339386 170
1679857051465 40.19113826751709 171
1679857051566 40.2935733795166 172
1679857051897 40.62091660499573 173
1679857051998 40.72487545013428 174
1679857052398 41.12578868865967 175
1679857052502 41.22694253921509 176
1679857052840 41.566884994506836 177
1679857052944 41.6703360080719 178
1679857053277 42.000128984451294 179
1679857053381 42.10592079162598 180
1679857053728 42.454599380493164 181
1679857053834 42.55839276313782 182
1679857054167 42.893606662750244 183
1679857054268 42.99394202232361 184
1679857054605 43.32854175567627 185
1679857054714 43.43744874000549 186
1679857055047 43.77399754524231 187
1679857055150 43.87515306472778 188
1679857055484 44.20737409591675 189
1679857055589 44.31438159942627 190
1679857055923 44.64936137199402 191
1679857056031 44.75438618659973 192
1679857056383 45.10758423805237 193
1679857056491 45.2129123210907 194
1679857056822 45.548317193984985 195
1679857057004 45.72642540931702 196
1679857057331 46.057551860809326 197
1679857057439 46.16543984413147 198
1679857057772 46.49756383895874 199
1679857057877 46.59936189651489 200
1679857058224 46.94834804534912 201
1679857058328 47.052407026290894 202
1679857058673 47.39524555206299 203
1679857058783 47.503615617752075 204
1679857059131 47.850754499435425 205
1679857059232 47.95932364463806 206
1679857059573 48.29838442802429 207
1679857059677 48.402451515197754 208
1679857060004 48.72957491874695 209
1679857060108 48.833386182785034 210
1679857060437 49.164194107055664 211
1679857060541 49.266390800476074 212
1679857060869 49.59486150741577 213
1679857060977 49.70086932182312 214
1679857061330 50.0564866065979 215
1679857061433 50.15790104866028 216
1679857061766 50.49258828163147 217
1679857061870 50.594852447509766 218
1679857062192 50.920588970184326 219
1679857062293 51.01943755149841 220
1679857062616 51.340720891952515 221
1679857062718 51.443471908569336 222
1679857063050 51.77690935134888 223
1679857063151 51.87691593170166 224
1679857063541 52.25137686729431 225
1679857063746 52.46149945259094 226
1679857064127 52.84161162376404 227
1679857064242 52.957605600357056 228
1679857064591 53.309447288513184 229
1679857064697 53.421860456466675 230
1679857065033 53.759408712387085 231
1679857065142 53.86082744598389 232
1679857065485 54.204848766326904 233
1679857065587 54.311365604400635 234
1679857065923 54.6468608379364 235
1679857066026 54.749425411224365 236
1679857066362 55.08701205253601 237
1679857066462 55.187857151031494 238
1679857066771 55.528400897979736 239
1679857066882 55.600884675979614 240
1679857067215 55.94050884246826 241
1679857067315 56.04134678840637 242
1679857067635 56.35939645767212 243
1679857067739 56.460846185684204 244
1679857068124 56.88140535354614 245
1679857068237 56.9580340385437 246
1679857068561 57.316065311431885 247
1679857068679 57.39536952972412 248
1679857069019 57.74184799194336 249
1679857069127 57.84467649459839 250
1679857069477 58.20137047767639 251
1679857069578 58.30465865135193 252
1679857069911 58.635244607925415 253
1679857070015 58.73776197433472 254
1679857070362 59.08484625816345 255
1679857070464 59.18784427642822 256
1679857070785 59.51110482215881 257
1679857070888 59.614147424697876 258
1679857071207 59.932870864868164 259
1679857071309 60.034037590026855 260
1679857071654 60.367878675460815 261
1679857071776 60.48932862281799 262
1679857072157 60.88294982910156 263
1679857072281 60.99298810958862 264
1679857072629 61.35386252403259 265
1679857072755 61.4643280506134 266
1679857073114 61.86819767951965 267
1679857073236 61.94584822654724 268
1679857073587 62.31400990486145 269
1679857073690 62.41430997848511 270
1679857074050 62.75942516326904 271
1679857074157 62.877567529678345 272
1679857074482 63.2048454284668 273
1679857074585 63.31021475791931 274
1679857075001 63.71711182594299 275
1679857075118 63.833104372024536 276
1679857075471 64.18757104873657 277
1679857075590 64.30936455726624 278
1679857075958 64.67840337753296 279
1679857076081 64.7984299659729 280
1679857076459 65.17482447624207 281
1679857076570 65.29040765762329 282
1679857076940 65.65442538261414 283
1679857077068 65.77935647964478 284
1679857077447 66.15943241119385 285
1679857077566 66.27936553955078 286
1679857077922 66.64040017127991 287
1679857078045 66.75842118263245 288
1679857078405 67.12048316001892 289
1679857078527 67.23939538002014 290
1679857078967 67.68787145614624 291
1679857079072 67.79498362541199 292
1679857079400 68.12381625175476 293
1679857079507 68.22689604759216 294
1679857079866 68.58291053771973 295
1679857079979 68.69802761077881 296
1679857080306 69.02943062782288 297
1679857080411 69.13493371009827 298
1679857080741 69.46481895446777 299
1679857080845 69.56780481338501 300
1679857080936 69.65633988380432 301
