1679857014258 1.0 1
1679857014368 2.0 2
1679857014668 3.0 3
1679857014768 4.0 4
1679857015105 5.0 5
1679857015195 6.0 6
1679857015510 7.0 7
1679857015602 8.0 8
1679857015929 9.0 9
1679857016019 10.0 10
1679857016337 11.0 11
1679857016433 12.0 12
1679857016755 13.0 13
1679857016848 14.0 14
1679857017245 15.0 15
1679857017334 16.0 16
1679857017645 17.0 17
1679857017735 18.0 18
1679857018058 19.0 19
1679857018150 20.0 20
1679857018464 21.0 21
1679857018553 22.0 22
1679857018867 23.0 23
1679857018957 24.0 24
1679857019267 25.0 25
1679857019361 26.0 26
1679857019690 27.0 27
1679857019785 28.0 28
1679857020113 29.0 29
1679857020210 30.0 30
1679857020535 31.0 31
1679857020627 32.0 32
1679857021017 33.0 33
1679857021128 34.0 34
1679857021454 35.0 35
1679857021545 36.0 36
1679857021866 37.0 37
1679857021957 38.0 38
1679857022278 39.0 39
1679857022370 40.0 40
1679857022689 41.0 41
1679857022780 42.0 42
1679857023100 43.0 43
1679857023191 44.0 44
1679857023504 45.0 45
1679857023598 46.0 46
1679857023920 47.0 47
1679857024012 48.0 48
1679857024327 49.0 49
1679857024427 50.0 50
1679857024755 51.0 51
1679857024847 52.0 52
1679857025170 53.0 53
1679857025263 54.0 54
1679857025597 55.0 55
1679857025688 56.0 56
1679857026015 57.0 57
1679857026120 58.0 58
1679857026457 59.0 59
1679857026561 60.0 60
1679857026898 61.0 61
1679857026994 62.0 62
1679857027316 63.0 63
1679857027412 64.0 64
1679857027739 65.0 65
1679857027833 66.0 66
1679857028152 67.0 67
1679857028321 68.0 68
1679857028663 69.0 69
1679857028769 70.0 70
1679857029097 71.0 71
1679857029194 72.0 72
1679857029516 73.0 73
1679857029614 74.0 74
1679857029957 75.0 75
1679857030051 76.0 76
1679857030372 77.0 77
1679857030467 78.0 78
1679857030790 79.0 79
1679857030890 80.0 80
1679857031232 81.0 81
1679857031334 82.0 82
1679857031674 83.0 83
1679857031772 84.0 84
1679857032107 85.0 85
1679857032204 86.0 86
1679857032613 87.0 87
1679857032713 88.0 88
1679857033036 89.0 89
1679857033131 90.0 90
1679857033460 91.0 91
1679857033565 92.0 92
1679857033943 93.0 93
1679857034049 94.0 94
1679857034371 95.0 95
1679857034466 96.0 96
1679857034789 97.0 97
1679857034887 98.0 98
1679857035217 99.0 99
1679857035314 100.0 100
1679857035638 101.0 101
1679857035732 102.0 102
1679857036069 103.0 103
1679857036171 104.0 104
1679857036507 105.0 105
1679857036606 106.0 106
1679857036928 107.0 107
1679857037025 108.0 108
1679857037359 109.0 109
1679857037457 110.0 110
1679857037775 111.0 111
1679857037873 112.0 112
1679857038204 113.0 113
1679857038300 114.0 114
1679857038655 115.0 115
1679857038760 116.0 116
1679857039105 117.0 117
1679857039203 118.0 118
1679857039534 119.0 119
1679857039638 120.0 120
1679857040041 121.0 121
1679857040144 122.0 122
1679857040469 123.0 123
1679857040575 124.0 124
1679857040904 125.0 125
1679857041014 126.0 126
1679857041360 127.0 127
1679857041460 128.0 128
1679857041791 129.0 129
1679857041895 130.0 130
1679857042234 131.0 131
1679857042333 132.0 132
1679857042663 133.0 133
1679857042771 134.0 134
1679857043137 135.0 135
1679857043251 136.0 136
1679857043617 137.0 137
1679857043729 138.0 138
1679857044099 139.0 139
1679857044289 140.0 140
1679857044637 141.0 141
1679857044750 142.0 142
1679857045110 143.0 143
1679857045224 144.0 144
1679857045587 145.0 145
1679857045695 146.0 146
1679857046060 147.0 147
1679857046178 148.0 148
1679857046532 149.0 149
1679857046641 150.0 150
1679857046993 151.0 151
1679857047107 152.0 152
1679857047476 153.0 153
1679857047600 154.0 154
1679857047941 155.0 155
1679857048044 156.0 156
1679857048380 157.0 157
1679857048486 158.0 158
1679857048828 159.0 159
1679857048933 160.0 160
1679857049275 161.0 161
1679857049377 162.0 162
1679857049707 163.0 163
1679857049811 164.0 164
1679857050147 165.0 165
1679857050250 166.0 166
1679857050579 167.0 167
1679857050683 168.0 168
1679857051013 169.0 169
1679857051119 170.0 170
1679857051458 171.0 171
1679857051559 172.0 172
1679857051890 173.0 173
1679857051990 174.0 174
1679857052391 175.0 175
1679857052495 176.0 176
1679857052833 177.0 177
1679857052937 178.0 178
1679857053269 179.0 179
1679857053374 180.0 180
1679857053720 181.0 181
1679857053827 182.0 182
1679857054160 183.0 183
1679857054261 184.0 184
1679857054596 185.0 185
1679857054707 186.0 186
1679857055040 187.0 187
1679857055143 188.0 188
1679857055475 189.0 189
1679857055582 190.0 190
1679857055915 191.0 191
1679857056024 192.0 192
1679857056377 193.0 193
1679857056485 194.0 194
1679857056814 195.0 195
1679857056997 196.0 196
1679857057325 197.0 197
1679857057432 198.0 198
1679857057765 199.0 199
1679857057870 200.0 200
1679857058217 201.0 201
1679857058322 202.0 202
1679857058665 203.0 203
1679857058775 204.0 204
1679857059123 205.0 205
1679857059226 206.0 206
1679857059567 207.0 207
1679857059670 208.0 208
1679857059998 209.0 209
1679857060102 210.0 210
1679857060431 211.0 211
1679857060534 212.0 212
1679857060862 213.0 213
1679857060970 214.0 214
1679857061324 215.0 215
1679857061427 216.0 216
1679857061760 217.0 217
1679857061862 218.0 218
1679857062186 219.0 219
1679857062287 220.0 220
1679857062609 221.0 221
1679857062711 222.0 222
1679857063043 223.0 223
1679857063144 224.0 224
1679857063534 225.0 225
1679857063736 226.0 226
1679857064121 227.0 227
1679857064234 228.0 228
1679857064584 229.0 229
1679857064690 230.0 230
1679857065027 231.0 231
1679857065134 232.0 232
1679857065477 233.0 233
1679857065580 234.0 234
1679857065916 235.0 235
1679857066019 236.0 236
1679857066354 237.0 237
1679857066454 238.0 238
1679857066763 239.0 239
1679857066874 240.0 240
1679857067208 241.0 241
1679857067308 242.0 242
1679857067629 243.0 243
1679857067731 244.0 244
1679857068117 245.0 245
1679857068230 246.0 246
1679857068552 247.0 247
1679857068672 248.0 248
1679857069011 249.0 249
1679857069121 250.0 250
1679857069470 251.0 251
1679857069572 252.0 252
1679857069904 253.0 253
1679857070008 254.0 254
1679857070355 255.0 255
1679857070457 256.0 256
1679857070778 257.0 257
1679857070881 258.0 258
1679857071201 259.0 259
1679857071301 260.0 260
1679857071647 261.0 261
1679857071769 262.0 262
1679857072150 263.0 263
1679857072274 264.0 264
1679857072622 265.0 265
1679857072747 266.0 266
1679857073107 267.0 267
1679857073226 268.0 268
1679857073581 269.0 269
1679857073683 270.0 270
1679857074042 271.0 271
1679857074151 272.0 272
1679857074475 273.0 273
1679857074577 274.0 274
1679857074994 275.0 275
1679857075110 276.0 276
1679857075464 277.0 277
1679857075582 278.0 278
1679857075951 279.0 279
1679857076074 280.0 280
1679857076450 281.0 281
1679857076564 282.0 282
1679857076934 283.0 283
1679857077061 284.0 284
1679857077438 285.0 285
1679857077558 286.0 286
1679857077914 287.0 287
1679857078038 288.0 288
1679857078399 289.0 289
1679857078521 290.0 290
1679857078960 291.0 291
1679857079065 292.0 292
1679857079393 293.0 293
1679857079500 294.0 294
1679857079860 295.0 295
1679857079972 296.0 296
1679857080299 297.0 297
1679857080404 298.0 298
1679857080735 299.0 299
1679857080838 300.0 300
1679857080929 301.0 301
