1677084233607 1.0 1
1677084233771 2.0 2
1677084234689 3.0 3
1677084234844 4.0 4
1677084235866 5.0 5
1677084236032 6.0 6
1677084236968 7.0 7
1677084237129 8.0 8
1677084238003 9.0 9
1677084238149 10.0 10
1677084238992 11.0 11
1677084239151 12.0 12
1677084239993 13.0 13
1677084240146 14.0 14
1677084241005 15.0 15
1677084241163 16.0 16
1677084242172 17.0 17
1677084242317 18.0 18
1677084243168 19.0 19
1677084243316 20.0 20
1677084244191 21.0 21
1677084244352 22.0 22
1677084245251 23.0 23
1677084245407 24.0 24
1677084246273 25.0 25
1677084246425 26.0 26
1677084247395 27.0 27
1677084247556 28.0 28
1677084248414 29.0 29
1677084248564 30.0 30
1677084249400 31.0 31
1677084249572 32.0 32
1677084250481 33.0 33
1677084250646 34.0 34
1677084251508 35.0 35
1677084251656 36.0 36
1677084252590 37.0 37
1677084252742 38.0 38
1677084253708 39.0 39
1677084253873 40.0 40
1677084254801 41.0 41
1677084254972 42.0 42
1677084255872 43.0 43
1677084256030 44.0 44
1677084256894 45.0 45
1677084257046 46.0 46
1677084257940 47.0 47
1677084258095 48.0 48
1677084259051 49.0 49
1677084259205 50.0 50
1677084260070 51.0 51
1677084260237 52.0 52
1677084261231 53.0 53
1677084261400 54.0 54
1677084262362 55.0 55
1677084262531 56.0 56
1677084263494 57.0 57
1677084263667 58.0 58
1677084264632 59.0 59
1677084264794 60.0 60
1677084265800 61.0 61
1677084265984 62.0 62
1677084266852 63.0 63
1677084267009 64.0 64
1677084267920 65.0 65
1677084268071 66.0 66
1677084268933 67.0 67
1677084269091 68.0 68
1677084269982 69.0 69
1677084270147 70.0 70
1677084271092 71.0 71
1677084271250 72.0 72
1677084272143 73.0 73
1677084272311 74.0 74
1677084273184 75.0 75
1677084273342 76.0 76
1677084274207 77.0 77
1677084274363 78.0 78
1677084275243 79.0 79
1677084275394 80.0 80
1677084276275 81.0 81
1677084276520 82.0 82
1677084277449 83.0 83
1677084277609 84.0 84
1677084278479 85.0 85
1677084278640 86.0 86
1677084279535 87.0 87
1677084279742 88.0 88
1677084280729 89.0 89
1677084280921 90.0 90
1677084281757 91.0 91
1677084281916 92.0 92
1677084282870 93.0 93
1677084283028 94.0 94
1677084283982 95.0 95
1677084284154 96.0 96
1677084285093 97.0 97
1677084285263 98.0 98
1677084286159 99.0 99
1677084286329 100.0 100
1677084287225 101.0 101
1677084287461 102.0 102
1677084288413 103.0 103
1677084288667 104.0 104
1677084289625 105.0 105
1677084289814 106.0 106
1677084290809 107.0 107
1677084290990 108.0 108
1677084292005 109.0 109
1677084292185 110.0 110
1677084293212 111.0 111
1677084293395 112.0 112
1677084294414 113.0 113
1677084294629 114.0 114
1677084295722 115.0 115
1677084295876 116.0 116
1677084296734 117.0 117
1677084296889 118.0 118
1677084297839 119.0 119
1677084298006 120.0 120
1677084298897 121.0 121
1677084299066 122.0 122
1677084299935 123.0 123
1677084300116 124.0 124
1677084300999 125.0 125
1677084301256 126.0 126
1677084302161 127.0 127
1677084302315 128.0 128
1677084303217 129.0 129
1677084303370 130.0 130
1677084304268 131.0 131
1677084304435 132.0 132
1677084305327 133.0 133
1677084305490 134.0 134
1677084306362 135.0 135
1677084306515 136.0 136
1677084307496 137.0 137
1677084307661 138.0 138
1677084308536 139.0 139
1677084308700 140.0 140
1677084309604 141.0 141
1677084309773 142.0 142
1677084310670 143.0 143
1677084310825 144.0 144
1677084311687 145.0 145
1677084311845 146.0 146
1677084312719 147.0 147
1677084312952 148.0 148
1677084313822 149.0 149
1677084313979 150.0 150
1677084314873 151.0 151
1677084315051 152.0 152
1677084315963 153.0 153
1677084316147 154.0 154
1677084317054 155.0 155
1677084317206 156.0 156
1677084318071 157.0 157
1677084318234 158.0 158
1677084319189 159.0 159
1677084319353 160.0 160
1677084320270 161.0 161
1677084320443 162.0 162
1677084321351 163.0 163
1677084321528 164.0 164
1677084322515 165.0 165
1677084322693 166.0 166
1677084323653 167.0 167
1677084323839 168.0 168
1677084324784 169.0 169
1677084325005 170.0 170
1677084325986 171.0 171
1677084326169 172.0 172
1677084327063 173.0 173
1677084327223 174.0 174
1677084328147 175.0 175
1677084328320 176.0 176
1677084329184 177.0 177
1677084329351 178.0 178
1677084330271 179.0 179
1677084330428 180.0 180
1677084331381 181.0 181
1677084331551 182.0 182
1677084332414 183.0 183
1677084332584 184.0 184
1677084333460 185.0 185
1677084333622 186.0 186
1677084334524 187.0 187
1677084334696 188.0 188
1677084335579 189.0 189
1677084335741 190.0 190
1677084336594 191.0 191
1677084336849 192.0 192
1677084337769 193.0 193
1677084337926 194.0 194
1677084338790 195.0 195
1677084338952 196.0 196
1677084339815 197.0 197
1677084339959 198.0 198
1677084340860 199.0 199
1677084341025 200.0 200
1677084341897 201.0 201
1677084342067 202.0 202
1677084343046 203.0 203
1677084343215 204.0 204
1677084344135 205.0 205
1677084344295 206.0 206
1677084345202 207.0 207
1677084345368 208.0 208
1677084346265 209.0 209
1677084346429 210.0 210
1677084347304 211.0 211
1677084347477 212.0 212
1677084348381 213.0 213
1677084348619 214.0 214
1677084349483 215.0 215
1677084349663 216.0 216
1677084350553 217.0 217
1677084350740 218.0 218
1677084351695 219.0 219
1677084351880 220.0 220
1677084352846 221.0 221
1677084353045 222.0 222
1677084354006 223.0 223
1677084354185 224.0 224
1677084355218 225.0 225
1677084355396 226.0 226
1677084356332 227.0 227
1677084356496 228.0 228
1677084357426 229.0 229
1677084357595 230.0 230
1677084358495 231.0 231
1677084358668 232.0 232
1677084359564 233.0 233
1677084359729 234.0 234
1677084360633 235.0 235
1677084360878 236.0 236
1677084361750 237.0 237
1677084361918 238.0 238
1677084362805 239.0 239
1677084362979 240.0 240
1677084363869 241.0 241
1677084364042 242.0 242
1677084364936 243.0 243
1677084365102 244.0 244
1677084365997 245.0 245
1677084366158 246.0 246
1677084367135 247.0 247
1677084367304 248.0 248
1677084368204 249.0 249
1677084368372 250.0 250
1677084369242 251.0 251
1677084369438 252.0 252
1677084370342 253.0 253
1677084370506 254.0 254
1677084371378 255.0 255
1677084371543 256.0 256
1677084372466 257.0 257
1677084372727 258.0 258
1677084373623 259.0 259
1677084373785 260.0 260
1677084374677 261.0 261
1677084374872 262.0 262
1677084375750 263.0 263
1677084375914 264.0 264
1677084376799 265.0 265
1677084376966 266.0 266
1677084377873 267.0 267
1677084378038 268.0 268
1677084378987 269.0 269
1677084379147 270.0 270
1677084380036 271.0 271
1677084380231 272.0 272
1677084381248 273.0 273
1677084381435 274.0 274
1677084382431 275.0 275
1677084382611 276.0 276
1677084383559 277.0 277
1677084383740 278.0 278
1677084384715 279.0 279
1677084384943 280.0 280
1677084385850 281.0 281
1677084386017 282.0 282
1677084386928 283.0 283
1677084387104 284.0 284
1677084387991 285.0 285
1677084388155 286.0 286
1677084389043 287.0 287
1677084389216 288.0 288
1677084390121 289.0 289
1677084390297 290.0 290
1677084391273 291.0 291
1677084391445 292.0 292
1677084392327 293.0 293
1677084392494 294.0 294
1677084393380 295.0 295
1677084393543 296.0 296
1677084394440 297.0 297
1677084394617 298.0 298
1677084395553 299.0 299
1677084395735 300.0 300
1677084395905 301.0 301
