1677084233599 1677084233.0 1
1677084233765 1677084233.0 2
1677084234683 1677084234.0 3
1677084234837 1677084234.0 4
1677084235861 1677084235.0 5
1677084236026 1677084235.0 6
1677084236962 1677084236.0 7
1677084237122 1677084237.0 8
1677084237997 1677084237.0 9
1677084238144 1677084238.0 10
1677084238987 1677084238.0 11
1677084239137 1677084239.0 12
1677084239989 1677084239.0 13
1677084240140 1677084240.0 14
1677084240999 1677084240.0 15
1677084241157 1677084241.0 16
1677084242167 1677084242.0 17
1677084242312 1677084242.0 18
1677084243163 1677084243.0 19
1677084243311 1677084243.0 20
1677084244178 1677084244.0 21
1677084244346 1677084244.0 22
1677084245246 1677084245.0 23
1677084245402 1677084245.0 24
1677084246268 1677084246.0 25
1677084246417 1677084246.0 26
1677084247390 1677084247.0 27
1677084247551 1677084247.0 28
1677084248409 1677084248.0 29
1677084248558 1677084248.0 30
1677084249394 1677084249.0 31
1677084249567 1677084249.0 32
1677084250476 1677084250.0 33
1677084250641 1677084250.0 34
1677084251503 1677084251.0 35
1677084251650 1677084251.0 36
1677084252583 1677084252.0 37
1677084252736 1677084252.0 38
1677084253700 1677084253.0 39
1677084253867 1677084253.0 40
1677084254795 1677084254.0 41
1677084254966 1677084254.0 42
1677084255867 1677084255.0 43
1677084256024 1677084255.0 44
1677084256888 1677084256.0 45
1677084257041 1677084256.0 46
1677084257935 1677084257.0 47
1677084258090 1677084258.0 48
1677084259045 1677084259.0 49
1677084259199 1677084259.0 50
1677084260065 1677084260.0 51
1677084260231 1677084260.0 52
1677084261225 1677084261.0 53
1677084261394 1677084261.0 54
1677084262355 1677084262.0 55
1677084262526 1677084262.0 56
1677084263488 1677084263.0 57
1677084263661 1677084263.0 58
1677084264626 1677084264.0 59
1677084264787 1677084264.0 60
1677084265794 1677084265.0 61
1677084265978 1677084265.0 62
1677084266847 1677084266.0 63
1677084267003 1677084266.0 64
1677084267914 1677084267.0 65
1677084268065 1677084268.0 66
1677084268927 1677084268.0 67
1677084269085 1677084269.0 68
1677084269976 1677084269.0 69
1677084270141 1677084270.0 70
1677084271085 1677084271.0 71
1677084271245 1677084271.0 72
1677084272136 1677084272.0 73
1677084272305 1677084272.0 74
1677084273180 1677084273.0 75
1677084273336 1677084273.0 76
1677084274199 1677084274.0 77
1677084274357 1677084274.0 78
1677084275236 1677084275.0 79
1677084275389 1677084275.0 80
1677084276270 1677084276.0 81
1677084276514 1677084276.0 82
1677084277443 1677084277.0 83
1677084277604 1677084277.0 84
1677084278474 1677084278.0 85
1677084278634 1677084278.0 86
1677084279529 1677084279.0 87
1677084279736 1677084279.0 88
1677084280723 1677084280.0 89
1677084280915 1677084280.0 90
1677084281751 1677084281.0 91
1677084281910 1677084281.0 92
1677084282864 1677084282.0 93
1677084283022 1677084282.0 94
1677084283976 1677084283.0 95
1677084284148 1677084284.0 96
1677084285087 1677084285.0 97
1677084285256 1677084285.0 98
1677084286153 1677084286.0 99
1677084286323 1677084286.0 100
1677084287216 1677084287.0 101
1677084287456 1677084287.0 102
1677084288407 1677084288.0 103
1677084288660 1677084288.0 104
1677084289617 1677084289.0 105
1677084289807 1677084289.0 106
1677084290803 1677084290.0 107
1677084290982 1677084290.0 108
1677084291999 1677084291.0 109
1677084292179 1677084292.0 110
1677084293205 1677084293.0 111
1677084293389 1677084293.0 112
1677084294407 1677084294.0 113
1677084294622 1677084294.0 114
1677084295716 1677084295.0 115
1677084295871 1677084295.0 116
1677084296730 1677084296.0 117
1677084296884 1677084296.0 118
1677084297831 1677084297.0 119
1677084298000 1677084297.0 120
1677084298892 1677084298.0 121
1677084299061 1677084299.0 122
1677084299930 1677084299.0 123
1677084300110 1677084300.0 124
1677084300992 1677084300.0 125
1677084301249 1677084301.0 126
1677084302154 1677084302.0 127
1677084302309 1677084302.0 128
1677084303211 1677084303.0 129
1677084303364 1677084303.0 130
1677084304262 1677084304.0 131
1677084304429 1677084304.0 132
1677084305321 1677084305.0 133
1677084305485 1677084305.0 134
1677084306357 1677084306.0 135
1677084306509 1677084306.0 136
1677084307491 1677084307.0 137
1677084307656 1677084307.0 138
1677084308531 1677084308.0 139
1677084308695 1677084308.0 140
1677084309598 1677084309.0 141
1677084309767 1677084309.0 142
1677084310664 1677084310.0 143
1677084310820 1677084310.0 144
1677084311681 1677084311.0 145
1677084311838 1677084311.0 146
1677084312712 1677084312.0 147
1677084312947 1677084312.0 148
1677084313816 1677084313.0 149
1677084313974 1677084313.0 150
1677084314867 1677084314.0 151
1677084315046 1677084314.0 152
1677084315957 1677084315.0 153
1677084316142 1677084316.0 154
1677084317049 1677084316.0 155
1677084317201 1677084317.0 156
1677084318066 1677084318.0 157
1677084318229 1677084318.0 158
1677084319183 1677084319.0 159
1677084319349 1677084319.0 160
1677084320264 1677084320.0 161
1677084320437 1677084320.0 162
1677084321345 1677084321.0 163
1677084321521 1677084321.0 164
1677084322509 1677084322.0 165
1677084322686 1677084322.0 166
1677084323646 1677084323.0 167
1677084323833 1677084323.0 168
1677084324777 1677084324.0 169
1677084324999 1677084324.0 170
1677084325981 1677084325.0 171
1677084326162 1677084326.0 172
1677084327057 1677084327.0 173
1677084327217 1677084327.0 174
1677084328140 1677084328.0 175
1677084328315 1677084328.0 176
1677084329180 1677084329.0 177
1677084329344 1677084329.0 178
1677084330265 1677084330.0 179
1677084330423 1677084330.0 180
1677084331376 1677084331.0 181
1677084331545 1677084331.0 182
1677084332408 1677084332.0 183
1677084332578 1677084332.0 184
1677084333454 1677084333.0 185
1677084333618 1677084333.0 186
1677084334515 1677084334.0 187
1677084334690 1677084334.0 188
1677084335574 1677084335.0 189
1677084335735 1677084335.0 190
1677084336588 1677084336.0 191
1677084336843 1677084336.0 192
1677084337762 1677084337.0 193
1677084337920 1677084337.0 194
1677084338784 1677084338.0 195
1677084338946 1677084338.0 196
1677084339809 1677084339.0 197
1677084339952 1677084339.0 198
1677084340854 1677084340.0 199
1677084341019 1677084340.0 200
1677084341892 1677084341.0 201
1677084342062 1677084342.0 202
1677084343041 1677084342.0 203
1677084343210 1677084343.0 204
1677084344129 1677084344.0 205
1677084344290 1677084344.0 206
1677084345195 1677084345.0 207
1677084345363 1677084345.0 208
1677084346260 1677084346.0 209
1677084346425 1677084346.0 210
1677084347297 1677084347.0 211
1677084347472 1677084347.0 212
1677084348376 1677084348.0 213
1677084348613 1677084348.0 214
1677084349477 1677084349.0 215
1677084349657 1677084349.0 216
1677084350549 1677084350.0 217
1677084350726 1677084350.0 218
1677084351690 1677084351.0 219
1677084351875 1677084351.0 220
1677084352839 1677084352.0 221
1677084353039 1677084352.0 222
1677084353999 1677084353.0 223
1677084354179 1677084354.0 224
1677084355212 1677084355.0 225
1677084355390 1677084355.0 226
1677084356326 1677084356.0 227
1677084356489 1677084356.0 228
1677084357421 1677084357.0 229
1677084357587 1677084357.0 230
1677084358490 1677084358.0 231
1677084358663 1677084358.0 232
1677084359558 1677084359.0 233
1677084359723 1677084359.0 234
1677084360627 1677084360.0 235
1677084360871 1677084360.0 236
1677084361745 1677084361.0 237
1677084361912 1677084361.0 238
1677084362800 1677084362.0 239
1677084362973 1677084362.0 240
1677084363863 1677084363.0 241
1677084364036 1677084363.0 242
1677084364930 1677084364.0 243
1677084365096 1677084365.0 244
1677084365990 1677084365.0 245
1677084366152 1677084366.0 246
1677084367128 1677084367.0 247
1677084367298 1677084367.0 248
1677084368199 1677084368.0 249
1677084368367 1677084368.0 250
1677084369236 1677084369.0 251
1677084369431 1677084369.0 252
1677084370336 1677084370.0 253
1677084370500 1677084370.0 254
1677084371373 1677084371.0 255
1677084371537 1677084371.0 256
1677084372462 1677084372.0 257
1677084372721 1677084372.0 258
1677084373617 1677084373.0 259
1677084373780 1677084373.0 260
1677084374671 1677084374.0 261
1677084374865 1677084374.0 262
1677084375745 1677084375.0 263
1677084375909 1677084375.0 264
1677084376793 1677084376.0 265
1677084376961 1677084376.0 266
1677084377867 1677084377.0 267
1677084378032 1677084377.0 268
1677084378982 1677084378.0 269
1677084379141 1677084379.0 270
1677084380032 1677084379.0 271
1677084380224 1677084380.0 272
1677084381242 1677084381.0 273
1677084381429 1677084381.0 274
1677084382424 1677084382.0 275
1677084382604 1677084382.0 276
1677084383555 1677084383.0 277
1677084383735 1677084383.0 278
1677084384710 1677084384.0 279
1677084384936 1677084384.0 280
1677084385845 1677084385.0 281
1677084386012 1677084385.0 282
1677084386922 1677084386.0 283
1677084387099 1677084387.0 284
1677084387986 1677084387.0 285
1677084388149 1677084388.0 286
1677084389037 1677084388.0 287
1677084389211 1677084389.0 288
1677084390115 1677084390.0 289
1677084390290 1677084390.0 290
1677084391267 1677084391.0 291
1677084391440 1677084391.0 292
1677084392320 1677084392.0 293
1677084392487 1677084392.0 294
1677084393374 1677084393.0 295
1677084393537 1677084393.0 296
1677084394433 1677084394.0 297
1677084394612 1677084394.0 298
1677084395547 1677084395.0 299
1677084395730 1677084395.0 300
1677084395899 1677084395.0 301
