1677084233609 0.004039287567138672 1
1677084233772 0.004039287567138672 2
1677084234690 0.004039287567138672 3
1677084234845 0.004039287567138672 4
1677084235867 0.004039287567138672 5
1677084236033 0.004039287567138672 6
1677084236969 0.004039287567138672 7
1677084237130 0.004039287567138672 8
1677084238004 0.004039287567138672 9
1677084238150 0.004039287567138672 10
1677084238993 0.004039287567138672 11
1677084239153 0.004039287567138672 12
1677084239994 0.004039287567138672 13
1677084240147 0.004039287567138672 14
1677084241007 0.004039287567138672 15
1677084241164 0.004039287567138672 16
1677084242174 0.004039287567138672 17
1677084242319 0.004039287567138672 18
1677084243169 0.004039287567138672 19
1677084243317 0.004039287567138672 20
1677084244192 0.004039287567138672 21
1677084244353 0.004039287567138672 22
1677084245252 0.004039287567138672 23
1677084245410 0.004039287567138672 24
1677084246274 0.004039287567138672 25
1677084246426 0.004039287567138672 26
1677084247397 0.004039287567138672 27
1677084247557 0.004039287567138672 28
1677084248415 0.004039287567138672 29
1677084248565 0.004039287567138672 30
1677084249401 0.004039287567138672 31
1677084249573 0.004039287567138672 32
1677084250482 0.004039287567138672 33
1677084250647 0.004039287567138672 34
1677084251509 0.004039287567138672 35
1677084251658 0.004039287567138672 36
1677084252590 0.004039287567138672 37
1677084252743 0.004039287567138672 38
1677084253709 0.004039287567138672 39
1677084253874 0.004039287567138672 40
1677084254803 0.004039287567138672 41
1677084254973 0.004039287567138672 42
1677084255874 0.004039287567138672 43
1677084256031 0.004039287567138672 44
1677084256895 0.004039287567138672 45
1677084257047 0.004039287567138672 46
1677084257941 0.004039287567138672 47
1677084258097 0.004039287567138672 48
1677084259052 0.004039287567138672 49
1677084259206 0.004039287567138672 50
1677084260071 0.004039287567138672 51
1677084260239 0.004039287567138672 52
1677084261232 0.004039287567138672 53
1677084261401 0.004039287567138672 54
1677084262363 0.004039287567138672 55
1677084262532 0.004039287567138672 56
1677084263494 0.004039287567138672 57
1677084263668 0.004039287567138672 58
1677084264633 0.004039287567138672 59
1677084264795 0.004039287567138672 60
1677084265801 0.004039287567138672 61
1677084265985 0.004039287567138672 62
1677084266853 0.004039287567138672 63
1677084267010 0.004039287567138672 64
1677084267921 0.004039287567138672 65
1677084268073 0.004039287567138672 66
1677084268934 0.004039287567138672 67
1677084269093 0.004039287567138672 68
1677084269983 0.004039287567138672 69
1677084270149 0.004039287567138672 70
1677084271093 0.004039287567138672 71
1677084271251 0.004039287567138672 72
1677084272144 0.004039287567138672 73
1677084272312 0.004039287567138672 74
1677084273185 0.004039287567138672 75
1677084273343 0.004039287567138672 76
1677084274208 0.004039287567138672 77
1677084274364 0.004039287567138672 78
1677084275244 0.004039287567138672 79
1677084275395 0.004039287567138672 80
1677084276277 0.004039287567138672 81
1677084276521 0.004039287567138672 82
1677084277450 0.004039287567138672 83
1677084277611 0.004039287567138672 84
1677084278480 0.004039287567138672 85
1677084278641 0.004039287567138672 86
1677084279536 0.004039287567138672 87
1677084279743 0.004039287567138672 88
1677084280730 0.004039287567138672 89
1677084280922 0.004039287567138672 90
1677084281759 0.004039287567138672 91
1677084281917 0.004039287567138672 92
1677084282871 0.004039287567138672 93
1677084283029 0.004039287567138672 94
1677084283983 0.004039287567138672 95
1677084284155 0.004039287567138672 96
1677084285094 0.004039287567138672 97
1677084285264 0.004039287567138672 98
1677084286160 0.004039287567138672 99
1677084286331 0.004039287567138672 100
1677084287227 0.004039287567138672 101
1677084287462 0.004039287567138672 102
1677084288414 0.004039287567138672 103
1677084288668 0.004039287567138672 104
1677084289628 0.004039287567138672 105
1677084289815 0.004039287567138672 106
1677084290810 0.004039287567138672 107
1677084290990 0.004039287567138672 108
1677084292005 0.004039287567138672 109
1677084292186 0.004039287567138672 110
1677084293213 0.004039287567138672 111
1677084293396 0.004039287567138672 112
1677084294415 0.004039287567138672 113
1677084294630 0.004039287567138672 114
1677084295724 0.004039287567138672 115
1677084295878 0.004039287567138672 116
1677084296735 0.004039287567138672 117
1677084296890 0.004039287567138672 118
1677084297840 0.004039287567138672 119
1677084298007 0.004039287567138672 120
1677084298898 0.004039287567138672 121
1677084299067 0.004039287567138672 122
1677084299936 0.004039287567138672 123
1677084300117 0.004039287567138672 124
1677084301000 0.004039287567138672 125
1677084301257 0.004039287567138672 126
1677084302162 0.004039287567138672 127
1677084302316 0.004039287567138672 128
1677084303219 0.004039287567138672 129
1677084303371 0.004039287567138672 130
1677084304269 0.004039287567138672 131
1677084304436 0.004039287567138672 132
1677084305329 0.004039287567138672 133
1677084305491 0.004039287567138672 134
1677084306363 0.004039287567138672 135
1677084306516 0.004039287567138672 136
1677084307497 0.004039287567138672 137
1677084307662 0.004039287567138672 138
1677084308537 0.004039287567138672 139
1677084308701 0.004039287567138672 140
1677084309605 0.004039287567138672 141
1677084309774 0.004039287567138672 142
1677084310671 0.004039287567138672 143
1677084310826 0.004039287567138672 144
1677084311688 0.004039287567138672 145
1677084311846 0.004039287567138672 146
1677084312720 0.004039287567138672 147
1677084312953 0.004039287567138672 148
1677084313823 0.004039287567138672 149
1677084313980 0.004039287567138672 150
1677084314875 0.004039287567138672 151
1677084315052 0.004039287567138672 152
1677084315964 0.004039287567138672 153
1677084316148 0.004039287567138672 154
1677084317055 0.004039287567138672 155
1677084317207 0.004039287567138672 156
1677084318072 0.004039287567138672 157
1677084318236 0.004039287567138672 158
1677084319190 0.004039287567138672 159
1677084319355 0.004039287567138672 160
1677084320271 0.004039287567138672 161
1677084320444 0.004039287567138672 162
1677084321351 0.004039287567138672 163
1677084321529 0.004039287567138672 164
1677084322516 0.004039287567138672 165
1677084322694 0.004039287567138672 166
1677084323654 0.004039287567138672 167
1677084323840 0.004039287567138672 168
1677084324786 0.004039287567138672 169
1677084325006 0.004039287567138672 170
1677084325987 0.004039287567138672 171
1677084326169 0.004039287567138672 172
1677084327064 0.004039287567138672 173
1677084327224 0.004039287567138672 174
1677084328148 0.004039287567138672 175
1677084328321 0.004039287567138672 176
1677084329185 0.004039287567138672 177
1677084329352 0.004039287567138672 178
1677084330271 0.004039287567138672 179
1677084330429 0.004039287567138672 180
1677084331382 0.004039287567138672 181
1677084331551 0.004039287567138672 182
1677084332415 0.004039287567138672 183
1677084332585 0.004039287567138672 184
1677084333461 0.004039287567138672 185
1677084333623 0.004039287567138672 186
1677084334525 0.004039287567138672 187
1677084334697 0.004039287567138672 188
1677084335580 0.004039287567138672 189
1677084335742 0.004039287567138672 190
1677084336595 0.004039287567138672 191
1677084336850 0.004039287567138672 192
1677084337769 0.004039287567138672 193
1677084337927 0.004039287567138672 194
1677084338791 0.004039287567138672 195
1677084338953 0.004039287567138672 196
1677084339816 0.004039287567138672 197
1677084339959 0.004039287567138672 198
1677084340861 0.004039287567138672 199
1677084341026 0.004039287567138672 200
1677084341899 0.004039287567138672 201
1677084342068 0.004039287567138672 202
1677084343047 0.004039287567138672 203
1677084343216 0.004039287567138672 204
1677084344136 0.004039287567138672 205
1677084344296 0.004039287567138672 206
1677084345203 0.004039287567138672 207
1677084345370 0.004039287567138672 208
1677084346267 0.004039287567138672 209
1677084346430 0.004039287567138672 210
1677084347306 0.004039287567138672 211
1677084347477 0.004039287567138672 212
1677084348382 0.004039287567138672 213
1677084348620 0.004039287567138672 214
1677084349484 0.004039287567138672 215
1677084349665 0.004039287567138672 216
1677084350554 0.004039287567138672 217
1677084350742 0.004039287567138672 218
1677084351697 0.004039287567138672 219
1677084351881 0.004039287567138672 220
1677084352847 0.004039287567138672 221
1677084353046 0.004039287567138672 222
1677084354007 0.004039287567138672 223
1677084354186 0.004039287567138672 224
1677084355219 0.004039287567138672 225
1677084355397 0.004039287567138672 226
1677084356333 0.004039287567138672 227
1677084356497 0.004039287567138672 228
1677084357427 0.004039287567138672 229
1677084357597 0.004039287567138672 230
1677084358496 0.004039287567138672 231
1677084358669 0.004039287567138672 232
1677084359565 0.004039287567138672 233
1677084359730 0.004039287567138672 234
1677084360634 0.004039287567138672 235
1677084360879 0.004039287567138672 236
1677084361751 0.004039287567138672 237
1677084361919 0.004039287567138672 238
1677084362806 0.004039287567138672 239
1677084362980 0.004039287567138672 240
1677084363870 0.004039287567138672 241
1677084364043 0.004039287567138672 242
1677084364937 0.004039287567138672 243
1677084365104 0.004039287567138672 244
1677084365998 0.004039287567138672 245
1677084366159 0.004039287567138672 246
1677084367136 0.004039287567138672 247
1677084367306 0.004039287567138672 248
1677084368206 0.004039287567138672 249
1677084368374 0.004039287567138672 250
1677084369243 0.004039287567138672 251
1677084369439 0.004039287567138672 252
1677084370343 0.004039287567138672 253
1677084370507 0.004039287567138672 254
1677084371379 0.004039287567138672 255
1677084371544 0.004039287567138672 256
1677084372469 0.004039287567138672 257
1677084372728 0.004039287567138672 258
1677084373624 0.004039287567138672 259
1677084373787 0.004039287567138672 260
1677084374678 0.004039287567138672 261
1677084374872 0.004039287567138672 262
1677084375751 0.004039287567138672 263
1677084375915 0.004039287567138672 264
1677084376800 0.004039287567138672 265
1677084376968 0.004039287567138672 266
1677084377874 0.004039287567138672 267
1677084378039 0.004039287567138672 268
1677084378988 0.004039287567138672 269
1677084379148 0.004039287567138672 270
1677084380037 0.004039287567138672 271
1677084380232 0.004039287567138672 272
1677084381249 0.004039287567138672 273
1677084381435 0.004039287567138672 274
1677084382432 0.004039287567138672 275
1677084382612 0.004039287567138672 276
1677084383561 0.004039287567138672 277
1677084383741 0.004039287567138672 278
1677084384716 0.004039287567138672 279
1677084384944 0.004039287567138672 280
1677084385852 0.004039287567138672 281
1677084386018 0.004039287567138672 282
1677084386930 0.004039287567138672 283
1677084387105 0.004039287567138672 284
1677084387992 0.004039287567138672 285
1677084388156 0.004039287567138672 286
1677084389044 0.004039287567138672 287
1677084389217 0.004039287567138672 288
1677084390123 0.004039287567138672 289
1677084390297 0.004039287567138672 290
1677084391274 0.004039287567138672 291
1677084391446 0.004039287567138672 292
1677084392328 0.004039287567138672 293
1677084392496 0.004039287567138672 294
1677084393381 0.004039287567138672 295
1677084393544 0.004039287567138672 296
1677084394441 0.004039287567138672 297
1677084394619 0.004039287567138672 298
1677084395554 0.004039287567138672 299
1677084395736 0.004039287567138672 300
1677084395906 0.004039287567138672 301
