1679699866090 21096.0 1
1679699866275 21096.0 2
1679699867614 21096.0 3
1679699867781 21096.0 4
1679699869018 21096.0 5
1679699869200 21096.0 6
1679699870477 21096.0 7
1679699870652 21096.0 8
1679699871948 21096.0 9
1679699872133 21096.0 10
1679699873366 21096.0 11
1679699873543 21096.0 12
1679699874843 21096.0 13
1679699875019 21096.0 14
1679699876252 21096.0 15
1679699876430 21096.0 16
1679699877684 21096.0 17
1679699877881 21096.0 18
1679699879218 21096.0 19
1679699879388 21096.0 20
1679699880595 21096.0 21
1679699880773 21096.0 22
1679699882088 21096.0 23
1679699882260 21096.0 24
1679699883536 21096.0 25
1679699883737 21096.0 26
1679699885030 21096.0 27
1679699885220 21096.0 28
1679699886510 21096.0 29
1679699886694 21096.0 30
1679699887928 21096.0 31
1679699888104 21096.0 32
1679699889479 21096.0 33
1679699889723 21096.0 34
1679699890976 21096.0 35
1679699891160 21096.0 36
1679699892397 21096.0 37
1679699892584 21096.0 38
1679699893824 21096.0 39
1679699894004 21096.0 40
1679699895208 21096.0 41
1679699895436 21096.0 42
1679699896762 21096.0 43
1679699896934 21096.0 44
1679699898152 21096.0 45
1679699898348 21096.0 46
1679699899619 21096.0 47
1679699899800 21096.0 48
1679699901045 21096.0 49
1679699901250 21096.0 50
1679699902501 21096.0 51
1679699902682 21096.0 52
1679699904013 21096.0 53
1679699904268 21096.0 54
1679699905481 21096.0 55
1679699905653 21096.0 56
1679699906892 21096.0 57
1679699907090 21096.0 58
1679699908318 21096.0 59
1679699908500 21096.0 60
1679699909747 21096.0 61
1679699909981 21096.0 62
1679699911257 21096.0 63
1679699911531 21096.0 64
1679699912772 21096.0 65
1679699912958 21096.0 66
1679699914236 21096.0 67
1679699914414 21096.0 68
1679699915650 21096.0 69
1679699915837 21096.0 70
1679699917102 21096.0 71
1679699917283 21096.0 72
1679699918518 21096.0 73
1679699918756 21096.0 74
1679699920077 21096.0 75
1679699920261 21096.0 76
1679699921541 21096.0 77
1679699921721 21096.0 78
1679699922967 21096.0 79
1679699923144 21096.0 80
1679699924438 21096.0 81
1679699924627 21096.0 82
1679699925890 21096.0 83
1679699926076 21096.0 84
1679699927427 21096.0 85
1679699927655 21096.0 86
1679699928942 21096.0 87
1679699929123 21096.0 88
1679699930377 21096.0 89
1679699930563 21096.0 90
1679699931848 21096.0 91
1679699932026 21096.0 92
1679699933282 21096.0 93
1679699933476 21096.0 94
1679699934847 21096.0 95
1679699935027 21096.0 96
1679699936292 21096.0 97
1679699936484 21096.0 98
1679699937768 21096.0 99
1679699937949 21096.0 100
1679699939217 21096.0 101
1679699939408 21096.0 102
1679699940691 21096.0 103
1679699940874 21096.0 104
1679699942255 21096.0 105
1679699942444 21096.0 106
1679699943721 21096.0 107
1679699943900 21096.0 108
1679699945154 21096.0 109
1679699945336 21096.0 110
1679699946633 21096.0 111
1679699946823 21096.0 112
1679699948068 21096.0 113
1679699948318 21096.0 114
1679699949697 21096.0 115
1679699949878 21096.0 116
1679699951172 21096.0 117
1679699951368 21096.0 118
1679699952625 21096.0 119
1679699952806 21096.0 120
1679699954101 21096.0 121
1679699954294 21096.0 122
1679699955628 21096.0 123
1679699955909 21096.0 124
1679699957487 21096.0 125
1679699957918 21096.0 126
1679699959487 21096.0 127
1679699959711 21096.0 128
1679699961177 21096.0 129
1679699961388 21096.0 130
1679699962890 21096.0 131
1679699963107 21096.0 132
1679699964576 21096.0 133
1679699964872 21096.0 134
1679699966350 21096.0 135
1679699966657 21096.0 136
1679699968258 21096.0 137
1679699968458 21096.0 138
1679699969770 21096.0 139
1679699969962 21096.0 140
1679699971305 21096.0 141
1679699971501 21096.0 142
1679699972812 21096.0 143
1679699973001 21096.0 144
1679699974329 21096.0 145
1679699974525 21096.0 146
1679699975946 21096.0 147
1679699976133 21096.0 148
1679699977462 21096.0 149
1679699977689 21096.0 150
1679699979149 21096.0 151
1679699979347 21096.0 152
1679699980919 21096.0 153
1679699981117 21096.0 154
1679699982516 21096.0 155
1679699982707 21096.0 156
1679699984082 21096.0 157
1679699984273 21096.0 158
1679699985636 21096.0 159
1679699985874 21096.0 160
1679699987234 21096.0 161
1679699987435 21096.0 162
1679699988756 21096.0 163
1679699988968 21096.0 164
1679699990328 21096.0 165
1679699990521 21096.0 166
1679699992057 21096.0 167
1679699992286 21096.0 168
1679699993797 21096.0 169
1679699994004 21096.0 170
1679699995417 21096.0 171
1679699995621 21096.0 172
1679699997075 21096.0 173
1679699997295 21096.0 174
1679699998723 21096.0 175
1679699998916 21096.0 176
1679700000297 21096.0 177
1679700000491 21096.0 178
1679700001807 21096.0 179
1679700002011 21096.0 180
1679700003379 21096.0 181
1679700003586 21096.0 182
1679700004907 21096.0 183
1679700005098 21096.0 184
1679700006461 21096.0 185
1679700006658 21096.0 186
1679700008052 21096.0 187
1679700008244 21096.0 188
1679700009529 21096.0 189
1679700009753 21096.0 190
1679700011076 21096.0 191
1679700011271 21096.0 192
1679700012570 21096.0 193
1679700012785 21096.0 194
1679700014053 21096.0 195
1679700014240 21096.0 196
1679700015503 21096.0 197
1679700015778 21096.0 198
1679700017199 21096.0 199
1679700017390 21096.0 200
1679700018717 21096.0 201
1679700018907 21096.0 202
1679700020308 21096.0 203
1679700020553 21096.0 204
1679700021962 21096.0 205
1679700022169 21096.0 206
1679700023701 21096.0 207
1679700024033 21096.0 208
1679700025650 21096.0 209
1679700025891 21096.0 210
1679700027266 21096.0 211
1679700027479 21096.0 212
1679700028781 21096.0 213
1679700028975 21096.0 214
1679700030407 21096.0 215
1679700030639 21096.0 216
1679700031984 21096.0 217
1679700032191 21096.0 218
1679700033678 21096.0 219
1679700033864 21096.0 220
1679700035173 21096.0 221
1679700035370 21096.0 222
1679700036690 21096.0 223
1679700036912 21096.0 224
1679700038185 21096.0 225
1679700038382 21096.0 226
1679700039817 21096.0 227
1679700040027 21096.0 228
1679700041415 21096.0 229
1679700041613 21096.0 230
1679700043001 21096.0 231
1679700043199 21096.0 232
1679700044624 21096.0 233
1679700044829 21096.0 234
1679700046116 21096.0 235
1679700046309 21096.0 236
1679700047647 21096.0 237
1679700047836 21096.0 238
1679700049199 21096.0 239
1679700049426 21096.0 240
1679700050780 21096.0 241
1679700050970 21096.0 242
1679700052308 21096.0 243
1679700052521 21096.0 244
1679700053921 21096.0 245
1679700054128 21096.0 246
1679700055538 21096.0 247
1679700055766 21096.0 248
1679700057259 21096.0 249
1679700057454 21096.0 250
1679700058716 21096.0 251
1679700058910 21096.0 252
1679700060179 21096.0 253
1679700060375 21096.0 254
1679700061639 21096.0 255
1679700061854 21096.0 256
1679700063143 21096.0 257
1679700063341 21096.0 258
1679700064722 21096.0 259
1679700064923 21096.0 260
1679700066187 21096.0 261
1679700066392 21096.0 262
1679700067683 21096.0 263
1679700067914 21096.0 264
1679700069188 21096.0 265
1679700069390 21096.0 266
1679700070689 21096.0 267
1679700070880 21096.0 268
1679700072252 21096.0 269
1679700072442 21096.0 270
1679700073723 21096.0 271
1679700073925 21096.0 272
1679700075219 21096.0 273
1679700075412 21096.0 274
1679700076670 21096.0 275
1679700076865 21096.0 276
1679700078176 21096.0 277
1679700078379 21096.0 278
1679700079699 21096.0 279
1679700080034 21096.0 280
1679700081374 21096.0 281
1679700081586 21096.0 282
1679700082961 21096.0 283
1679700083167 21096.0 284
1679700084522 21096.0 285
1679700084739 21096.0 286
1679700086140 21096.0 287
1679700086336 21096.0 288
1679700087640 21096.0 289
1679700087830 21096.0 290
1679700089173 21096.0 291
1679700089369 21096.0 292
1679700090650 21096.0 293
1679700090855 21096.0 294
1679700092191 21096.0 295
1679700092387 21096.0 296
1679700093658 21096.0 297
1679700093848 21096.0 298
1679700095129 21096.0 299
1679700095324 21096.0 300
1679700095454 21096.0 301
