1679699866076 18.617668390274048 1
1679699866269 0.17765259742736816 2
1679699867608 1.3392016887664795 3
1679699867775 0.16900968551635742 4
1679699869012 1.2369248867034912 5
1679699869193 0.1759810447692871 6
1679699870469 1.2788150310516357 7
1679699870645 0.1750481128692627 8
1679699871942 1.2989614009857178 9
1679699872126 0.18404078483581543 10
1679699873359 1.2300360202789307 11
1679699873536 0.1800217628479004 12
1679699874837 1.3020837306976318 13
1679699875013 0.17374801635742188 14
1679699876246 1.2322399616241455 15
1679699876424 0.17770695686340332 16
1679699877678 1.2521066665649414 17
1679699877874 0.19789838790893555 18
1679699879212 1.3408877849578857 19
1679699879382 0.16890788078308105 20
1679699880586 1.202197790145874 21
1679699880766 0.1809990406036377 22
1679699882082 1.3160414695739746 23
1679699882254 0.17181897163391113 24
1679699883528 1.2692787647247314 25
1679699883730 0.20509552955627441 26
1679699885016 1.2803926467895508 27
1679699885214 0.1996924877166748 28
1679699886504 1.2949306964874268 29
1679699886688 0.18387365341186523 30
1679699887921 1.234117031097412 31
1679699888098 0.17593789100646973 32
1679699889473 1.3730683326721191 33
1679699889709 0.22550582885742188 34
1679699890969 1.2633366584777832 35
1679699891153 0.1920027732849121 36
1679699892389 1.2379932403564453 37
1679699892578 0.1894972324371338 38
1679699893817 1.2364375591278076 39
1679699893997 0.1791224479675293 40
1679699895201 1.207230567932129 41
1679699895430 0.21463489532470703 42
1679699896754 1.3369367122650146 43
1679699896928 0.1736302375793457 44
1679699898146 1.2175512313842773 45
1679699898342 0.19179439544677734 46
1679699899612 1.2742412090301514 47
1679699899794 0.17799019813537598 48
1679699901039 1.2449355125427246 49
1679699901243 0.20287609100341797 50
1679699902493 1.2551512718200684 51
1679699902675 0.1804037094116211 52
1679699904006 1.332427740097046 53
1679699904262 0.2561018466949463 54
1679699905475 1.2126843929290771 55
1679699905647 0.17319250106811523 56
1679699906885 1.235273838043213 57
1679699907084 0.20074772834777832 58
1679699908312 1.2281951904296875 59
1679699908494 0.1810603141784668 60
1679699909740 1.2469556331634521 61
1679699909973 0.21812915802001953 62
1679699911250 1.2887139320373535 63
1679699911524 0.2740650177001953 64
1679699912766 1.2440662384033203 65
1679699912952 0.18607687950134277 66
1679699914230 1.277911901473999 67
1679699914408 0.17700934410095215 68
1679699915644 1.235081434249878 69
1679699915830 0.18572306632995605 70
1679699917096 1.2687721252441406 71
1679699917276 0.17732763290405273 72
1679699918512 1.2361583709716797 73
1679699918750 0.2198801040649414 74
1679699920071 1.3379859924316406 75
1679699920254 0.18586277961730957 76
1679699921534 1.281054973602295 77
1679699921715 0.17789673805236816 78
1679699922961 1.2462162971496582 79
1679699923138 0.1777796745300293 80
1679699924431 1.2922194004058838 81
1679699924617 0.1848289966583252 82
1679699925884 1.26910400390625 83
1679699926069 0.18255376815795898 84
1679699927421 1.353318214416504 85
1679699927648 0.20308685302734375 86
1679699928935 1.3100378513336182 87
1679699929117 0.18282747268676758 88
1679699930369 1.25528883934021 89
1679699930557 0.18765640258789062 90
1679699931842 1.2829625606536865 91
1679699932019 0.17821621894836426 92
1679699933275 1.2510602474212646 93
1679699933467 0.19398736953735352 94
1679699934841 1.371901273727417 95
1679699935020 0.1810777187347412 96
1679699936286 1.2672452926635742 97
1679699936477 0.19265532493591309 98
1679699937761 1.2832694053649902 99
1679699937943 0.1808781623840332 100
1679699939211 1.2701425552368164 101
1679699939402 0.1890401840209961 102
1679699940684 1.2837140560150146 103
1679699940868 0.18200039863586426 104
1679699942249 1.3800272941589355 105
1679699942438 0.18991541862487793 106
1679699943715 1.273252010345459 107
1679699943894 0.18359899520874023 108
1679699945149 1.254077434539795 109
1679699945330 0.1831376552581787 110
1679699946626 1.28890061378479 111
1679699946816 0.19322800636291504 112
1679699948062 1.2469167709350586 113
1679699948311 0.23694300651550293 114
1679699949692 1.3930089473724365 115
1679699949872 0.17989301681518555 116
1679699951165 1.292365312576294 117
1679699951361 0.19775176048278809 118
1679699952617 1.2568860054016113 119
1679699952800 0.17895269393920898 120
1679699954095 1.2930171489715576 121
1679699954287 0.19634556770324707 122
1679699955621 1.332214117050171 123
1679699955897 0.23351669311523438 124
1679699957480 1.6130471229553223 125
1679699957906 0.4240386486053467 126
1679699959480 1.5815305709838867 127
1679699959703 0.2192995548248291 128
1679699961169 1.4713971614837646 129
1679699961381 0.20488476753234863 130
1679699962884 1.5073766708374023 131
1679699963099 0.21355342864990234 132
1679699964569 1.4712951183319092 133
1679699964864 0.2795557975769043 134
1679699966343 1.493994951248169 135
1679699966650 0.30434751510620117 136
1679699968251 1.6066985130310059 137
1679699968452 0.20410847663879395 138
1679699969763 1.3107728958129883 139
1679699969956 0.19512367248535156 140
1679699971298 1.3399970531463623 141
1679699971494 0.19305825233459473 142
1679699972806 1.3140242099761963 143
1679699972993 0.1907336711883545 144
1679699974322 1.3191077709197998 145
1679699974518 0.20485520362854004 146
1679699975940 1.4202039241790771 147
1679699976126 0.18917417526245117 148
1679699977455 1.3199925422668457 149
1679699977681 0.21599507331848145 150
1679699979138 1.467982530593872 151
1679699979340 0.2077627182006836 152
1679699980914 1.575162649154663 153
1679699981108 0.18933463096618652 154
1679699982509 1.403980016708374 155
1679699982700 0.19301509857177734 156
1679699984076 1.3763678073883057 157
1679699984267 0.18822836875915527 158
1679699985630 1.3970372676849365 159
1679699985865 0.17430615425109863 160
1679699987226 1.3874828815460205 161
1679699987428 0.20508074760437012 162
1679699988750 1.3173696994781494 163
1679699988961 0.2066640853881836 164
1679699990320 1.363041639328003 165
1679699990515 0.19493770599365234 166
1679699992049 1.5141167640686035 167
1679699992280 0.2429037094116211 168
1679699993790 1.5171477794647217 169
1679699993998 0.20467209815979004 170
1679699995409 1.4120726585388184 171
1679699995612 0.2037363052368164 172
1679699997068 1.4595293998718262 173
1679699997287 0.2139897346496582 174
1679699998717 1.4258465766906738 175
1679699998908 0.19894838333129883 176
1679700000291 1.4196207523345947 177
1679700000485 0.15567374229431152 178
1679700001801 1.3160088062286377 179
1679700002002 0.19959735870361328 180
1679700003371 1.3723459243774414 181
1679700003577 0.20588898658752441 182
1679700004901 1.326880931854248 183
1679700005092 0.19077324867248535 184
1679700006454 1.3602125644683838 185
1679700006651 0.19306540489196777 186
1679700008046 1.3919000625610352 187
1679700008237 0.19529509544372559 188
1679700009523 1.2882356643676758 189
1679700009746 0.22150969505310059 190
1679700011069 1.31416916847229 191
1679700011264 0.20201897621154785 192
1679700012563 1.3050270080566406 193
1679700012779 0.2157285213470459 194
1679700014047 1.2650291919708252 195
1679700014232 0.1850268840789795 196
1679700015496 1.301067590713501 197
1679700015771 0.24292612075805664 198
1679700017193 1.4089999198913574 199
1679700017382 0.1999363899230957 200
1679700018710 1.3289971351623535 201
1679700018900 0.18913698196411133 202
1679700020300 1.386634349822998 203
1679700020546 0.24134206771850586 204
1679700021950 1.4180519580841064 205
1679700022163 0.21017217636108398 206
1679700023690 1.5089309215545654 207
1679700024025 0.3451511859893799 208
1679700025642 1.6156811714172363 209
1679700025884 0.24294710159301758 210
1679700027259 1.387078046798706 211
1679700027465 0.19885778427124023 212
1679700028775 1.315035104751587 213
1679700028967 0.19003820419311523 214
1679700030400 1.4717698097229004 215
1679700030630 0.1786036491394043 216
1679700031977 1.3581006526947021 217
1679700032185 0.21254611015319824 218
1679700033671 1.487009048461914 219
1679700033858 0.18613243103027344 220
1679700035166 1.3039567470550537 221
1679700035364 0.1992344856262207 222
1679700036684 1.3095614910125732 223
1679700036906 0.22399687767028809 224
1679700038179 1.2833821773529053 225
1679700038376 0.19568371772766113 226
1679700039809 1.4330146312713623 227
1679700040021 0.20599603652954102 228
1679700041407 1.3899633884429932 229
1679700041606 0.20104551315307617 230
1679700042992 1.381957769393921 231
1679700043192 0.20889782905578613 232
1679700044616 1.4181780815124512 233
1679700044823 0.20794224739074707 234
1679700046110 1.3258452415466309 235
1679700046302 0.15592122077941895 236
1679700047641 1.3372383117675781 237
1679700047829 0.19003510475158691 238
1679700049193 1.363905668258667 239
1679700049419 0.22042059898376465 240
1679700050773 1.3597571849822998 241
1679700050964 0.18888521194458008 242
1679700052301 1.3324313163757324 243
1679700052514 0.2084827423095703 244
1679700053913 1.4069569110870361 245
1679700054121 0.20516538619995117 246
1679700055531 1.4099023342132568 247
1679700055760 0.224226713180542 248
1679700057252 1.4986772537231445 249
1679700057448 0.1968245506286621 250
1679700058710 1.2663428783416748 251
1679700058903 0.18806242942810059 252
1679700060172 1.3078718185424805 253
1679700060369 0.15892434120178223 254
1679700061633 1.2670984268188477 255
1679700061847 0.20903635025024414 256
1679700063135 1.2877676486968994 257
1679700063334 0.20151782035827637 258
1679700064715 1.3780527114868164 259
1679700064916 0.20260095596313477 260
1679700066180 1.2670261859893799 261
1679700066386 0.20195388793945312 262
1679700067677 1.2922322750091553 263
1679700067906 0.20875930786132812 264
1679700069182 1.3000445365905762 265
1679700069383 0.1921093463897705 266
1679700070681 1.3019468784332275 267
1679700070874 0.19691109657287598 268
1679700072245 1.36942720413208 269
1679700072436 0.19350266456604004 270
1679700073717 1.2781307697296143 271
1679700073916 0.19878101348876953 272
1679700075212 1.3341929912567139 273
1679700075403 0.1559004783630371 274
1679700076663 1.259098768234253 275
1679700076858 0.1938319206237793 276
1679700078170 1.3114686012268066 277
1679700078372 0.19967126846313477 278
1679700079692 1.3179903030395508 279
1679700080027 0.31404685974121094 280
1679700081367 1.3560442924499512 281
1679700081578 0.21279358863830566 282
1679700082954 1.376025676727295 283
1679700083160 0.20710372924804688 284
1679700084517 1.3534789085388184 285
1679700084731 0.21236968040466309 286
1679700086134 1.416177749633789 287
1679700086330 0.1938188076019287 288
1679700087633 1.3009800910949707 289
1679700087824 0.19337010383605957 290
1679700089167 1.3418452739715576 291
1679700089362 0.19546818733215332 292
1679700090643 1.319615364074707 293
1679700090849 0.16379213333129883 294
1679700092185 1.3360211849212646 295
1679700092381 0.20206356048583984 296
1679700093652 1.2704336643218994 297
1679700093840 0.1865837574005127 298
1679700095123 1.282475471496582 299
1679700095318 0.1933736801147461 300
1679700095447 0.13008546829223633 301
