1679699866093 0.0 1
1679699866278 0.0 2
1679699867617 0.0 3
1679699867783 0.0 4
1679699869021 0.0 5
1679699869203 0.0 6
1679699870479 0.0 7
1679699870654 0.0 8
1679699871951 0.0 9
1679699872136 0.0 10
1679699873368 0.0 11
1679699873546 0.0 12
1679699874846 0.0 13
1679699875022 0.0 14
1679699876255 0.0 15
1679699876432 0.0 16
1679699877687 0.0 17
1679699877883 0.0 18
1679699879221 0.0 19
1679699879391 0.0 20
1679699880598 0.0 21
1679699880775 0.0 22
1679699882091 0.0 23
1679699882263 0.0 24
1679699883538 0.0 25
1679699883739 0.0 26
1679699885033 0.0 27
1679699885222 0.0 28
1679699886514 0.0 29
1679699886697 0.0 30
1679699887930 0.0 31
1679699888106 0.0 32
1679699889482 0.0 33
1679699889725 0.0 34
1679699890979 0.0 35
1679699891162 0.0 36
1679699892399 0.0 37
1679699892587 0.0 38
1679699893827 0.0 39
1679699894007 0.0 40
1679699895211 0.0 41
1679699895439 0.0 42
1679699896763 0.0 43
1679699896936 0.0 44
1679699898155 0.0 45
1679699898351 0.0 46
1679699899622 0.0 47
1679699899802 0.0 48
1679699901048 0.0 49
1679699901253 0.0 50
1679699902504 0.0 51
1679699902685 0.0 52
1679699904015 0.0 53
1679699904270 0.0 54
1679699905483 0.0 55
1679699905655 0.0 56
1679699906895 0.0 57
1679699907092 0.0 58
1679699908321 0.0 59
1679699908503 0.0 60
1679699909749 0.0 61
1679699909984 0.0 62
1679699911261 0.0 63
1679699911533 0.0 64
1679699912774 0.0 65
1679699912969 0.0 66
1679699914239 0.0 67
1679699914416 0.0 68
1679699915652 0.0 69
1679699915839 0.0 70
1679699917105 0.0 71
1679699917285 0.0 72
1679699918520 0.0 73
1679699918758 0.0 74
1679699920080 0.0 75
1679699920264 0.0 76
1679699921543 0.0 77
1679699921723 0.0 78
1679699922970 0.0 79
1679699923147 0.0 80
1679699924440 0.0 81
1679699924630 0.0 82
1679699925892 0.0 83
1679699926079 0.0 84
1679699927430 0.0 85
1679699927657 0.0 86
1679699928945 0.0 87
1679699929125 0.0 88
1679699930379 0.0 89
1679699930565 0.0 90
1679699931851 0.0 91
1679699932028 0.0 92
1679699933284 0.0 93
1679699933480 0.0 94
1679699934849 0.0 95
1679699935030 0.0 96
1679699936295 0.0 97
1679699936487 0.0 98
1679699937770 0.0 99
1679699937951 0.0 100
1679699939219 0.0 101
1679699939410 0.0 102
1679699940693 0.0 103
1679699940877 0.0 104
1679699942258 0.0 105
1679699942446 0.0 106
1679699943724 0.0 107
1679699943903 0.0 108
1679699945157 0.0 109
1679699945338 0.0 110
1679699946635 0.0 111
1679699946825 0.0 112
1679699948069 0.0 113
1679699948320 0.0 114
1679699949701 0.0 115
1679699949881 0.0 116
1679699951174 0.0 117
1679699951370 0.0 118
1679699952628 0.0 119
1679699952809 0.0 120
1679699954104 0.0 121
1679699954296 0.0 122
1679699955631 0.0 123
1679699955914 0.0 124
1679699957490 0.0 125
1679699957922 0.0 126
1679699959490 0.0 127
1679699959715 0.0 128
1679699961180 0.0 129
1679699961390 0.0 130
1679699962893 0.0 131
1679699963110 0.0 132
1679699964578 0.0 133
1679699964874 0.0 134
1679699966353 0.0 135
1679699966660 0.0 136
1679699968260 0.0 137
1679699968461 0.0 138
1679699969772 0.0 139
1679699969964 0.0 140
1679699971307 0.0 141
1679699971504 0.0 142
1679699972814 0.0 143
1679699973005 0.0 144
1679699974332 0.0 145
1679699974528 0.0 146
1679699975949 0.0 147
1679699976136 0.0 148
1679699977466 0.0 149
1679699977692 0.0 150
1679699979154 0.0 151
1679699979350 0.0 152
1679699980923 0.0 153
1679699981121 0.0 154
1679699982518 0.0 155
1679699982710 0.0 156
1679699984084 0.0 157
1679699984276 0.0 158
1679699985639 0.0 159
1679699985878 0.0 160
1679699987237 0.0 161
1679699987437 0.0 162
1679699988758 0.0 163
1679699988971 0.0 164
1679699990330 0.0 165
1679699990523 0.0 166
1679699992062 0.0 167
1679699992289 0.0 168
1679699993800 0.0 169
1679699994007 0.0 170
1679699995420 0.0 171
1679699995624 0.0 172
1679699997078 0.0 173
1679699997298 0.0 174
1679699998726 0.0 175
1679699998919 0.0 176
1679700000299 0.0 177
1679700000494 0.0 178
1679700001809 0.0 179
1679700002015 0.0 180
1679700003383 0.0 181
1679700003589 0.0 182
1679700004910 0.0 183
1679700005100 0.0 184
1679700006464 0.0 185
1679700006660 0.0 186
1679700008054 0.0 187
1679700008247 0.0 188
1679700009532 0.0 189
1679700009755 0.0 190
1679700011079 0.0 191
1679700011274 0.0 192
1679700012574 0.0 193
1679700012788 0.0 194
1679700014055 0.0 195
1679700014243 0.0 196
1679700015506 0.0 197
1679700015780 0.0 198
1679700017202 0.0 199
1679700017392 0.0 200
1679700018719 0.0 201
1679700018910 0.0 202
1679700020311 0.0 203
1679700020557 0.0 204
1679700021964 0.0 205
1679700022172 0.0 206
1679700023706 0.0 207
1679700024035 0.0 208
1679700025652 0.0 209
1679700025894 0.0 210
1679700027268 0.0 211
1679700027481 0.0 212
1679700028784 0.0 213
1679700028979 0.0 214
1679700030410 0.0 215
1679700030642 0.0 216
1679700031986 0.0 217
1679700032194 0.0 218
1679700033680 0.0 219
1679700033866 0.0 220
1679700035176 0.0 221
1679700035373 0.0 222
1679700036692 0.0 223
1679700036915 0.0 224
1679700038188 0.0 225
1679700038385 0.0 226
1679700039820 0.0 227
1679700040030 0.0 228
1679700041417 0.0 229
1679700041615 0.0 230
1679700043004 0.0 231
1679700043202 0.0 232
1679700044626 0.0 233
1679700044832 0.0 234
1679700046118 0.0 235
1679700046312 0.0 236
1679700047650 0.0 237
1679700047838 0.0 238
1679700049201 0.0 239
1679700049429 0.0 240
1679700050782 0.0 241
1679700050973 0.0 242
1679700052310 0.0 243
1679700052524 0.0 244
1679700053923 0.0 245
1679700054130 0.0 246
1679700055541 0.0 247
1679700055769 0.0 248
1679700057261 0.0 249
1679700057464 0.0 250
1679700058718 0.0 251
1679700058912 0.0 252
1679700060181 0.0 253
1679700060377 0.0 254
1679700061641 0.0 255
1679700061856 0.0 256
1679700063145 0.0 257
1679700063343 0.0 258
1679700064725 0.0 259
1679700064925 0.0 260
1679700066190 0.0 261
1679700066394 0.0 262
1679700067685 0.0 263
1679700067917 0.0 264
1679700069190 0.0 265
1679700069393 0.0 266
1679700070693 0.0 267
1679700070882 0.0 268
1679700072255 0.0 269
1679700072444 0.0 270
1679700073726 0.0 271
1679700073928 0.0 272
1679700075221 0.0 273
1679700075414 0.0 274
1679700076672 0.0 275
1679700076867 0.0 276
1679700078178 0.0 277
1679700078381 0.0 278
1679700079702 0.0 279
1679700080037 0.0 280
1679700081377 0.0 281
1679700081588 0.0 282
1679700082963 0.0 283
1679700083170 0.0 284
1679700084525 0.0 285
1679700084741 0.0 286
1679700086143 0.0 287
1679700086339 0.0 288
1679700087642 0.0 289
1679700087833 0.0 290
1679700089176 0.0 291
1679700089372 0.0 292
1679700090652 0.0 293
1679700090858 0.0 294
1679700092193 0.0 295
1679700092390 0.0 296
1679700093661 0.0 297
1679700093850 0.0 298
1679700095132 0.0 299
1679700095327 0.0 300
1679700095456 0.0 301
