1677143030625 29228.0 1
1677143030829 29228.0 2
1677143031799 29228.0 3
1677143032002 29228.0 4
1677143033076 29228.0 5
1677143033291 29228.0 6
1677143034350 29228.0 7
1677143034558 29228.0 8
1677143035561 29228.0 9
1677143035760 29228.0 10
1677143036951 29228.0 11
1677143037156 29228.0 12
1677143038166 29228.0 13
1677143038382 29228.0 14
1677143039368 29228.0 15
1677143039567 29228.0 16
1677143040631 29228.0 17
1677143040835 29228.0 18
1677143041807 29228.0 19
1677143042009 29228.0 20
1677143042982 29228.0 21
1677143043186 29228.0 22
1677143044177 29228.0 23
1677143044386 29228.0 24
1677143045374 29228.0 25
1677143045575 29228.0 26
1677143046704 29228.0 27
1677143046913 29228.0 28
1677143047926 29228.0 29
1677143048127 29228.0 30
1677143049133 29228.0 31
1677143049336 29228.0 32
1677143050335 29228.0 33
1677143050541 29228.0 34
1677143051538 29228.0 35
1677143051745 29228.0 36
1677143052741 29228.0 37
1677143052954 29228.0 38
1677143054008 29228.0 39
1677143054215 29228.0 40
1677143055247 29228.0 41
1677143055473 29228.0 42
1677143056455 29228.0 43
1677143056661 29228.0 44
1677143057650 29228.0 45
1677143057862 29228.0 46
1677143058860 29228.0 47
1677143059070 29228.0 48
1677143060146 29228.0 49
1677143060351 29228.0 50
1677143061352 29228.0 51
1677143061554 29228.0 52
1677143062551 29228.0 53
1677143062752 29228.0 54
1677143063745 29228.0 55
1677143063946 29228.0 56
1677143064949 29228.0 57
1677143065151 29228.0 58
1677143066120 29228.0 59
1677143066326 29228.0 60
1677143067366 29228.0 61
1677143067569 29228.0 62
1677143068526 29228.0 63
1677143068732 29228.0 64
1677143069695 29228.0 65
1677143069897 29228.0 66
1677143070888 29228.0 67
1677143071093 29228.0 68
1677143072096 29228.0 69
1677143072308 29228.0 70
1677143073347 29228.0 71
1677143073549 29228.0 72
1677143074550 29228.0 73
1677143074763 29228.0 74
1677143075767 29228.0 75
1677143075981 29228.0 76
1677143077079 29228.0 77
1677143077355 29228.0 78
1677143078412 29228.0 79
1677143078645 29228.0 80
1677143079686 29228.0 81
1677143079904 29228.0 82
1677143081065 29228.0 83
1677143081307 29228.0 84
1677143082297 29228.0 85
1677143082517 29228.0 86
1677143083552 29228.0 87
1677143083761 29228.0 88
1677143084871 29228.0 89
1677143085084 29228.0 90
1677143086150 29228.0 91
1677143086362 29228.0 92
1677143087552 29228.0 93
1677143087863 29228.0 94
1677143088897 29228.0 95
1677143089118 29228.0 96
1677143090196 29228.0 97
1677143090423 29228.0 98
1677143091478 29228.0 99
1677143091704 29228.0 100
1677143092690 29228.0 101
1677143092916 29228.0 102
1677143093906 29228.0 103
1677143094124 29228.0 104
1677143095244 29228.0 105
1677143095464 29228.0 106
1677143096494 29228.0 107
1677143096729 29228.0 108
1677143097731 29228.0 109
1677143097944 29228.0 110
1677143098946 29228.0 111
1677143099160 29228.0 112
1677143100175 29228.0 113
1677143100387 29228.0 114
1677143101510 29228.0 115
1677143101723 29228.0 116
1677143102703 29228.0 117
1677143102913 29228.0 118
1677143103906 29228.0 119
1677143104114 29228.0 120
1677143105111 29228.0 121
1677143105325 29228.0 122
1677143106386 29228.0 123
1677143106597 29228.0 124
1677143107566 29228.0 125
1677143107849 29228.0 126
1677143108835 29228.0 127
1677143109047 29228.0 128
1677143110046 29228.0 129
1677143110268 29228.0 130
1677143111258 29228.0 131
1677143111463 29228.0 132
1677143112491 29228.0 133
1677143112700 29228.0 134
1677143113695 29228.0 135
1677143113907 29228.0 136
1677143114994 29228.0 137
1677143115201 29228.0 138
1677143116189 29228.0 139
1677143116394 29228.0 140
1677143117377 29228.0 141
1677143117582 29228.0 142
1677143118613 29228.0 143
1677143118828 29228.0 144
1677143119810 29228.0 145
1677143120023 29228.0 146
1677143121012 29228.0 147
1677143121231 29228.0 148
1677143122276 29228.0 149
1677143122487 29228.0 150
1677143123464 29228.0 151
1677143123678 29228.0 152
1677143124684 29228.0 153
1677143124907 29228.0 154
1677143126067 29228.0 155
1677143126291 29228.0 156
1677143127342 29228.0 157
1677143127578 29228.0 158
1677143128646 29228.0 159
1677143128866 29228.0 160
1677143129891 29228.0 161
1677143130100 29228.0 162
1677143131131 29228.0 163
1677143131350 29228.0 164
1677143132342 29228.0 165
1677143132559 29228.0 166
1677143133544 29228.0 167
1677143133754 29228.0 168
1677143135009 29228.0 169
1677143135220 29228.0 170
1677143136305 29228.0 171
1677143136514 29228.0 172
1677143137464 29228.0 173
1677143137680 29228.0 174
1677143138681 29228.0 175
1677143138896 29228.0 176
1677143140007 29228.0 177
1677143140226 29228.0 178
1677143141239 29228.0 179
1677143141453 29228.0 180
1677143142688 29228.0 181
1677143142936 29228.0 182
1677143143997 29228.0 183
1677143144223 29228.0 184
1677143145212 29228.0 185
1677143145422 29228.0 186
1677143146398 29228.0 187
1677143146611 29228.0 188
1677143147604 29228.0 189
1677143147813 29228.0 190
1677143148806 29228.0 191
1677143149014 29228.0 192
1677143150080 29228.0 193
1677143150291 29228.0 194
1677143151259 29228.0 195
1677143151471 29228.0 196
1677143152414 29228.0 197
1677143152631 29228.0 198
1677143153584 29228.0 199
1677143153789 29228.0 200
1677143154734 29228.0 201
1677143154945 29228.0 202
1677143156016 29228.0 203
1677143156260 29228.0 204
1677143157309 29228.0 205
1677143157525 29228.0 206
1677143158554 29228.0 207
1677143158790 29228.0 208
1677143159835 29228.0 209
1677143160063 29228.0 210
1677143161131 29228.0 211
1677143161384 29228.0 212
1677143162463 29228.0 213
1677143162670 29228.0 214
1677143163713 29228.0 215
1677143163920 29228.0 216
1677143165001 29228.0 217
1677143165239 29228.0 218
1677143166184 29228.0 219
1677143166393 29228.0 220
1677143167325 29228.0 221
1677143167534 29228.0 222
1677143168484 29228.0 223
1677143168699 29228.0 224
1677143169726 29228.0 225
1677143169936 29228.0 226
1677143170881 29228.0 227
1677143171095 29228.0 228
1677143172049 29228.0 229
1677143172256 29228.0 230
1677143173208 29228.0 231
1677143173417 29228.0 232
1677143174394 29228.0 233
1677143174605 29228.0 234
1677143175558 29228.0 235
1677143175768 29228.0 236
1677143176834 29228.0 237
1677143177041 29228.0 238
1677143178009 29228.0 239
1677143178219 29228.0 240
1677143179166 29228.0 241
1677143179383 29228.0 242
1677143180333 29228.0 243
1677143180545 29228.0 244
1677143181490 29228.0 245
1677143181698 29228.0 246
1677143182680 29228.0 247
1677143182890 29228.0 248
1677143183846 29228.0 249
1677143184062 29228.0 250
1677143185023 29228.0 251
1677143185234 29228.0 252
1677143186178 29228.0 253
1677143186391 29228.0 254
1677143187351 29228.0 255
1677143187563 29228.0 256
1677143188524 29228.0 257
1677143188758 29228.0 258
1677143189794 29228.0 259
1677143190013 29228.0 260
1677143190958 29228.0 261
1677143191168 29228.0 262
1677143192107 29228.0 263
1677143192321 29228.0 264
1677143193260 29228.0 265
1677143193473 29228.0 266
1677143194412 29228.0 267
1677143194622 29228.0 268
1677143195562 29228.0 269
1677143195842 29228.0 270
1677143196782 29228.0 271
1677143196990 29228.0 272
1677143197938 29228.0 273
1677143198150 29228.0 274
1677143199121 29228.0 275
1677143199332 29228.0 276
1677143200299 29228.0 277
1677143200510 29228.0 278
1677143201488 29228.0 279
1677143201702 29228.0 280
1677143202769 29228.0 281
1677143202981 29228.0 282
1677143203938 29228.0 283
1677143204149 29228.0 284
1677143205094 29228.0 285
1677143205304 29228.0 286
1677143206257 29228.0 287
1677143206466 29228.0 288
1677143207421 29228.0 289
1677143207629 29228.0 290
1677143208567 29228.0 291
1677143208856 29228.0 292
1677143209807 29228.0 293
1677143210033 29228.0 294
1677143211014 29228.0 295
1677143211226 29228.0 296
1677143212191 29228.0 297
1677143212400 29228.0 298
1677143213391 29228.0 299
1677143213602 29228.0 300
1677143213820 29228.0 301
