1677143030628 0.0 1
1677143030832 0.0 2
1677143031802 0.0 3
1677143032006 0.0 4
1677143033079 0.0 5
1677143033293 0.0 6
1677143034353 0.0 7
1677143034561 0.0 8
1677143035564 0.0 9
1677143035763 0.0 10
1677143036954 0.0 11
1677143037159 0.0 12
1677143038169 0.0 13
1677143038385 0.0 14
1677143039371 0.0 15
1677143039571 0.0 16
1677143040634 0.0 17
1677143040839 0.0 18
1677143041810 0.0 19
1677143042012 0.0 20
1677143042985 0.0 21
1677143043189 0.0 22
1677143044180 0.0 23
1677143044390 0.0 24
1677143045377 0.0 25
1677143045578 0.0 26
1677143046707 0.0 27
1677143046916 0.0 28
1677143047929 0.0 29
1677143048130 0.0 30
1677143049136 0.0 31
1677143049339 0.0 32
1677143050338 0.0 33
1677143050545 0.0 34
1677143051540 0.0 35
1677143051748 0.0 36
1677143052744 0.0 37
1677143052957 0.0 38
1677143054011 0.0 39
1677143054218 0.0 40
1677143055250 0.0 41
1677143055475 0.0 42
1677143056458 0.0 43
1677143056664 0.0 44
1677143057655 0.0 45
1677143057865 0.0 46
1677143058863 0.0 47
1677143059073 0.0 48
1677143060149 0.0 49
1677143060355 0.0 50
1677143061355 0.0 51
1677143061558 0.0 52
1677143062554 0.0 53
1677143062756 0.0 54
1677143063748 0.0 55
1677143063949 0.0 56
1677143064952 0.0 57
1677143065154 0.0 58
1677143066123 0.0 59
1677143066329 0.0 60
1677143067369 0.0 61
1677143067572 0.0 62
1677143068529 0.0 63
1677143068735 0.0 64
1677143069699 0.0 65
1677143069900 0.0 66
1677143070891 0.0 67
1677143071096 0.0 68
1677143072099 0.0 69
1677143072311 0.0 70
1677143073350 0.0 71
1677143073553 0.0 72
1677143074553 0.0 73
1677143074767 0.0 74
1677143075770 0.0 75
1677143075985 0.0 76
1677143077082 0.0 77
1677143077359 0.0 78
1677143078415 0.0 79
1677143078648 0.0 80
1677143079689 0.0 81
1677143079907 0.0 82
1677143081070 0.0 83
1677143081311 0.0 84
1677143082300 0.0 85
1677143082522 0.0 86
1677143083555 0.0 87
1677143083764 0.0 88
1677143084874 0.0 89
1677143085087 0.0 90
1677143086154 0.0 91
1677143086366 0.0 92
1677143087555 0.0 93
1677143087866 0.0 94
1677143088900 0.0 95
1677143089121 0.0 96
1677143090200 0.0 97
1677143090426 0.0 98
1677143091482 0.0 99
1677143091707 0.0 100
1677143092693 0.0 101
1677143092919 0.0 102
1677143093909 0.0 103
1677143094128 0.0 104
1677143095247 0.0 105
1677143095467 0.0 106
1677143096497 0.0 107
1677143096732 0.0 108
1677143097735 0.0 109
1677143097947 0.0 110
1677143098949 0.0 111
1677143099162 0.0 112
1677143100178 0.0 113
1677143100390 0.0 114
1677143101513 0.0 115
1677143101726 0.0 116
1677143102706 0.0 117
1677143102916 0.0 118
1677143103909 0.0 119
1677143104117 0.0 120
1677143105114 0.0 121
1677143105328 0.0 122
1677143106389 0.0 123
1677143106600 0.0 124
1677143107569 0.0 125
1677143107852 0.0 126
1677143108838 0.0 127
1677143109050 0.0 128
1677143110049 0.0 129
1677143110272 0.0 130
1677143111261 0.0 131
1677143111466 0.0 132
1677143112494 0.0 133
1677143112703 0.0 134
1677143113698 0.0 135
1677143113909 0.0 136
1677143114996 0.0 137
1677143115204 0.0 138
1677143116192 0.0 139
1677143116397 0.0 140
1677143117380 0.0 141
1677143117585 0.0 142
1677143118616 0.0 143
1677143118830 0.0 144
1677143119814 0.0 145
1677143120026 0.0 146
1677143121015 0.0 147
1677143121234 0.0 148
1677143122279 0.0 149
1677143122490 0.0 150
1677143123467 0.0 151
1677143123679 0.0 152
1677143124687 0.0 153
1677143124910 0.0 154
1677143126071 0.0 155
1677143126294 0.0 156
1677143127345 0.0 157
1677143127581 0.0 158
1677143128649 0.0 159
1677143128869 0.0 160
1677143129894 0.0 161
1677143130103 0.0 162
1677143131134 0.0 163
1677143131353 0.0 164
1677143132345 0.0 165
1677143132562 0.0 166
1677143133547 0.0 167
1677143133757 0.0 168
1677143135012 0.0 169
1677143135223 0.0 170
1677143136308 0.0 171
1677143136518 0.0 172
1677143137467 0.0 173
1677143137683 0.0 174
1677143138684 0.0 175
1677143138900 0.0 176
1677143140010 0.0 177
1677143140229 0.0 178
1677143141243 0.0 179
1677143141456 0.0 180
1677143142691 0.0 181
1677143142940 0.0 182
1677143144000 0.0 183
1677143144227 0.0 184
1677143145215 0.0 185
1677143145426 0.0 186
1677143146402 0.0 187
1677143146614 0.0 188
1677143147607 0.0 189
1677143147816 0.0 190
1677143148809 0.0 191
1677143149018 0.0 192
1677143150082 0.0 193
1677143150294 0.0 194
1677143151262 0.0 195
1677143151473 0.0 196
1677143152417 0.0 197
1677143152634 0.0 198
1677143153587 0.0 199
1677143153793 0.0 200
1677143154737 0.0 201
1677143154948 0.0 202
1677143156019 0.0 203
1677143156263 0.0 204
1677143157312 0.0 205
1677143157528 0.0 206
1677143158557 0.0 207
1677143158793 0.0 208
1677143159839 0.0 209
1677143160067 0.0 210
1677143161134 0.0 211
1677143161388 0.0 212
1677143162465 0.0 213
1677143162673 0.0 214
1677143163716 0.0 215
1677143163923 0.0 216
1677143165004 0.0 217
1677143165243 0.0 218
1677143166187 0.0 219
1677143166396 0.0 220
1677143167328 0.0 221
1677143167537 0.0 222
1677143168487 0.0 223
1677143168703 0.0 224
1677143169729 0.0 225
1677143169940 0.0 226
1677143170884 0.0 227
1677143171098 0.0 228
1677143172052 0.0 229
1677143172259 0.0 230
1677143173210 0.0 231
1677143173420 0.0 232
1677143174397 0.0 233
1677143174608 0.0 234
1677143175562 0.0 235
1677143175771 0.0 236
1677143176837 0.0 237
1677143177044 0.0 238
1677143178011 0.0 239
1677143178222 0.0 240
1677143179170 0.0 241
1677143179386 0.0 242
1677143180336 0.0 243
1677143180548 0.0 244
1677143181492 0.0 245
1677143181701 0.0 246
1677143182683 0.0 247
1677143182893 0.0 248
1677143183849 0.0 249
1677143184064 0.0 250
1677143185026 0.0 251
1677143185236 0.0 252
1677143186181 0.0 253
1677143186393 0.0 254
1677143187353 0.0 255
1677143187566 0.0 256
1677143188526 0.0 257
1677143188761 0.0 258
1677143189797 0.0 259
1677143190016 0.0 260
1677143190960 0.0 261
1677143191172 0.0 262
1677143192111 0.0 263
1677143192324 0.0 264
1677143193262 0.0 265
1677143193476 0.0 266
1677143194415 0.0 267
1677143194624 0.0 268
1677143195565 0.0 269
1677143195845 0.0 270
1677143196785 0.0 271
1677143196993 0.0 272
1677143197941 0.0 273
1677143198152 0.0 274
1677143199124 0.0 275
1677143199335 0.0 276
1677143200302 0.0 277
1677143200513 0.0 278
1677143201492 0.0 279
1677143201705 0.0 280
1677143202772 0.0 281
1677143202983 0.0 282
1677143203941 0.0 283
1677143204152 0.0 284
1677143205097 0.0 285
1677143205307 0.0 286
1677143206260 0.0 287
1677143206470 0.0 288
1677143207424 0.0 289
1677143207632 0.0 290
1677143208570 0.0 291
1677143208859 0.0 292
1677143209810 0.0 293
1677143210036 0.0 294
1677143211017 0.0 295
1677143211229 0.0 296
1677143212195 0.0 297
1677143212403 0.0 298
1677143213393 0.0 299
1677143213605 0.0 300
1677143213823 0.0 301
