1677143030622 1677143030.0 1
1677143030826 1677143030.0 2
1677143031795 1677143031.0 3
1677143032000 1677143031.0 4
1677143033073 1677143033.0 5
1677143033287 1677143033.0 6
1677143034348 1677143034.0 7
1677143034555 1677143034.0 8
1677143035558 1677143035.0 9
1677143035757 1677143035.0 10
1677143036948 1677143036.0 11
1677143037153 1677143037.0 12
1677143038163 1677143038.0 13
1677143038379 1677143038.0 14
1677143039365 1677143039.0 15
1677143039564 1677143039.0 16
1677143040628 1677143040.0 17
1677143040831 1677143040.0 18
1677143041804 1677143041.0 19
1677143042007 1677143041.0 20
1677143042979 1677143042.0 21
1677143043183 1677143043.0 22
1677143044174 1677143044.0 23
1677143044384 1677143044.0 24
1677143045370 1677143045.0 25
1677143045571 1677143045.0 26
1677143046701 1677143046.0 27
1677143046911 1677143046.0 28
1677143047923 1677143047.0 29
1677143048124 1677143048.0 30
1677143049130 1677143049.0 31
1677143049333 1677143049.0 32
1677143050332 1677143050.0 33
1677143050539 1677143050.0 34
1677143051534 1677143051.0 35
1677143051743 1677143051.0 36
1677143052738 1677143052.0 37
1677143052951 1677143052.0 38
1677143054004 1677143053.0 39
1677143054212 1677143054.0 40
1677143055244 1677143055.0 41
1677143055469 1677143055.0 42
1677143056452 1677143056.0 43
1677143056659 1677143056.0 44
1677143057647 1677143057.0 45
1677143057860 1677143057.0 46
1677143058857 1677143058.0 47
1677143059067 1677143059.0 48
1677143060143 1677143060.0 49
1677143060347 1677143060.0 50
1677143061348 1677143061.0 51
1677143061551 1677143061.0 52
1677143062548 1677143062.0 53
1677143062750 1677143062.0 54
1677143063742 1677143063.0 55
1677143063943 1677143063.0 56
1677143064946 1677143064.0 57
1677143065148 1677143065.0 58
1677143066117 1677143066.0 59
1677143066322 1677143066.0 60
1677143067363 1677143067.0 61
1677143067566 1677143067.0 62
1677143068523 1677143068.0 63
1677143068729 1677143068.0 64
1677143069691 1677143069.0 65
1677143069894 1677143069.0 66
1677143070885 1677143070.0 67
1677143071090 1677143071.0 68
1677143072093 1677143072.0 69
1677143072305 1677143072.0 70
1677143073344 1677143073.0 71
1677143073547 1677143073.0 72
1677143074546 1677143074.0 73
1677143074761 1677143074.0 74
1677143075764 1677143075.0 75
1677143075977 1677143075.0 76
1677143077076 1677143077.0 77
1677143077351 1677143077.0 78
1677143078409 1677143078.0 79
1677143078642 1677143078.0 80
1677143079682 1677143079.0 81
1677143079901 1677143079.0 82
1677143081062 1677143081.0 83
1677143081303 1677143081.0 84
1677143082294 1677143082.0 85
1677143082514 1677143082.0 86
1677143083549 1677143083.0 87
1677143083758 1677143083.0 88
1677143084868 1677143084.0 89
1677143085081 1677143085.0 90
1677143086147 1677143086.0 91
1677143086359 1677143086.0 92
1677143087548 1677143087.0 93
1677143087860 1677143087.0 94
1677143088894 1677143088.0 95
1677143089114 1677143089.0 96
1677143090192 1677143090.0 97
1677143090420 1677143090.0 98
1677143091475 1677143091.0 99
1677143091701 1677143091.0 100
1677143092687 1677143092.0 101
1677143092913 1677143092.0 102
1677143093903 1677143093.0 103
1677143094120 1677143094.0 104
1677143095241 1677143095.0 105
1677143095462 1677143095.0 106
1677143096491 1677143096.0 107
1677143096726 1677143096.0 108
1677143097728 1677143097.0 109
1677143097941 1677143097.0 110
1677143098943 1677143098.0 111
1677143099156 1677143099.0 112
1677143100172 1677143100.0 113
1677143100384 1677143100.0 114
1677143101507 1677143101.0 115
1677143101720 1677143101.0 116
1677143102700 1677143102.0 117
1677143102910 1677143102.0 118
1677143103904 1677143103.0 119
1677143104111 1677143104.0 120
1677143105108 1677143105.0 121
1677143105320 1677143105.0 122
1677143106383 1677143106.0 123
1677143106593 1677143106.0 124
1677143107563 1677143107.0 125
1677143107846 1677143107.0 126
1677143108832 1677143108.0 127
1677143109044 1677143108.0 128
1677143110044 1677143109.0 129
1677143110265 1677143110.0 130
1677143111255 1677143111.0 131
1677143111459 1677143111.0 132
1677143112488 1677143112.0 133
1677143112697 1677143112.0 134
1677143113692 1677143113.0 135
1677143113903 1677143113.0 136
1677143114990 1677143114.0 137
1677143115198 1677143115.0 138
1677143116186 1677143116.0 139
1677143116391 1677143116.0 140
1677143117374 1677143117.0 141
1677143117578 1677143117.0 142
1677143118610 1677143118.0 143
1677143118825 1677143118.0 144
1677143119807 1677143119.0 145
1677143120020 1677143119.0 146
1677143121008 1677143120.0 147
1677143121228 1677143121.0 148
1677143122273 1677143122.0 149
1677143122484 1677143122.0 150
1677143123461 1677143123.0 151
1677143123675 1677143123.0 152
1677143124680 1677143124.0 153
1677143124903 1677143124.0 154
1677143126064 1677143126.0 155
1677143126289 1677143126.0 156
1677143127339 1677143127.0 157
1677143127575 1677143127.0 158
1677143128643 1677143128.0 159
1677143128863 1677143128.0 160
1677143129887 1677143129.0 161
1677143130097 1677143130.0 162
1677143131128 1677143131.0 163
1677143131347 1677143131.0 164
1677143132339 1677143132.0 165
1677143132556 1677143132.0 166
1677143133541 1677143133.0 167
1677143133751 1677143133.0 168
1677143135005 1677143134.0 169
1677143135217 1677143135.0 170
1677143136302 1677143136.0 171
1677143136511 1677143136.0 172
1677143137461 1677143137.0 173
1677143137677 1677143137.0 174
1677143138678 1677143138.0 175
1677143138893 1677143138.0 176
1677143140003 1677143139.0 177
1677143140222 1677143140.0 178
1677143141237 1677143141.0 179
1677143141450 1677143141.0 180
1677143142684 1677143142.0 181
1677143142932 1677143142.0 182
1677143143994 1677143143.0 183
1677143144220 1677143144.0 184
1677143145209 1677143145.0 185
1677143145419 1677143145.0 186
1677143146395 1677143146.0 187
1677143146608 1677143146.0 188
1677143147601 1677143147.0 189
1677143147810 1677143147.0 190
1677143148803 1677143148.0 191
1677143149012 1677143148.0 192
1677143150077 1677143150.0 193
1677143150287 1677143150.0 194
1677143151256 1677143151.0 195
1677143151468 1677143151.0 196
1677143152411 1677143152.0 197
1677143152628 1677143152.0 198
1677143153581 1677143153.0 199
1677143153786 1677143153.0 200
1677143154731 1677143154.0 201
1677143154942 1677143154.0 202
1677143156012 1677143155.0 203
1677143156256 1677143156.0 204
1677143157306 1677143157.0 205
1677143157522 1677143157.0 206
1677143158551 1677143158.0 207
1677143158787 1677143158.0 208
1677143159832 1677143159.0 209
1677143160059 1677143159.0 210
1677143161128 1677143161.0 211
1677143161381 1677143161.0 212
1677143162460 1677143162.0 213
1677143162667 1677143162.0 214
1677143163710 1677143163.0 215
1677143163916 1677143163.0 216
1677143164998 1677143164.0 217
1677143165236 1677143165.0 218
1677143166182 1677143166.0 219
1677143166390 1677143166.0 220
1677143167322 1677143167.0 221
1677143167531 1677143167.0 222
1677143168481 1677143168.0 223
1677143168695 1677143168.0 224
1677143169723 1677143169.0 225
1677143169933 1677143169.0 226
1677143170878 1677143170.0 227
1677143171092 1677143171.0 228
1677143172045 1677143171.0 229
1677143172253 1677143172.0 230
1677143173205 1677143173.0 231
1677143173414 1677143173.0 232
1677143174391 1677143174.0 233
1677143174602 1677143174.0 234
1677143175555 1677143175.0 235
1677143175765 1677143175.0 236
1677143176831 1677143176.0 237
1677143177038 1677143176.0 238
1677143178006 1677143177.0 239
1677143178216 1677143178.0 240
1677143179163 1677143179.0 241
1677143179379 1677143179.0 242
1677143180330 1677143180.0 243
1677143180542 1677143180.0 244
1677143181487 1677143181.0 245
1677143181695 1677143181.0 246
1677143182678 1677143182.0 247
1677143182887 1677143182.0 248
1677143183844 1677143183.0 249
1677143184059 1677143184.0 250
1677143185020 1677143184.0 251
1677143185230 1677143185.0 252
1677143186175 1677143186.0 253
1677143186388 1677143186.0 254
1677143187348 1677143187.0 255
1677143187560 1677143187.0 256
1677143188521 1677143188.0 257
1677143188754 1677143188.0 258
1677143189791 1677143189.0 259
1677143190009 1677143189.0 260
1677143190954 1677143190.0 261
1677143191165 1677143191.0 262
1677143192104 1677143192.0 263
1677143192318 1677143192.0 264
1677143193257 1677143193.0 265
1677143193470 1677143193.0 266
1677143194409 1677143194.0 267
1677143194619 1677143194.0 268
1677143195560 1677143195.0 269
1677143195839 1677143195.0 270
1677143196779 1677143196.0 271
1677143196987 1677143196.0 272
1677143197935 1677143197.0 273
1677143198147 1677143198.0 274
1677143199119 1677143199.0 275
1677143199329 1677143199.0 276
1677143200296 1677143200.0 277
1677143200507 1677143200.0 278
1677143201485 1677143201.0 279
1677143201699 1677143201.0 280
1677143202766 1677143202.0 281
1677143202977 1677143202.0 282
1677143203935 1677143203.0 283
1677143204146 1677143204.0 284
1677143205091 1677143205.0 285
1677143205301 1677143205.0 286
1677143206254 1677143206.0 287
1677143206463 1677143206.0 288
1677143207418 1677143207.0 289
1677143207626 1677143207.0 290
1677143208563 1677143208.0 291
1677143208853 1677143208.0 292
1677143209804 1677143209.0 293
1677143210030 1677143209.0 294
1677143211011 1677143210.0 295
1677143211223 1677143211.0 296
1677143212188 1677143212.0 297
1677143212398 1677143212.0 298
1677143213387 1677143213.0 299
1677143213599 1677143213.0 300
1677143213815 1677143213.0 301
