1677143030633 0.003906965255737305 1
1677143030835 0.003906965255737305 2
1677143031805 0.003906965255737305 3
1677143032010 0.003906965255737305 4
1677143033082 0.003906965255737305 5
1677143033296 0.003906965255737305 6
1677143034357 0.003906965255737305 7
1677143034564 0.003906965255737305 8
1677143035568 0.003906965255737305 9
1677143035766 0.003906965255737305 10
1677143036957 0.003906965255737305 11
1677143037162 0.003906965255737305 12
1677143038173 0.003906965255737305 13
1677143038388 0.003906965255737305 14
1677143039374 0.003906965255737305 15
1677143039573 0.003906965255737305 16
1677143040638 0.003906965255737305 17
1677143040842 0.003906965255737305 18
1677143041813 0.003906965255737305 19
1677143042015 0.003906965255737305 20
1677143042988 0.003906965255737305 21
1677143043192 0.003906965255737305 22
1677143044183 0.003906965255737305 23
1677143044394 0.003906965255737305 24
1677143045380 0.003906965255737305 25
1677143045582 0.003906965255737305 26
1677143046710 0.003906965255737305 27
1677143046921 0.003906965255737305 28
1677143047932 0.003906965255737305 29
1677143048133 0.003906965255737305 30
1677143049140 0.003906965255737305 31
1677143049342 0.003906965255737305 32
1677143050341 0.003906965255737305 33
1677143050549 0.003906965255737305 34
1677143051543 0.003906965255737305 35
1677143051751 0.003906965255737305 36
1677143052747 0.003906965255737305 37
1677143052960 0.003906965255737305 38
1677143054014 0.003906965255737305 39
1677143054221 0.003906965255737305 40
1677143055255 0.003906965255737305 41
1677143055478 0.003906965255737305 42
1677143056461 0.003906965255737305 43
1677143056667 0.003906965255737305 44
1677143057658 0.003906965255737305 45
1677143057868 0.003906965255737305 46
1677143058865 0.003906965255737305 47
1677143059076 0.003906965255737305 48
1677143060152 0.003906965255737305 49
1677143060358 0.003906965255737305 50
1677143061358 0.003906965255737305 51
1677143061561 0.003906965255737305 52
1677143062557 0.003906965255737305 53
1677143062759 0.003906965255737305 54
1677143063751 0.003906965255737305 55
1677143063952 0.003906965255737305 56
1677143064955 0.003906965255737305 57
1677143065158 0.003906965255737305 58
1677143066126 0.003906965255737305 59
1677143066332 0.003906965255737305 60
1677143067372 0.003906965255737305 61
1677143067575 0.003906965255737305 62
1677143068531 0.003906965255737305 63
1677143068739 0.003906965255737305 64
1677143069703 0.003906965255737305 65
1677143069904 0.003906965255737305 66
1677143070894 0.003906965255737305 67
1677143071099 0.003906965255737305 68
1677143072103 0.003906965255737305 69
1677143072313 0.003906965255737305 70
1677143073353 0.003906965255737305 71
1677143073557 0.003906965255737305 72
1677143074556 0.003906965255737305 73
1677143074770 0.003906965255737305 74
1677143075773 0.003906965255737305 75
1677143075988 0.003906965255737305 76
1677143077086 0.003906965255737305 77
1677143077362 0.003906965255737305 78
1677143078419 0.003906965255737305 79
1677143078652 0.003906965255737305 80
1677143079692 0.003906965255737305 81
1677143079909 0.003906965255737305 82
1677143081073 0.003906965255737305 83
1677143081314 0.003906965255737305 84
1677143082304 0.003906965255737305 85
1677143082525 0.003906965255737305 86
1677143083558 0.003906965255737305 87
1677143083768 0.003906965255737305 88
1677143084877 0.003906965255737305 89
1677143085091 0.003906965255737305 90
1677143086157 0.003906965255737305 91
1677143086369 0.003906965255737305 92
1677143087558 0.003906965255737305 93
1677143087869 0.003906965255737305 94
1677143088903 0.003906965255737305 95
1677143089124 0.003906965255737305 96
1677143090204 0.003906965255737305 97
1677143090429 0.003906965255737305 98
1677143091485 0.003906965255737305 99
1677143091712 0.003906965255737305 100
1677143092696 0.003906965255737305 101
1677143092923 0.003906965255737305 102
1677143093912 0.003906965255737305 103
1677143094130 0.003906965255737305 104
1677143095250 0.003906965255737305 105
1677143095471 0.003906965255737305 106
1677143096500 0.003906965255737305 107
1677143096735 0.003906965255737305 108
1677143097738 0.003906965255737305 109
1677143097952 0.003906965255737305 110
1677143098951 0.003906965255737305 111
1677143099165 0.003906965255737305 112
1677143100181 0.003906965255737305 113
1677143100393 0.003906965255737305 114
1677143101516 0.003906965255737305 115
1677143101729 0.003906965255737305 116
1677143102709 0.003906965255737305 117
1677143102919 0.003906965255737305 118
1677143103912 0.003906965255737305 119
1677143104120 0.003906965255737305 120
1677143105117 0.003906965255737305 121
1677143105331 0.003906965255737305 122
1677143106392 0.003906965255737305 123
1677143106604 0.003906965255737305 124
1677143107572 0.003906965255737305 125
1677143107855 0.003906965255737305 126
1677143108842 0.003906965255737305 127
1677143109053 0.003906965255737305 128
1677143110052 0.003906965255737305 129
1677143110275 0.003906965255737305 130
1677143111264 0.003906965255737305 131
1677143111469 0.003906965255737305 132
1677143112497 0.003906965255737305 133
1677143112706 0.003906965255737305 134
1677143113701 0.003906965255737305 135
1677143113913 0.003906965255737305 136
1677143114999 0.003906965255737305 137
1677143115207 0.003906965255737305 138
1677143116195 0.003906965255737305 139
1677143116400 0.003906965255737305 140
1677143117383 0.003906965255737305 141
1677143117588 0.003906965255737305 142
1677143118619 0.003906965255737305 143
1677143118833 0.003906965255737305 144
1677143119819 0.003906965255737305 145
1677143120029 0.003906965255737305 146
1677143121018 0.003906965255737305 147
1677143121238 0.003906965255737305 148
1677143122283 0.003906965255737305 149
1677143122493 0.003906965255737305 150
1677143123470 0.003906965255737305 151
1677143123683 0.003906965255737305 152
1677143124690 0.003906965255737305 153
1677143124913 0.003906965255737305 154
1677143126074 0.003906965255737305 155
1677143126298 0.003906965255737305 156
1677143127348 0.003906965255737305 157
1677143127584 0.003906965255737305 158
1677143128652 0.003906965255737305 159
1677143128873 0.003906965255737305 160
1677143129897 0.003906965255737305 161
1677143130106 0.003906965255737305 162
1677143131139 0.003906965255737305 163
1677143131356 0.003906965255737305 164
1677143132348 0.003906965255737305 165
1677143132565 0.003906965255737305 166
1677143133550 0.003906965255737305 167
1677143133760 0.003906965255737305 168
1677143135015 0.003906965255737305 169
1677143135226 0.003906965255737305 170
1677143136311 0.003906965255737305 171
1677143136521 0.003906965255737305 172
1677143137471 0.003906965255737305 173
1677143137686 0.003906965255737305 174
1677143138687 0.003906965255737305 175
1677143138904 0.003906965255737305 176
1677143140014 0.003906965255737305 177
1677143140232 0.003906965255737305 178
1677143141246 0.003906965255737305 179
1677143141460 0.003906965255737305 180
1677143142695 0.003906965255737305 181
1677143142943 0.003906965255737305 182
1677143144003 0.003906965255737305 183
1677143144230 0.003906965255737305 184
1677143145218 0.003906965255737305 185
1677143145429 0.003906965255737305 186
1677143146405 0.003906965255737305 187
1677143146617 0.003906965255737305 188
1677143147610 0.003906965255737305 189
1677143147819 0.003906965255737305 190
1677143148813 0.003906965255737305 191
1677143149022 0.003906965255737305 192
1677143150085 0.003906965255737305 193
1677143150296 0.003906965255737305 194
1677143151265 0.003906965255737305 195
1677143151476 0.003906965255737305 196
1677143152420 0.003906965255737305 197
1677143152637 0.003906965255737305 198
1677143153590 0.003906965255737305 199
1677143153796 0.003906965255737305 200
1677143154740 0.003906965255737305 201
1677143154950 0.003906965255737305 202
1677143156024 0.003906965255737305 203
1677143156266 0.003906965255737305 204
1677143157315 0.003906965255737305 205
1677143157531 0.003906965255737305 206
1677143158560 0.003906965255737305 207
1677143158796 0.003906965255737305 208
1677143159841 0.003906965255737305 209
1677143160070 0.003906965255737305 210
1677143161138 0.003906965255737305 211
1677143161391 0.003906965255737305 212
1677143162468 0.003906965255737305 213
1677143162676 0.003906965255737305 214
1677143163719 0.003906965255737305 215
1677143163926 0.003906965255737305 216
1677143165007 0.003906965255737305 217
1677143165246 0.003906965255737305 218
1677143166190 0.003906965255737305 219
1677143166399 0.003906965255737305 220
1677143167331 0.003906965255737305 221
1677143167540 0.003906965255737305 222
1677143168490 0.003906965255737305 223
1677143168707 0.003906965255737305 224
1677143169732 0.003906965255737305 225
1677143169943 0.003906965255737305 226
1677143170887 0.003906965255737305 227
1677143171101 0.003906965255737305 228
1677143172055 0.003906965255737305 229
1677143172262 0.003906965255737305 230
1677143173213 0.003906965255737305 231
1677143173423 0.003906965255737305 232
1677143174401 0.003906965255737305 233
1677143174611 0.003906965255737305 234
1677143175565 0.003906965255737305 235
1677143175773 0.003906965255737305 236
1677143176840 0.003906965255737305 237
1677143177047 0.003906965255737305 238
1677143178014 0.003906965255737305 239
1677143178225 0.003906965255737305 240
1677143179172 0.003906965255737305 241
1677143179389 0.003906965255737305 242
1677143180339 0.003906965255737305 243
1677143180551 0.003906965255737305 244
1677143181495 0.003906965255737305 245
1677143181705 0.003906965255737305 246
1677143182687 0.003906965255737305 247
1677143182896 0.003906965255737305 248
1677143183852 0.003906965255737305 249
1677143184068 0.003906965255737305 250
1677143185029 0.003906965255737305 251
1677143185239 0.003906965255737305 252
1677143186184 0.003906965255737305 253
1677143186396 0.003906965255737305 254
1677143187356 0.003906965255737305 255
1677143187569 0.003906965255737305 256
1677143188529 0.003906965255737305 257
1677143188764 0.003906965255737305 258
1677143189800 0.003906965255737305 259
1677143190019 0.003906965255737305 260
1677143190963 0.003906965255737305 261
1677143191175 0.003906965255737305 262
1677143192113 0.003906965255737305 263
1677143192327 0.003906965255737305 264
1677143193265 0.003906965255737305 265
1677143193479 0.003906965255737305 266
1677143194418 0.003906965255737305 267
1677143194628 0.003906965255737305 268
1677143195568 0.003906965255737305 269
1677143195848 0.003906965255737305 270
1677143196789 0.003906965255737305 271
1677143196996 0.003906965255737305 272
1677143197944 0.003906965255737305 273
1677143198155 0.003906965255737305 274
1677143199127 0.003906965255737305 275
1677143199338 0.003906965255737305 276
1677143200305 0.003906965255737305 277
1677143200516 0.003906965255737305 278
1677143201495 0.003906965255737305 279
1677143201708 0.003906965255737305 280
1677143202775 0.003906965255737305 281
1677143202986 0.003906965255737305 282
1677143203944 0.003906965255737305 283
1677143204155 0.003906965255737305 284
1677143205100 0.003906965255737305 285
1677143205310 0.003906965255737305 286
1677143206263 0.003906965255737305 287
1677143206474 0.003906965255737305 288
1677143207427 0.003906965255737305 289
1677143207635 0.003906965255737305 290
1677143208573 0.003906965255737305 291
1677143208861 0.003906965255737305 292
1677143209813 0.003906965255737305 293
1677143210039 0.003906965255737305 294
1677143211019 0.003906965255737305 295
1677143211232 0.003906965255737305 296
1677143212198 0.003906965255737305 297
1677143212406 0.003906965255737305 298
1677143213396 0.003906965255737305 299
1677143213608 0.003906965255737305 300
1677143213826 0.003906965255737305 301
