1679857442271 1.0 1
1679857442386 2.0 2
1679857442721 3.0 3
1679857442816 4.0 4
1679857443131 5.0 5
1679857443222 6.0 6
1679857443536 7.0 7
1679857443626 8.0 8
1679857443935 9.0 9
1679857444022 10.0 10
1679857444330 11.0 11
1679857444419 12.0 12
1679857444735 13.0 13
1679857444827 14.0 14
1679857445247 15.0 15
1679857445351 16.0 16
1679857445697 17.0 17
1679857445794 18.0 18
1679857446127 19.0 19
1679857446222 20.0 20
1679857446543 21.0 21
1679857446640 22.0 22
1679857446961 23.0 23
1679857447054 24.0 24
1679857447376 25.0 25
1679857447503 26.0 26
1679857447856 27.0 27
1679857447953 28.0 28
1679857448268 29.0 29
1679857448360 30.0 30
1679857448671 31.0 31
1679857448762 32.0 32
1679857449149 33.0 33
1679857449239 34.0 34
1679857449573 35.0 35
1679857449665 36.0 36
1679857450021 37.0 37
1679857450120 38.0 38
1679857450467 39.0 39
1679857450563 40.0 40
1679857450891 41.0 41
1679857450996 42.0 42
1679857451316 43.0 43
1679857451411 44.0 44
1679857451734 45.0 45
1679857451829 46.0 46
1679857452178 47.0 47
1679857452276 48.0 48
1679857452641 49.0 49
1679857452760 50.0 50
1679857453089 51.0 51
1679857453188 52.0 52
1679857453501 53.0 53
1679857453595 54.0 54
1679857453908 55.0 55
1679857454002 56.0 56
1679857454313 57.0 57
1679857454406 58.0 58
1679857454734 59.0 59
1679857454836 60.0 60
1679857455193 61.0 61
1679857455291 62.0 62
1679857455605 63.0 63
1679857455697 64.0 64
1679857456014 65.0 65
1679857456111 66.0 66
1679857456428 67.0 67
1679857456595 68.0 68
1679857456910 69.0 69
1679857457004 70.0 70
1679857457314 71.0 71
1679857457413 72.0 72
1679857457749 73.0 73
1679857457876 74.0 74
1679857458196 75.0 75
1679857458291 76.0 76
1679857458614 77.0 77
1679857458711 78.0 78
1679857459038 79.0 79
1679857459132 80.0 80
1679857459459 81.0 81
1679857459554 82.0 82
1679857459879 83.0 83
1679857459980 84.0 84
1679857460314 85.0 85
1679857460408 86.0 86
1679857460794 87.0 87
1679857460884 88.0 88
1679857461186 89.0 89
1679857461294 90.0 90
1679857461656 91.0 91
1679857461762 92.0 92
1679857462114 93.0 93
1679857462220 94.0 94
1679857462592 95.0 95
1679857462698 96.0 96
1679857463059 97.0 97
1679857463171 98.0 98
1679857463548 99.0 99
1679857463652 100.0 100
1679857464009 101.0 101
1679857464118 102.0 102
1679857464476 103.0 103
1679857464588 104.0 104
1679857464984 105.0 105
1679857465094 106.0 106
1679857465479 107.0 107
1679857465583 108.0 108
1679857465932 109.0 109
1679857466040 110.0 110
1679857466379 111.0 111
1679857466474 112.0 112
1679857466815 113.0 113
1679857466909 114.0 114
1679857467224 115.0 115
1679857467333 116.0 116
1679857467688 117.0 117
1679857467787 118.0 118
1679857468164 119.0 119
1679857468270 120.0 120
1679857468662 121.0 121
1679857468762 122.0 122
1679857469099 123.0 123
1679857469197 124.0 124
1679857469549 125.0 125
1679857469643 126.0 126
1679857470001 127.0 127
1679857470102 128.0 128
1679857470455 129.0 129
1679857470563 130.0 130
1679857470891 131.0 131
1679857470989 132.0 132
1679857471298 133.0 133
1679857471394 134.0 134
1679857471714 135.0 135
1679857471813 136.0 136
1679857472124 137.0 137
1679857472222 138.0 138
1679857472567 139.0 139
1679857472741 140.0 140
1679857473054 141.0 141
1679857473158 142.0 142
1679857473492 143.0 143
1679857473601 144.0 144
1679857473918 145.0 145
1679857474018 146.0 146
1679857474329 147.0 147
1679857474426 148.0 148
1679857474741 149.0 149
1679857474839 150.0 150
1679857475176 151.0 151
1679857475290 152.0 152
1679857475648 153.0 153
1679857475761 154.0 154
1679857476091 155.0 155
1679857476201 156.0 156
1679857476534 157.0 157
1679857476643 158.0 158
1679857476957 159.0 159
1679857477057 160.0 160
1679857477412 161.0 161
1679857477526 162.0 162
1679857477868 163.0 163
1679857477966 164.0 164
1679857478302 165.0 165
1679857478400 166.0 166
1679857478710 167.0 167
1679857478812 168.0 168
1679857479141 169.0 169
1679857479237 170.0 170
1679857479557 171.0 171
1679857479661 172.0 172
1679857479994 173.0 173
1679857480096 174.0 174
1679857480492 175.0 175
1679857480594 176.0 176
1679857480979 177.0 177
1679857481091 178.0 178
1679857481432 179.0 179
1679857481527 180.0 180
1679857481867 181.0 181
1679857481970 182.0 182
1679857482294 183.0 183
1679857482400 184.0 184
1679857482766 185.0 185
1679857482876 186.0 186
1679857483259 187.0 187
1679857483360 188.0 188
1679857483702 189.0 189
1679857483810 190.0 190
1679857484153 191.0 191
1679857484256 192.0 192
1679857484600 193.0 193
1679857484698 194.0 194
1679857485017 195.0 195
1679857485186 196.0 196
1679857485519 197.0 197
1679857485624 198.0 198
1679857485968 199.0 199
1679857486080 200.0 200
1679857486424 201.0 201
1679857486524 202.0 202
1679857486847 203.0 203
1679857486953 204.0 204
1679857487306 205.0 205
1679857487411 206.0 206
1679857487756 207.0 207
1679857487862 208.0 208
1679857488227 209.0 209
1679857488342 210.0 210
1679857488668 211.0 211
1679857488772 212.0 212
1679857489106 213.0 213
1679857489224 214.0 214
1679857489570 215.0 215
1679857489677 216.0 216
1679857489991 217.0 217
1679857490089 218.0 218
1679857490424 219.0 219
1679857490524 220.0 220
1679857490859 221.0 221
1679857490963 222.0 222
1679857491282 223.0 223
1679857491388 224.0 224
1679857491726 225.0 225
1679857491922 226.0 226
1679857492286 227.0 227
1679857492398 228.0 228
1679857492752 229.0 229
1679857492869 230.0 230
1679857493222 231.0 231
1679857493350 232.0 232
1679857493735 233.0 233
1679857493850 234.0 234
1679857494201 235.0 235
1679857494330 236.0 236
1679857494684 237.0 237
1679857494796 238.0 238
1679857495173 239.0 239
1679857495289 240.0 240
1679857495677 241.0 241
1679857495794 242.0 242
1679857496156 243.0 243
1679857496266 244.0 244
1679857496714 245.0 245
1679857496844 246.0 246
1679857497182 247.0 247
1679857497281 248.0 248
1679857497598 249.0 249
1679857497705 250.0 250
1679857498049 251.0 251
1679857498156 252.0 252
1679857498485 253.0 253
1679857498594 254.0 254
1679857498915 255.0 255
1679857499020 256.0 256
1679857499396 257.0 257
1679857499512 258.0 258
1679857499854 259.0 259
1679857499962 260.0 260
1679857500303 261.0 261
1679857500412 262.0 262
1679857500738 263.0 263
1679857500846 264.0 264
1679857501201 265.0 265
1679857501312 266.0 266
1679857501697 267.0 267
1679857501812 268.0 268
1679857502148 269.0 269
1679857502254 270.0 270
1679857502578 271.0 271
1679857502690 272.0 272
1679857503037 273.0 273
1679857503149 274.0 274
1679857503553 275.0 275
1679857503668 276.0 276
1679857504009 277.0 277
1679857504120 278.0 278
1679857504494 279.0 279
1679857504627 280.0 280
1679857505036 281.0 281
1679857505146 282.0 282
1679857505471 283.0 283
1679857505582 284.0 284
1679857505952 285.0 285
1679857506060 286.0 286
1679857506396 287.0 287
1679857506508 288.0 288
1679857506876 289.0 289
1679857507007 290.0 290
1679857507434 291.0 291
1679857507554 292.0 292
1679857507900 293.0 293
1679857508028 294.0 294
1679857508399 295.0 295
1679857508506 296.0 296
1679857508839 297.0 297
1679857508944 298.0 298
1679857509301 299.0 299
1679857509417 300.0 300
1679857509511 301.0 301
