1679857442264 22928.0 1
1679857442379 22928.0 2
1679857442716 22928.0 3
1679857442811 22928.0 4
1679857443126 22928.0 5
1679857443216 22928.0 6
1679857443531 22928.0 7
1679857443620 22928.0 8
1679857443929 22928.0 9
1679857444017 22928.0 10
1679857444323 22928.0 11
1679857444412 22928.0 12
1679857444729 22928.0 13
1679857444822 22928.0 14
1679857445241 22928.0 15
1679857445344 22928.0 16
1679857445691 22928.0 17
1679857445788 22928.0 18
1679857446122 22928.0 19
1679857446217 22928.0 20
1679857446538 22928.0 21
1679857446633 22928.0 22
1679857446956 22928.0 23
1679857447048 22928.0 24
1679857447370 22928.0 25
1679857447496 22928.0 26
1679857447851 22928.0 27
1679857447947 22928.0 28
1679857448263 22928.0 29
1679857448353 22928.0 30
1679857448666 22928.0 31
1679857448757 22928.0 32
1679857449145 22928.0 33
1679857449234 22928.0 34
1679857449568 22928.0 35
1679857449660 22928.0 36
1679857450016 22928.0 37
1679857450114 22928.0 38
1679857450462 22928.0 39
1679857450557 22928.0 40
1679857450886 22928.0 41
1679857450991 22928.0 42
1679857451311 22928.0 43
1679857451406 22928.0 44
1679857451729 22928.0 45
1679857451823 22928.0 46
1679857452173 22928.0 47
1679857452271 22928.0 48
1679857452636 22928.0 49
1679857452753 22928.0 50
1679857453084 22928.0 51
1679857453182 22928.0 52
1679857453496 22928.0 53
1679857453589 22928.0 54
1679857453903 22928.0 55
1679857453997 22928.0 56
1679857454308 22928.0 57
1679857454399 22928.0 58
1679857454729 22928.0 59
1679857454830 22928.0 60
1679857455188 22928.0 61
1679857455286 22928.0 62
1679857455600 22928.0 63
1679857455693 22928.0 64
1679857456009 22928.0 65
1679857456106 22928.0 66
1679857456423 22928.0 67
1679857456590 22928.0 68
1679857456905 22928.0 69
1679857456999 22928.0 70
1679857457309 22928.0 71
1679857457406 22928.0 72
1679857457744 22928.0 73
1679857457870 22928.0 74
1679857458192 22928.0 75
1679857458286 22928.0 76
1679857458609 22928.0 77
1679857458706 22928.0 78
1679857459033 22928.0 79
1679857459126 22928.0 80
1679857459453 22928.0 81
1679857459549 22928.0 82
1679857459873 22928.0 83
1679857459975 22928.0 84
1679857460309 22928.0 85
1679857460403 22928.0 86
1679857460788 22928.0 87
1679857460879 22928.0 88
1679857461180 22928.0 89
1679857461286 22928.0 90
1679857461651 22928.0 91
1679857461756 22928.0 92
1679857462109 22928.0 93
1679857462214 22928.0 94
1679857462586 22928.0 95
1679857462692 22928.0 96
1679857463054 22928.0 97
1679857463166 22928.0 98
1679857463543 22928.0 99
1679857463646 22928.0 100
1679857464004 22928.0 101
1679857464112 22928.0 102
1679857464471 22928.0 103
1679857464580 22928.0 104
1679857464978 22928.0 105
1679857465090 22928.0 106
1679857465473 22928.0 107
1679857465577 22928.0 108
1679857465926 22928.0 109
1679857466035 22928.0 110
1679857466375 22928.0 111
1679857466469 22928.0 112
1679857466810 22928.0 113
1679857466904 22928.0 114
1679857467219 22928.0 115
1679857467328 22928.0 116
1679857467683 22928.0 117
1679857467782 22928.0 118
1679857468158 22928.0 119
1679857468265 22928.0 120
1679857468657 22928.0 121
1679857468756 22928.0 122
1679857469093 22928.0 123
1679857469191 22928.0 124
1679857469543 22928.0 125
1679857469638 22928.0 126
1679857469996 22928.0 127
1679857470096 22928.0 128
1679857470449 22928.0 129
1679857470558 22928.0 130
1679857470886 22928.0 131
1679857470984 22928.0 132
1679857471293 22928.0 133
1679857471388 22928.0 134
1679857471709 22928.0 135
1679857471808 22928.0 136
1679857472119 22928.0 137
1679857472216 22928.0 138
1679857472562 22928.0 139
1679857472736 22928.0 140
1679857473050 22928.0 141
1679857473153 22928.0 142
1679857473487 22928.0 143
1679857473596 22928.0 144
1679857473912 22928.0 145
1679857474013 22928.0 146
1679857474324 22928.0 147
1679857474421 22928.0 148
1679857474736 22928.0 149
1679857474834 22928.0 150
1679857475172 22928.0 151
1679857475285 22928.0 152
1679857475642 22928.0 153
1679857475756 22928.0 154
1679857476086 22928.0 155
1679857476196 22928.0 156
1679857476529 22928.0 157
1679857476637 22928.0 158
1679857476951 22928.0 159
1679857477053 22928.0 160
1679857477406 22928.0 161
1679857477517 22928.0 162
1679857477863 22928.0 163
1679857477960 22928.0 164
1679857478297 22928.0 165
1679857478395 22928.0 166
1679857478705 22928.0 167
1679857478807 22928.0 168
1679857479136 22928.0 169
1679857479232 22928.0 170
1679857479550 22928.0 171
1679857479655 22928.0 172
1679857479989 22928.0 173
1679857480090 22928.0 174
1679857480486 22928.0 175
1679857480589 22928.0 176
1679857480973 22928.0 177
1679857481084 22928.0 178
1679857481426 22928.0 179
1679857481522 22928.0 180
1679857481862 22928.0 181
1679857481963 22928.0 182
1679857482290 22928.0 183
1679857482394 22928.0 184
1679857482760 22928.0 185
1679857482870 22928.0 186
1679857483254 22928.0 187
1679857483354 22928.0 188
1679857483696 22928.0 189
1679857483804 22928.0 190
1679857484147 22928.0 191
1679857484251 22928.0 192
1679857484594 22928.0 193
1679857484692 22928.0 194
1679857485011 22928.0 195
1679857485181 22928.0 196
1679857485514 22928.0 197
1679857485618 22928.0 198
1679857485963 22928.0 199
1679857486074 22928.0 200
1679857486418 22928.0 201
1679857486520 22928.0 202
1679857486842 22928.0 203
1679857486948 22928.0 204
1679857487301 22928.0 205
1679857487406 22928.0 206
1679857487752 22928.0 207
1679857487856 22928.0 208
1679857488222 22928.0 209
1679857488336 22928.0 210
1679857488663 22928.0 211
1679857488767 22928.0 212
1679857489101 22928.0 213
1679857489220 22928.0 214
1679857489565 22928.0 215
1679857489672 22928.0 216
1679857489986 22928.0 217
1679857490084 22928.0 218
1679857490419 22928.0 219
1679857490519 22928.0 220
1679857490854 22928.0 221
1679857490957 22928.0 222
1679857491277 22928.0 223
1679857491383 22928.0 224
1679857491721 22928.0 225
1679857491917 22928.0 226
1679857492281 22928.0 227
1679857492394 22928.0 228
1679857492747 22928.0 229
1679857492862 22928.0 230
1679857493217 22928.0 231
1679857493345 22928.0 232
1679857493729 22928.0 233
1679857493844 22928.0 234
1679857494196 22928.0 235
1679857494324 22928.0 236
1679857494679 22928.0 237
1679857494789 22928.0 238
1679857495167 22928.0 239
1679857495282 22928.0 240
1679857495671 22928.0 241
1679857495789 22928.0 242
1679857496150 22928.0 243
1679857496261 22928.0 244
1679857496709 22928.0 245
1679857496839 22928.0 246
1679857497177 22928.0 247
1679857497276 22928.0 248
1679857497593 22928.0 249
1679857497697 22928.0 250
1679857498044 22928.0 251
1679857498150 22928.0 252
1679857498480 22928.0 253
1679857498590 22928.0 254
1679857498910 22928.0 255
1679857499015 22928.0 256
1679857499390 22928.0 257
1679857499506 22928.0 258
1679857499849 22928.0 259
1679857499958 22928.0 260
1679857500298 22928.0 261
1679857500407 22928.0 262
1679857500733 22928.0 263
1679857500841 22928.0 264
1679857501196 22928.0 265
1679857501307 22928.0 266
1679857501692 22928.0 267
1679857501807 22928.0 268
1679857502143 22928.0 269
1679857502248 22928.0 270
1679857502574 22928.0 271
1679857502686 22928.0 272
1679857503033 22928.0 273
1679857503143 22928.0 274
1679857503548 22928.0 275
1679857503663 22928.0 276
1679857504003 22928.0 277
1679857504114 22928.0 278
1679857504487 22928.0 279
1679857504621 22928.0 280
1679857505030 22928.0 281
1679857505142 22928.0 282
1679857505466 22928.0 283
1679857505577 22928.0 284
1679857505947 22928.0 285
1679857506055 22928.0 286
1679857506390 22928.0 287
1679857506502 22928.0 288
1679857506871 22928.0 289
1679857507001 22928.0 290
1679857507427 22928.0 291
1679857507549 22928.0 292
1679857507896 22928.0 293
1679857508021 22928.0 294
1679857508393 22928.0 295
1679857508501 22928.0 296
1679857508833 22928.0 297
1679857508939 22928.0 298
1679857509296 22928.0 299
1679857509413 22928.0 300
1679857509506 22928.0 301
