1679857442269 0.0 1
1679857442384 0.0 2
1679857442720 0.0 3
1679857442814 0.0 4
1679857443130 0.0 5
1679857443221 0.0 6
1679857443534 0.0 7
1679857443623 0.0 8
1679857443933 0.0 9
1679857444020 0.0 10
1679857444328 0.0 11
1679857444417 0.0 12
1679857444733 0.0 13
1679857444826 0.0 14
1679857445244 0.0 15
1679857445349 0.0 16
1679857445694 0.0 17
1679857445792 0.0 18
1679857446125 0.0 19
1679857446220 0.0 20
1679857446542 0.0 21
1679857446638 0.0 22
1679857446959 0.0 23
1679857447052 0.0 24
1679857447374 0.0 25
1679857447501 0.0 26
1679857447854 0.0 27
1679857447952 0.0 28
1679857448267 0.0 29
1679857448357 0.0 30
1679857448669 0.0 31
1679857448760 0.0 32
1679857449148 0.0 33
1679857449238 0.0 34
1679857449571 0.0 35
1679857449663 0.0 36
1679857450019 0.0 37
1679857450118 0.0 38
1679857450466 0.0 39
1679857450561 0.0 40
1679857450890 0.0 41
1679857450994 0.0 42
1679857451315 0.0 43
1679857451410 0.0 44
1679857451732 0.0 45
1679857451827 0.0 46
1679857452176 0.0 47
1679857452274 0.0 48
1679857452639 0.0 49
1679857452758 0.0 50
1679857453086 0.0 51
1679857453186 0.0 52
1679857453500 0.0 53
1679857453593 0.0 54
1679857453906 0.0 55
1679857454000 0.0 56
1679857454311 0.0 57
1679857454404 0.0 58
1679857454732 0.0 59
1679857454834 0.0 60
1679857455192 0.0 61
1679857455290 0.0 62
1679857455603 0.0 63
1679857455696 0.0 64
1679857456012 0.0 65
1679857456109 0.0 66
1679857456426 0.0 67
1679857456594 0.0 68
1679857456908 0.0 69
1679857457003 0.0 70
1679857457312 0.0 71
1679857457411 0.0 72
1679857457747 0.0 73
1679857457873 0.0 74
1679857458195 0.0 75
1679857458290 0.0 76
1679857458612 0.0 77
1679857458709 0.0 78
1679857459036 0.0 79
1679857459130 0.0 80
1679857459457 0.0 81
1679857459552 0.0 82
1679857459877 0.0 83
1679857459979 0.0 84
1679857460313 0.0 85
1679857460406 0.0 86
1679857460792 0.0 87
1679857460883 0.0 88
1679857461184 0.0 89
1679857461292 0.0 90
1679857461655 0.0 91
1679857461760 0.0 92
1679857462113 0.0 93
1679857462218 0.0 94
1679857462590 0.0 95
1679857462696 0.0 96
1679857463058 0.0 97
1679857463169 0.0 98
1679857463547 0.0 99
1679857463650 0.0 100
1679857464007 0.0 101
1679857464116 0.0 102
1679857464474 0.0 103
1679857464584 0.0 104
1679857464982 0.0 105
1679857465093 0.0 106
1679857465476 0.0 107
1679857465581 0.0 108
1679857465930 0.0 109
1679857466038 0.0 110
1679857466377 0.0 111
1679857466473 0.0 112
1679857466813 0.0 113
1679857466907 0.0 114
1679857467222 0.0 115
1679857467331 0.0 116
1679857467687 0.0 117
1679857467786 0.0 118
1679857468162 0.0 119
1679857468268 0.0 120
1679857468660 0.0 121
1679857468761 0.0 122
1679857469097 0.0 123
1679857469194 0.0 124
1679857469547 0.0 125
1679857469642 0.0 126
1679857470000 0.0 127
1679857470100 0.0 128
1679857470453 0.0 129
1679857470561 0.0 130
1679857470889 0.0 131
1679857470987 0.0 132
1679857471296 0.0 133
1679857471392 0.0 134
1679857471712 0.0 135
1679857471812 0.0 136
1679857472123 0.0 137
1679857472220 0.0 138
1679857472566 0.0 139
1679857472740 0.0 140
1679857473053 0.0 141
1679857473157 0.0 142
1679857473490 0.0 143
1679857473599 0.0 144
1679857473916 0.0 145
1679857474016 0.0 146
1679857474327 0.0 147
1679857474424 0.0 148
1679857474739 0.0 149
1679857474838 0.0 150
1679857475175 0.0 151
1679857475288 0.0 152
1679857475646 0.0 153
1679857475760 0.0 154
1679857476090 0.0 155
1679857476199 0.0 156
1679857476532 0.0 157
1679857476641 0.0 158
1679857476955 0.0 159
1679857477056 0.0 160
1679857477411 0.0 161
1679857477523 0.0 162
1679857477866 0.0 163
1679857477964 0.0 164
1679857478300 0.0 165
1679857478398 0.0 166
1679857478708 0.0 167
1679857478810 0.0 168
1679857479139 0.0 169
1679857479236 0.0 170
1679857479556 0.0 171
1679857479659 0.0 172
1679857479992 0.0 173
1679857480093 0.0 174
1679857480490 0.0 175
1679857480593 0.0 176
1679857480977 0.0 177
1679857481089 0.0 178
1679857481430 0.0 179
1679857481526 0.0 180
1679857481866 0.0 181
1679857481968 0.0 182
1679857482293 0.0 183
1679857482398 0.0 184
1679857482764 0.0 185
1679857482874 0.0 186
1679857483257 0.0 187
1679857483358 0.0 188
1679857483700 0.0 189
1679857483809 0.0 190
1679857484151 0.0 191
1679857484254 0.0 192
1679857484597 0.0 193
1679857484695 0.0 194
1679857485014 0.0 195
1679857485184 0.0 196
1679857485517 0.0 197
1679857485622 0.0 198
1679857485966 0.0 199
1679857486078 0.0 200
1679857486422 0.0 201
1679857486523 0.0 202
1679857486846 0.0 203
1679857486951 0.0 204
1679857487305 0.0 205
1679857487409 0.0 206
1679857487756 0.0 207
1679857487860 0.0 208
1679857488226 0.0 209
1679857488340 0.0 210
1679857488667 0.0 211
1679857488771 0.0 212
1679857489104 0.0 213
1679857489223 0.0 214
1679857489569 0.0 215
1679857489676 0.0 216
1679857489990 0.0 217
1679857490087 0.0 218
1679857490422 0.0 219
1679857490522 0.0 220
1679857490857 0.0 221
1679857490961 0.0 222
1679857491280 0.0 223
1679857491386 0.0 224
1679857491724 0.0 225
1679857491920 0.0 226
1679857492284 0.0 227
1679857492397 0.0 228
1679857492750 0.0 229
1679857492867 0.0 230
1679857493220 0.0 231
1679857493348 0.0 232
1679857493733 0.0 233
1679857493848 0.0 234
1679857494199 0.0 235
1679857494329 0.0 236
1679857494683 0.0 237
1679857494793 0.0 238
1679857495171 0.0 239
1679857495287 0.0 240
1679857495676 0.0 241
1679857495792 0.0 242
1679857496154 0.0 243
1679857496264 0.0 244
1679857496713 0.0 245
1679857496842 0.0 246
1679857497180 0.0 247
1679857497279 0.0 248
1679857497596 0.0 249
1679857497703 0.0 250
1679857498047 0.0 251
1679857498154 0.0 252
1679857498483 0.0 253
1679857498593 0.0 254
1679857498913 0.0 255
1679857499018 0.0 256
1679857499394 0.0 257
1679857499509 0.0 258
1679857499852 0.0 259
1679857499961 0.0 260
1679857500302 0.0 261
1679857500410 0.0 262
1679857500736 0.0 263
1679857500844 0.0 264
1679857501200 0.0 265
1679857501310 0.0 266
1679857501696 0.0 267
1679857501810 0.0 268
1679857502146 0.0 269
1679857502252 0.0 270
1679857502576 0.0 271
1679857502689 0.0 272
1679857503036 0.0 273
1679857503147 0.0 274
1679857503551 0.0 275
1679857503667 0.0 276
1679857504007 0.0 277
1679857504118 0.0 278
1679857504491 0.0 279
1679857504625 0.0 280
1679857505034 0.0 281
1679857505145 0.0 282
1679857505469 0.0 283
1679857505580 0.0 284
1679857505951 0.0 285
1679857506059 0.0 286
1679857506394 0.0 287
1679857506507 0.0 288
1679857506875 0.0 289
1679857507005 0.0 290
1679857507432 0.0 291
1679857507552 0.0 292
1679857507899 0.0 293
1679857508025 0.0 294
1679857508396 0.0 295
1679857508504 0.0 296
1679857508837 0.0 297
1679857508942 0.0 298
1679857509300 0.0 299
1679857509416 0.0 300
1679857509509 0.0 301
