1679857442246 78.67104202823936 1
1679857442706 78.39636086314042 3
1679857443116 78.09544244874944 5
1679857443520 77.73003260953439 7
1679857443919 77.21848708236773 9
1679857444312 76.27856343850776 11
1679857444717 73.92428712334245 13
1679857445229 67.97192020317434 15
1679857445670 58.867005962576066 17
1679857446110 51.83764125316666 19
1679857446525 47.67480679250134 21
1679857446944 45.1847217256747 23
1679857447360 43.61174627379844 25
1679857447839 42.572342561975454 27
1679857448252 41.86135855297557 29
1679857448656 41.392480077397636 31
1679857449132 41.029147792809574 33
1679857449556 40.77674223087818 35
1679857450005 40.624224800808236 37
1679857450449 40.482558828561416 39
1679857450874 40.37047735817074 41
1679857451300 40.29408065848606 43
1679857451719 40.245581708259124 45
1679857452162 40.14379030006949 47
1679857452626 40.04784363135567 49
1679857453072 39.942651023271786 51
1679857453486 39.82187462248333 53
1679857453892 39.75355076896918 55
1679857454298 39.66135905764881 57
1679857454719 39.56284059646422 59
1679857455177 39.55353586727268 61
1679857455589 39.603586367539585 63
1679857455998 39.32835997085703 65
1679857456413 39.183886867648376 67
1679857456894 39.344102914180986 69
1679857457298 39.37936362561373 71
1679857457732 39.40711651474289 73
1679857458181 39.25009367684214 75
1679857458596 39.22101346083461 77
1679857459023 39.44972932515778 79
1679857459443 39.343996082892275 81
1679857459863 39.21589417004626 83
1679857460299 39.27661319396656 85
1679857460778 39.10904187349046 87
1679857461170 38.84870514812041 89
1679857461640 38.67012239367233 91
1679857462098 38.28084078115091 93
1679857462575 38.167592987824804 95
1679857463041 38.46235018320034 97
1679857463531 37.85655356688821 99
1679857463992 37.51132192002265 101
1679857464460 37.301570859391866 103
1679857464963 37.06460436160494 105
1679857465460 37.28400697592833 107
1679857465914 36.62477729678772 109
1679857466363 36.814637021079584 111
1679857466799 36.47128435375365 113
1679857467208 36.26419088004578 115
1679857467673 36.303324569939335 117
1679857468146 35.79638847390605 119
1679857468646 35.57123281119813 121
1679857469083 35.18303528886179 123
1679857469532 35.02941867321061 125
1679857469984 34.801818107117434 127
1679857470438 34.37837068099844 129
1679857470876 34.333168786136184 131
1679857471282 34.11523811458924 133
1679857471698 33.68553771775004 135
1679857472109 33.34444500094663 137
1679857472552 33.14358752617976 139
1679857473040 32.79800094775791 141
1679857473476 32.66580531724788 143
1679857473903 32.64238583131569 145
1679857474312 32.14703632414032 147
1679857474726 32.21994751714466 149
1679857475160 31.811288749945184 151
1679857475631 31.678130382742083 153
1679857476074 31.45119413464798 155
1679857476518 31.327303326068147 157
1679857476940 31.40970837818732 159
1679857477396 31.37258750243508 161
1679857477852 31.00307812336607 163
1679857478286 31.007048352229987 165
1679857478694 30.596556928697233 167
1679857479124 30.378376644839484 169
1679857479534 30.360297611216808 171
1679857479979 30.53603519775707 173
1679857480476 30.153808919218125 175
1679857480961 30.55154362680175 177
1679857481417 29.972610882115077 179
1679857481851 29.970315206524415 181
1679857482279 30.402535167423967 183
1679857482749 29.794996676008523 185
1679857483243 29.700152407367817 187
1679857483686 29.750266903628546 189
1679857484136 29.766830892348743 191
1679857484583 29.386464000695316 193
1679857485000 29.256469309515285 195
1679857485503 29.411965862004045 197
1679857485951 29.257068070064143 199
1679857486407 29.213716269774757 201
1679857486832 29.43526633992302 203
1679857487284 29.036047971392748 205
1679857487741 28.84479311084912 207
1679857488209 29.016791911281658 209
1679857488652 29.12927310528533 211
1679857489091 28.611699266713725 213
1679857489554 28.620571808493818 215
1679857489977 28.547157580123663 217
1679857490408 28.191618144244522 219
1679857490843 28.042690145331136 221
1679857491264 28.11442343492788 223
1679857491709 28.18693323481268 225
1679857492269 27.928202029213388 227
1679857492736 28.026839547165523 229
1679857493205 28.27145361101483 231
1679857493718 27.85498044898473 233
1679857494184 27.65011185034981 235
1679857494668 27.67269068176059 237
1679857495156 28.022873901209067 239
1679857495661 27.698381111000074 241
1679857496140 27.37142564776854 243
1679857496697 27.445901592696064 245
1679857497167 27.226922911807044 247
1679857497581 27.457644907633462 249
1679857498033 27.367759029605846 251
1679857498469 26.979746255561682 253
1679857498898 26.997463639083097 255
1679857499379 27.364725850818484 257
1679857499839 26.876081035791902 259
1679857500287 26.941219463908403 261
1679857500722 27.202306624233003 263
1679857501186 26.915464270135487 265
1679857501682 26.76144989092733 267
1679857502132 26.649597292489958 269
1679857502563 27.056660132004602 271
1679857503022 26.467220088319664 273
1679857503537 26.230733313420483 275
1679857503992 26.29708242531679 277
1679857504475 26.47090530197855 279
1679857505018 26.297877491241085 281
1679857505453 26.26364085011326 283
1679857505936 26.300475191369987 285
1679857506378 25.89190879848131 287
1679857506860 25.902581688941865 289
1679857507414 26.26557834341942 291
1679857507885 25.859085571868842 293
1679857508381 26.21683515374113 295
1679857508822 25.91177048493749 297
1679857509285 26.072200685543923 299
