1679857442252 1.0 1
1679857442372 2.0 2
1679857442711 3.0 3
1679857442805 4.0 4
1679857443121 5.0 5
1679857443212 6.0 6
1679857443525 7.0 7
1679857443614 8.0 8
1679857443924 9.0 9
1679857444012 10.0 10
1679857444317 11.0 11
1679857444407 12.0 12
1679857444723 13.0 13
1679857444817 14.0 14
1679857445235 15.0 15
1679857445338 16.0 16
1679857445686 17.0 17
1679857445783 18.0 18
1679857446116 19.0 19
1679857446212 20.0 20
1679857446532 21.0 21
1679857446627 22.0 22
1679857446950 23.0 23
1679857447043 24.0 24
1679857447366 25.0 25
1679857447470 26.0 26
1679857447846 27.0 27
1679857447942 28.0 28
1679857448257 29.0 29
1679857448348 30.0 30
1679857448661 31.0 31
1679857448751 32.0 32
1679857449139 33.0 33
1679857449229 34.0 34
1679857449562 35.0 35
1679857449654 36.0 36
1679857450010 37.0 37
1679857450109 38.0 38
1679857450455 39.0 39
1679857450552 40.0 40
1679857450881 41.0 41
1679857450984 42.0 42
1679857451306 43.0 43
1679857451401 44.0 44
1679857451724 45.0 45
1679857451818 46.0 46
1679857452167 47.0 47
1679857452266 48.0 48
1679857452631 49.0 49
1679857452746 50.0 50
1679857453079 51.0 51
1679857453177 52.0 52
1679857453491 53.0 53
1679857453583 54.0 54
1679857453898 55.0 55
1679857453992 56.0 56
1679857454303 57.0 57
1679857454395 58.0 58
1679857454724 59.0 59
1679857454824 60.0 60
1679857455183 61.0 61
1679857455281 62.0 62
1679857455594 63.0 63
1679857455688 64.0 64
1679857456003 65.0 65
1679857456100 66.0 66
1679857456418 67.0 67
1679857456585 68.0 68
1679857456900 69.0 69
1679857456994 70.0 70
1679857457304 71.0 71
1679857457402 72.0 72
1679857457738 73.0 73
1679857457864 74.0 74
1679857458187 75.0 75
1679857458281 76.0 76
1679857458603 77.0 77
1679857458701 78.0 78
1679857459028 79.0 79
1679857459122 80.0 80
1679857459448 81.0 81
1679857459544 82.0 82
1679857459868 83.0 83
1679857459970 84.0 84
1679857460304 85.0 85
1679857460398 86.0 86
1679857460783 87.0 87
1679857460874 88.0 88
1679857461176 89.0 89
1679857461278 90.0 90
1679857461646 91.0 91
1679857461750 92.0 92
1679857462104 93.0 93
1679857462209 94.0 94
1679857462581 95.0 95
1679857462687 96.0 96
1679857463048 97.0 97
1679857463160 98.0 98
1679857463538 99.0 99
1679857463642 100.0 100
1679857463998 101.0 101
1679857464106 102.0 102
1679857464466 103.0 103
1679857464575 104.0 104
1679857464972 105.0 105
1679857465085 106.0 106
1679857465466 107.0 107
1679857465572 108.0 108
1679857465921 109.0 109
1679857466029 110.0 110
1679857466369 111.0 111
1679857466465 112.0 112
1679857466804 113.0 113
1679857466899 114.0 114
1679857467214 115.0 115
1679857467320 116.0 116
1679857467678 117.0 117
1679857467776 118.0 118
1679857468150 119.0 119
1679857468260 120.0 120
1679857468651 121.0 121
1679857468752 122.0 122
1679857469088 123.0 123
1679857469186 124.0 124
1679857469538 125.0 125
1679857469634 126.0 126
1679857469990 127.0 127
1679857470091 128.0 128
1679857470444 129.0 129
1679857470552 130.0 130
1679857470881 131.0 131
1679857470978 132.0 132
1679857471288 133.0 133
1679857471382 134.0 134
1679857471703 135.0 135
1679857471803 136.0 136
1679857472114 137.0 137
1679857472210 138.0 138
1679857472557 139.0 139
1679857472731 140.0 140
1679857473045 141.0 141
1679857473147 142.0 142
1679857473481 143.0 143
1679857473591 144.0 144
1679857473908 145.0 145
1679857474007 146.0 146
1679857474318 147.0 147
1679857474414 148.0 148
1679857474732 149.0 149
1679857474829 150.0 150
1679857475167 151.0 151
1679857475278 152.0 152
1679857475636 153.0 153
1679857475751 154.0 154
1679857476080 155.0 155
1679857476190 156.0 156
1679857476524 157.0 157
1679857476629 158.0 158
1679857476945 159.0 159
1679857477047 160.0 160
1679857477402 161.0 161
1679857477507 162.0 162
1679857477858 163.0 163
1679857477956 164.0 164
1679857478291 165.0 165
1679857478390 166.0 166
1679857478700 167.0 167
1679857478801 168.0 168
1679857479130 169.0 169
1679857479227 170.0 170
1679857479543 171.0 171
1679857479650 172.0 172
1679857479984 173.0 173
1679857480084 174.0 174
1679857480482 175.0 175
1679857480583 176.0 176
1679857480967 177.0 177
1679857481079 178.0 178
1679857481422 179.0 179
1679857481517 180.0 180
1679857481856 181.0 181
1679857481958 182.0 182
1679857482284 183.0 183
1679857482389 184.0 184
1679857482754 185.0 185
1679857482866 186.0 186
1679857483249 187.0 187
1679857483349 188.0 188
1679857483691 189.0 189
1679857483798 190.0 190
1679857484142 191.0 191
1679857484246 192.0 192
1679857484589 193.0 193
1679857484687 194.0 194
1679857485006 195.0 195
1679857485176 196.0 196
1679857485509 197.0 197
1679857485613 198.0 198
1679857485957 199.0 199
1679857486069 200.0 200
1679857486413 201.0 201
1679857486515 202.0 202
1679857486837 203.0 203
1679857486942 204.0 204
1679857487289 205.0 205
1679857487401 206.0 206
1679857487747 207.0 207
1679857487851 208.0 208
1679857488216 209.0 209
1679857488330 210.0 210
1679857488658 211.0 211
1679857488763 212.0 212
1679857489096 213.0 213
1679857489214 214.0 214
1679857489560 215.0 215
1679857489667 216.0 216
1679857489982 217.0 217
1679857490079 218.0 218
1679857490413 219.0 219
1679857490514 220.0 220
1679857490849 221.0 221
1679857490952 222.0 222
1679857491271 223.0 223
1679857491371 224.0 224
1679857491714 225.0 225
1679857491911 226.0 226
1679857492275 227.0 227
1679857492388 228.0 228
1679857492741 229.0 229
1679857492854 230.0 230
1679857493211 231.0 231
1679857493339 232.0 232
1679857493724 233.0 233
1679857493836 234.0 234
1679857494190 235.0 235
1679857494319 236.0 236
1679857494674 237.0 237
1679857494785 238.0 238
1679857495161 239.0 239
1679857495274 240.0 240
1679857495666 241.0 241
1679857495783 242.0 242
1679857496145 243.0 243
1679857496256 244.0 244
1679857496703 245.0 245
1679857496824 246.0 246
1679857497172 247.0 247
1679857497269 248.0 248
1679857497587 249.0 249
1679857497691 250.0 250
1679857498038 251.0 251
1679857498144 252.0 252
1679857498474 253.0 253
1679857498584 254.0 254
1679857498904 255.0 255
1679857499010 256.0 256
1679857499384 257.0 257
1679857499501 258.0 258
1679857499843 259.0 259
1679857499952 260.0 260
1679857500293 261.0 261
1679857500402 262.0 262
1679857500728 263.0 263
1679857500837 264.0 264
1679857501191 265.0 265
1679857501301 266.0 266
1679857501687 267.0 267
1679857501802 268.0 268
1679857502137 269.0 269
1679857502242 270.0 270
1679857502569 271.0 271
1679857502680 272.0 272
1679857503026 273.0 273
1679857503139 274.0 274
1679857503543 275.0 275
1679857503658 276.0 276
1679857503998 277.0 277
1679857504109 278.0 278
1679857504481 279.0 279
1679857504616 280.0 280
1679857505025 281.0 281
1679857505136 282.0 282
1679857505460 283.0 283
1679857505571 284.0 284
1679857505942 285.0 285
1679857506050 286.0 286
1679857506385 287.0 287
1679857506497 288.0 288
1679857506866 289.0 289
1679857506995 290.0 290
1679857507421 291.0 291
1679857507543 292.0 292
1679857507891 293.0 293
1679857508009 294.0 294
1679857508387 295.0 295
1679857508496 296.0 296
1679857508828 297.0 297
1679857508934 298.0 298
1679857509290 299.0 299
1679857509407 300.0 300
1679857509501 301.0 301
