1679854172984 0.0 1
1679854173126 0.0 2
1679854173844 0.0 3
1679854173981 0.0 4
1679854174606 0.0 5
1679854174736 0.0 6
1679854175365 0.0 7
1679854175516 0.0 8
1679854176122 0.0 9
1679854176257 0.0 10
1679854176908 0.0 11
1679854177045 0.0 12
1679854177697 0.0 13
1679854177827 0.0 14
1679854178462 0.0 15
1679854178609 0.0 16
1679854179256 0.0 17
1679854179393 0.0 18
1679854180031 0.0 19
1679854180250 0.0 20
1679854180874 0.0 21
1679854181034 0.0 22
1679854181699 0.0 23
1679854181839 0.0 24
1679854182456 0.0 25
1679854182594 0.0 26
1679854183197 0.0 27
1679854183337 0.0 28
1679854184028 0.0 29
1679854184174 0.0 30
1679854184780 0.0 31
1679854184920 0.0 32
1679854185522 0.0 33
1679854185657 0.0 34
1679854186289 0.0 35
1679854186454 0.0 36
1679854187108 0.0 37
1679854187249 0.0 38
1679854187900 0.0 39
1679854188049 0.0 40
1679854188673 0.0 41
1679854188814 0.0 42
1679854189464 0.0 43
1679854189690 0.0 44
1679854190320 0.0 45
1679854190461 0.0 46
1679854191078 0.0 47
1679854191212 0.0 48
1679854191872 0.0 49
1679854192048 0.0 50
1679854192731 0.0 51
1679854192961 0.0 52
1679854193580 0.0 53
1679854193714 0.0 54
1679854194355 0.0 55
1679854194491 0.0 56
1679854195123 0.0 57
1679854195258 0.0 58
1679854195896 0.0 59
1679854196031 0.0 60
1679854196667 0.0 61
1679854196808 0.0 62
1679854197457 0.0 63
1679854197613 0.0 64
1679854198275 0.0 65
1679854198416 0.0 66
1679854199042 0.0 67
1679854199271 0.0 68
1679854199908 0.0 69
1679854200056 0.0 70
1679854200698 0.0 71
1679854200846 0.0 72
1679854201466 0.0 73
1679854201605 0.0 74
1679854202235 0.0 75
1679854202397 0.0 76
1679854203142 0.0 77
1679854203285 0.0 78
1679854203914 0.0 79
1679854204053 0.0 80
1679854204677 0.0 81
1679854204811 0.0 82
1679854205421 0.0 83
1679854205585 0.0 84
1679854206224 0.0 85
1679854206365 0.0 86
1679854207000 0.0 87
1679854207143 0.0 88
1679854207811 0.0 89
1679854207966 0.0 90
1679854208622 0.0 91
1679854208776 0.0 92
1679854209472 0.0 93
1679854209618 0.0 94
1679854210240 0.0 95
1679854210378 0.0 96
1679854210989 0.0 97
1679854211133 0.0 98
1679854211748 0.0 99
1679854211888 0.0 100
1679854212602 0.0 101
1679854212759 0.0 102
1679854213416 0.0 103
1679854213561 0.0 104
1679854214178 0.0 105
1679854214343 0.0 106
1679854214969 0.0 107
1679854215111 0.0 108
1679854215719 0.0 109
1679854215864 0.0 110
1679854216475 0.0 111
1679854216622 0.0 112
1679854217249 0.0 113
1679854217394 0.0 114
1679854218048 0.0 115
1679854218192 0.0 116
1679854218897 0.0 117
1679854219049 0.0 118
1679854219676 0.0 119
1679854219853 0.0 120
1679854220468 0.0 121
1679854220614 0.0 122
1679854221251 0.0 123
1679854221387 0.0 124
1679854222073 0.0 125
1679854222227 0.0 126
1679854222908 0.0 127
1679854223052 0.0 128
1679854223694 0.0 129
1679854223832 0.0 130
1679854224422 0.0 131
1679854224574 0.0 132
1679854225191 0.0 133
1679854225335 0.0 134
1679854225959 0.0 135
1679854226100 0.0 136
1679854226711 0.0 137
1679854226850 0.0 138
1679854227490 0.0 139
1679854227659 0.0 140
1679854228392 0.0 141
1679854228540 0.0 142
1679854229158 0.0 143
1679854229295 0.0 144
1679854229925 0.0 145
1679854230066 0.0 146
1679854230705 0.0 147
1679854230862 0.0 148
1679854231601 0.0 149
1679854231763 0.0 150
1679854232415 0.0 151
1679854232567 0.0 152
1679854233242 0.0 153
1679854233394 0.0 154
1679854234045 0.0 155
1679854234187 0.0 156
1679854234815 0.0 157
1679854234972 0.0 158
1679854235608 0.0 159
1679854235755 0.0 160
1679854236401 0.0 161
1679854236548 0.0 162
1679854237203 0.0 163
1679854237349 0.0 164
1679854238005 0.0 165
1679854238264 0.0 166
1679854238929 0.0 167
1679854239074 0.0 168
1679854239697 0.0 169
1679854239845 0.0 170
1679854240475 0.0 171
1679854240621 0.0 172
1679854241258 0.0 173
1679854241412 0.0 174
1679854242388 0.0 175
1679854242570 0.0 176
1679854243394 0.0 177
1679854243569 0.0 178
1679854244263 0.0 179
1679854244429 0.0 180
1679854245085 0.0 181
1679854245235 0.0 182
1679854245922 0.0 183
1679854246079 0.0 184
1679854246740 0.0 185
1679854246908 0.0 186
1679854247595 0.0 187
1679854247747 0.0 188
1679854248474 0.0 189
1679854248729 0.0 190
1679854249373 0.0 191
1679854249518 0.0 192
1679854250158 0.0 193
1679854250311 0.0 194
1679854250965 0.0 195
1679854251115 0.0 196
1679854251798 0.0 197
1679854252041 0.0 198
1679854252679 0.0 199
1679854252830 0.0 200
1679854253504 0.0 201
1679854253696 0.0 202
1679854254377 0.0 203
1679854254529 0.0 204
1679854255159 0.0 205
1679854255309 0.0 206
1679854255967 0.0 207
1679854256112 0.0 208
1679854256755 0.0 209
1679854256909 0.0 210
1679854257560 0.0 211
1679854257709 0.0 212
1679854258407 0.0 213
1679854258648 0.0 214
1679854259324 0.0 215
1679854259479 0.0 216
1679854260144 0.0 217
1679854260297 0.0 218
1679854260934 0.0 219
1679854261081 0.0 220
1679854261727 0.0 221
1679854261865 0.0 222
1679854262560 0.0 223
1679854262729 0.0 224
1679854263361 0.0 225
1679854263522 0.0 226
1679854264186 0.0 227
1679854264340 0.0 228
1679854264982 0.0 229
1679854265134 0.0 230
1679854265768 0.0 231
1679854265919 0.0 232
1679854266565 0.0 233
1679854266714 0.0 234
1679854267342 0.0 235
1679854267494 0.0 236
1679854268155 0.0 237
1679854268326 0.0 238
1679854269086 0.0 239
1679854269243 0.0 240
1679854269884 0.0 241
1679854270027 0.0 242
1679854270724 0.0 243
1679854270875 0.0 244
1679854271520 0.0 245
1679854271676 0.0 246
1679854272404 0.0 247
1679854272562 0.0 248
1679854273194 0.0 249
1679854273349 0.0 250
1679854274015 0.0 251
1679854274174 0.0 252
1679854274857 0.0 253
1679854275045 0.0 254
1679854275705 0.0 255
1679854275855 0.0 256
1679854276526 0.0 257
1679854276687 0.0 258
1679854277359 0.0 259
1679854277511 0.0 260
1679854278169 0.0 261
1679854278327 0.0 262
1679854279119 0.0 263
1679854279278 0.0 264
1679854279936 0.0 265
1679854280094 0.0 266
1679854280745 0.0 267
1679854280898 0.0 268
1679854281613 0.0 269
1679854281772 0.0 270
1679854282537 0.0 271
1679854282684 0.0 272
1679854283308 0.0 273
1679854283464 0.0 274
1679854284108 0.0 275
1679854284262 0.0 276
1679854284892 0.0 277
1679854285043 0.0 278
1679854285702 0.0 279
1679854285856 0.0 280
1679854286512 0.0 281
1679854286656 0.0 282
1679854287297 0.0 283
1679854287458 0.0 284
1679854288117 0.0 285
1679854288266 0.0 286
1679854289008 0.0 287
1679854289179 0.0 288
1679854289843 0.0 289
1679854289996 0.0 290
1679854290653 0.0 291
1679854290807 0.0 292
1679854291453 0.0 293
1679854291601 0.0 294
1679854292345 0.0 295
1679854292499 0.0 296
1679854293163 0.0 297
1679854293316 0.0 298
1679854293989 0.0 299
1679854294162 0.0 300
1679854294294 0.0 301
