1679854173000 1.0 1
1679854173139 2.0 2
1679854173858 3.0 3
1679854173996 4.0 4
1679854174620 5.0 5
1679854174748 6.0 6
1679854175378 7.0 7
1679854175529 8.0 8
1679854176135 9.0 9
1679854176270 10.0 10
1679854176921 11.0 11
1679854177058 12.0 12
1679854177709 13.0 13
1679854177840 14.0 14
1679854178475 15.0 15
1679854178624 16.0 16
1679854179268 17.0 17
1679854179405 18.0 18
1679854180045 19.0 19
1679854180263 20.0 20
1679854180895 21.0 21
1679854181047 22.0 22
1679854181713 23.0 23
1679854181857 24.0 24
1679854182468 25.0 25
1679854182606 26.0 26
1679854183209 27.0 27
1679854183349 28.0 28
1679854184049 29.0 29
1679854184187 30.0 30
1679854184793 31.0 31
1679854184932 32.0 32
1679854185535 33.0 33
1679854185674 34.0 34
1679854186303 35.0 35
1679854186467 36.0 36
1679854187121 37.0 37
1679854187262 38.0 38
1679854187912 39.0 39
1679854188061 40.0 40
1679854188686 41.0 41
1679854188829 42.0 42
1679854189477 43.0 43
1679854189704 44.0 44
1679854190333 45.0 45
1679854190474 46.0 46
1679854191090 47.0 47
1679854191224 48.0 48
1679854191888 49.0 49
1679854192062 50.0 50
1679854192744 51.0 51
1679854192973 52.0 52
1679854193592 53.0 53
1679854193727 54.0 54
1679854194369 55.0 55
1679854194503 56.0 56
1679854195136 57.0 57
1679854195272 58.0 58
1679854195909 59.0 59
1679854196044 60.0 60
1679854196680 61.0 61
1679854196824 62.0 62
1679854197469 63.0 63
1679854197625 64.0 64
1679854198287 65.0 65
1679854198429 66.0 66
1679854199053 67.0 67
1679854199284 68.0 68
1679854199921 69.0 69
1679854200068 70.0 70
1679854200710 71.0 71
1679854200858 72.0 72
1679854201479 73.0 73
1679854201622 74.0 74
1679854202253 75.0 75
1679854202410 76.0 76
1679854203154 77.0 77
1679854203298 78.0 78
1679854203926 79.0 79
1679854204065 80.0 80
1679854204690 81.0 81
1679854204824 82.0 82
1679854205434 83.0 83
1679854205598 84.0 84
1679854206240 85.0 85
1679854206378 86.0 86
1679854207012 87.0 87
1679854207158 88.0 88
1679854207825 89.0 89
1679854207979 90.0 90
1679854208637 91.0 91
1679854208788 92.0 92
1679854209483 93.0 93
1679854209631 94.0 94
1679854210252 95.0 95
1679854210390 96.0 96
1679854211003 97.0 97
1679854211146 98.0 98
1679854211760 99.0 99
1679854211903 100.0 100
1679854212616 101.0 101
1679854212777 102.0 102
1679854213428 103.0 103
1679854213577 104.0 104
1679854214191 105.0 105
1679854214356 106.0 106
1679854214982 107.0 107
1679854215123 108.0 108
1679854215730 109.0 109
1679854215876 110.0 110
1679854216488 111.0 111
1679854216634 112.0 112
1679854217263 113.0 113
1679854217407 114.0 114
1679854218061 115.0 115
1679854218205 116.0 116
1679854218912 117.0 117
1679854219062 118.0 118
1679854219688 119.0 119
1679854219866 120.0 120
1679854220480 121.0 121
1679854220626 122.0 122
1679854221262 123.0 123
1679854221399 124.0 124
1679854222086 125.0 125
1679854222239 126.0 126
1679854222921 127.0 127
1679854223064 128.0 128
1679854223706 129.0 129
1679854223843 130.0 130
1679854224436 131.0 131
1679854224588 132.0 132
1679854225203 133.0 133
1679854225348 134.0 134
1679854225972 135.0 135
1679854226113 136.0 136
1679854226723 137.0 137
1679854226862 138.0 138
1679854227505 139.0 139
1679854227672 140.0 140
1679854228404 141.0 141
1679854228553 142.0 142
1679854229171 143.0 143
1679854229308 144.0 144
1679854229939 145.0 145
1679854230080 146.0 146
1679854230718 147.0 147
1679854230874 148.0 148
1679854231616 149.0 149
1679854231775 150.0 150
1679854232429 151.0 151
1679854232583 152.0 152
1679854233258 153.0 153
1679854233408 154.0 154
1679854234060 155.0 155
1679854234199 156.0 156
1679854234828 157.0 157
1679854234986 158.0 158
1679854235620 159.0 159
1679854235768 160.0 160
1679854236415 161.0 161
1679854236561 162.0 162
1679854237216 163.0 163
1679854237361 164.0 164
1679854238020 165.0 165
1679854238278 166.0 166
1679854238942 167.0 167
1679854239086 168.0 168
1679854239709 169.0 169
1679854239858 170.0 170
1679854240488 171.0 171
1679854240636 172.0 172
1679854241272 173.0 173
1679854241424 174.0 174
1679854242404 175.0 175
1679854242588 176.0 176
1679854243408 177.0 177
1679854243584 178.0 178
1679854244276 179.0 179
1679854244442 180.0 180
1679854245098 181.0 181
1679854245248 182.0 182
1679854245935 183.0 183
1679854246094 184.0 184
1679854246753 185.0 185
1679854246925 186.0 186
1679854247608 187.0 187
1679854247759 188.0 188
1679854248487 189.0 189
1679854248742 190.0 190
1679854249385 191.0 191
1679854249531 192.0 192
1679854250169 193.0 193
1679854250324 194.0 194
1679854250977 195.0 195
1679854251132 196.0 196
1679854251812 197.0 197
1679854252054 198.0 198
1679854252693 199.0 199
1679854252843 200.0 200
1679854253519 201.0 201
1679854253709 202.0 202
1679854254392 203.0 203
1679854254543 204.0 204
1679854255172 205.0 205
1679854255321 206.0 206
1679854255980 207.0 207
1679854256126 208.0 208
1679854256769 209.0 209
1679854256923 210.0 210
1679854257573 211.0 211
1679854257724 212.0 212
1679854258421 213.0 213
1679854258660 214.0 214
1679854259339 215.0 215
1679854259491 216.0 216
1679854260157 217.0 217
1679854260309 218.0 218
1679854260948 219.0 219
1679854261093 220.0 220
1679854261739 221.0 221
1679854261878 222.0 222
1679854262572 223.0 223
1679854262741 224.0 224
1679854263375 225.0 225
1679854263536 226.0 226
1679854264198 227.0 227
1679854264352 228.0 228
1679854264996 229.0 229
1679854265148 230.0 230
1679854265781 231.0 231
1679854265932 232.0 232
1679854266577 233.0 233
1679854266727 234.0 234
1679854267356 235.0 235
1679854267507 236.0 236
1679854268170 237.0 237
1679854268340 238.0 238
1679854269100 239.0 239
1679854269256 240.0 240
1679854269896 241.0 241
1679854270041 242.0 242
1679854270737 243.0 243
1679854270887 244.0 244
1679854271533 245.0 245
1679854271690 246.0 246
1679854272416 247.0 247
1679854272577 248.0 248
1679854273207 249.0 249
1679854273362 250.0 250
1679854274027 251.0 251
1679854274187 252.0 252
1679854274869 253.0 253
1679854275058 254.0 254
1679854275719 255.0 255
1679854275867 256.0 256
1679854276539 257.0 257
1679854276703 258.0 258
1679854277373 259.0 259
1679854277525 260.0 260
1679854278181 261.0 261
1679854278339 262.0 262
1679854279133 263.0 263
1679854279292 264.0 264
1679854279952 265.0 265
1679854280107 266.0 266
1679854280759 267.0 267
1679854280912 268.0 268
1679854281627 269.0 269
1679854281785 270.0 270
1679854282551 271.0 271
1679854282697 272.0 272
1679854283321 273.0 273
1679854283476 274.0 274
1679854284121 275.0 275
1679854284275 276.0 276
1679854284904 277.0 277
1679854285055 278.0 278
1679854285717 279.0 279
1679854285869 280.0 280
1679854286525 281.0 281
1679854286668 282.0 282
1679854287311 283.0 283
1679854287471 284.0 284
1679854288130 285.0 285
1679854288277 286.0 286
1679854289023 287.0 287
1679854289192 288.0 288
1679854289855 289.0 289
1679854290011 290.0 290
1679854290666 291.0 291
1679854290822 292.0 292
1679854291466 293.0 293
1679854291613 294.0 294
1679854292357 295.0 295
1679854292511 296.0 296
1679854293175 297.0 297
1679854293329 298.0 298
1679854294002 299.0 299
1679854294177 300.0 300
1679854294307 301.0 301
