1679936554316 0.0 1
1679936554493 0.0 2
1679936555455 0.0 3
1679936555627 0.0 4
1679936556627 0.0 5
1679936556783 0.0 6
1679936557762 0.0 7
1679936557926 0.0 8
1679936558852 0.0 9
1679936559012 0.0 10
1679936560080 0.0 11
1679936560236 0.0 12
1679936561194 0.0 13
1679936561353 0.0 14
1679936562421 0.0 15
1679936562587 0.0 16
1679936563562 0.0 17
1679936563720 0.0 18
1679936564649 0.0 19
1679936564812 0.0 20
1679936565816 0.0 21
1679936565986 0.0 22
1679936567020 0.0 23
1679936567203 0.0 24
1679936568172 0.0 25
1679936568331 0.0 26
1679936569293 0.0 27
1679936569457 0.0 28
1679936570402 0.0 29
1679936570562 0.0 30
1679936571596 0.0 31
1679936571795 0.0 32
1679936572916 0.0 33
1679936573108 0.0 34
1679936574216 0.0 35
1679936574395 0.0 36
1679936575487 0.0 37
1679936575669 0.0 38
1679936576725 0.0 39
1679936576911 0.0 40
1679936577994 0.0 41
1679936578178 0.0 42
1679936579189 0.0 43
1679936579355 0.0 44
1679936580323 0.0 45
1679936580488 0.0 46
1679936581441 0.0 47
1679936581601 0.0 48
1679936582559 0.0 49
1679936582730 0.0 50
1679936583787 0.0 51
1679936583959 0.0 52
1679936584964 0.0 53
1679936585128 0.0 54
1679936586080 0.0 55
1679936586246 0.0 56
1679936587193 0.0 57
1679936587358 0.0 58
1679936588272 0.0 59
1679936588446 0.0 60
1679936589457 0.0 61
1679936589763 0.0 62
1679936590700 0.0 63
1679936590871 0.0 64
1679936591824 0.0 65
1679936592006 0.0 66
1679936592929 0.0 67
1679936593096 0.0 68
1679936594043 0.0 69
1679936594229 0.0 70
1679936595286 0.0 71
1679936595555 0.0 72
1679936596512 0.0 73
1679936596691 0.0 74
1679936597709 0.0 75
1679936597880 0.0 76
1679936598826 0.0 77
1679936598996 0.0 78
1679936599964 0.0 79
1679936600147 0.0 80
1679936601179 0.0 81
1679936601363 0.0 82
1679936602592 0.0 83
1679936602785 0.0 84
1679936603893 0.0 85
1679936604080 0.0 86
1679936605164 0.0 87
1679936605366 0.0 88
1679936606444 0.0 89
1679936606644 0.0 90
1679936607719 0.0 91
1679936607890 0.0 92
1679936608922 0.0 93
1679936609092 0.0 94
1679936610100 0.0 95
1679936610269 0.0 96
1679936611227 0.0 97
1679936611390 0.0 98
1679936612406 0.0 99
1679936612591 0.0 100
1679936613586 0.0 101
1679936613755 0.0 102
1679936614829 0.0 103
1679936614999 0.0 104
1679936615921 0.0 105
1679936616121 0.0 106
1679936617125 0.0 107
1679936617305 0.0 108
1679936618287 0.0 109
1679936618463 0.0 110
1679936619528 0.0 111
1679936619704 0.0 112
1679936620731 0.0 113
1679936620902 0.0 114
1679936621841 0.0 115
1679936622039 0.0 116
1679936623042 0.0 117
1679936623207 0.0 118
1679936624134 0.0 119
1679936624309 0.0 120
1679936625352 0.0 121
1679936625517 0.0 122
1679936626560 0.0 123
1679936626731 0.0 124
1679936627739 0.0 125
1679936627919 0.0 126
1679936628903 0.0 127
1679936629074 0.0 128
1679936630107 0.0 129
1679936630279 0.0 130
1679936631416 0.0 131
1679936631611 0.0 132
1679936632725 0.0 133
1679936633019 0.0 134
1679936634184 0.0 135
1679936634381 0.0 136
1679936635496 0.0 137
1679936635697 0.0 138
1679936636733 0.0 139
1679936636913 0.0 140
1679936637948 0.0 141
1679936638118 0.0 142
1679936639067 0.0 143
1679936639321 0.0 144
1679936640350 0.0 145
1679936640520 0.0 146
1679936641525 0.0 147
1679936641702 0.0 148
1679936642725 0.0 149
1679936642895 0.0 150
1679936643847 0.0 151
1679936644037 0.0 152
1679936645032 0.0 153
1679936645202 0.0 154
1679936646218 0.0 155
1679936646402 0.0 156
1679936647456 0.0 157
1679936647628 0.0 158
1679936648563 0.0 159
1679936648737 0.0 160
1679936649723 0.0 161
1679936649905 0.0 162
1679936650843 0.0 163
1679936651009 0.0 164
1679936652097 0.0 165
1679936652294 0.0 166
1679936653313 0.0 167
1679936653486 0.0 168
1679936654468 0.0 169
1679936654647 0.0 170
1679936655594 0.0 171
1679936655775 0.0 172
1679936656743 0.0 173
1679936656918 0.0 174
1679936657977 0.0 175
1679936658172 0.0 176
1679936659219 0.0 177
1679936659398 0.0 178
1679936660406 0.0 179
1679936660580 0.0 180
1679936661584 0.0 181
1679936661798 0.0 182
1679936662918 0.0 183
1679936663124 0.0 184
1679936664371 0.0 185
1679936664571 0.0 186
1679936665649 0.0 187
1679936665834 0.0 188
1679936666804 0.0 189
1679936667002 0.0 190
1679936667961 0.0 191
1679936668139 0.0 192
1679936669089 0.0 193
1679936669269 0.0 194
1679936670377 0.0 195
1679936670547 0.0 196
1679936671479 0.0 197
1679936671652 0.0 198
1679936672650 0.0 199
1679936672831 0.0 200
1679936673795 0.0 201
1679936673988 0.0 202
1679936675043 0.0 203
1679936675217 0.0 204
1679936676179 0.0 205
1679936676457 0.0 206
1679936677471 0.0 207
1679936677642 0.0 208
1679936678571 0.0 209
1679936678757 0.0 210
1679936679738 0.0 211
1679936679921 0.0 212
1679936680873 0.0 213
1679936681049 0.0 214
1679936682151 0.0 215
1679936682455 0.0 216
1679936683535 0.0 217
1679936683731 0.0 218
1679936684861 0.0 219
1679936685081 0.0 220
1679936686238 0.0 221
1679936686427 0.0 222
1679936687525 0.0 223
1679936687726 0.0 224
1679936688805 0.0 225
1679936689012 0.0 226
1679936690285 0.0 227
1679936690495 0.0 228
1679936691599 0.0 229
1679936691794 0.0 230
1679936692920 0.0 231
1679936693114 0.0 232
1679936694198 0.0 233
1679936694415 0.0 234
1679936695510 0.0 235
1679936695725 0.0 236
1679936696962 0.0 237
1679936697161 0.0 238
1679936698227 0.0 239
1679936698419 0.0 240
1679936699524 0.0 241
1679936699741 0.0 242
1679936700881 0.0 243
1679936701099 0.0 244
1679936702272 0.0 245
1679936702470 0.0 246
1679936703622 0.0 247
1679936703831 0.0 248
1679936704966 0.0 249
1679936705172 0.0 250
1679936706239 0.0 251
1679936706447 0.0 252
1679936707557 0.0 253
1679936707757 0.0 254
1679936708854 0.0 255
1679936709083 0.0 256
1679936710313 0.0 257
1679936710526 0.0 258
1679936711683 0.0 259
1679936711901 0.0 260
1679936713094 0.0 261
1679936713293 0.0 262
1679936714413 0.0 263
1679936714611 0.0 264
1679936715730 0.0 265
1679936715952 0.0 266
1679936717174 0.0 267
1679936717379 0.0 268
1679936718518 0.0 269
1679936718710 0.0 270
1679936719821 0.0 271
1679936720028 0.0 272
1679936721142 0.0 273
1679936721364 0.0 274
1679936722538 0.0 275
1679936722740 0.0 276
1679936723982 0.0 277
1679936724179 0.0 278
1679936725301 0.0 279
1679936725490 0.0 280
1679936726578 0.0 281
1679936726788 0.0 282
1679936727871 0.0 283
1679936728083 0.0 284
1679936729198 0.0 285
1679936729427 0.0 286
1679936730509 0.0 287
1679936730795 0.0 288
1679936731880 0.0 289
1679936732092 0.0 290
1679936733224 0.0 291
1679936733432 0.0 292
1679936734626 0.0 293
1679936734829 0.0 294
1679936735925 0.0 295
1679936736124 0.0 296
1679936737199 0.0 297
1679936737436 0.0 298
1679936738654 0.0 299
1679936738895 0.0 300
1679936739076 0.0 301
