1679936554321 0.0034575462341308594 1
1679936554499 0.0034575462341308594 2
1679936555461 0.0034575462341308594 3
1679936555631 0.0034575462341308594 4
1679936556631 0.0034575462341308594 5
1679936556788 0.0034575462341308594 6
1679936557767 0.0034575462341308594 7
1679936557930 0.0034575462341308594 8
1679936558857 0.0034575462341308594 9
1679936559016 0.0034575462341308594 10
1679936560083 0.0034575462341308594 11
1679936560241 0.0034575462341308594 12
1679936561197 0.0034575462341308594 13
1679936561358 0.0034575462341308594 14
1679936562426 0.0034575462341308594 15
1679936562591 0.0034575462341308594 16
1679936563566 0.0034575462341308594 17
1679936563724 0.0034575462341308594 18
1679936564654 0.0034575462341308594 19
1679936564816 0.0034575462341308594 20
1679936565820 0.0034575462341308594 21
1679936565993 0.0034575462341308594 22
1679936567025 0.0034575462341308594 23
1679936567208 0.0034575462341308594 24
1679936568176 0.0034575462341308594 25
1679936568335 0.0034575462341308594 26
1679936569298 0.0034575462341308594 27
1679936569461 0.0034575462341308594 28
1679936570406 0.0034575462341308594 29
1679936570566 0.0034575462341308594 30
1679936571600 0.0034575462341308594 31
1679936571801 0.0034575462341308594 32
1679936572921 0.0034575462341308594 33
1679936573114 0.0034575462341308594 34
1679936574221 0.0034575462341308594 35
1679936574399 0.0034575462341308594 36
1679936575491 0.0034575462341308594 37
1679936575675 0.0034575462341308594 38
1679936576729 0.0034575462341308594 39
1679936576916 0.0034575462341308594 40
1679936577998 0.0034575462341308594 41
1679936578182 0.0034575462341308594 42
1679936579195 0.0034575462341308594 43
1679936579361 0.0034575462341308594 44
1679936580328 0.0034575462341308594 45
1679936580493 0.0034575462341308594 46
1679936581446 0.0034575462341308594 47
1679936581605 0.0034575462341308594 48
1679936582564 0.0034575462341308594 49
1679936582734 0.0034575462341308594 50
1679936583791 0.0034575462341308594 51
1679936583964 0.0034575462341308594 52
1679936584967 0.0034575462341308594 53
1679936585133 0.0034575462341308594 54
1679936586084 0.0034575462341308594 55
1679936586250 0.0034575462341308594 56
1679936587198 0.0034575462341308594 57
1679936587363 0.0034575462341308594 58
1679936588276 0.0034575462341308594 59
1679936588451 0.0034575462341308594 60
1679936589462 0.0034575462341308594 61
1679936589768 0.0034575462341308594 62
1679936590705 0.0034575462341308594 63
1679936590875 0.0034575462341308594 64
1679936591828 0.0034575462341308594 65
1679936592011 0.0034575462341308594 66
1679936592935 0.0034575462341308594 67
1679936593100 0.0034575462341308594 68
1679936594048 0.0034575462341308594 69
1679936594234 0.0034575462341308594 70
1679936595291 0.0034575462341308594 71
1679936595561 0.0034575462341308594 72
1679936596516 0.0034575462341308594 73
1679936596695 0.0034575462341308594 74
1679936597713 0.0034575462341308594 75
1679936597885 0.0034575462341308594 76
1679936598831 0.0034575462341308594 77
1679936599001 0.0034575462341308594 78
1679936599969 0.0034575462341308594 79
1679936600152 0.0034575462341308594 80
1679936601186 0.0034575462341308594 81
1679936601367 0.0034575462341308594 82
1679936602598 0.0034575462341308594 83
1679936602790 0.0034575462341308594 84
1679936603898 0.0034575462341308594 85
1679936604084 0.0034575462341308594 86
1679936605169 0.0034575462341308594 87
1679936605372 0.0034575462341308594 88
1679936606449 0.0034575462341308594 89
1679936606649 0.0034575462341308594 90
1679936607722 0.0034575462341308594 91
1679936607894 0.0034575462341308594 92
1679936608926 0.0034575462341308594 93
1679936609097 0.0034575462341308594 94
1679936610105 0.0034575462341308594 95
1679936610274 0.0034575462341308594 96
1679936611231 0.0034575462341308594 97
1679936611394 0.0034575462341308594 98
1679936612410 0.0034575462341308594 99
1679936612599 0.0034575462341308594 100
1679936613589 0.0034575462341308594 101
1679936613760 0.0034575462341308594 102
1679936614834 0.0034575462341308594 103
1679936615004 0.0034575462341308594 104
1679936615925 0.0034575462341308594 105
1679936616128 0.0034575462341308594 106
1679936617130 0.0034575462341308594 107
1679936617311 0.0034575462341308594 108
1679936618291 0.0034575462341308594 109
1679936618468 0.0034575462341308594 110
1679936619533 0.0034575462341308594 111
1679936619708 0.0034575462341308594 112
1679936620735 0.0034575462341308594 113
1679936620906 0.0034575462341308594 114
1679936621846 0.0034575462341308594 115
1679936622043 0.0034575462341308594 116
1679936623046 0.0034575462341308594 117
1679936623211 0.0034575462341308594 118
1679936624138 0.0034575462341308594 119
1679936624314 0.0034575462341308594 120
1679936625356 0.0034575462341308594 121
1679936625522 0.0034575462341308594 122
1679936626564 0.0034575462341308594 123
1679936626735 0.0034575462341308594 124
1679936627744 0.0034575462341308594 125
1679936627923 0.0034575462341308594 126
1679936628907 0.0034575462341308594 127
1679936629079 0.0034575462341308594 128
1679936630111 0.0034575462341308594 129
1679936630283 0.0034575462341308594 130
1679936631420 0.0034575462341308594 131
1679936631618 0.0034575462341308594 132
1679936632730 0.0034575462341308594 133
1679936633024 0.0034575462341308594 134
1679936634189 0.0034575462341308594 135
1679936634386 0.0034575462341308594 136
1679936635500 0.0034575462341308594 137
1679936635702 0.0034575462341308594 138
1679936636738 0.0034575462341308594 139
1679936636918 0.0034575462341308594 140
1679936637952 0.0034575462341308594 141
1679936638122 0.0034575462341308594 142
1679936639071 0.0034575462341308594 143
1679936639326 0.0034575462341308594 144
1679936640354 0.0034575462341308594 145
1679936640524 0.0034575462341308594 146
1679936641530 0.0034575462341308594 147
1679936641706 0.0034575462341308594 148
1679936642731 0.0034575462341308594 149
1679936642900 0.0034575462341308594 150
1679936643851 0.0034575462341308594 151
1679936644042 0.0034575462341308594 152
1679936645036 0.0034575462341308594 153
1679936645206 0.0034575462341308594 154
1679936646222 0.0034575462341308594 155
1679936646407 0.0034575462341308594 156
1679936647461 0.0034575462341308594 157
1679936647633 0.0034575462341308594 158
1679936648567 0.0034575462341308594 159
1679936648742 0.0034575462341308594 160
1679936649728 0.0034575462341308594 161
1679936649912 0.0034575462341308594 162
1679936650847 0.0034575462341308594 163
1679936651013 0.0034575462341308594 164
1679936652101 0.0034575462341308594 165
1679936652300 0.0034575462341308594 166
1679936653318 0.0034575462341308594 167
1679936653490 0.0034575462341308594 168
1679936654474 0.0034575462341308594 169
1679936654652 0.0034575462341308594 170
1679936655597 0.0034575462341308594 171
1679936655781 0.0034575462341308594 172
1679936656748 0.0034575462341308594 173
1679936656922 0.0034575462341308594 174
1679936657981 0.0034575462341308594 175
1679936658177 0.0034575462341308594 176
1679936659224 0.0034575462341308594 177
1679936659403 0.0034575462341308594 178
1679936660409 0.0034575462341308594 179
1679936660583 0.0034575462341308594 180
1679936661588 0.0034575462341308594 181
1679936661809 0.0034575462341308594 182
1679936662924 0.0034575462341308594 183
1679936663130 0.0034575462341308594 184
1679936664376 0.0034575462341308594 185
1679936664576 0.0034575462341308594 186
1679936665655 0.0034575462341308594 187
1679936665839 0.0034575462341308594 188
1679936666809 0.0034575462341308594 189
1679936667009 0.0034575462341308594 190
1679936667965 0.0034575462341308594 191
1679936668143 0.0034575462341308594 192
1679936669093 0.0034575462341308594 193
1679936669274 0.0034575462341308594 194
1679936670381 0.0034575462341308594 195
1679936670552 0.0034575462341308594 196
1679936671483 0.0034575462341308594 197
1679936671656 0.0034575462341308594 198
1679936672655 0.0034575462341308594 199
1679936672836 0.0034575462341308594 200
1679936673799 0.0034575462341308594 201
1679936673993 0.0034575462341308594 202
1679936675048 0.0034575462341308594 203
1679936675222 0.0034575462341308594 204
1679936676183 0.0034575462341308594 205
1679936676462 0.0034575462341308594 206
1679936677476 0.0034575462341308594 207
1679936677646 0.0034575462341308594 208
1679936678576 0.0034575462341308594 209
1679936678762 0.0034575462341308594 210
1679936679743 0.0034575462341308594 211
1679936679925 0.0034575462341308594 212
1679936680878 0.0034575462341308594 213
1679936681054 0.0034575462341308594 214
1679936682156 0.0034575462341308594 215
1679936682460 0.0034575462341308594 216
1679936683540 0.0034575462341308594 217
1679936683736 0.0034575462341308594 218
1679936684867 0.0034575462341308594 219
1679936685086 0.0034575462341308594 220
1679936686242 0.0034575462341308594 221
1679936686432 0.0034575462341308594 222
1679936687532 0.0034575462341308594 223
1679936687730 0.0034575462341308594 224
1679936688809 0.0034575462341308594 225
1679936689018 0.0034575462341308594 226
1679936690290 0.0034575462341308594 227
1679936690500 0.0034575462341308594 228
1679936691604 0.0034575462341308594 229
1679936691800 0.0034575462341308594 230
1679936692925 0.0034575462341308594 231
1679936693120 0.0034575462341308594 232
1679936694202 0.0034575462341308594 233
1679936694420 0.0034575462341308594 234
1679936695517 0.0034575462341308594 235
1679936695731 0.0034575462341308594 236
1679936696966 0.0034575462341308594 237
1679936697167 0.0034575462341308594 238
1679936698232 0.0034575462341308594 239
1679936698424 0.0034575462341308594 240
1679936699529 0.0034575462341308594 241
1679936699748 0.0034575462341308594 242
1679936700886 0.0034575462341308594 243
1679936701105 0.0034575462341308594 244
1679936702278 0.0034575462341308594 245
1679936702476 0.0034575462341308594 246
1679936703626 0.0034575462341308594 247
1679936703839 0.0034575462341308594 248
1679936704972 0.0034575462341308594 249
1679936705178 0.0034575462341308594 250
1679936706245 0.0034575462341308594 251
1679936706452 0.0034575462341308594 252
1679936707562 0.0034575462341308594 253
1679936707762 0.0034575462341308594 254
1679936708859 0.0034575462341308594 255
1679936709087 0.0034575462341308594 256
1679936710317 0.0034575462341308594 257
1679936710531 0.0034575462341308594 258
1679936711687 0.0034575462341308594 259
1679936711906 0.0034575462341308594 260
1679936713099 0.0034575462341308594 261
1679936713298 0.0034575462341308594 262
1679936714418 0.0034575462341308594 263
1679936714616 0.0034575462341308594 264
1679936715735 0.0034575462341308594 265
1679936715958 0.0034575462341308594 266
1679936717179 0.0034575462341308594 267
1679936717384 0.0034575462341308594 268
1679936718522 0.0034575462341308594 269
1679936718716 0.0034575462341308594 270
1679936719826 0.0034575462341308594 271
1679936720033 0.0034575462341308594 272
1679936721146 0.0034575462341308594 273
1679936721369 0.0034575462341308594 274
1679936722543 0.0034575462341308594 275
1679936722745 0.0034575462341308594 276
1679936723989 0.0034575462341308594 277
1679936724184 0.0034575462341308594 278
1679936725305 0.0034575462341308594 279
1679936725496 0.0034575462341308594 280
1679936726583 0.0034575462341308594 281
1679936726794 0.0034575462341308594 282
1679936727877 0.0034575462341308594 283
1679936728088 0.0034575462341308594 284
1679936729204 0.0034575462341308594 285
1679936729431 0.0034575462341308594 286
1679936730515 0.0034575462341308594 287
1679936730799 0.0034575462341308594 288
1679936731886 0.0034575462341308594 289
1679936732098 0.0034575462341308594 290
1679936733228 0.0034575462341308594 291
1679936733440 0.0034575462341308594 292
1679936734631 0.0034575462341308594 293
1679936734833 0.0034575462341308594 294
1679936735929 0.0034575462341308594 295
1679936736130 0.0034575462341308594 296
1679936737204 0.0034575462341308594 297
1679936737442 0.0034575462341308594 298
1679936738659 0.0034575462341308594 299
1679936738902 0.0034575462341308594 300
1679936739080 0.0034575462341308594 301
