1679857169801 1679857169.0 1
1679857169900 1679857169.0 2
1679857170375 1679857170.0 3
1679857170480 1679857170.0 4
1679857170959 1679857170.0 5
1679857171057 1679857171.0 6
1679857171569 1679857171.0 7
1679857171659 1679857171.0 8
1679857172135 1679857172.0 9
1679857172236 1679857172.0 10
1679857172710 1679857172.0 11
1679857172803 1679857172.0 12
1679857173281 1679857173.0 13
1679857173372 1679857173.0 14
1679857173952 1679857173.0 15
1679857174044 1679857174.0 16
1679857174524 1679857174.0 17
1679857174617 1679857174.0 18
1679857175093 1679857175.0 19
1679857175217 1679857175.0 20
1679857175734 1679857175.0 21
1679857175837 1679857175.0 22
1679857176357 1679857176.0 23
1679857176455 1679857176.0 24
1679857176954 1679857176.0 25
1679857177048 1679857177.0 26
1679857177545 1679857177.0 27
1679857177640 1679857177.0 28
1679857178132 1679857178.0 29
1679857178235 1679857178.0 30
1679857178743 1679857178.0 31
1679857178841 1679857178.0 32
1679857179318 1679857179.0 33
1679857179411 1679857179.0 34
1679857179912 1679857179.0 35
1679857180003 1679857179.0 36
1679857180484 1679857180.0 37
1679857180602 1679857180.0 38
1679857181119 1679857181.0 39
1679857181218 1679857181.0 40
1679857181710 1679857181.0 41
1679857181809 1679857181.0 42
1679857182301 1679857182.0 43
1679857182397 1679857182.0 44
1679857182882 1679857182.0 45
1679857182977 1679857182.0 46
1679857183503 1679857183.0 47
1679857183612 1679857183.0 48
1679857184127 1679857184.0 49
1679857184233 1679857184.0 50
1679857184821 1679857184.0 51
1679857184926 1679857184.0 52
1679857185425 1679857185.0 53
1679857185517 1679857185.0 54
1679857186038 1679857185.0 55
1679857186132 1679857186.0 56
1679857186614 1679857186.0 57
1679857186711 1679857186.0 58
1679857187195 1679857187.0 59
1679857187293 1679857187.0 60
1679857187790 1679857187.0 61
1679857187890 1679857187.0 62
1679857188385 1679857188.0 63
1679857188483 1679857188.0 64
1679857188997 1679857188.0 65
1679857189094 1679857189.0 66
1679857189599 1679857189.0 67
1679857189694 1679857189.0 68
1679857190234 1679857190.0 69
1679857190331 1679857190.0 70
1679857190832 1679857190.0 71
1679857190940 1679857190.0 72
1679857191467 1679857191.0 73
1679857191571 1679857191.0 74
1679857192125 1679857192.0 75
1679857192246 1679857192.0 76
1679857192801 1679857192.0 77
1679857192904 1679857192.0 78
1679857193432 1679857193.0 79
1679857193541 1679857193.0 80
1679857194060 1679857194.0 81
1679857194161 1679857194.0 82
1679857194701 1679857194.0 83
1679857194814 1679857194.0 84
1679857195360 1679857195.0 85
1679857195469 1679857195.0 86
1679857195994 1679857195.0 87
1679857196206 1679857196.0 88
1679857196732 1679857196.0 89
1679857196828 1679857196.0 90
1679857197326 1679857197.0 91
1679857197427 1679857197.0 92
1679857197935 1679857197.0 93
1679857198034 1679857197.0 94
1679857198510 1679857198.0 95
1679857198612 1679857198.0 96
1679857199094 1679857199.0 97
1679857199196 1679857199.0 98
1679857199680 1679857199.0 99
1679857199781 1679857199.0 100
1679857200294 1679857200.0 101
1679857200392 1679857200.0 102
1679857200874 1679857200.0 103
1679857200970 1679857200.0 104
1679857201460 1679857201.0 105
1679857201574 1679857201.0 106
1679857202061 1679857202.0 107
1679857202159 1679857202.0 108
1679857202671 1679857202.0 109
1679857202776 1679857202.0 110
1679857203263 1679857203.0 111
1679857203359 1679857203.0 112
1679857203848 1679857203.0 113
1679857203946 1679857203.0 114
1679857204431 1679857204.0 115
1679857204531 1679857204.0 116
1679857205028 1679857204.0 117
1679857205130 1679857205.0 118
1679857205633 1679857205.0 119
1679857205730 1679857205.0 120
1679857206220 1679857206.0 121
1679857206321 1679857206.0 122
1679857206808 1679857206.0 123
1679857206911 1679857206.0 124
1679857207500 1679857207.0 125
1679857207606 1679857207.0 126
1679857208109 1679857208.0 127
1679857208223 1679857208.0 128
1679857208708 1679857208.0 129
1679857208820 1679857208.0 130
1679857209410 1679857209.0 131
1679857209511 1679857209.0 132
1679857210018 1679857209.0 133
1679857210120 1679857210.0 134
1679857210624 1679857210.0 135
1679857210725 1679857210.0 136
1679857211214 1679857211.0 137
1679857211315 1679857211.0 138
1679857211823 1679857211.0 139
1679857211929 1679857211.0 140
1679857212445 1679857212.0 141
1679857212554 1679857212.0 142
1679857213064 1679857213.0 143
1679857213164 1679857213.0 144
1679857213664 1679857213.0 145
1679857213763 1679857213.0 146
1679857214254 1679857214.0 147
1679857214355 1679857214.0 148
1679857214846 1679857214.0 149
1679857214956 1679857214.0 150
1679857215468 1679857215.0 151
1679857215566 1679857215.0 152
1679857216056 1679857216.0 153
1679857216162 1679857216.0 154
1679857216675 1679857216.0 155
1679857216777 1679857216.0 156
1679857217276 1679857217.0 157
1679857217388 1679857217.0 158
1679857217903 1679857217.0 159
1679857218006 1679857217.0 160
1679857218595 1679857218.0 161
1679857218696 1679857218.0 162
1679857219181 1679857219.0 163
1679857219281 1679857219.0 164
1679857219773 1679857219.0 165
1679857219914 1679857219.0 166
1679857220439 1679857220.0 167
1679857220546 1679857220.0 168
1679857221061 1679857221.0 169
1679857221163 1679857221.0 170
1679857221661 1679857221.0 171
1679857221761 1679857221.0 172
1679857222300 1679857222.0 173
1679857222424 1679857222.0 174
1679857222998 1679857222.0 175
1679857223111 1679857223.0 176
1679857223667 1679857223.0 177
1679857223780 1679857223.0 178
1679857224343 1679857224.0 179
1679857224456 1679857224.0 180
1679857225001 1679857224.0 181
1679857225114 1679857225.0 182
1679857225666 1679857225.0 183
1679857225779 1679857225.0 184
1679857226319 1679857226.0 185
1679857226435 1679857226.0 186
1679857226975 1679857226.0 187
1679857227086 1679857227.0 188
1679857227628 1679857227.0 189
1679857227744 1679857227.0 190
1679857228232 1679857228.0 191
1679857228336 1679857228.0 192
1679857228822 1679857228.0 193
1679857228924 1679857228.0 194
1679857229426 1679857229.0 195
1679857229531 1679857229.0 196
1679857230108 1679857230.0 197
1679857230217 1679857230.0 198
1679857230736 1679857230.0 199
1679857230850 1679857230.0 200
1679857231370 1679857231.0 201
1679857231473 1679857231.0 202
1679857231980 1679857231.0 203
1679857232083 1679857232.0 204
1679857232614 1679857232.0 205
1679857232722 1679857232.0 206
1679857233239 1679857233.0 207
1679857233346 1679857233.0 208
1679857233835 1679857233.0 209
1679857233942 1679857233.0 210
1679857234436 1679857234.0 211
1679857234543 1679857234.0 212
1679857235068 1679857235.0 213
1679857235175 1679857235.0 214
1679857235683 1679857235.0 215
1679857235787 1679857235.0 216
1679857236278 1679857236.0 217
1679857236387 1679857236.0 218
1679857236888 1679857236.0 219
1679857236999 1679857236.0 220
1679857237503 1679857237.0 221
1679857237614 1679857237.0 222
1679857238128 1679857238.0 223
1679857238240 1679857238.0 224
1679857238763 1679857238.0 225
1679857238874 1679857238.0 226
1679857239402 1679857239.0 227
1679857239510 1679857239.0 228
1679857240034 1679857239.0 229
1679857240149 1679857240.0 230
1679857240659 1679857240.0 231
1679857240766 1679857240.0 232
1679857241267 1679857241.0 233
1679857241449 1679857241.0 234
1679857241961 1679857241.0 235
1679857242072 1679857242.0 236
1679857242599 1679857242.0 237
1679857242714 1679857242.0 238
1679857243216 1679857243.0 239
1679857243342 1679857243.0 240
1679857243841 1679857243.0 241
1679857243949 1679857243.0 242
1679857244449 1679857244.0 243
1679857244559 1679857244.0 244
1679857245083 1679857245.0 245
1679857245202 1679857245.0 246
1679857245700 1679857245.0 247
1679857245815 1679857245.0 248
1679857246328 1679857246.0 249
1679857246437 1679857246.0 250
1679857246952 1679857246.0 251
1679857247063 1679857247.0 252
1679857247594 1679857247.0 253
1679857247707 1679857247.0 254
1679857248245 1679857248.0 255
1679857248383 1679857248.0 256
1679857248901 1679857248.0 257
1679857249014 1679857248.0 258
1679857249525 1679857249.0 259
1679857249633 1679857249.0 260
1679857250194 1679857250.0 261
1679857250305 1679857250.0 262
1679857250835 1679857250.0 263
1679857250944 1679857250.0 264
1679857251450 1679857251.0 265
1679857251560 1679857251.0 266
1679857252093 1679857252.0 267
1679857252212 1679857252.0 268
1679857252800 1679857252.0 269
1679857252920 1679857252.0 270
1679857253580 1679857253.0 271
1679857253716 1679857253.0 272
1679857254311 1679857254.0 273
1679857254429 1679857254.0 274
1679857254996 1679857254.0 275
1679857255117 1679857255.0 276
1679857255690 1679857255.0 277
1679857255810 1679857255.0 278
1679857256372 1679857256.0 279
1679857256497 1679857256.0 280
1679857257032 1679857256.0 281
1679857257139 1679857257.0 282
1679857257671 1679857257.0 283
1679857257787 1679857257.0 284
1679857258310 1679857258.0 285
1679857258417 1679857258.0 286
1679857258934 1679857258.0 287
1679857259081 1679857258.0 288
1679857259579 1679857259.0 289
1679857259702 1679857259.0 290
1679857260238 1679857260.0 291
1679857260343 1679857260.0 292
1679857260836 1679857260.0 293
1679857260945 1679857260.0 294
1679857261440 1679857261.0 295
1679857261547 1679857261.0 296
1679857262078 1679857262.0 297
1679857262184 1679857262.0 298
1679857262718 1679857262.0 299
1679857262815 1679857262.0 300
1679857262912 1679857262.0 301
