1679857169793 45.36164934556925 1
1679857170368 40.72127665781604 3
1679857170951 40.8047448963699 5
1679857171562 40.7856511522863 7
1679857172129 40.752013432794286 9
1679857172702 40.81255840242218 11
1679857173274 40.8030056638833 13
1679857173945 40.753718876550444 15
1679857174511 40.81939150690003 17
1679857175086 40.97928520031338 19
1679857175727 37.42449236920872 21
1679857176350 35.49434335771208 23
1679857176947 32.78598005792226 25
1679857177530 31.13301091037678 27
1679857178124 30.506737839825618 29
1679857178736 31.228486639889205 31
1679857179311 30.69871719834718 33
1679857179904 30.4902706297774 35
1679857180478 28.664298444626038 37
1679857181111 27.479893175102063 39
1679857181703 26.72999006874203 41
1679857182294 26.253743188821797 43
1679857182875 25.141396771893806 45
1679857183494 25.480716066245176 47
1679857184121 25.863916458367065 49
1679857184814 22.535249642881087 51
1679857185418 21.353461690846707 53
1679857186031 21.675804574337235 55
1679857186607 32.5979312376243 57
1679857187186 28.368706198842208 59
1679857187782 25.7006747329791 61
1679857188378 21.87553805514321 63
1679857188991 20.938545975825125 65
1679857189592 24.177143626633086 67
1679857190225 19.39383617756898 69
1679857190824 19.315927268968757 71
1679857191460 34.132436113901086 73
1679857192116 32.78028584218396 75
1679857192794 25.74611985596968 77
1679857193424 28.67353047188082 79
1679857194052 24.140936960539875 81
1679857194693 20.74593982070633 83
1679857195354 19.700697656575468 85
1679857195986 18.773680198419072 87
1679857196725 18.495731483881134 89
1679857197318 18.45877174153435 91
1679857197928 19.741329980431853 93
1679857198503 17.849088998903266 95
1679857199087 17.588002829807 97
1679857199674 17.039812476070846 99
1679857200286 17.589848853392922 101
1679857200867 17.428122020385427 103
1679857201454 16.765388313517462 105
1679857202054 17.3393843015035 107
1679857202663 17.33399326278344 109
1679857203255 16.107111104000005 111
1679857203840 15.675867881840787 113
1679857204425 15.809876481486109 115
1679857205019 16.65502702518654 117
1679857205625 15.606496696109804 119
1679857206213 19.328384687987015 121
1679857206800 16.7988297829768 123
1679857207492 15.772017217382453 125
1679857208101 15.054261165085235 127
1679857208701 15.108887446770808 129
1679857209403 17.50331281965055 131
1679857210011 15.128508194246441 133
1679857210616 14.964608693493462 135
1679857211206 14.767142169010247 137
1679857211816 14.882087505666703 139
1679857212437 14.56101549902934 141
1679857213055 15.078327688240222 143
1679857213655 14.287731551300471 145
1679857214246 14.263043170724714 147
1679857214838 13.927577046573882 149
1679857215460 13.814569113868094 151
1679857216049 14.275544301957046 153
1679857216667 14.191979093666934 155
1679857217270 14.37470843507836 157
1679857217896 14.268872859605647 159
1679857218588 14.14232157252613 161
1679857219173 14.129710367100639 163
1679857219765 13.725191703690973 165
1679857220432 13.519215758723917 167
1679857221054 13.505518621484233 169
1679857221654 13.381562276784209 171
1679857222292 13.28459696530884 173
1679857222991 13.501919854119652 175
1679857223661 13.30221250728416 177
1679857224335 13.29705641949115 179
1679857224993 13.011579229424036 181
1679857225659 13.323683752873606 183
1679857226312 13.32137205555443 185
1679857226966 13.18035819196948 187
1679857227619 13.412298661068931 189
1679857228224 12.744716190344723 191
1679857228815 12.95042166059293 193
1679857229419 12.401308172354426 195
1679857230102 12.958747049440374 197
1679857230729 12.607018080400062 199
1679857231363 12.805861238865036 201
1679857231973 12.786394947427542 203
1679857232607 13.086990289243392 205
1679857233232 12.921956626944798 207
1679857233828 12.789785211197453 209
1679857234430 12.784602486243108 211
1679857235060 12.582074561967339 213
1679857235676 12.475752597604597 215
1679857236271 12.58249226143529 217
1679857236881 12.508163897196452 219
1679857237495 12.437502260158716 221
1679857238122 12.357783114971893 223
1679857238755 11.917532551062127 225
1679857239394 12.287861037377866 227
1679857240026 12.490740290165771 229
1679857240652 12.35937361017204 231
1679857241259 12.030610253197336 233
1679857241954 12.079153739191296 235
1679857242592 12.547917953385797 237
1679857243209 12.091665938645859 239
1679857243833 12.01127114007716 241
1679857244441 11.965963655514626 243
1679857245076 11.89506474990713 245
1679857245693 11.77842130726895 247
1679857246320 12.014330492530256 249
1679857246944 11.953710747094558 251
1679857247587 11.947090747813487 253
1679857248237 12.064404198131001 255
1679857248895 11.652847771982248 257
1679857249516 11.936311626928457 259
1679857250186 11.592033368277015 261
1679857250828 11.755889558545048 263
1679857251444 12.072626439689149 265
1679857252085 12.143165411809154 267
1679857252792 11.74796153201958 269
1679857253572 11.930313422972262 271
1679857254305 11.905521874930162 273
1679857254989 12.109683946665498 275
1679857255683 11.813279568304875 277
1679857256363 11.958855138129726 279
1679857257025 11.544240964714934 281
1679857257662 12.03545654359465 283
1679857258303 11.897929398795277 285
1679857258928 12.059907943514757 287
1679857259572 11.652055232059565 289
1679857260231 11.762735515719662 291
1679857260830 11.893431234606807 293
1679857261432 11.683813215990346 295
1679857262071 11.636728670518838 297
1679857262710 11.43193582656676 299
