1680269700352 0.0 1
1680269700475 0.0 2
1680269701141 0.0 3
1680269701262 0.0 4
1680269701875 0.0 5
1680269702012 0.0 6
1680269702648 0.0 7
1680269702785 0.0 8
1680269703392 0.0 9
1680269703518 0.0 10
1680269704087 0.0 11
1680269704220 0.0 12
1680269704873 0.0 13
1680269705005 0.0 14
1680269705552 0.0 15
1680269705682 0.0 16
1680269706265 0.0 17
1680269706391 0.0 18
1680269706978 0.0 19
1680269707104 0.0 20
1680269707761 0.0 21
1680269707882 0.0 22
1680269708433 0.0 23
1680269708557 0.0 24
1680269709122 0.0 25
1680269709248 0.0 26
1680269709830 0.0 27
1680269709954 0.0 28
1680269710513 0.0 29
1680269710644 0.0 30
1680269711281 0.0 31
1680269711401 0.0 32
1680269711959 0.0 33
1680269712095 0.0 34
1680269712647 0.0 35
1680269712766 0.0 36
1680269713308 0.0 37
1680269713433 0.0 38
1680269714037 0.0 39
1680269714159 0.0 40
1680269714728 0.0 41
1680269714846 0.0 42
1680269715383 0.0 43
1680269715502 0.0 44
1680269716044 0.0 45
1680269716183 0.0 46
1680269716750 0.0 47
1680269716882 0.0 48
1680269717560 0.0 49
1680269717704 0.0 50
1680269718332 0.0 51
1680269718462 0.0 52
1680269719050 0.0 53
1680269719176 0.0 54
1680269719744 0.0 55
1680269719867 0.0 56
1680269720535 0.0 57
1680269720674 0.0 58
1680269721298 0.0 59
1680269721450 0.0 60
1680269722088 0.0 61
1680269722229 0.0 62
1680269722842 0.0 63
1680269722987 0.0 64
1680269723600 0.0 65
1680269723736 0.0 66
1680269724452 0.0 67
1680269724591 0.0 68
1680269725183 0.0 69
1680269725328 0.0 70
1680269725900 0.0 71
1680269726035 0.0 72
1680269726592 0.0 73
1680269726723 0.0 74
1680269727292 0.0 75
1680269727499 0.0 76
1680269728054 0.0 77
1680269728182 0.0 78
1680269728761 0.0 79
1680269728900 0.0 80
1680269729532 0.0 81
1680269729667 0.0 82
1680269730247 0.0 83
1680269730377 0.0 84
1680269730945 0.0 85
1680269731159 0.0 86
1680269731737 0.0 87
1680269731874 0.0 88
1680269732423 0.0 89
1680269732551 0.0 90
1680269733124 0.0 91
1680269733249 0.0 92
1680269733820 0.0 93
1680269733960 0.0 94
1680269734653 0.0 95
1680269734784 0.0 96
1680269735357 0.0 97
1680269735484 0.0 98
1680269736048 0.0 99
1680269736176 0.0 100
1680269736760 0.0 101
1680269736893 0.0 102
1680269737452 0.0 103
1680269737657 0.0 104
1680269738209 0.0 105
1680269738335 0.0 106
1680269738898 0.0 107
1680269739045 0.0 108
1680269739680 0.0 109
1680269739805 0.0 110
1680269740361 0.0 111
1680269740486 0.0 112
1680269741157 0.0 113
1680269741288 0.0 114
1680269741873 0.0 115
1680269742008 0.0 116
1680269742572 0.0 117
1680269742705 0.0 118
1680269743278 0.0 119
1680269743406 0.0 120
1680269743996 0.0 121
1680269744143 0.0 122
1680269744823 0.0 123
1680269744952 0.0 124
1680269745527 0.0 125
1680269745659 0.0 126
1680269746249 0.0 127
1680269746378 0.0 128
1680269746975 0.0 129
1680269747107 0.0 130
1680269747671 0.0 131
1680269747803 0.0 132
1680269748437 0.0 133
1680269748564 0.0 134
1680269749151 0.0 135
1680269749288 0.0 136
1680269749876 0.0 137
1680269750005 0.0 138
1680269750571 0.0 139
1680269750697 0.0 140
1680269751364 0.0 141
1680269751597 0.0 142
1680269752209 0.0 143
1680269752349 0.0 144
1680269752959 0.0 145
1680269753100 0.0 146
1680269753710 0.0 147
1680269753861 0.0 148
1680269754487 0.0 149
1680269754635 0.0 150
1680269755342 0.0 151
1680269755489 0.0 152
1680269756095 0.0 153
1680269756225 0.0 154
1680269756811 0.0 155
1680269756956 0.0 156
1680269757516 0.0 157
1680269757650 0.0 158
1680269758229 0.0 159
1680269758362 0.0 160
1680269759032 0.0 161
1680269759172 0.0 162
1680269759785 0.0 163
1680269759920 0.0 164
1680269760519 0.0 165
1680269760661 0.0 166
1680269761274 0.0 167
1680269761411 0.0 168
1680269762034 0.0 169
1680269762247 0.0 170
1680269762824 0.0 171
1680269762959 0.0 172
1680269763518 0.0 173
1680269763647 0.0 174
1680269764230 0.0 175
1680269764357 0.0 176
1680269764908 0.0 177
1680269765040 0.0 178
1680269765693 0.0 179
1680269765824 0.0 180
1680269766396 0.0 181
1680269766533 0.0 182
1680269767119 0.0 183
1680269767255 0.0 184
1680269767807 0.0 185
1680269767937 0.0 186
1680269768492 0.0 187
1680269768624 0.0 188
1680269769275 0.0 189
1680269769409 0.0 190
1680269769951 0.0 191
1680269770079 0.0 192
1680269770625 0.0 193
1680269770754 0.0 194
1680269771346 0.0 195
1680269771485 0.0 196
1680269772083 0.0 197
1680269772298 0.0 198
1680269772902 0.0 199
1680269773045 0.0 200
1680269773634 0.0 201
1680269773769 0.0 202
1680269774367 0.0 203
1680269774496 0.0 204
1680269775079 0.0 205
1680269775219 0.0 206
1680269775790 0.0 207
1680269776014 0.0 208
1680269776628 0.0 209
1680269776769 0.0 210
1680269777360 0.0 211
1680269777509 0.0 212
1680269778079 0.0 213
1680269778214 0.0 214
1680269778780 0.0 215
1680269778913 0.0 216
1680269779595 0.0 217
1680269779728 0.0 218
1680269780310 0.0 219
1680269780479 0.0 220
1680269781142 0.0 221
1680269781328 0.0 222
1680269782018 0.0 223
1680269782169 0.0 224
1680269782789 0.0 225
1680269782939 0.0 226
1680269783660 0.0 227
1680269783805 0.0 228
1680269784462 0.0 229
1680269784609 0.0 230
1680269785255 0.0 231
1680269785402 0.0 232
1680269785962 0.0 233
1680269786093 0.0 234
1680269786778 0.0 235
1680269786923 0.0 236
1680269787520 0.0 237
1680269787655 0.0 238
1680269788216 0.0 239
1680269788351 0.0 240
1680269788943 0.0 241
1680269789083 0.0 242
1680269789655 0.0 243
1680269789789 0.0 244
1680269790439 0.0 245
1680269790573 0.0 246
1680269791158 0.0 247
1680269791291 0.0 248
1680269791883 0.0 249
1680269792019 0.0 250
1680269792588 0.0 251
1680269792723 0.0 252
1680269793404 0.0 253
1680269793551 0.0 254
1680269794137 0.0 255
1680269794278 0.0 256
1680269794861 0.0 257
1680269794998 0.0 258
1680269795588 0.0 259
1680269795722 0.0 260
1680269796305 0.0 261
1680269796456 0.0 262
1680269797122 0.0 263
1680269797261 0.0 264
1680269797841 0.0 265
1680269797977 0.0 266
1680269798578 0.0 267
1680269798710 0.0 268
1680269799317 0.0 269
1680269799490 0.0 270
1680269800147 0.0 271
1680269800291 0.0 272
1680269800836 0.0 273
1680269800971 0.0 274
1680269801564 0.0 275
1680269801708 0.0 276
1680269802287 0.0 277
1680269802427 0.0 278
1680269803044 0.0 279
1680269803194 0.0 280
1680269803872 0.0 281
1680269804017 0.0 282
1680269804602 0.0 283
1680269804744 0.0 284
1680269805304 0.0 285
1680269805439 0.0 286
1680269806024 0.0 287
1680269806160 0.0 288
1680269806825 0.0 289
1680269806961 0.0 290
1680269807525 0.0 291
1680269807662 0.0 292
1680269808239 0.0 293
1680269808378 0.0 294
1680269808958 0.0 295
1680269809099 0.0 296
1680269809684 0.0 297
1680269809828 0.0 298
1680269810468 0.0 299
1680269810607 0.0 300
1680269810718 0.0 301
