1680269700350 3.8727903366088867 1
1680269700472 3.9730443954467773 2
1680269701139 4.623741626739502 3
1680269701260 4.75803804397583 4
1680269701872 5.3667566776275635 5
1680269702010 5.5015435218811035 6
1680269702645 6.1354875564575195 7
1680269702782 6.27165150642395 8
1680269703390 6.883641481399536 9
1680269703516 7.008639335632324 10
1680269704084 7.58177924156189 11
1680269704217 7.707432746887207 12
1680269704871 8.368489980697632 13
1680269705002 8.48774790763855 14
1680269705549 9.042906522750854 15
1680269705680 9.1766836643219 16
1680269706262 9.75550889968872 17
1680269706389 9.882680177688599 18
1680269706977 10.464682340621948 19
1680269707101 10.594793319702148 20
1680269707759 11.250603914260864 21
1680269707880 11.375113248825073 22
1680269708431 11.928736448287964 23
1680269708554 12.048821687698364 24
1680269709120 12.617632389068604 25
1680269709246 12.737796783447266 26
1680269709828 13.324343919754028 27
1680269709950 13.448286056518555 28
1680269710510 14.005027294158936 29
1680269710642 14.13602590560913 30
1680269711280 14.775149822235107 31
1680269711399 14.89376711845398 32
1680269711956 15.450991868972778 33
1680269712093 15.575363397598267 34
1680269712645 16.14071750640869 35
1680269712764 16.258692741394043 36
1680269713306 16.802924156188965 37
1680269713431 16.922664642333984 38
1680269714035 17.530881643295288 39
1680269714156 17.653018474578857 40
1680269714726 18.215927600860596 41
1680269714844 18.339826583862305 42
1680269715381 18.877802848815918 43
1680269715499 18.99669575691223 44
1680269716042 19.53550696372986 45
1680269716181 19.66503405570984 46
1680269716748 20.2416353225708 47
1680269716879 20.371792793273926 48
1680269717557 21.042561769485474 49
1680269717701 21.190672397613525 50
1680269718330 21.821725606918335 51
1680269718460 21.950566053390503 52
1680269719048 22.538135290145874 53
1680269719174 22.668967962265015 54
1680269719741 23.23747491836548 55
1680269719865 23.358906269073486 56
1680269720533 24.022915840148926 57
1680269720671 24.15465784072876 58
1680269721295 24.78078031539917 59
1680269721447 24.927623748779297 60
1680269722085 25.560707330703735 61
1680269722227 25.71566152572632 62
1680269722840 26.323933362960815 63
1680269722984 26.467830657958984 64
1680269723598 27.08476233482361 65
1680269723734 27.218626499176025 66
1680269724449 27.938477516174316 67
1680269724589 28.072700262069702 68
1680269725181 28.67291760444641 69
1680269725326 28.805047035217285 70
1680269725897 29.41856098175049 71
1680269726032 29.519522190093994 72
1680269726589 30.08068871498108 73
1680269726721 30.211681604385376 74
1680269727289 30.77397918701172 75
1680269727496 30.985522747039795 76
1680269728051 31.54192352294922 77
1680269728180 31.670031309127808 78
1680269728759 32.25070905685425 79
1680269728897 32.38658595085144 80
1680269729530 33.009642362594604 81
1680269729664 33.158411264419556 82
1680269730244 33.73488521575928 83
1680269730375 33.861506938934326 84
1680269730943 34.43474102020264 85
1680269731156 34.63943958282471 86
1680269731734 35.227126121520996 87
1680269731872 35.35943531990051 88
1680269732421 35.91174340248108 89
1680269732547 36.03577923774719 90
1680269733122 36.616044998168945 91
1680269733247 36.738009214401245 92
1680269733818 37.3115074634552 93
1680269733957 37.438071727752686 94
1680269734649 38.1427161693573 95
1680269734782 38.27153444290161 96
1680269735355 38.839208126068115 97
1680269735482 38.97445011138916 98
1680269736045 39.538761615753174 99
1680269736173 39.66356611251831 100
1680269736758 40.24076247215271 101
1680269736890 40.379273653030396 102
1680269737449 40.931753158569336 103
1680269737655 41.14667248725891 104
1680269738207 41.6957905292511 105
1680269738332 41.82438659667969 106
1680269738896 42.38651704788208 107
1680269739042 42.517345666885376 108
1680269739678 43.16508769989014 109
1680269739803 43.296496868133545 110
1680269740359 43.846280574798584 111
1680269740484 43.975040912628174 112
1680269741155 44.64316773414612 113
1680269741285 44.77641201019287 114
1680269741871 45.35771608352661 115
1680269742005 45.49162459373474 116
1680269742570 46.05951142311096 117
1680269742703 46.19408869743347 118
1680269743275 46.76373362541199 119
1680269743404 46.89166331291199 120
1680269743993 47.47684288024902 121
1680269744140 47.619290828704834 122
1680269744820 48.306633949279785 123
1680269744950 48.43955373764038 124
1680269745524 49.01565623283386 125
1680269745656 49.145668745040894 126
1680269746247 49.73671221733093 127
1680269746375 49.86472964286804 128
1680269746973 50.46261191368103 129
1680269747104 50.59372401237488 130
1680269747669 51.160829067230225 131
1680269747799 51.29062819480896 132
1680269748435 51.92352652549744 133
1680269748562 52.05156064033508 134
1680269749148 52.62937903404236 135
1680269749286 52.771554470062256 136
1680269749872 53.36345720291138 137
1680269750003 53.492817878723145 138
1680269750570 54.05102181434631 139
1680269750695 54.184683084487915 140
1680269751362 54.842591524124146 141
1680269751594 55.074584007263184 142
1680269752207 55.689208030700684 143
1680269752345 55.830610036849976 144
1680269752956 56.43478059768677 145
1680269753098 56.57593035697937 146
1680269753707 57.19172501564026 147
1680269753858 57.32978701591492 148
1680269754484 57.96297597885132 149
1680269754633 58.11174416542053 150
1680269755340 58.82172441482544 151
1680269755485 58.959136724472046 152
1680269756093 59.58063817024231 153
1680269756222 59.70771384239197 154
1680269756809 60.29493188858032 155
1680269756952 60.43661856651306 156
1680269757513 60.99844169616699 157
1680269757648 61.13564920425415 158
1680269758227 61.71097445487976 159
1680269758359 61.847734212875366 160
1680269759030 62.50877261161804 161
1680269759169 62.65156531333923 162
1680269759783 63.269381284713745 163
1680269759917 63.40367126464844 164
1680269760516 64.00498247146606 165
1680269760658 64.13966059684753 166
1680269761272 64.75648164749146 167
1680269761409 64.89093828201294 168
1680269762032 65.51771926879883 169
1680269762245 65.72945547103882 170
1680269762822 66.30930018424988 171
1680269762956 66.44412779808044 172
1680269763516 67.00764179229736 173
1680269763644 67.13283920288086 174
1680269764228 67.71092367172241 175
1680269764354 67.84347414970398 176
1680269764906 68.3918228149414 177
1680269765038 68.52502775192261 178
1680269765691 69.17884087562561 179
1680269765822 69.30734658241272 180
1680269766393 69.87966108322144 181
1680269766530 70.01623606681824 182
1680269767117 70.60499334335327 183
1680269767252 70.7334496974945 184
1680269767805 71.2930953502655 185
1680269767934 71.42188048362732 186
1680269768491 71.98062133789062 187
1680269768621 72.10710787773132 188
1680269769273 72.7596161365509 189
1680269769406 72.89277839660645 190
1680269769949 73.43295907974243 191
1680269770076 73.56573486328125 192
1680269770622 74.14296984672546 193
1680269770752 74.24070954322815 194
1680269771344 74.83306050300598 195
1680269771483 74.96260976791382 196
1680269772081 75.56824517250061 197
1680269772297 75.78369045257568 198
1680269772900 76.37664103507996 199
1680269773043 76.52172064781189 200
1680269773631 77.11861991882324 201
1680269773766 77.24960899353027 202
1680269774364 77.84958219528198 203
1680269774494 77.98187780380249 204
1680269775077 78.55875706672668 205
1680269775216 78.70071196556091 206
1680269775788 79.27634024620056 207
1680269776011 79.49282813072205 208
1680269776626 80.10382103919983 209
1680269776766 80.24996066093445 210
1680269777358 80.8436291217804 211
1680269777507 80.97902131080627 212
1680269778077 81.56296420097351 213
1680269778211 81.69929075241089 214
1680269778778 82.26490139961243 215
1680269778910 82.3977963924408 216
1680269779593 83.0764570236206 217
1680269779726 83.20945906639099 218
1680269780307 83.78145909309387 219
1680269780477 83.94495105743408 220
1680269781139 84.61381793022156 221
1680269781325 84.78053402900696 222
1680269782015 85.4977297782898 223
1680269782166 85.63798403739929 224
1680269782787 86.26664447784424 225
1680269782935 86.40910196304321 226
1680269783657 87.13171195983887 227
1680269783802 87.2848289012909 228
1680269784460 87.93496131896973 229
1680269784606 88.08664393424988 230
1680269785253 88.7275071144104 231
1680269785400 88.87475275993347 232
1680269785960 89.48177075386047 233
1680269786090 89.57578349113464 234
1680269786776 90.25930190086365 235
1680269786921 90.39737892150879 236
1680269787518 91.00301146507263 237
1680269787652 91.13747501373291 238
1680269788214 91.6960437297821 239
1680269788348 91.83153963088989 240
1680269788941 92.42360877990723 241
1680269789081 92.56468749046326 242
1680269789653 93.1394636631012 243
1680269789786 93.26971697807312 244
1680269790436 93.92069458961487 245
1680269790571 94.05501699447632 246
1680269791156 94.6384699344635 247
1680269791288 94.77502608299255 248
1680269791880 95.36516833305359 249
1680269792017 95.49753499031067 250
1680269792585 96.06702852249146 251
1680269792721 96.20599937438965 252
1680269793402 96.8846504688263 253
1680269793547 97.0191867351532 254
1680269794134 97.61440920829773 255
1680269794276 97.75861144065857 256
1680269794859 98.34520125389099 257
1680269794996 98.47687029838562 258
1680269795585 99.06353759765625 259
1680269795720 99.20406699180603 260
1680269796303 99.78573799133301 261
1680269796453 99.92550683021545 262
1680269797118 100.60269927978516 263
1680269797259 100.74147915840149 264
1680269797838 101.31980180740356 265
1680269797975 101.45889139175415 266
1680269798575 102.05479526519775 267
1680269798708 102.19444370269775 268
1680269799314 102.78675866127014 269
1680269799488 102.9534649848938 270
1680269800145 103.62771153450012 271
1680269800289 103.76151633262634 272
1680269800833 104.35322880744934 273
1680269800969 104.44824004173279 274
1680269801561 105.03801393508911 275
1680269801705 105.18259406089783 276
1680269802285 105.76862835884094 277
1680269802425 105.9063515663147 278
1680269803041 106.50364685058594 279
1680269803192 106.66956353187561 280
1680269803869 107.34968972206116 281
1680269804015 107.48881125450134 282
1680269804600 108.08185601234436 283
1680269804742 108.22744750976562 284
1680269805301 108.78186511993408 285
1680269805436 108.91968727111816 286
1680269806021 109.5006947517395 287
1680269806158 109.63879084587097 288
1680269806823 110.30345010757446 289
1680269806959 110.44078373908997 290
1680269807522 111.00595116615295 291
1680269807660 111.139897108078 292
1680269808238 111.71667957305908 293
1680269808376 111.85855269432068 294
1680269808955 112.43558549880981 295
1680269809097 112.57869291305542 296
1680269809682 113.16455554962158 297
1680269809826 113.30753684043884 298
1680269810466 113.94779419898987 299
1680269810604 114.08522534370422 300
1680269810716 114.19695258140564 301
