1679919366976 0.0 1
1679919367145 0.0 2
1679919367965 0.0 3
1679919368109 0.0 4
1679919368793 0.0 5
1679919368933 0.0 6
1679919369622 0.0 7
1679919369777 0.0 8
1679919370609 0.0 9
1679919370787 0.0 10
1679919371569 0.0 11
1679919371737 0.0 12
1679919372543 0.0 13
1679919372698 0.0 14
1679919373489 0.0 15
1679919373734 0.0 16
1679919374436 0.0 17
1679919374577 0.0 18
1679919375313 0.0 19
1679919375460 0.0 20
1679919376232 0.0 21
1679919376484 0.0 22
1679919377192 0.0 23
1679919377354 0.0 24
1679919378091 0.0 25
1679919378259 0.0 26
1679919379009 0.0 27
1679919379159 0.0 28
1679919379970 0.0 29
1679919380127 0.0 30
1679919380965 0.0 31
1679919381142 0.0 32
1679919382115 0.0 33
1679919382327 0.0 34
1679919383279 0.0 35
1679919383455 0.0 36
1679919384333 0.0 37
1679919384491 0.0 38
1679919385320 0.0 39
1679919385487 0.0 40
1679919386332 0.0 41
1679919386493 0.0 42
1679919387257 0.0 43
1679919387445 0.0 44
1679919388198 0.0 45
1679919388348 0.0 46
1679919389137 0.0 47
1679919389286 0.0 48
1679919390099 0.0 49
1679919390247 0.0 50
1679919390972 0.0 51
1679919391132 0.0 52
1679919391906 0.0 53
1679919392071 0.0 54
1679919392882 0.0 55
1679919393055 0.0 56
1679919393805 0.0 57
1679919394000 0.0 58
1679919394730 0.0 59
1679919394878 0.0 60
1679919395642 0.0 61
1679919395871 0.0 62
1679919396608 0.0 63
1679919396764 0.0 64
1679919397510 0.0 65
1679919397664 0.0 66
1679919398423 0.0 67
1679919398660 0.0 68
1679919399414 0.0 69
1679919399588 0.0 70
1679919400333 0.0 71
1679919400510 0.0 72
1679919401226 0.0 73
1679919401378 0.0 74
1679919402227 0.0 75
1679919402380 0.0 76
1679919403128 0.0 77
1679919403280 0.0 78
1679919404010 0.0 79
1679919404170 0.0 80
1679919404978 0.0 81
1679919405158 0.0 82
1679919405903 0.0 83
1679919406050 0.0 84
1679919406819 0.0 85
1679919406968 0.0 86
1679919407751 0.0 87
1679919407904 0.0 88
1679919408751 0.0 89
1679919408911 0.0 90
1679919409646 0.0 91
1679919409829 0.0 92
1679919410609 0.0 93
1679919410820 0.0 94
1679919411649 0.0 95
1679919411807 0.0 96
1679919412591 0.0 97
1679919412761 0.0 98
1679919413629 0.0 99
1679919413779 0.0 100
1679919414594 0.0 101
1679919414747 0.0 102
1679919415597 0.0 103
1679919415765 0.0 104
1679919416608 0.0 105
1679919416773 0.0 106
1679919417530 0.0 107
1679919417777 0.0 108
1679919418551 0.0 109
1679919418709 0.0 110
1679919419498 0.0 111
1679919419654 0.0 112
1679919420468 0.0 113
1679919420652 0.0 114
1679919421490 0.0 115
1679919421658 0.0 116
1679919422416 0.0 117
1679919422573 0.0 118
1679919423354 0.0 119
1679919423529 0.0 120
1679919424414 0.0 121
1679919424582 0.0 122
1679919425325 0.0 123
1679919425490 0.0 124
1679919426266 0.0 125
1679919426416 0.0 126
1679919427246 0.0 127
1679919427412 0.0 128
1679919428200 0.0 129
1679919428351 0.0 130
1679919429133 0.0 131
1679919429301 0.0 132
1679919430038 0.0 133
1679919430209 0.0 134
1679919431033 0.0 135
1679919431256 0.0 136
1679919432032 0.0 137
1679919432197 0.0 138
1679919432968 0.0 139
1679919433159 0.0 140
1679919433992 0.0 141
1679919434146 0.0 142
1679919434976 0.0 143
1679919435146 0.0 144
1679919435941 0.0 145
1679919436107 0.0 146
1679919436875 0.0 147
1679919437116 0.0 148
1679919437867 0.0 149
1679919438039 0.0 150
1679919438762 0.0 151
1679919438925 0.0 152
1679919439662 0.0 153
1679919439821 0.0 154
1679919440760 0.0 155
1679919440917 0.0 156
1679919441724 0.0 157
1679919441886 0.0 158
1679919442737 0.0 159
1679919442906 0.0 160
1679919443747 0.0 161
1679919443958 0.0 162
1679919444745 0.0 163
1679919444904 0.0 164
1679919445731 0.0 165
1679919445903 0.0 166
1679919446839 0.0 167
1679919447022 0.0 168
1679919447867 0.0 169
1679919448054 0.0 170
1679919448909 0.0 171
1679919449118 0.0 172
1679919449965 0.0 173
1679919450240 0.0 174
1679919451090 0.0 175
1679919451247 0.0 176
1679919452012 0.0 177
1679919452176 0.0 178
1679919452957 0.0 179
1679919453118 0.0 180
1679919453980 0.0 181
1679919454179 0.0 182
1679919454923 0.0 183
1679919455091 0.0 184
1679919455911 0.0 185
1679919456079 0.0 186
1679919456946 0.0 187
1679919457125 0.0 188
1679919457941 0.0 189
1679919458103 0.0 190
1679919458890 0.0 191
1679919459060 0.0 192
1679919459818 0.0 193
1679919460069 0.0 194
1679919460856 0.0 195
1679919461015 0.0 196
1679919461838 0.0 197
1679919462001 0.0 198
1679919462789 0.0 199
1679919462969 0.0 200
1679919463856 0.0 201
1679919464029 0.0 202
1679919464795 0.0 203
1679919464998 0.0 204
1679919465794 0.0 205
1679919465954 0.0 206
1679919466821 0.0 207
1679919466983 0.0 208
1679919467775 0.0 209
1679919467938 0.0 210
1679919468769 0.0 211
1679919468938 0.0 212
1679919469801 0.0 213
1679919469968 0.0 214
1679919470741 0.0 215
1679919470899 0.0 216
1679919471760 0.0 217
1679919471939 0.0 218
1679919472736 0.0 219
1679919472889 0.0 220
1679919473692 0.0 221
1679919473853 0.0 222
1679919474593 0.0 223
1679919474750 0.0 224
1679919475540 0.0 225
1679919475728 0.0 226
1679919476547 0.0 227
1679919476715 0.0 228
1679919477480 0.0 229
1679919477643 0.0 230
1679919478390 0.0 231
1679919478548 0.0 232
1679919479293 0.0 233
1679919479534 0.0 234
1679919480263 0.0 235
1679919480447 0.0 236
1679919481177 0.0 237
1679919481372 0.0 238
1679919482095 0.0 239
1679919482333 0.0 240
1679919483076 0.0 241
1679919483226 0.0 242
1679919483996 0.0 243
1679919484148 0.0 244
1679919484914 0.0 245
1679919485093 0.0 246
1679919485934 0.0 247
1679919486090 0.0 248
1679919486840 0.0 249
1679919487002 0.0 250
1679919487705 0.0 251
1679919487865 0.0 252
1679919488666 0.0 253
1679919488822 0.0 254
1679919489590 0.0 255
1679919489741 0.0 256
1679919490474 0.0 257
1679919490637 0.0 258
1679919491406 0.0 259
1679919491573 0.0 260
1679919492253 0.0 261
1679919492441 0.0 262
1679919493176 0.0 263
1679919493329 0.0 264
1679919494020 0.0 265
1679919494176 0.0 266
1679919494944 0.0 267
1679919495101 0.0 268
1679919495844 0.0 269
1679919496011 0.0 270
1679919496705 0.0 271
1679919496865 0.0 272
1679919497626 0.0 273
1679919497821 0.0 274
1679919498554 0.0 275
1679919498706 0.0 276
1679919499501 0.0 277
1679919499684 0.0 278
1679919500549 0.0 279
1679919500813 0.0 280
1679919501606 0.0 281
1679919501800 0.0 282
1679919502575 0.0 283
1679919502761 0.0 284
1679919503616 0.0 285
1679919503906 0.0 286
1679919504681 0.0 287
1679919504849 0.0 288
1679919505596 0.0 289
1679919505752 0.0 290
1679919506471 0.0 291
1679919506627 0.0 292
1679919507468 0.0 293
1679919507629 0.0 294
1679919508388 0.0 295
1679919508554 0.0 296
1679919509264 0.0 297
1679919509422 0.0 298
1679919510224 0.0 299
1679919510390 0.0 300
1679919511111 0.0 301
1679919511270 0.0 302
1679919511988 0.0 303
1679919512142 0.0 304
1679919512996 0.0 305
1679919513161 0.0 306
1679919513868 0.0 307
1679919514034 0.0 308
1679919514758 0.0 309
1679919514930 0.0 310
1679919515692 0.0 311
1679919515849 0.0 312
1679919516670 0.0 313
1679919516837 0.0 314
1679919517553 0.0 315
1679919517743 0.0 316
1679919518474 0.0 317
1679919518644 0.0 318
1679919519461 0.0 319
1679919519633 0.0 320
1679919520395 0.0 321
1679919520558 0.0 322
1679919521282 0.0 323
1679919521448 0.0 324
1679919522168 0.0 325
1679919522413 0.0 326
1679919523176 0.0 327
1679919523358 0.0 328
1679919524081 0.0 329
1679919524243 0.0 330
1679919524959 0.0 331
1679919525133 0.0 332
1679919525972 0.0 333
1679919526137 0.0 334
1679919526853 0.0 335
1679919527015 0.0 336
1679919527720 0.0 337
1679919527893 0.0 338
1679919528706 0.0 339
1679919528887 0.0 340
1679919529602 0.0 341
1679919529767 0.0 342
1679919530512 0.0 343
1679919530681 0.0 344
1679919531471 0.0 345
1679919531630 0.0 346
1679919532347 0.0 347
1679919532514 0.0 348
1679919533272 0.0 349
1679919533439 0.0 350
1679919534152 0.0 351
1679919534334 0.0 352
1679919535141 0.0 353
1679919535324 0.0 354
1679919536049 0.0 355
1679919536222 0.0 356
1679919536927 0.0 357
1679919537092 0.0 358
1679919537911 0.0 359
1679919538081 0.0 360
1679919538810 0.0 361
1679919538973 0.0 362
1679919539691 0.0 363
1679919539875 0.0 364
1679919540631 0.0 365
1679919540873 0.0 366
1679919541584 0.0 367
1679919541753 0.0 368
1679919542463 0.0 369
1679919542631 0.0 370
1679919543389 0.0 371
1679919543555 0.0 372
1679919544372 0.0 373
1679919544537 0.0 374
1679919545280 0.0 375
1679919545474 0.0 376
1679919546209 0.0 377
1679919546372 0.0 378
1679919547198 0.0 379
1679919547370 0.0 380
1679919548152 0.0 381
1679919548312 0.0 382
1679919549016 0.0 383
1679919549184 0.0 384
1679919549998 0.0 385
1679919550164 0.0 386
1679919550898 0.0 387
1679919551084 0.0 388
1679919551797 0.0 389
1679919551958 0.0 390
1679919552668 0.0 391
1679919552931 0.0 392
1679919553650 0.0 393
1679919553814 0.0 394
1679919554551 0.0 395
1679919554717 0.0 396
1679919555483 0.0 397
1679919555649 0.0 398
1679919556458 0.0 399
1679919556649 0.0 400
1679919556774 0.0 401
