1679919366990 0.0 1
1679919367156 0.0 2
1679919367976 0.0 3
1679919368123 0.0 4
1679919368805 0.0 5
1679919368945 0.0 6
1679919369635 0.0 7
1679919369789 0.0 8
1679919370621 0.0 9
1679919370800 0.0 10
1679919371580 0.0 11
1679919371749 0.0 12
1679919372555 0.0 13
1679919372712 0.0 14
1679919373502 0.0 15
1679919373747 0.0 16
1679919374448 0.0 17
1679919374590 0.0 18
1679919375324 0.0 19
1679919375473 0.0 20
1679919376245 0.0 21
1679919376496 0.0 22
1679919377208 0.0 23
1679919377367 0.0 24
1679919378103 0.0 25
1679919378272 0.0 26
1679919379022 0.0 27
1679919379171 0.0 28
1679919379982 0.0 29
1679919380142 0.0 30
1679919380978 0.0 31
1679919381157 0.0 32
1679919382130 0.0 33
1679919382343 0.0 34
1679919383292 0.0 35
1679919383469 0.0 36
1679919384346 0.0 37
1679919384504 0.0 38
1679919385332 0.0 39
1679919385500 0.0 40
1679919386344 0.0 41
1679919386505 0.0 42
1679919387271 0.0 43
1679919387458 0.0 44
1679919388210 0.0 45
1679919388360 0.0 46
1679919389148 0.0 47
1679919389298 0.0 48
1679919390110 0.0 49
1679919390259 0.0 50
1679919390985 0.0 51
1679919391145 0.0 52
1679919391918 0.0 53
1679919392086 0.0 54
1679919392895 0.0 55
1679919393068 0.0 56
1679919393819 0.0 57
1679919394013 0.0 58
1679919394742 0.0 59
1679919394892 0.0 60
1679919395654 0.0 61
1679919395883 0.0 62
1679919396619 0.0 63
1679919396777 0.0 64
1679919397522 0.0 65
1679919397679 0.0 66
1679919398435 0.0 67
1679919398673 0.0 68
1679919399426 0.0 69
1679919399600 0.0 70
1679919400346 0.0 71
1679919400523 0.0 72
1679919401238 0.0 73
1679919401390 0.0 74
1679919402238 0.0 75
1679919402392 0.0 76
1679919403140 0.0 77
1679919403292 0.0 78
1679919404022 0.0 79
1679919404181 0.0 80
1679919404990 0.0 81
1679919405170 0.0 82
1679919405916 0.0 83
1679919406062 0.0 84
1679919406831 0.0 85
1679919406979 0.0 86
1679919407764 0.0 87
1679919407916 0.0 88
1679919408764 0.0 89
1679919408927 0.0 90
1679919409657 0.0 91
1679919409843 0.0 92
1679919410626 0.0 93
1679919410832 0.0 94
1679919411661 0.0 95
1679919411819 0.0 96
1679919412604 0.0 97
1679919412777 0.0 98
1679919413641 0.0 99
1679919413790 0.0 100
1679919414605 0.0 101
1679919414760 0.0 102
1679919415608 0.0 103
1679919415778 0.0 104
1679919416621 0.0 105
1679919416785 0.0 106
1679919417542 0.0 107
1679919417789 0.0 108
1679919418564 0.0 109
1679919418724 0.0 110
1679919419510 0.0 111
1679919419666 0.0 112
1679919420481 0.0 113
1679919420666 0.0 114
1679919421502 0.0 115
1679919421670 0.0 116
1679919422429 0.0 117
1679919422586 0.0 118
1679919423367 0.0 119
1679919423543 0.0 120
1679919424426 0.0 121
1679919424597 0.0 122
1679919425337 0.0 123
1679919425503 0.0 124
1679919426278 0.0 125
1679919426428 0.0 126
1679919427259 0.0 127
1679919427423 0.0 128
1679919428211 0.0 129
1679919428364 0.0 130
1679919429146 0.0 131
1679919429314 0.0 132
1679919430051 0.0 133
1679919430222 0.0 134
1679919431046 0.0 135
1679919431272 0.0 136
1679919432046 0.0 137
1679919432209 0.0 138
1679919432983 0.0 139
1679919433175 0.0 140
1679919434005 0.0 141
1679919434158 0.0 142
1679919434992 0.0 143
1679919435158 0.0 144
1679919435954 0.0 145
1679919436121 0.0 146
1679919436888 0.0 147
1679919437130 0.0 148
1679919437881 0.0 149
1679919438052 0.0 150
1679919438775 0.0 151
1679919438937 0.0 152
1679919439674 0.0 153
1679919439833 0.0 154
1679919440774 0.0 155
1679919440930 0.0 156
1679919441736 0.0 157
1679919441898 0.0 158
1679919442749 0.0 159
1679919442918 0.0 160
1679919443759 0.0 161
1679919443973 0.0 162
1679919444758 0.0 163
1679919444916 0.0 164
1679919445744 0.0 165
1679919445915 0.0 166
1679919446852 0.0 167
1679919447036 0.0 168
1679919447881 0.0 169
1679919448069 0.0 170
1679919448923 0.0 171
1679919449135 0.0 172
1679919449979 0.0 173
1679919450253 0.0 174
1679919451103 0.0 175
1679919451259 0.0 176
1679919452024 0.0 177
1679919452190 0.0 178
1679919452970 0.0 179
1679919453131 0.0 180
1679919453992 0.0 181
1679919454194 0.0 182
1679919454937 0.0 183
1679919455105 0.0 184
1679919455925 0.0 185
1679919456092 0.0 186
1679919456958 0.0 187
1679919457143 0.0 188
1679919457953 0.0 189
1679919458118 0.0 190
1679919458904 0.0 191
1679919459076 0.0 192
1679919459830 0.0 193
1679919460082 0.0 194
1679919460869 0.0 195
1679919461027 0.0 196
1679919461851 0.0 197
1679919462013 0.0 198
1679919462802 0.0 199
1679919462982 0.0 200
1679919463868 0.0 201
1679919464042 0.0 202
1679919464806 0.0 203
1679919465011 0.0 204
1679919465807 0.0 205
1679919465966 0.0 206
1679919466834 0.0 207
1679919466995 0.0 208
1679919467786 0.0 209
1679919467951 0.0 210
1679919468784 0.0 211
1679919468951 0.0 212
1679919469813 0.0 213
1679919469981 0.0 214
1679919470753 0.0 215
1679919470911 0.0 216
1679919471775 0.0 217
1679919471952 0.0 218
1679919472748 0.0 219
1679919472902 0.0 220
1679919473704 0.0 221
1679919473864 0.0 222
1679919474605 0.0 223
1679919474762 0.0 224
1679919475553 0.0 225
1679919475740 0.0 226
1679919476559 0.0 227
1679919476728 0.0 228
1679919477495 0.0 229
1679919477656 0.0 230
1679919478402 0.0 231
1679919478559 0.0 232
1679919479305 0.0 233
1679919479546 0.0 234
1679919480278 0.0 235
1679919480458 0.0 236
1679919481189 0.0 237
1679919481385 0.0 238
1679919482106 0.0 239
1679919482345 0.0 240
1679919483088 0.0 241
1679919483237 0.0 242
1679919484008 0.0 243
1679919484161 0.0 244
1679919484928 0.0 245
1679919485105 0.0 246
1679919485946 0.0 247
1679919486103 0.0 248
1679919486852 0.0 249
1679919487014 0.0 250
1679919487717 0.0 251
1679919487878 0.0 252
1679919488679 0.0 253
1679919488834 0.0 254
1679919489601 0.0 255
1679919489753 0.0 256
1679919490485 0.0 257
1679919490649 0.0 258
1679919491421 0.0 259
1679919491586 0.0 260
1679919492265 0.0 261
1679919492452 0.0 262
1679919493186 0.0 263
1679919493341 0.0 264
1679919494032 0.0 265
1679919494189 0.0 266
1679919494956 0.0 267
1679919495114 0.0 268
1679919495856 0.0 269
1679919496023 0.0 270
1679919496716 0.0 271
1679919496876 0.0 272
1679919497639 0.0 273
1679919497835 0.0 274
1679919498566 0.0 275
1679919498719 0.0 276
1679919499514 0.0 277
1679919499701 0.0 278
1679919500561 0.0 279
1679919500827 0.0 280
1679919501619 0.0 281
1679919501816 0.0 282
1679919502590 0.0 283
1679919502774 0.0 284
1679919503631 0.0 285
1679919503920 0.0 286
1679919504692 0.0 287
1679919504861 0.0 288
1679919505608 0.0 289
1679919505764 0.0 290
1679919506482 0.0 291
1679919506639 0.0 292
1679919507480 0.0 293
1679919507641 0.0 294
1679919508400 0.0 295
1679919508566 0.0 296
1679919509276 0.0 297
1679919509434 0.0 298
1679919510237 0.0 299
1679919510402 0.0 300
1679919511123 0.0 301
1679919511282 0.0 302
1679919512002 0.0 303
1679919512156 0.0 304
1679919513009 0.0 305
1679919513173 0.0 306
1679919513880 0.0 307
1679919514046 0.0 308
1679919514773 0.0 309
1679919514942 0.0 310
1679919515703 0.0 311
1679919515862 0.0 312
1679919516682 0.0 313
1679919516850 0.0 314
1679919517565 0.0 315
1679919517757 0.0 316
1679919518486 0.0 317
1679919518656 0.0 318
1679919519472 0.0 319
1679919519645 0.0 320
1679919520406 0.0 321
1679919520571 0.0 322
1679919521293 0.0 323
1679919521459 0.0 324
1679919522181 0.0 325
1679919522426 0.0 326
1679919523188 0.0 327
1679919523369 0.0 328
1679919524093 0.0 329
1679919524254 0.0 330
1679919524971 0.0 331
1679919525145 0.0 332
1679919525984 0.0 333
1679919526149 0.0 334
1679919526865 0.0 335
1679919527027 0.0 336
1679919527732 0.0 337
1679919527906 0.0 338
1679919528717 0.0 339
1679919528899 0.0 340
1679919529614 0.0 341
1679919529778 0.0 342
1679919530524 0.0 343
1679919530693 0.0 344
1679919531483 0.0 345
1679919531642 0.0 346
1679919532359 0.0 347
1679919532525 0.0 348
1679919533284 0.0 349
1679919533451 0.0 350
1679919534164 0.0 351
1679919534345 0.0 352
1679919535154 0.0 353
1679919535337 0.0 354
1679919536062 0.0 355
1679919536234 0.0 356
1679919536939 0.0 357
1679919537104 0.0 358
1679919537924 0.0 359
1679919538093 0.0 360
1679919538822 0.0 361
1679919538985 0.0 362
1679919539702 0.0 363
1679919539888 0.0 364
1679919540644 0.0 365
1679919540885 0.0 366
1679919541595 0.0 367
1679919541766 0.0 368
1679919542475 0.0 369
1679919542643 0.0 370
1679919543401 0.0 371
1679919543567 0.0 372
1679919544384 0.0 373
1679919544550 0.0 374
1679919545292 0.0 375
1679919545486 0.0 376
1679919546221 0.0 377
1679919546385 0.0 378
1679919547210 0.0 379
1679919547382 0.0 380
1679919548164 0.0 381
1679919548324 0.0 382
1679919549028 0.0 383
1679919549196 0.0 384
1679919550010 0.0 385
1679919550176 0.0 386
1679919550909 0.0 387
1679919551097 0.0 388
1679919551808 0.0 389
1679919551969 0.0 390
1679919552680 0.0 391
1679919552943 0.0 392
1679919553661 0.0 393
1679919553826 0.0 394
1679919554563 0.0 395
1679919554729 0.0 396
1679919555496 0.0 397
1679919555660 0.0 398
1679919556470 0.0 399
1679919556661 0.0 400
1679919556786 0.0 401
