1677085952505 2.783625364303589 1
1677085952678 0.15120315551757812 2
1677085953555 0.883307933807373 3
1677085953705 0.1478137969970703 4
1677085954622 0.9184670448303223 5
1677085954788 0.16430258750915527 6
1677085955704 0.9091377258300781 7
1677085955873 0.1720278263092041 8
1677085956804 0.9350581169128418 9
1677085956958 0.15690350532531738 10
1677085957878 0.8978116512298584 11
1677085958058 0.19724106788635254 12
1677085958939 0.8821690082550049 13
1677085959105 0.16304278373718262 14
1677085960021 0.9147114753723145 15
1677085960172 0.1859416961669922 16
1677085961171 0.9669160842895508 17
1677085961320 0.15239691734313965 18
1677085962235 0.9123353958129883 19
1677085962395 0.15854835510253906 20
1677085963313 0.9159660339355469 21
1677085963494 0.17993688583374023 22
1677085964476 0.9848997592926025 23
1677085964635 0.15611553192138672 24
1677085965586 0.9868483543395996 25
1677085965774 0.14602184295654297 26
1677085966818 1.053344964981079 27
1677085966997 0.17844533920288086 28
1677085967949 0.9492025375366211 29
1677085968117 0.1720409393310547 30
1677085969106 0.9852287769317627 31
1677085969288 0.1780838966369629 32
1677085970489 1.1957225799560547 33
1677085970672 0.18979334831237793 34
1677085971740 1.0679972171783447 35
1677085971929 0.18131470680236816 36
1677085973086 1.1680285930633545 37
1677085973266 0.17693638801574707 38
1677085974378 1.1130445003509521 39
1677085974560 0.1791689395904541 40
1677085975566 1.0126657485961914 41
1677085975730 0.16195416450500488 42
1677085976647 0.9152488708496094 43
1677085976831 0.18375635147094727 44
1677085977753 0.9200670719146729 45
1677085977917 0.16896772384643555 46
1677085978807 0.8831682205200195 47
1677085978998 0.1936321258544922 48
1677085980050 1.0463356971740723 49
1677085980228 0.18772554397583008 50
1677085981090 0.862126350402832 51
1677085981250 0.15995383262634277 52
1677085982208 0.9112317562103271 53
1677085982371 0.2105405330657959 54
1677085983283 0.9143424034118652 55
1677085983462 0.17001628875732422 56
1677085984443 0.9832854270935059 57
1677085984622 0.17457294464111328 58
1677085985739 1.1173415184020996 59
1677085985914 0.17937946319580078 60
1677085986967 1.0524787902832031 61
1677085987133 0.16695928573608398 62
1677085988169 1.036289930343628 63
1677085988331 0.16271662712097168 64
1677085989304 0.9731948375701904 65
1677085989472 0.16594457626342773 66
1677085990350 0.8818967342376709 67
1677085990513 0.15885233879089355 68
1677085991431 0.9189913272857666 69
1677085991600 0.17000150680541992 70
1677085992576 0.9782466888427734 71
1677085992736 0.15999770164489746 72
1677085993750 1.0088131427764893 73
1677085993921 0.17193818092346191 74
1677085994815 0.8941519260406494 75
1677085995005 0.1928234100341797 76
1677085995890 0.8782501220703125 77
1677085996054 0.17151355743408203 78
1677085997044 0.9853227138519287 79
1677085997216 0.17484521865844727 80
1677085998187 0.9689474105834961 81
1677085998441 0.2544517517089844 82
1677085999350 0.9097325801849365 83
1677085999506 0.15810751914978027 84
1677086000493 0.9817855358123779 85
1677086000664 0.17621493339538574 86
1677086001618 0.950960636138916 87
1677086001800 0.17530393600463867 88
1677086002739 0.9427590370178223 89
1677086002933 0.18922162055969238 90
1677086003939 1.0058541297912598 91
1677086004111 0.18178343772888184 92
1677086005057 0.9456720352172852 93
1677086005239 0.17749929428100586 94
1677086006197 0.9628338813781738 95
1677086006358 0.16116786003112793 96
1677086007232 0.8738479614257812 97
1677086007393 0.15887069702148438 98
1677086008284 0.8901550769805908 99
1677086008453 0.17116141319274902 100
1677086009366 0.9121043682098389 101
1677086009533 0.16762733459472656 102
1677086010441 0.9029366970062256 103
1677086010680 0.24312210083007812 104
1677086011582 0.9020297527313232 105
1677086011770 0.18434548377990723 106
1677086012790 1.0087835788726807 107
1677086012969 0.19067072868347168 108
1677086013910 0.943223237991333 109
1677086014093 0.17859172821044922 110
1677086015138 1.0405828952789307 111
1677086015302 0.17701339721679688 112
1677086016310 0.9954805374145508 113
1677086016483 0.18131756782531738 114
1677086017519 1.0275194644927979 115
1677086017701 0.18513774871826172 116
1677086018700 1.0024759769439697 117
1677086018870 0.16681361198425293 118
1677086019819 0.9390273094177246 119
1677086020028 0.20993733406066895 120
1677086021021 1.0036416053771973 121
1677086021204 0.17550230026245117 122
1677086022278 1.0783462524414062 123
1677086022456 0.18129301071166992 124
1677086023409 0.949390172958374 125
1677086023701 0.28690218925476074 126
1677086024632 0.9415841102600098 127
1677086024812 0.1763918399810791 128
1677086025714 0.905987024307251 129
1677086025907 0.18906688690185547 130
1677086026878 0.9668865203857422 131
1677086027041 0.1735401153564453 132
1677086028051 1.0075767040252686 133
1677086028225 0.16949796676635742 134
1677086029145 0.9268271923065186 135
1677086029314 0.1665809154510498 136
1677086030334 0.9962773323059082 137
1677086030482 0.20873188972473145 138
1677086031590 1.0563023090362549 139
1677086031806 0.2223513126373291 140
1677086032887 1.081693172454834 141
1677086033082 0.18978047370910645 142
1677086034208 1.1190729141235352 143
1677086034411 0.20713090896606445 144
1677086035663 1.23579740524292 145
1677086035908 0.2529168128967285 146
1677086037019 1.1722838878631592 147
1677086037314 0.25496625900268555 148
1677086038331 1.016688346862793 149
1677086038494 0.16703128814697266 150
1677086039442 0.9421350955963135 151
1677086039621 0.1820363998413086 152
1677086040573 0.9520246982574463 153
1677086040746 0.17378020286560059 154
1677086041649 0.9053640365600586 155
1677086041817 0.16479086875915527 156
1677086042753 0.9349415302276611 157
1677086042947 0.18904542922973633 158
1677086043992 1.0543673038482666 159
1677086044161 0.16753196716308594 160
1677086045066 0.8832905292510986 161
1677086045294 0.24923253059387207 162
1677086046190 0.899834394454956 163
1677086046360 0.1657698154449463 164
1677086047308 0.948312520980835 165
1677086047497 0.1885979175567627 166
1677086048363 0.8680529594421387 167
1677086048533 0.17087030410766602 168
1677086049406 0.8670926094055176 169
1677086049696 0.2669062614440918 170
1677086050582 0.9145338535308838 171
1677086050754 0.17243719100952148 172
1677086051620 0.9011929035186768 173
1677086051792 0.1328568458557129 174
1677086052723 0.930927038192749 175
1677086052900 0.17605972290039062 176
1677086053778 0.8772013187408447 177
1677086053949 0.17189264297485352 178
1677086054899 0.9499549865722656 179
1677086055077 0.17494654655456543 180
1677086056146 1.0730488300323486 181
1677086056319 0.17323088645935059 182
1677086057271 0.9527735710144043 183
1677086057448 0.16529083251953125 184
1677086058386 0.9419474601745605 185
1677086058561 0.17868733406066895 186
1677086059456 0.9000723361968994 187
1677086059632 0.1732959747314453 188
1677086060549 0.9128141403198242 189
1677086060730 0.18404531478881836 190
1677086061773 1.0329182147979736 191
1677086062068 0.29798245429992676 192
1677086063077 1.0103280544281006 193
1677086063268 0.19058465957641602 194
1677086064285 1.0180861949920654 195
1677086064466 0.18201637268066406 196
1677086065452 0.9857003688812256 197
1677086065637 0.1853034496307373 198
1677086066531 0.9400155544281006 199
1677086066700 0.12850713729858398 200
1677086067593 0.8961732387542725 201
1677086067797 0.20456409454345703 202
1677086068763 0.962813138961792 203
1677086068930 0.16812729835510254 204
1677086069846 0.9056491851806641 205
1677086070017 0.18314146995544434 206
1677086070922 0.9040229320526123 207
1677086071085 0.16093778610229492 208
1677086071957 0.8711028099060059 209
1677086072131 0.16980361938476562 210
1677086073034 0.9080572128295898 211
1677086073204 0.1700150966644287 212
1677086074123 0.9166157245635986 213
1677086074373 0.2452244758605957 214
1677086075346 0.9701731204986572 215
1677086075538 0.1959841251373291 216
1677086076464 0.929013729095459 217
1677086076624 0.166001558303833 218
1677086077550 0.9170763492584229 219
1677086077741 0.18393778800964355 220
1677086078708 0.9698874950408936 221
1677086078878 0.18123888969421387 222
1677086079770 0.8920364379882812 223
1677086079932 0.1630537509918213 224
1677086080914 0.9727113246917725 225
1677086081116 0.20167827606201172 226
1677086081986 0.8766014575958252 227
1677086082158 0.1677396297454834 228
1677086083048 0.8919675350189209 229
1677086083220 0.17518234252929688 230
1677086084122 0.9004943370819092 231
1677086084296 0.176239013671875 232
1677086085225 0.9232478141784668 233
1677086085409 0.17898201942443848 234
1677086086333 0.9246816635131836 235
1677086086594 0.2714390754699707 236
1677086087572 0.9740908145904541 237
1677086087762 0.18096137046813965 238
1677086088733 0.9798662662506104 239
1677086088920 0.18187403678894043 240
1677086089911 0.9852030277252197 241
1677086090123 0.2128734588623047 242
1677086091209 1.0849883556365967 243
1677086091484 0.27484989166259766 244
1677086092591 1.1091766357421875 245
1677086092792 0.20243620872497559 246
1677086093910 1.111748456954956 247
1677086094116 0.20876383781433105 248
1677086095127 1.0104906558990479 249
1677086095314 0.1954336166381836 250
1677086096196 0.9246068000793457 251
1677086096395 0.14942622184753418 252
1677086097357 0.9709281921386719 253
1677086097537 0.17905759811401367 254
1677086098506 0.9640645980834961 255
1677086098682 0.18189001083374023 256
1677086099624 0.9416153430938721 257
1677086099884 0.2543485164642334 258
1677086100826 0.938363790512085 259
1677086101005 0.1846179962158203 260
1677086101952 0.9341819286346436 261
1677086102144 0.20482230186462402 262
1677086103076 0.9343085289001465 263
1677086103256 0.18081426620483398 264
1677086104208 0.9429233074188232 265
1677086104395 0.1900463104248047 266
1677086105323 0.9221723079681396 267
1677086105512 0.18706417083740234 268
1677086106522 1.0202484130859375 269
1677086106703 0.18168377876281738 270
1677086107624 0.9189260005950928 271
1677086107796 0.17702388763427734 272
1677086108703 0.9049715995788574 273
1677086108893 0.18987321853637695 274
1677086109804 0.912064790725708 275
1677086109989 0.18281102180480957 276
1677086110913 0.920698881149292 277
1677086111091 0.18146705627441406 278
1677086111965 0.9151699542999268 279
1677086112215 0.21111392974853516 280
1677086113151 0.9366357326507568 281
1677086113326 0.172135591506958 282
1677086114228 0.9009373188018799 283
1677086114413 0.18399739265441895 284
1677086115303 0.8879940509796143 285
1677086115514 0.1930081844329834 286
1677086116484 0.989138126373291 287
1677086116666 0.18811416625976562 288
1677086117617 0.947690486907959 289
1677086117799 0.17915081977844238 290
1677086118869 1.0749444961547852 291
1677086119052 0.17880463600158691 292
1677086119995 0.9438943862915039 293
1677086120171 0.17992568016052246 294
1677086121190 0.9986400604248047 295
1677086121391 0.21274757385253906 296
1677086122519 1.1209406852722168 297
1677086122722 0.20650672912597656 298
1677086123739 1.0166475772857666 299
1677086123931 0.19582080841064453 300
1677086124124 0.19308686256408691 301
