1677085952516 2.783625364303589 1
1677085952687 2.934828519821167 2
1677085953563 3.81813645362854 3
1677085953714 3.9659502506256104 4
1677085954630 4.884417295455933 5
1677085954796 5.048719882965088 6
1677085955715 5.957857608795166 7
1677085955882 6.12988543510437 8
1677085956814 7.064943552017212 9
1677085956966 7.221847057342529 10
1677085957889 8.119658708572388 11
1677085958066 8.31689977645874 12
1677085958949 9.199068784713745 13
1677085959112 9.362111568450928 14
1677085960030 10.276823043823242 15
1677085960182 10.462764739990234 16
1677085961180 11.429680824279785 17
1677085961329 11.582077741622925 18
1677085962243 12.494413137435913 19
1677085962403 12.652961492538452 20
1677085963330 13.568927526473999 21
1677085963503 13.74886441230774 22
1677085964484 14.733764171600342 23
1677085964652 14.889879703521729 24
1677085965595 15.876728057861328 25
1677085965783 16.02274990081787 26
1677085966835 17.07609486579895 27
1677085967007 17.25454020500183 28
1677085967960 18.203742742538452 29
1677085968126 18.375783681869507 30
1677085969115 19.36101245880127 31
1677085969297 19.539096355438232 32
1677085970498 20.734818935394287 33
1677085970681 20.924612283706665 34
1677085971751 21.99260950088501 35
1677085971939 22.173924207687378 36
1677085973096 23.341952800750732 37
1677085973276 23.51888918876648 38
1677085974387 24.63193368911743 39
1677085974571 24.811102628707886 40
1677085975574 25.823768377304077 41
1677085975741 25.985722541809082 42
1677085976656 26.90097141265869 43
1677085976839 27.08472776412964 44
1677085977761 28.00479483604431 45
1677085977928 28.173762559890747 46
1677085978816 29.056930780410767 47
1677085979008 29.25056290626526 48
1677085980061 30.29689860343933 49
1677085980238 30.48462414741516 50
1677085981097 31.346750497817993 51
1677085981258 31.506704330444336 52
1677085982217 32.41793608665466 53
1677085982381 32.62847661972046 54
1677085983291 33.542819023132324 55
1677085983473 33.71283531188965 56
1677085984451 34.696120738983154 57
1677085984631 34.87069368362427 58
1677085985748 35.98803520202637 59
1677085985925 36.16741466522217 60
1677085986976 37.21989345550537 61
1677085987144 37.386852741241455 62
1677085988177 38.42314267158508 63
1677085988340 38.585859298706055 64
1677085989314 39.559054136276245 65
1677085989481 39.72499871253967 66
1677085990360 40.606895446777344 67
1677085990523 40.76574778556824 68
1677085991441 41.684739112854004 69
1677085991608 41.854740619659424 70
1677085992585 42.8329873085022 71
1677085992744 42.992985010147095 72
1677085993760 44.001798152923584 73
1677085993930 44.173736333847046 74
1677085994825 45.067888259887695 75
1677085995013 45.260711669921875 76
1677085995899 46.13896179199219 77
1677085996063 46.31047534942627 78
1677085997056 47.2957980632782 79
1677085997224 47.470643281936646 80
1677085998196 48.43959069252014 81
1677085998448 48.694042444229126 82
1677085999358 49.60377502441406 83
1677085999514 49.76188254356384 84
1677086000502 50.74366807937622 85
1677086000674 50.919883012771606 86
1677086001628 51.87084364891052 87
1677086001810 52.04614758491516 88
1677086002748 52.98890662193298 89
1677086002943 53.178128242492676 90
1677086003947 54.183982372283936 91
1677086004120 54.36576581001282 92
1677086005066 55.3114378452301 93
1677086005248 55.48893713951111 94
1677086006205 56.45177102088928 95
1677086006366 56.61293888092041 96
1677086007240 57.48678684234619 97
1677086007401 57.645657539367676 98
1677086008292 58.53581261634827 99
1677086008461 58.706974029541016 100
1677086009377 59.619078397750854 101
1677086009541 59.78670573234558 102
1677086010449 60.68964242935181 103
1677086010688 60.932764530181885 104
1677086011591 61.83479428291321 105
1677086011779 62.019139766693115 106
1677086012799 63.027923345565796 107
1677086012979 63.21859407424927 108
1677086013919 64.1618173122406 109
1677086014102 64.34040904045105 110
1677086015147 65.38099193572998 111
1677086015311 65.55800533294678 112
1677086016319 66.55348587036133 113
1677086016495 66.73480343818665 114
1677086017528 67.76232290267944 115
1677086017710 67.9474606513977 116
1677086018709 68.94993662834167 117
1677086018880 69.11675024032593 118
1677086019830 70.05577754974365 119
1677086020038 70.26571488380432 120
1677086021030 71.26935648918152 121
1677086021213 71.44485878944397 122
1677086022288 72.52320504188538 123
1677086022465 72.70449805259705 124
1677086023417 73.65388822555542 125
1677086023709 73.94079041481018 126
1677086024641 74.88237452507019 127
1677086024822 75.05876636505127 128
1677086025723 75.96475338935852 129
1677086025915 76.15382027626038 130
1677086026887 77.12070679664612 131
1677086027049 77.29424691200256 132
1677086028059 78.30182361602783 133
1677086028234 78.47132158279419 134
1677086029154 79.39814877510071 135
1677086029322 79.56472969055176 136
1677086030345 80.56100702285767 137
1677086030491 80.7697389125824 138
1677086031599 81.82604122161865 139
1677086031814 82.04839253425598 140
1677086032897 83.13008570671082 141
1677086033090 83.31986618041992 142
1677086034218 84.43893909454346 143
1677086034423 84.64607000350952 144
1677086035676 85.88186740875244 145
1677086035920 86.13478422164917 146
1677086037027 87.30706810951233 147
1677086037323 87.56203436851501 148
1677086038339 88.57872271537781 149
1677086038502 88.74575400352478 150
1677086039452 89.6878890991211 151
1677086039629 89.8699254989624 152
1677086040581 90.82195019721985 153
1677086040754 90.99573040008545 154
1677086041657 91.90109443664551 155
1677086041826 92.06588530540466 156
1677086042763 93.00082683563232 157
1677086042960 93.18987226486206 158
1677086044003 94.24423956871033 159
1677086044169 94.41177153587341 160
1677086045081 95.29506206512451 161
1677086045303 95.54429459571838 162
1677086046198 96.44412899017334 163
1677086046369 96.60989880561829 164
1677086047316 97.55821132659912 165
1677086047505 97.74680924415588 166
1677086048371 98.61486220359802 167
1677086048542 98.78573250770569 168
1677086049414 99.6528251171112 169
1677086049708 99.9197313785553 170
1677086050590 100.83426523208618 171
1677086050761 101.0067024230957 172
1677086051629 101.90789532661438 173
1677086051800 102.04075217247009 174
1677086052733 102.97167921066284 175
1677086052908 103.14773893356323 176
1677086053786 104.02494025230408 177
1677086053957 104.19683289527893 178
1677086054909 105.1467878818512 179
1677086055086 105.32173442840576 180
1677086056154 106.39478325843811 181
1677086056327 106.56801414489746 182
1677086057279 107.52078771591187 183
1677086057456 107.6860785484314 184
1677086058395 108.62802600860596 185
1677086058569 108.80671334266663 186
1677086059464 109.70678567886353 187
1677086059640 109.88008165359497 188
1677086060559 110.7928957939148 189
1677086060739 110.97694110870361 190
1677086061782 112.00985932350159 191
1677086062077 112.30784177780151 192
1677086063086 113.31816983222961 193
1677086063278 113.50875449180603 194
1677086064294 114.5268406867981 195
1677086064475 114.70885705947876 196
1677086065461 115.69455742835999 197
1677086065646 115.87986087799072 198
1677086066539 116.81987643241882 199
1677086066708 116.94838356971741 200
1677086067600 117.84455680847168 201
1677086067806 118.04912090301514 202
1677086068772 119.01193404197693 203
1677086068938 119.18006134033203 204
1677086069854 120.0857105255127 205
1677086070025 120.26885199546814 206
1677086070930 121.17287492752075 207
1677086071094 121.33381271362305 208
1677086071965 122.20491552352905 209
1677086072139 122.37471914291382 210
1677086073043 123.28277635574341 211
1677086073212 123.45279145240784 212
1677086074131 124.36940717697144 213
1677086074382 124.61463165283203 214
1677086075354 125.58480477333069 215
1677086075547 125.78078889846802 216
1677086076472 126.70980262756348 217
1677086076632 126.87580418586731 218
1677086077559 127.79288053512573 219
1677086077752 127.97681832313538 220
1677086078717 128.94670581817627 221
1677086078886 129.12794470787048 222
1677086079778 130.01998114585876 223
1677086079941 130.1830348968506 224
1677086080926 131.15574622154236 225
1677086081125 131.35742449760437 226
1677086081994 132.2340259552002 227
1677086082167 132.40176558494568 228
1677086083057 133.2937331199646 229
1677086083228 133.4689154624939 230
1677086084130 134.3694097995758 231
1677086084304 134.54564881324768 232
1677086085233 135.46889662742615 233
1677086085418 135.6478786468506 234
1677086086343 136.57256031036377 235
1677086086602 136.84399938583374 236
1677086087581 137.8180902004242 237
1677086087771 137.99905157089233 238
1677086088741 138.97891783714294 239
1677086088931 139.16079187393188 240
1677086089922 140.1459949016571 241
1677086090132 140.3588683605194 242
1677086091222 141.443856716156 243
1677086091494 141.7187066078186 244
1677086092601 142.8278832435608 245
1677086092801 143.03031945228577 246
1677086093919 144.14206790924072 247
1677086094125 144.35083174705505 248
1677086095136 145.3613224029541 249
1677086095322 145.55675601959229 250
1677086096205 146.48136281967163 251
1677086096405 146.63078904151917 252
1677086097365 147.60171723365784 253
1677086097546 147.78077483177185 254
1677086098515 148.74483942985535 255
1677086098692 148.9267294406891 256
1677086099632 149.86834478378296 257
1677086099893 150.1226933002472 258
1677086100834 151.06105709075928 259
1677086101013 151.2456750869751 260
1677086101961 152.17985701560974 261
1677086102152 152.38467931747437 262
1677086103084 153.3189878463745 263
1677086103264 153.49980211257935 264
1677086104216 154.44272541999817 265
1677086104404 154.63277173042297 266
1677086105331 155.5549440383911 267
1677086105519 155.74200820922852 268
1677086106531 156.76225662231445 269
1677086106711 156.94394040107727 270
1677086107632 157.86286640167236 271
1677086107804 158.03989028930664 272
1677086108712 158.9448618888855 273
1677086108902 159.13473510742188 274
1677086109814 160.04679989814758 275
1677086109997 160.2296109199524 276
1677086110921 161.15030980110168 277
1677086111099 161.3317768573761 278
1677086111973 162.24694681167603 279
1677086112223 162.45806074142456 280
1677086113159 163.39469647407532 281
1677086113335 163.56683206558228 282
1677086114236 164.46776938438416 283
1677086114420 164.65176677703857 284
1677086115313 165.5397608280182 285
1677086115528 165.73276901245117 286
1677086116495 166.72190713882446 287
1677086116674 166.91002130508423 288
1677086117625 167.8577117919922 289
1677086117808 168.03686261177063 290
1677086118878 169.11180710792542 291
1677086119061 169.290611743927 292
1677086120003 170.2345061302185 293
1677086120178 170.41443181037903 294
1677086121201 171.41307187080383 295
1677086121407 171.62581944465637 296
1677086122529 172.7467601299286 297
1677086122731 172.95326685905457 298
1677086123747 173.96991443634033 299
1677086123940 174.16573524475098 300
1677086124132 174.35882210731506 301
