1677085952503 21.368616669340756 1
1677085953553 14.54993594215068 3
1677085954620 15.87061024568925 5
1677085955702 16.79820165094719 7
1677085956802 15.85854854433492 9
1677085957877 15.055428633559355 11
1677085958938 14.125292478171911 13
1677085960019 14.333701493796173 15
1677085961169 14.17590571974296 17
1677085962234 19.084031345966313 19
1677085963312 19.01433692355457 21
1677085964475 16.32003595459859 23
1677085965585 15.367202872656122 25
1677085966817 13.840626369711188 27
1677085967947 14.401905306970294 29
1677085969104 13.571136380540912 31
1677085970487 13.89473347815007 33
1677085971738 13.252306246150107 35
1677085973085 13.47178518932612 37
1677085974377 14.038901065829732 39
1677085975565 14.023430429940971 41
1677085976645 13.901323070245224 43
1677085977751 13.461885060871332 45
1677085978806 13.352294865783161 47
1677085980048 14.366495546081198 49
1677085981088 13.796882906122642 51
1677085982207 13.261793488247909 53
1677085983282 13.63018111437406 55
1677085984441 12.95776770952005 57
1677085985738 13.137633684315457 59
1677085986965 12.880764658886939 61
1677085988167 13.654758359187614 63
1677085989303 13.670037332832221 65
1677085990349 13.21836414181885 67
1677085991430 13.486731039094929 69
1677085992575 13.029846955159757 71
1677085993749 13.19783390765855 73
1677085994813 13.165183937392245 75
1677085995888 13.45236205326059 77
1677085997043 13.398337614468133 79
1677085998186 13.169707756535939 81
1677085999348 13.462579953650716 83
1677086000491 12.847497611125359 85
1677086001617 13.07322463408365 87
1677086002738 13.181350752655158 89
1677086003937 13.020373558989942 91
1677086005056 12.830795341878828 93
1677086006196 13.085722173972247 95
1677086007231 13.280877109824768 97
1677086008283 13.113282750648256 99
1677086009364 13.101524095030012 101
1677086010439 13.214039976128186 103
1677086011580 12.7738876989871 105
1677086012788 12.940366831048665 107
1677086013908 13.21350918323187 109
1677086015137 13.112499634012375 111
1677086016308 12.825351342080305 113
1677086017518 12.698765739398507 115
1677086018699 13.273731254101063 117
1677086019818 12.888948513288991 119
1677086021019 12.744704956054486 121
1677086022277 12.719973225586909 123
1677086023406 13.177383183283508 125
1677086024631 13.120457622874703 127
1677086025713 12.525947917401862 129
1677086026876 12.535253006398724 131
1677086028050 12.894400579608943 133
1677086029143 13.299308229228275 135
1677086030332 13.090219656873447 137
1677086031588 12.686032272287813 139
1677086032885 13.049041675761895 141
1677086034206 13.042822743019936 143
1677086035661 12.77096776637915 145
1677086037017 12.706807081486499 147
1677086038329 12.81940156683535 149
1677086039440 12.847133039175047 151
1677086040571 12.943633964460787 153
1677086041648 12.979278118130429 155
1677086042752 12.828966941158132 157
1677086043991 12.655088595960585 159
1677086045062 12.902966739876547 161
1677086046189 12.450405405969512 163
1677086047307 12.867160984251061 165
1677086048361 13.328008166994389 167
1677086049405 12.990458858532302 169
1677086050582 12.653738912837719 171
1677086051618 12.810622593806109 173
1677086052721 13.100545144826704 175
1677086053777 12.82210925512502 177
1677086054897 13.058198175732553 179
1677086056144 12.640305060897125 181
1677086057269 12.944230850766047 183
1677086058385 12.883591652770757 185
1677086059455 12.973999840983897 187
1677086060548 12.879210817602509 189
1677086061771 12.847062165246522 191
1677086063076 12.861752334395936 193
1677086064284 12.702669827758498 195
1677086065450 12.584903396243437 197
1677086066530 12.875974145965612 199
1677086067591 12.896566109954142 201
1677086068762 12.568444352238279 203
1677086069844 12.768647819021767 205
1677086070921 12.654225346888632 207
1677086071954 12.738783180033705 209
1677086073032 12.78244831593637 211
1677086074122 12.549838716703587 213
1677086075344 12.535191747427872 215
1677086076463 12.874893910924367 217
1677086077548 12.482045145982259 219
1677086078707 13.005462171657227 221
1677086079769 13.08224544298518 223
1677086080912 12.493625949782535 225
1677086081984 12.737469333339442 227
1677086083046 12.499919486591681 229
1677086084121 12.743261403309099 231
1677086085224 12.574041407405474 233
1677086086332 12.882850387907506 235
1677086087571 12.907220280063346 237
1677086088732 12.615308766571454 239
1677086089909 12.396491778042293 241
1677086091207 12.812501809812902 243
1677086092590 13.156619932018556 245
1677086093908 12.566423475684239 247
1677086095126 13.071118076737621 249
1677086096195 12.837615405124737 251
1677086097354 12.540609130373957 253
1677086098504 12.957133447407552 255
1677086099622 13.11836776541945 257
1677086100824 12.983263767340018 259
1677086101951 12.751988283439704 261
1677086103074 12.713945702003736 263
1677086104206 12.771568406553751 265
1677086105321 12.842755739852878 267
1677086106521 12.76036228264151 269
1677086107622 12.556317208605144 271
1677086108702 12.897059119438339 273
1677086109803 12.848175962151492 275
1677086110911 12.825478604449348 277
1677086111963 12.765962527342646 279
1677086113150 12.691483506162172 281
1677086114226 12.672637995262306 283
1677086115301 12.80256606150808 285
1677086116483 12.711874542338839 287
1677086117615 12.794856840728077 289
1677086118868 12.571594601590537 291
1677086119994 12.67318290670048 293
1677086121188 12.651814666654783 295
1677086122517 12.854246322186016 297
1677086123737 12.83484106247005 299
