1677085952507 1.0 1
1677085952680 2.0 2
1677085953557 3.0 3
1677085953708 4.0 4
1677085954624 5.0 5
1677085954791 6.0 6
1677085955707 7.0 7
1677085955875 8.0 8
1677085956806 9.0 9
1677085956960 10.0 10
1677085957881 11.0 11
1677085958061 12.0 12
1677085958942 13.0 13
1677085959106 14.0 14
1677085960024 15.0 15
1677085960175 16.0 16
1677085961174 17.0 17
1677085961323 18.0 18
1677085962237 19.0 19
1677085962397 20.0 20
1677085963316 21.0 21
1677085963497 22.0 22
1677085964478 23.0 23
1677085964638 24.0 24
1677085965589 25.0 25
1677085965777 26.0 26
1677085966821 27.0 27
1677085966999 28.0 28
1677085967951 29.0 29
1677085968119 30.0 30
1677085969109 31.0 31
1677085969291 32.0 32
1677085970492 33.0 33
1677085970675 34.0 34
1677085971744 35.0 35
1677085971932 36.0 36
1677085973088 37.0 37
1677085973269 38.0 38
1677085974380 39.0 39
1677085974564 40.0 40
1677085975568 41.0 41
1677085975733 42.0 42
1677085976649 43.0 43
1677085976834 44.0 44
1677085977755 45.0 45
1677085977921 46.0 46
1677085978810 47.0 47
1677085979001 48.0 48
1677085980053 49.0 49
1677085980231 50.0 50
1677085981092 51.0 51
1677085981252 52.0 52
1677085982211 53.0 53
1677085982375 54.0 54
1677085983286 55.0 55
1677085983465 56.0 56
1677085984445 57.0 57
1677085984625 58.0 58
1677085985742 59.0 59
1677085985917 60.0 60
1677085986969 61.0 61
1677085987137 62.0 62
1677085988171 63.0 63
1677085988334 64.0 64
1677085989308 65.0 65
1677085989475 66.0 66
1677085990353 67.0 67
1677085990516 68.0 68
1677085991434 69.0 69
1677085991602 70.0 70
1677085992578 71.0 71
1677085992739 72.0 72
1677085993754 73.0 73
1677085993924 74.0 74
1677085994817 75.0 75
1677085995007 76.0 76
1677085995893 77.0 77
1677085996057 78.0 78
1677085997048 79.0 79
1677085997219 80.0 80
1677085998189 81.0 81
1677085998443 82.0 82
1677085999352 83.0 83
1677085999508 84.0 84
1677086000495 85.0 85
1677086000668 86.0 86
1677086001621 87.0 87
1677086001802 88.0 88
1677086002741 89.0 89
1677086002934 90.0 90
1677086003941 91.0 91
1677086004114 92.0 92
1677086005060 93.0 93
1677086005242 94.0 94
1677086006199 95.0 95
1677086006361 96.0 96
1677086007234 97.0 97
1677086007395 98.0 98
1677086008286 99.0 99
1677086008455 100.0 100
1677086009370 101.0 101
1677086009534 102.0 102
1677086010444 103.0 103
1677086010683 104.0 104
1677086011585 105.0 105
1677086011773 106.0 106
1677086012793 107.0 107
1677086012973 108.0 108
1677086013912 109.0 109
1677086014096 110.0 110
1677086015141 111.0 111
1677086015305 112.0 112
1677086016313 113.0 113
1677086016487 114.0 114
1677086017521 115.0 115
1677086017704 116.0 116
1677086018703 117.0 117
1677086018873 118.0 118
1677086019823 119.0 119
1677086020031 120.0 120
1677086021024 121.0 121
1677086021206 122.0 122
1677086022281 123.0 123
1677086022458 124.0 124
1677086023411 125.0 125
1677086023703 126.0 126
1677086024634 127.0 127
1677086024814 128.0 128
1677086025717 129.0 129
1677086025909 130.0 130
1677086026880 131.0 131
1677086027044 132.0 132
1677086028053 133.0 133
1677086028228 134.0 134
1677086029147 135.0 135
1677086029316 136.0 136
1677086030337 137.0 137
1677086030485 138.0 138
1677086031593 139.0 139
1677086031809 140.0 140
1677086032890 141.0 141
1677086033084 142.0 142
1677086034211 143.0 143
1677086034415 144.0 144
1677086035667 145.0 145
1677086035911 146.0 146
1677086037021 147.0 147
1677086037317 148.0 148
1677086038333 149.0 149
1677086038497 150.0 150
1677086039446 151.0 151
1677086039624 152.0 152
1677086040576 153.0 153
1677086040748 154.0 154
1677086041652 155.0 155
1677086041820 156.0 156
1677086042756 157.0 157
1677086042950 158.0 158
1677086043995 159.0 159
1677086044163 160.0 160
1677086045071 161.0 161
1677086045297 162.0 162
1677086046193 163.0 163
1677086046363 164.0 164
1677086047311 165.0 165
1677086047499 166.0 166
1677086048365 167.0 167
1677086048536 168.0 168
1677086049409 169.0 169
1677086049700 170.0 170
1677086050584 171.0 171
1677086050756 172.0 172
1677086051623 173.0 173
1677086051795 174.0 174
1677086052726 175.0 175
1677086052902 176.0 176
1677086053781 177.0 177
1677086053951 178.0 178
1677086054901 179.0 179
1677086055080 180.0 180
1677086056148 181.0 181
1677086056321 182.0 182
1677086057273 183.0 183
1677086057450 184.0 184
1677086058389 185.0 185
1677086058563 186.0 186
1677086059458 187.0 187
1677086059635 188.0 188
1677086060552 189.0 189
1677086060733 190.0 190
1677086061776 191.0 191
1677086062070 192.0 192
1677086063079 193.0 193
1677086063270 194.0 194
1677086064288 195.0 195
1677086064469 196.0 196
1677086065455 197.0 197
1677086065640 198.0 198
1677086066534 199.0 199
1677086066702 200.0 200
1677086067594 201.0 201
1677086067800 202.0 202
1677086068766 203.0 203
1677086068933 204.0 204
1677086069848 205.0 205
1677086070019 206.0 206
1677086070924 207.0 207
1677086071088 208.0 208
1677086071959 209.0 209
1677086072133 210.0 210
1677086073037 211.0 211
1677086073206 212.0 212
1677086074126 213.0 213
1677086074376 214.0 214
1677086075348 215.0 215
1677086075541 216.0 216
1677086076467 217.0 217
1677086076627 218.0 218
1677086077552 219.0 219
1677086077743 220.0 220
1677086078711 221.0 221
1677086078880 222.0 222
1677086079772 223.0 223
1677086079935 224.0 224
1677086080917 225.0 225
1677086081119 226.0 226
1677086081988 227.0 227
1677086082161 228.0 228
1677086083051 229.0 229
1677086083222 230.0 230
1677086084125 231.0 231
1677086084298 232.0 232
1677086085228 233.0 233
1677086085411 234.0 234
1677086086336 235.0 235
1677086086596 236.0 236
1677086087575 237.0 237
1677086087764 238.0 238
1677086088735 239.0 239
1677086088924 240.0 240
1677086089914 241.0 241
1677086090126 242.0 242
1677086091213 243.0 243
1677086091487 244.0 244
1677086092594 245.0 245
1677086092795 246.0 246
1677086093912 247.0 247
1677086094119 248.0 248
1677086095130 249.0 249
1677086095316 250.0 250
1677086096198 251.0 251
1677086096398 252.0 252
1677086097359 253.0 253
1677086097540 254.0 254
1677086098509 255.0 255
1677086098684 256.0 256
1677086099627 257.0 257
1677086099887 258.0 258
1677086100828 259.0 259
1677086101007 260.0 260
1677086101955 261.0 261
1677086102147 262.0 262
1677086103078 263.0 263
1677086103259 264.0 264
1677086104210 265.0 265
1677086104398 266.0 266
1677086105326 267.0 267
1677086105513 268.0 268
1677086106525 269.0 269
1677086106705 270.0 270
1677086107626 271.0 271
1677086107799 272.0 272
1677086108707 273.0 273
1677086108896 274.0 274
1677086109808 275.0 275
1677086109992 276.0 276
1677086110915 277.0 277
1677086111093 278.0 278
1677086111967 279.0 279
1677086112218 280.0 280
1677086113153 281.0 281
1677086113328 282.0 282
1677086114230 283.0 283
1677086114414 284.0 284
1677086115307 285.0 285
1677086115519 286.0 286
1677086116486 287.0 287
1677086116669 288.0 288
1677086117619 289.0 289
1677086117802 290.0 290
1677086118872 291.0 291
1677086119054 292.0 292
1677086119997 293.0 293
1677086120174 294.0 294
1677086121193 295.0 295
1677086121396 296.0 296
1677086122522 297.0 297
1677086122725 298.0 298
1677086123742 299.0 299
1677086123934 300.0 300
1677086124126 301.0 301
