1677118779099 0.0 1
1677118779309 0.0 2
1677118780387 0.0 3
1677118780592 0.0 4
1677118781708 0.0 5
1677118781907 0.0 6
1677118782972 0.0 7
1677118783173 0.0 8
1677118784233 0.0 9
1677118784439 0.0 10
1677118785489 0.0 11
1677118785688 0.0 12
1677118786747 0.0 13
1677118786949 0.0 14
1677118788034 0.0 15
1677118788309 0.0 16
1677118789366 0.0 17
1677118789577 0.0 18
1677118790622 0.0 19
1677118790825 0.0 20
1677118791856 0.0 21
1677118792063 0.0 22
1677118793121 0.0 23
1677118793326 0.0 24
1677118794394 0.0 25
1677118794616 0.0 26
1677118795787 0.0 27
1677118795995 0.0 28
1677118797054 0.0 29
1677118797260 0.0 30
1677118798325 0.0 31
1677118798527 0.0 32
1677118799599 0.0 33
1677118799814 0.0 34
1677118800894 0.0 35
1677118801100 0.0 36
1677118802143 0.0 37
1677118802422 0.0 38
1677118803470 0.0 39
1677118803683 0.0 40
1677118804737 0.0 41
1677118804958 0.0 42
1677118806055 0.0 43
1677118806262 0.0 44
1677118807299 0.0 45
1677118807506 0.0 46
1677118808591 0.0 47
1677118808797 0.0 48
1677118809922 0.0 49
1677118810133 0.0 50
1677118811203 0.0 51
1677118811412 0.0 52
1677118812475 0.0 53
1677118812682 0.0 54
1677118813737 0.0 55
1677118813967 0.0 56
1677118815023 0.0 57
1677118815240 0.0 58
1677118816292 0.0 59
1677118816498 0.0 60
1677118817607 0.0 61
1677118817818 0.0 62
1677118818870 0.0 63
1677118819081 0.0 64
1677118820136 0.0 65
1677118820354 0.0 66
1677118821414 0.0 67
1677118821628 0.0 68
1677118822713 0.0 69
1677118822922 0.0 70
1677118824055 0.0 71
1677118824266 0.0 72
1677118825332 0.0 73
1677118825550 0.0 74
1677118826599 0.0 75
1677118826808 0.0 76
1677118827859 0.0 77
1677118828066 0.0 78
1677118829113 0.0 79
1677118829321 0.0 80
1677118830370 0.0 81
1677118830589 0.0 82
1677118831727 0.0 83
1677118831939 0.0 84
1677118833004 0.0 85
1677118833212 0.0 86
1677118834255 0.0 87
1677118834472 0.0 88
1677118835517 0.0 89
1677118835729 0.0 90
1677118836762 0.0 91
1677118836973 0.0 92
1677118838107 0.0 93
1677118838317 0.0 94
1677118839367 0.0 95
1677118839573 0.0 96
1677118840646 0.0 97
1677118840864 0.0 98
1677118841916 0.0 99
1677118842127 0.0 100
1677118843182 0.0 101
1677118843397 0.0 102
1677118844451 0.0 103
1677118844664 0.0 104
1677118845812 0.0 105
1677118846032 0.0 106
1677118847091 0.0 107
1677118847299 0.0 108
1677118848387 0.0 109
1677118848597 0.0 110
1677118849644 0.0 111
1677118849855 0.0 112
1677118850909 0.0 113
1677118851132 0.0 114
1677118852231 0.0 115
1677118852445 0.0 116
1677118853520 0.0 117
1677118853732 0.0 118
1677118854794 0.0 119
1677118855001 0.0 120
1677118856098 0.0 121
1677118856320 0.0 122
1677118857392 0.0 123
1677118857605 0.0 124
1677118858673 0.0 125
1677118858889 0.0 126
1677118860044 0.0 127
1677118860254 0.0 128
1677118861313 0.0 129
1677118861534 0.0 130
1677118862599 0.0 131
1677118862809 0.0 132
1677118863907 0.0 133
1677118864119 0.0 134
1677118865180 0.0 135
1677118865390 0.0 136
1677118866432 0.0 137
1677118866692 0.0 138
1677118867729 0.0 139
1677118867942 0.0 140
1677118869005 0.0 141
1677118869216 0.0 142
1677118870287 0.0 143
1677118870504 0.0 144
1677118871589 0.0 145
1677118871809 0.0 146
1677118872908 0.0 147
1677118873116 0.0 148
1677118874258 0.0 149
1677118874475 0.0 150
1677118875540 0.0 151
1677118875749 0.0 152
1677118876801 0.0 153
1677118877026 0.0 154
1677118878082 0.0 155
1677118878295 0.0 156
1677118879355 0.0 157
1677118879566 0.0 158
1677118880614 0.0 159
1677118880907 0.0 160
1677118881942 0.0 161
1677118882159 0.0 162
1677118883204 0.0 163
1677118883413 0.0 164
1677118884495 0.0 165
1677118884713 0.0 166
1677118885778 0.0 167
1677118885997 0.0 168
1677118887087 0.0 169
1677118887309 0.0 170
1677118888436 0.0 171
1677118888648 0.0 172
1677118889696 0.0 173
1677118889910 0.0 174
1677118890961 0.0 175
1677118891175 0.0 176
1677118892224 0.0 177
1677118892444 0.0 178
1677118893494 0.0 179
1677118893709 0.0 180
1677118894800 0.0 181
1677118895016 0.0 182
1677118896165 0.0 183
1677118896381 0.0 184
1677118897417 0.0 185
1677118897637 0.0 186
1677118898701 0.0 187
1677118898919 0.0 188
1677118899987 0.0 189
1677118900204 0.0 190
1677118901249 0.0 191
1677118901464 0.0 192
1677118902609 0.0 193
1677118902838 0.0 194
1677118903902 0.0 195
1677118904119 0.0 196
1677118905174 0.0 197
1677118905386 0.0 198
1677118906442 0.0 199
1677118906657 0.0 200
1677118907711 0.0 201
1677118907936 0.0 202
1677118909009 0.0 203
1677118909225 0.0 204
1677118910359 0.0 205
1677118910577 0.0 206
1677118911649 0.0 207
1677118911864 0.0 208
1677118912919 0.0 209
1677118913146 0.0 210
1677118914239 0.0 211
1677118914458 0.0 212
1677118915513 0.0 213
1677118915731 0.0 214
1677118916876 0.0 215
1677118917094 0.0 216
1677118918146 0.0 217
1677118918370 0.0 218
1677118919431 0.0 219
1677118919646 0.0 220
1677118920721 0.0 221
1677118920934 0.0 222
1677118922024 0.0 223
1677118922267 0.0 224
1677118923346 0.0 225
1677118923570 0.0 226
1677118924718 0.0 227
1677118924933 0.0 228
1677118925996 0.0 229
1677118926211 0.0 230
1677118927256 0.0 231
1677118927474 0.0 232
1677118928533 0.0 233
1677118928761 0.0 234
1677118929816 0.0 235
1677118930031 0.0 236
1677118931085 0.0 237
1677118931374 0.0 238
1677118932430 0.0 239
1677118932645 0.0 240
1677118933696 0.0 241
1677118933921 0.0 242
1677118935007 0.0 243
1677118935224 0.0 244
1677118936301 0.0 245
1677118936515 0.0 246
1677118937589 0.0 247
1677118937804 0.0 248
1677118938939 0.0 249
1677118939164 0.0 250
1677118940219 0.0 251
1677118940436 0.0 252
1677118941501 0.0 253
1677118941693 0.0 254
1677118942751 0.0 255
1677118942968 0.0 256
1677118944061 0.0 257
1677118944288 0.0 258
1677118945349 0.0 259
1677118945640 0.0 260
1677118946733 0.0 261
1677118946956 0.0 262
1677118948027 0.0 263
1677118948241 0.0 264
1677118949305 0.0 265
1677118949525 0.0 266
1677118950597 0.0 267
1677118950815 0.0 268
1677118951914 0.0 269
1677118952129 0.0 270
1677118953263 0.0 271
1677118953479 0.0 272
1677118954533 0.0 273
1677118954760 0.0 274
1677118955814 0.0 275
1677118956036 0.0 276
1677118957065 0.0 277
1677118957280 0.0 278
1677118958348 0.0 279
1677118958566 0.0 280
1677118959639 0.0 281
1677118959943 0.0 282
1677118961035 0.0 283
1677118961250 0.0 284
1677118962314 0.0 285
1677118962531 0.0 286
1677118963579 0.0 287
1677118963795 0.0 288
1677118964842 0.0 289
1677118965069 0.0 290
1677118966127 0.0 291
1677118966345 0.0 292
1677118967480 0.0 293
1677118967698 0.0 294
1677118968757 0.0 295
1677118968974 0.0 296
1677118970035 0.0 297
1677118970261 0.0 298
1677118971333 0.0 299
1677118971559 0.0 300
1677118971744 0.0 301
