1677118779110 1.0 1
1677118779318 2.0 2
1677118780396 3.0 3
1677118780601 4.0 4
1677118781718 5.0 5
1677118781917 6.0 6
1677118782983 7.0 7
1677118783182 8.0 8
1677118784243 9.0 9
1677118784448 10.0 10
1677118785499 11.0 11
1677118785697 12.0 12
1677118786757 13.0 13
1677118786957 14.0 14
1677118788044 15.0 15
1677118788318 16.0 16
1677118789376 17.0 17
1677118789586 18.0 18
1677118790632 19.0 19
1677118790835 20.0 20
1677118791867 21.0 21
1677118792074 22.0 22
1677118793131 23.0 23
1677118793335 24.0 24
1677118794404 25.0 25
1677118794626 26.0 26
1677118795798 27.0 27
1677118796006 28.0 28
1677118797063 29.0 29
1677118797269 30.0 30
1677118798334 31.0 31
1677118798537 32.0 32
1677118799609 33.0 33
1677118799824 34.0 34
1677118800903 35.0 35
1677118801109 36.0 36
1677118802152 37.0 37
1677118802433 38.0 38
1677118803479 39.0 39
1677118803692 40.0 40
1677118804746 41.0 41
1677118804968 42.0 42
1677118806064 43.0 43
1677118806271 44.0 44
1677118807311 45.0 45
1677118807515 46.0 46
1677118808600 47.0 47
1677118808806 48.0 48
1677118809931 49.0 49
1677118810144 50.0 50
1677118811214 51.0 51
1677118811421 52.0 52
1677118812485 53.0 53
1677118812691 54.0 54
1677118813746 55.0 55
1677118813981 56.0 56
1677118815033 57.0 57
1677118815249 58.0 58
1677118816301 59.0 59
1677118816509 60.0 60
1677118817616 61.0 61
1677118817827 62.0 62
1677118818879 63.0 63
1677118819090 64.0 64
1677118820144 65.0 65
1677118820363 66.0 66
1677118821423 67.0 67
1677118821639 68.0 68
1677118822723 69.0 69
1677118822932 70.0 70
1677118824064 71.0 71
1677118824276 72.0 72
1677118825340 73.0 73
1677118825559 74.0 74
1677118826608 75.0 75
1677118826817 76.0 76
1677118827868 77.0 77
1677118828078 78.0 78
1677118829123 79.0 79
1677118829331 80.0 80
1677118830379 81.0 81
1677118830598 82.0 82
1677118831737 83.0 83
1677118831949 84.0 84
1677118833013 85.0 85
1677118833222 86.0 86
1677118834264 87.0 87
1677118834481 88.0 88
1677118835526 89.0 89
1677118835738 90.0 90
1677118836772 91.0 91
1677118836983 92.0 92
1677118838116 93.0 93
1677118838326 94.0 94
1677118839377 95.0 95
1677118839583 96.0 96
1677118840656 97.0 97
1677118840873 98.0 98
1677118841925 99.0 99
1677118842137 100.0 100
1677118843192 101.0 101
1677118843407 102.0 102
1677118844461 103.0 103
1677118844675 104.0 104
1677118845823 105.0 105
1677118846042 106.0 106
1677118847100 107.0 107
1677118847309 108.0 108
1677118848396 109.0 109
1677118848607 110.0 110
1677118849654 111.0 111
1677118849865 112.0 112
1677118850918 113.0 113
1677118851141 114.0 114
1677118852241 115.0 115
1677118852456 116.0 116
1677118853530 117.0 117
1677118853743 118.0 118
1677118854804 119.0 119
1677118855011 120.0 120
1677118856107 121.0 121
1677118856330 122.0 122
1677118857402 123.0 123
1677118857615 124.0 124
1677118858683 125.0 125
1677118858899 126.0 126
1677118860053 127.0 127
1677118860263 128.0 128
1677118861322 129.0 129
1677118861543 130.0 130
1677118862608 131.0 131
1677118862818 132.0 132
1677118863916 133.0 133
1677118864129 134.0 134
1677118865190 135.0 135
1677118865399 136.0 136
1677118866443 137.0 137
1677118866702 138.0 138
1677118867739 139.0 139
1677118867952 140.0 140
1677118869015 141.0 141
1677118869226 142.0 142
1677118870297 143.0 143
1677118870512 144.0 144
1677118871599 145.0 145
1677118871818 146.0 146
1677118872918 147.0 147
1677118873126 148.0 148
1677118874267 149.0 149
1677118874485 150.0 150
1677118875549 151.0 151
1677118875758 152.0 152
1677118876809 153.0 153
1677118877036 154.0 154
1677118878092 155.0 155
1677118878306 156.0 156
1677118879364 157.0 157
1677118879577 158.0 158
1677118880624 159.0 159
1677118880917 160.0 160
1677118881952 161.0 161
1677118882169 162.0 162
1677118883213 163.0 163
1677118883423 164.0 164
1677118884505 165.0 165
1677118884721 166.0 166
1677118885788 167.0 167
1677118886007 168.0 168
1677118887096 169.0 169
1677118887320 170.0 170
1677118888445 171.0 171
1677118888658 172.0 172
1677118889705 173.0 173
1677118889921 174.0 174
1677118890972 175.0 175
1677118891184 176.0 176
1677118892234 177.0 177
1677118892454 178.0 178
1677118893504 179.0 179
1677118893719 180.0 180
1677118894811 181.0 181
1677118895026 182.0 182
1677118896175 183.0 183
1677118896391 184.0 184
1677118897426 185.0 185
1677118897647 186.0 186
1677118898711 187.0 187
1677118898929 188.0 188
1677118899995 189.0 189
1677118900213 190.0 190
1677118901259 191.0 191
1677118901474 192.0 192
1677118902619 193.0 193
1677118902848 194.0 194
1677118903912 195.0 195
1677118904129 196.0 196
1677118905184 197.0 197
1677118905397 198.0 198
1677118906452 199.0 199
1677118906667 200.0 200
1677118907721 201.0 201
1677118907947 202.0 202
1677118909019 203.0 203
1677118909233 204.0 204
1677118910368 205.0 205
1677118910586 206.0 206
1677118911659 207.0 207
1677118911874 208.0 208
1677118912928 209.0 209
1677118913156 210.0 210
1677118914249 211.0 211
1677118914467 212.0 212
1677118915523 213.0 213
1677118915740 214.0 214
1677118916886 215.0 215
1677118917104 216.0 216
1677118918156 217.0 217
1677118918380 218.0 218
1677118919440 219.0 219
1677118919656 220.0 220
1677118920729 221.0 221
1677118920944 222.0 222
1677118922033 223.0 223
1677118922276 224.0 224
1677118923356 225.0 225
1677118923580 226.0 226
1677118924727 227.0 227
1677118924943 228.0 228
1677118926008 229.0 229
1677118926219 230.0 230
1677118927266 231.0 231
1677118927483 232.0 232
1677118928543 233.0 233
1677118928770 234.0 234
1677118929826 235.0 235
1677118930040 236.0 236
1677118931094 237.0 237
1677118931384 238.0 238
1677118932440 239.0 239
1677118932655 240.0 240
1677118933706 241.0 241
1677118933930 242.0 242
1677118935019 243.0 243
1677118935234 244.0 244
1677118936312 245.0 245
1677118936524 246.0 246
1677118937599 247.0 247
1677118937813 248.0 248
1677118938949 249.0 249
1677118939174 250.0 250
1677118940229 251.0 251
1677118940444 252.0 252
1677118941511 253.0 253
1677118941704 254.0 254
1677118942761 255.0 255
1677118942977 256.0 256
1677118944069 257.0 257
1677118944298 258.0 258
1677118945358 259.0 259
1677118945648 260.0 260
1677118946744 261.0 261
1677118946966 262.0 262
1677118948036 263.0 263
1677118948250 264.0 264
1677118949313 265.0 265
1677118949535 266.0 266
1677118950608 267.0 267
1677118950825 268.0 268
1677118951923 269.0 269
1677118952140 270.0 270
1677118953273 271.0 271
1677118953489 272.0 272
1677118954543 273.0 273
1677118954768 274.0 274
1677118955823 275.0 275
1677118956047 276.0 276
1677118957076 277.0 277
1677118957291 278.0 278
1677118958357 279.0 279
1677118958578 280.0 280
1677118959649 281.0 281
1677118959953 282.0 282
1677118961044 283.0 283
1677118961259 284.0 284
1677118962323 285.0 285
1677118962541 286.0 286
1677118963590 287.0 287
1677118963803 288.0 288
1677118964852 289.0 289
1677118965079 290.0 290
1677118966137 291.0 291
1677118966355 292.0 292
1677118967489 293.0 293
1677118967707 294.0 294
1677118968767 295.0 295
1677118968983 296.0 296
1677118970046 297.0 297
1677118970271 298.0 298
1677118971344 299.0 299
1677118971569 300.0 300
1677118971753 301.0 301
