1677118779105 13004.0 1
1677118779313 13004.0 2
1677118780392 13004.0 3
1677118780597 13004.0 4
1677118781714 13004.0 5
1677118781913 13004.0 6
1677118782978 13004.0 7
1677118783178 13004.0 8
1677118784239 13004.0 9
1677118784445 13004.0 10
1677118785495 13004.0 11
1677118785693 13004.0 12
1677118786753 13004.0 13
1677118786954 13004.0 14
1677118788038 13004.0 15
1677118788314 13004.0 16
1677118789372 13004.0 17
1677118789582 13004.0 18
1677118790628 13004.0 19
1677118790831 13004.0 20
1677118791864 13004.0 21
1677118792069 13004.0 22
1677118793127 13004.0 23
1677118793332 13004.0 24
1677118794399 13004.0 25
1677118794622 13004.0 26
1677118795794 13004.0 27
1677118795999 13004.0 28
1677118797058 13004.0 29
1677118797265 13004.0 30
1677118798329 13004.0 31
1677118798533 13004.0 32
1677118799606 13004.0 33
1677118799820 13004.0 34
1677118800899 13004.0 35
1677118801105 13004.0 36
1677118802149 13004.0 37
1677118802429 13004.0 38
1677118803475 13004.0 39
1677118803688 13004.0 40
1677118804742 13004.0 41
1677118804964 13004.0 42
1677118806061 13004.0 43
1677118806267 13004.0 44
1677118807307 13004.0 45
1677118807511 13004.0 46
1677118808596 13004.0 47
1677118808802 13004.0 48
1677118809927 13004.0 49
1677118810139 13004.0 50
1677118811209 13004.0 51
1677118811418 13004.0 52
1677118812481 13004.0 53
1677118812688 13004.0 54
1677118813742 13004.0 55
1677118813976 13004.0 56
1677118815029 13004.0 57
1677118815246 13004.0 58
1677118816297 13004.0 59
1677118816504 13004.0 60
1677118817611 13004.0 61
1677118817823 13004.0 62
1677118818875 13004.0 63
1677118819086 13004.0 64
1677118820140 13004.0 65
1677118820359 13004.0 66
1677118821419 13004.0 67
1677118821634 13004.0 68
1677118822719 13004.0 69
1677118822928 13004.0 70
1677118824060 13004.0 71
1677118824272 13004.0 72
1677118825337 13004.0 73
1677118825556 13004.0 74
1677118826604 13004.0 75
1677118826813 13004.0 76
1677118827864 13004.0 77
1677118828073 13004.0 78
1677118829118 13004.0 79
1677118829327 13004.0 80
1677118830375 13004.0 81
1677118830594 13004.0 82
1677118831734 13004.0 83
1677118831945 13004.0 84
1677118833010 13004.0 85
1677118833217 13004.0 86
1677118834261 13004.0 87
1677118834476 13004.0 88
1677118835522 13004.0 89
1677118835734 13004.0 90
1677118836768 13004.0 91
1677118836978 13004.0 92
1677118838112 13004.0 93
1677118838322 13004.0 94
1677118839373 13004.0 95
1677118839579 13004.0 96
1677118840652 13004.0 97
1677118840869 13004.0 98
1677118841921 13004.0 99
1677118842133 13004.0 100
1677118843188 13004.0 101
1677118843403 13004.0 102
1677118844457 13004.0 103
1677118844671 13004.0 104
1677118845818 13004.0 105
1677118846037 13004.0 106
1677118847096 13004.0 107
1677118847305 13004.0 108
1677118848393 13004.0 109
1677118848603 13004.0 110
1677118849649 13004.0 111
1677118849861 13004.0 112
1677118850914 13004.0 113
1677118851137 13004.0 114
1677118852237 13004.0 115
1677118852451 13004.0 116
1677118853526 13004.0 117
1677118853737 13004.0 118
1677118854799 13004.0 119
1677118855008 13004.0 120
1677118856103 13004.0 121
1677118856326 13004.0 122
1677118857398 13004.0 123
1677118857611 13004.0 124
1677118858678 13004.0 125
1677118858896 13004.0 126
1677118860049 13004.0 127
1677118860258 13004.0 128
1677118861318 13004.0 129
1677118861540 13004.0 130
1677118862604 13004.0 131
1677118862814 13004.0 132
1677118863913 13004.0 133
1677118864125 13004.0 134
1677118865186 13004.0 135
1677118865395 13004.0 136
1677118866438 13004.0 137
1677118866698 13004.0 138
1677118867735 13004.0 139
1677118867948 13004.0 140
1677118869011 13004.0 141
1677118869222 13004.0 142
1677118870293 13004.0 143
1677118870509 13004.0 144
1677118871595 13004.0 145
1677118871814 13004.0 146
1677118872913 13004.0 147
1677118873122 13004.0 148
1677118874263 13004.0 149
1677118874481 13004.0 150
1677118875545 13004.0 151
1677118875754 13004.0 152
1677118876806 13004.0 153
1677118877032 13004.0 154
1677118878088 13004.0 155
1677118878302 13004.0 156
1677118879360 13004.0 157
1677118879572 13004.0 158
1677118880621 13004.0 159
1677118880913 13004.0 160
1677118881948 13004.0 161
1677118882165 13004.0 162
1677118883209 13004.0 163
1677118883419 13004.0 164
1677118884500 13004.0 165
1677118884717 13004.0 166
1677118885783 13004.0 167
1677118886003 13004.0 168
1677118887091 13004.0 169
1677118887316 13004.0 170
1677118888441 13004.0 171
1677118888654 13004.0 172
1677118889702 13004.0 173
1677118889916 13004.0 174
1677118890966 13004.0 175
1677118891181 13004.0 176
1677118892229 13004.0 177
1677118892449 13004.0 178
1677118893499 13004.0 179
1677118893715 13004.0 180
1677118894806 13004.0 181
1677118895022 13004.0 182
1677118896171 13004.0 183
1677118896387 13004.0 184
1677118897422 13004.0 185
1677118897643 13004.0 186
1677118898706 13004.0 187
1677118898925 13004.0 188
1677118899992 13004.0 189
1677118900209 13004.0 190
1677118901255 13004.0 191
1677118901469 13004.0 192
1677118902615 13004.0 193
1677118902844 13004.0 194
1677118903907 13004.0 195
1677118904124 13004.0 196
1677118905180 13004.0 197
1677118905393 13004.0 198
1677118906448 13004.0 199
1677118906662 13004.0 200
1677118907717 13004.0 201
1677118907943 13004.0 202
1677118909014 13004.0 203
1677118909229 13004.0 204
1677118910364 13004.0 205
1677118910583 13004.0 206
1677118911655 13004.0 207
1677118911869 13004.0 208
1677118912924 13004.0 209
1677118913152 13004.0 210
1677118914245 13004.0 211
1677118914464 13004.0 212
1677118915518 13004.0 213
1677118915737 13004.0 214
1677118916881 13004.0 215
1677118917099 13004.0 216
1677118918152 13004.0 217
1677118918376 13004.0 218
1677118919436 13004.0 219
1677118919651 13004.0 220
1677118920726 13004.0 221
1677118920940 13004.0 222
1677118922029 13004.0 223
1677118922272 13004.0 224
1677118923351 13004.0 225
1677118923576 13004.0 226
1677118924723 13004.0 227
1677118924939 13004.0 228
1677118926002 13004.0 229
1677118926215 13004.0 230
1677118927262 13004.0 231
1677118927479 13004.0 232
1677118928539 13004.0 233
1677118928766 13004.0 234
1677118929822 13004.0 235
1677118930036 13004.0 236
1677118931090 13004.0 237
1677118931379 13004.0 238
1677118932436 13004.0 239
1677118932651 13004.0 240
1677118933701 13004.0 241
1677118933927 13004.0 242
1677118935014 13004.0 243
1677118935229 13004.0 244
1677118936308 13004.0 245
1677118936521 13004.0 246
1677118937595 13004.0 247
1677118937809 13004.0 248
1677118938945 13004.0 249
1677118939170 13004.0 250
1677118940224 13004.0 251
1677118940441 13004.0 252
1677118941507 13004.0 253
1677118941700 13004.0 254
1677118942757 13004.0 255
1677118942973 13004.0 256
1677118944066 13004.0 257
1677118944294 13004.0 258
1677118945354 13004.0 259
1677118945645 13004.0 260
1677118946740 13004.0 261
1677118946961 13004.0 262
1677118948032 13004.0 263
1677118948246 13004.0 264
1677118949310 13004.0 265
1677118949531 13004.0 266
1677118950604 13004.0 267
1677118950821 13004.0 268
1677118951920 13004.0 269
1677118952136 13004.0 270
1677118953269 13004.0 271
1677118953485 13004.0 272
1677118954539 13004.0 273
1677118954765 13004.0 274
1677118955819 13004.0 275
1677118956043 13004.0 276
1677118957071 13004.0 277
1677118957286 13004.0 278
1677118958354 13004.0 279
1677118958573 13004.0 280
1677118959645 13004.0 281
1677118959948 13004.0 282
1677118961040 13004.0 283
1677118961255 13004.0 284
1677118962319 13004.0 285
1677118962537 13004.0 286
1677118963586 13004.0 287
1677118963800 13004.0 288
1677118964847 13004.0 289
1677118965075 13004.0 290
1677118966133 13004.0 291
1677118966351 13004.0 292
1677118967485 13004.0 293
1677118967703 13004.0 294
1677118968761 13004.0 295
1677118968979 13004.0 296
1677118970041 13004.0 297
1677118970266 13004.0 298
1677118971339 13004.0 299
1677118971565 13004.0 300
1677118971749 13004.0 301
