1679775181332 0.0 1
1679775181480 0.0 2
1679775182286 0.0 3
1679775182430 0.0 4
1679775183101 0.0 5
1679775183232 0.0 6
1679775183918 0.0 7
1679775184056 0.0 8
1679775184709 0.0 9
1679775184842 0.0 10
1679775185574 0.0 11
1679775185712 0.0 12
1679775186362 0.0 13
1679775186511 0.0 14
1679775187207 0.0 15
1679775187339 0.0 16
1679775187978 0.0 17
1679775188109 0.0 18
1679775188753 0.0 19
1679775188887 0.0 20
1679775189532 0.0 21
1679775189742 0.0 22
1679775190363 0.0 23
1679775190490 0.0 24
1679775191123 0.0 25
1679775191262 0.0 26
1679775191920 0.0 27
1679775192064 0.0 28
1679775192715 0.0 29
1679775192933 0.0 30
1679775193559 0.0 31
1679775193693 0.0 32
1679775194362 0.0 33
1679775194496 0.0 34
1679775195177 0.0 35
1679775195323 0.0 36
1679775196046 0.0 37
1679775196196 0.0 38
1679775196995 0.0 39
1679775197156 0.0 40
1679775197978 0.0 41
1679775198123 0.0 42
1679775198837 0.0 43
1679775198994 0.0 44
1679775199723 0.0 45
1679775199886 0.0 46
1679775200618 0.0 47
1679775200768 0.0 48
1679775201603 0.0 49
1679775201782 0.0 50
1679775202551 0.0 51
1679775202727 0.0 52
1679775203494 0.0 53
1679775203653 0.0 54
1679775204425 0.0 55
1679775204590 0.0 56
1679775205374 0.0 57
1679775205536 0.0 58
1679775206325 0.0 59
1679775206487 0.0 60
1679775207313 0.0 61
1679775207470 0.0 62
1679775208225 0.0 63
1679775208380 0.0 64
1679775209146 0.0 65
1679775209299 0.0 66
1679775210030 0.0 67
1679775210180 0.0 68
1679775210969 0.0 69
1679775211119 0.0 70
1679775211780 0.0 71
1679775211921 0.0 72
1679775212557 0.0 73
1679775212708 0.0 74
1679775213358 0.0 75
1679775213504 0.0 76
1679775214208 0.0 77
1679775214344 0.0 78
1679775215025 0.0 79
1679775215251 0.0 80
1679775215976 0.0 81
1679775216140 0.0 82
1679775216990 0.0 83
1679775217166 0.0 84
1679775217928 0.0 85
1679775218081 0.0 86
1679775218978 0.0 87
1679775219166 0.0 88
1679775219946 0.0 89
1679775220093 0.0 90
1679775220766 0.0 91
1679775220912 0.0 92
1679775221621 0.0 93
1679775221760 0.0 94
1679775222527 0.0 95
1679775222682 0.0 96
1679775223377 0.0 97
1679775223521 0.0 98
1679775224310 0.0 99
1679775224474 0.0 100
1679775225177 0.0 101
1679775225320 0.0 102
1679775226014 0.0 103
1679775226161 0.0 104
1679775226866 0.0 105
1679775227006 0.0 106
1679775227775 0.0 107
1679775227913 0.0 108
1679775228584 0.0 109
1679775228752 0.0 110
1679775229439 0.0 111
1679775229585 0.0 112
1679775230292 0.0 113
1679775230437 0.0 114
1679775231099 0.0 115
1679775231247 0.0 116
1679775231993 0.0 117
1679775232286 0.0 118
1679775233131 0.0 119
1679775233327 0.0 120
1679775234203 0.0 121
1679775234382 0.0 122
1679775235186 0.0 123
1679775235368 0.0 124
1679775236257 0.0 125
1679775236430 0.0 126
1679775237212 0.0 127
1679775237377 0.0 128
1679775238099 0.0 129
1679775238252 0.0 130
1679775238997 0.0 131
1679775239155 0.0 132
1679775239965 0.0 133
1679775240158 0.0 134
1679775240930 0.0 135
1679775241114 0.0 136
1679775241982 0.0 137
1679775242141 0.0 138
1679775242923 0.0 139
1679775243080 0.0 140
1679775243833 0.0 141
1679775243989 0.0 142
1679775244736 0.0 143
1679775244895 0.0 144
1679775245714 0.0 145
1679775245880 0.0 146
1679775246647 0.0 147
1679775246814 0.0 148
1679775247543 0.0 149
1679775247712 0.0 150
1679775248466 0.0 151
1679775248620 0.0 152
1679775249385 0.0 153
1679775249537 0.0 154
1679775250260 0.0 155
1679775250496 0.0 156
1679775251200 0.0 157
1679775251357 0.0 158
1679775252146 0.0 159
1679775252323 0.0 160
1679775253072 0.0 161
1679775253239 0.0 162
1679775254003 0.0 163
1679775254255 0.0 164
1679775255008 0.0 165
1679775255164 0.0 166
1679775255924 0.0 167
1679775256079 0.0 168
1679775256827 0.0 169
1679775256993 0.0 170
1679775257778 0.0 171
1679775257963 0.0 172
1679775258748 0.0 173
1679775258917 0.0 174
1679775259766 0.0 175
1679775259938 0.0 176
1679775260715 0.0 177
1679775260882 0.0 178
1679775261723 0.0 179
1679775261916 0.0 180
1679775262743 0.0 181
1679775262921 0.0 182
1679775263822 0.0 183
1679775264002 0.0 184
1679775264797 0.0 185
1679775264967 0.0 186
1679775265752 0.0 187
1679775265923 0.0 188
1679775266738 0.0 189
1679775266909 0.0 190
1679775267647 0.0 191
1679775267805 0.0 192
1679775268537 0.0 193
1679775268807 0.0 194
1679775269530 0.0 195
1679775269678 0.0 196
1679775270400 0.0 197
1679775270548 0.0 198
1679775271277 0.0 199
1679775271447 0.0 200
1679775272254 0.0 201
1679775272412 0.0 202
1679775273123 0.0 203
1679775273286 0.0 204
1679775274033 0.0 205
1679775274210 0.0 206
1679775275006 0.0 207
1679775275172 0.0 208
1679775275933 0.0 209
1679775276106 0.0 210
1679775276856 0.0 211
1679775277020 0.0 212
1679775277839 0.0 213
1679775278000 0.0 214
1679775278732 0.0 215
1679775278899 0.0 216
1679775279666 0.0 217
1679775279849 0.0 218
1679775280643 0.0 219
1679775280807 0.0 220
1679775281655 0.0 221
1679775281823 0.0 222
1679775282576 0.0 223
1679775282740 0.0 224
1679775283503 0.0 225
1679775283683 0.0 226
1679775284456 0.0 227
1679775284634 0.0 228
1679775285407 0.0 229
1679775285576 0.0 230
1679775286349 0.0 231
1679775286597 0.0 232
1679775287346 0.0 233
1679775287500 0.0 234
1679775288293 0.0 235
1679775288464 0.0 236
1679775289241 0.0 237
1679775289399 0.0 238
1679775290196 0.0 239
1679775290356 0.0 240
1679775291082 0.0 241
1679775291267 0.0 242
1679775292045 0.0 243
1679775292197 0.0 244
1679775292931 0.0 245
1679775293099 0.0 246
1679775293924 0.0 247
1679775294097 0.0 248
1679775294884 0.0 249
1679775295057 0.0 250
1679775295923 0.0 251
1679775296106 0.0 252
1679775296918 0.0 253
1679775297087 0.0 254
1679775297870 0.0 255
1679775298035 0.0 256
1679775298816 0.0 257
1679775298970 0.0 258
1679775299790 0.0 259
1679775299952 0.0 260
1679775300695 0.0 261
1679775300852 0.0 262
1679775301595 0.0 263
1679775301767 0.0 264
1679775302554 0.0 265
1679775302725 0.0 266
1679775303474 0.0 267
1679775303629 0.0 268
1679775304389 0.0 269
1679775304642 0.0 270
1679775305392 0.0 271
1679775305551 0.0 272
1679775306307 0.0 273
1679775306481 0.0 274
1679775307306 0.0 275
1679775307481 0.0 276
1679775308254 0.0 277
1679775308500 0.0 278
1679775309242 0.0 279
1679775309399 0.0 280
1679775310118 0.0 281
1679775310280 0.0 282
1679775311006 0.0 283
1679775311174 0.0 284
1679775311951 0.0 285
1679775312117 0.0 286
1679775312838 0.0 287
1679775313003 0.0 288
1679775313829 0.0 289
1679775313989 0.0 290
1679775314722 0.0 291
1679775314881 0.0 292
1679775315622 0.0 293
1679775315811 0.0 294
1679775316566 0.0 295
1679775316727 0.0 296
1679775317551 0.0 297
1679775317709 0.0 298
1679775318467 0.0 299
1679775318643 0.0 300
1679775318805 0.0 301
