1679775181335 1679775181.0 1
1679775181484 1679775181.0 2
1679775182289 1679775182.0 3
1679775182433 1679775182.0 4
1679775183104 1679775183.0 5
1679775183236 1679775183.0 6
1679775183921 1679775183.0 7
1679775184058 1679775184.0 8
1679775184711 1679775184.0 9
1679775184844 1679775184.0 10
1679775185575 1679775185.0 11
1679775185715 1679775185.0 12
1679775186365 1679775186.0 13
1679775186514 1679775186.0 14
1679775187210 1679775187.0 15
1679775187342 1679775187.0 16
1679775187981 1679775187.0 17
1679775188112 1679775188.0 18
1679775188756 1679775188.0 19
1679775188889 1679775188.0 20
1679775189534 1679775189.0 21
1679775189745 1679775189.0 22
1679775190366 1679775190.0 23
1679775190492 1679775190.0 24
1679775191125 1679775191.0 25
1679775191265 1679775191.0 26
1679775191930 1679775191.0 27
1679775192067 1679775192.0 28
1679775192717 1679775192.0 29
1679775192936 1679775192.0 30
1679775193562 1679775193.0 31
1679775193696 1679775193.0 32
1679775194365 1679775194.0 33
1679775194499 1679775194.0 34
1679775195180 1679775195.0 35
1679775195326 1679775195.0 36
1679775196049 1679775196.0 37
1679775196198 1679775196.0 38
1679775196997 1679775196.0 39
1679775197160 1679775197.0 40
1679775197982 1679775197.0 41
1679775198126 1679775198.0 42
1679775198841 1679775198.0 43
1679775198997 1679775198.0 44
1679775199726 1679775199.0 45
1679775199888 1679775199.0 46
1679775200622 1679775200.0 47
1679775200770 1679775200.0 48
1679775201606 1679775201.0 49
1679775201786 1679775201.0 50
1679775202554 1679775202.0 51
1679775202730 1679775202.0 52
1679775203498 1679775203.0 53
1679775203656 1679775203.0 54
1679775204428 1679775204.0 55
1679775204593 1679775204.0 56
1679775205377 1679775205.0 57
1679775205541 1679775205.0 58
1679775206328 1679775206.0 59
1679775206490 1679775206.0 60
1679775207316 1679775207.0 61
1679775207473 1679775207.0 62
1679775208228 1679775208.0 63
1679775208383 1679775208.0 64
1679775209148 1679775209.0 65
1679775209302 1679775209.0 66
1679775210034 1679775209.0 67
1679775210184 1679775210.0 68
1679775210973 1679775210.0 69
1679775211121 1679775211.0 70
1679775211782 1679775211.0 71
1679775211924 1679775211.0 72
1679775212559 1679775212.0 73
1679775212712 1679775212.0 74
1679775213361 1679775213.0 75
1679775213507 1679775213.0 76
1679775214211 1679775214.0 77
1679775214347 1679775214.0 78
1679775215027 1679775214.0 79
1679775215254 1679775215.0 80
1679775215978 1679775215.0 81
1679775216144 1679775216.0 82
1679775216993 1679775216.0 83
1679775217168 1679775217.0 84
1679775217931 1679775217.0 85
1679775218084 1679775218.0 86
1679775218981 1679775218.0 87
1679775219170 1679775219.0 88
1679775219949 1679775219.0 89
1679775220096 1679775220.0 90
1679775220769 1679775220.0 91
1679775220914 1679775220.0 92
1679775221624 1679775221.0 93
1679775221763 1679775221.0 94
1679775222529 1679775222.0 95
1679775222686 1679775222.0 96
1679775223380 1679775223.0 97
1679775223524 1679775223.0 98
1679775224313 1679775224.0 99
1679775224477 1679775224.0 100
1679775225180 1679775225.0 101
1679775225323 1679775225.0 102
1679775226017 1679775225.0 103
1679775226164 1679775226.0 104
1679775226869 1679775226.0 105
1679775227009 1679775226.0 106
1679775227778 1679775227.0 107
1679775227916 1679775227.0 108
1679775228587 1679775228.0 109
1679775228755 1679775228.0 110
1679775229442 1679775229.0 111
1679775229588 1679775229.0 112
1679775230296 1679775230.0 113
1679775230439 1679775230.0 114
1679775231103 1679775231.0 115
1679775231250 1679775231.0 116
1679775231996 1679775231.0 117
1679775232290 1679775232.0 118
1679775233136 1679775233.0 119
1679775233332 1679775233.0 120
1679775234206 1679775234.0 121
1679775234385 1679775234.0 122
1679775235189 1679775235.0 123
1679775235372 1679775235.0 124
1679775236260 1679775236.0 125
1679775236434 1679775236.0 126
1679775237215 1679775237.0 127
1679775237381 1679775237.0 128
1679775238102 1679775238.0 129
1679775238255 1679775238.0 130
1679775239000 1679775238.0 131
1679775239158 1679775239.0 132
1679775239968 1679775239.0 133
1679775240161 1679775240.0 134
1679775240934 1679775240.0 135
1679775241118 1679775241.0 136
1679775241985 1679775241.0 137
1679775242144 1679775242.0 138
1679775242926 1679775242.0 139
1679775243083 1679775243.0 140
1679775243837 1679775243.0 141
1679775243991 1679775243.0 142
1679775244740 1679775244.0 143
1679775244898 1679775244.0 144
1679775245717 1679775245.0 145
1679775245883 1679775245.0 146
1679775246650 1679775246.0 147
1679775246817 1679775246.0 148
1679775247546 1679775247.0 149
1679775247715 1679775247.0 150
1679775248469 1679775248.0 151
1679775248623 1679775248.0 152
1679775249388 1679775249.0 153
1679775249540 1679775249.0 154
1679775250264 1679775250.0 155
1679775250499 1679775250.0 156
1679775251203 1679775251.0 157
1679775251360 1679775251.0 158
1679775252148 1679775252.0 159
1679775252326 1679775252.0 160
1679775253075 1679775253.0 161
1679775253243 1679775253.0 162
1679775254007 1679775253.0 163
1679775254259 1679775254.0 164
1679775255011 1679775254.0 165
1679775255168 1679775255.0 166
1679775255926 1679775255.0 167
1679775256081 1679775256.0 168
1679775256831 1679775256.0 169
1679775256997 1679775256.0 170
1679775257783 1679775257.0 171
1679775257966 1679775257.0 172
1679775258751 1679775258.0 173
1679775258921 1679775258.0 174
1679775259769 1679775259.0 175
1679775259941 1679775259.0 176
1679775260717 1679775260.0 177
1679775260886 1679775260.0 178
1679775261727 1679775261.0 179
1679775261919 1679775261.0 180
1679775262746 1679775262.0 181
1679775262924 1679775262.0 182
1679775263825 1679775263.0 183
1679775264005 1679775263.0 184
1679775264800 1679775264.0 185
1679775264969 1679775264.0 186
1679775265755 1679775265.0 187
1679775265926 1679775265.0 188
1679775266741 1679775266.0 189
1679775266913 1679775266.0 190
1679775267651 1679775267.0 191
1679775267808 1679775267.0 192
1679775268540 1679775268.0 193
1679775268811 1679775268.0 194
1679775269532 1679775269.0 195
1679775269681 1679775269.0 196
1679775270403 1679775270.0 197
1679775270551 1679775270.0 198
1679775271280 1679775271.0 199
1679775271449 1679775271.0 200
1679775272255 1679775272.0 201
1679775272415 1679775272.0 202
1679775273126 1679775273.0 203
1679775273289 1679775273.0 204
1679775274036 1679775273.0 205
1679775274213 1679775274.0 206
1679775275009 1679775274.0 207
1679775275175 1679775275.0 208
1679775275938 1679775275.0 209
1679775276108 1679775276.0 210
1679775276859 1679775276.0 211
1679775277023 1679775276.0 212
1679775277843 1679775277.0 213
1679775278003 1679775277.0 214
1679775278735 1679775278.0 215
1679775278904 1679775278.0 216
1679775279670 1679775279.0 217
1679775279852 1679775279.0 218
1679775280647 1679775280.0 219
1679775280810 1679775280.0 220
1679775281658 1679775281.0 221
1679775281826 1679775281.0 222
1679775282580 1679775282.0 223
1679775282744 1679775282.0 224
1679775283506 1679775283.0 225
1679775283685 1679775283.0 226
1679775284459 1679775284.0 227
1679775284637 1679775284.0 228
1679775285410 1679775285.0 229
1679775285580 1679775285.0 230
1679775286352 1679775286.0 231
1679775286602 1679775286.0 232
1679775287349 1679775287.0 233
1679775287504 1679775287.0 234
1679775288297 1679775288.0 235
1679775288466 1679775288.0 236
1679775289244 1679775289.0 237
1679775289402 1679775289.0 238
1679775290199 1679775290.0 239
1679775290360 1679775290.0 240
1679775291085 1679775291.0 241
1679775291272 1679775291.0 242
1679775292047 1679775291.0 243
1679775292199 1679775292.0 244
1679775292934 1679775292.0 245
1679775293102 1679775293.0 246
1679775293927 1679775293.0 247
1679775294100 1679775294.0 248
1679775294888 1679775294.0 249
1679775295059 1679775294.0 250
1679775295927 1679775295.0 251
1679775296109 1679775296.0 252
1679775296922 1679775296.0 253
1679775297089 1679775297.0 254
1679775297873 1679775297.0 255
1679775298037 1679775297.0 256
1679775298819 1679775298.0 257
1679775298973 1679775298.0 258
1679775299793 1679775299.0 259
1679775299955 1679775299.0 260
1679775300698 1679775300.0 261
1679775300855 1679775300.0 262
1679775301598 1679775301.0 263
1679775301770 1679775301.0 264
1679775302557 1679775302.0 265
1679775302729 1679775302.0 266
1679775303476 1679775303.0 267
1679775303633 1679775303.0 268
1679775304392 1679775304.0 269
1679775304645 1679775304.0 270
1679775305395 1679775305.0 271
1679775305554 1679775305.0 272
1679775306310 1679775306.0 273
1679775306484 1679775306.0 274
1679775307309 1679775307.0 275
1679775307486 1679775307.0 276
1679775308257 1679775308.0 277
1679775308503 1679775308.0 278
1679775309245 1679775309.0 279
1679775309403 1679775309.0 280
1679775310121 1679775310.0 281
1679775310283 1679775310.0 282
1679775311009 1679775310.0 283
1679775311177 1679775311.0 284
1679775311954 1679775311.0 285
1679775312120 1679775312.0 286
1679775312841 1679775312.0 287
1679775313006 1679775312.0 288
1679775313832 1679775313.0 289
1679775313992 1679775313.0 290
1679775314726 1679775314.0 291
1679775314884 1679775314.0 292
1679775315626 1679775315.0 293
1679775315814 1679775315.0 294
1679775316569 1679775316.0 295
1679775316731 1679775316.0 296
1679775317555 1679775317.0 297
1679775317713 1679775317.0 298
1679775318470 1679775318.0 299
1679775318646 1679775318.0 300
1679775318808 1679775318.0 301
