1679854644112 0.0 1
1679854644240 0.0 2
1679854644816 0.0 3
1679854644928 0.0 4
1679854645423 0.0 5
1679854645549 0.0 6
1679854646071 0.0 7
1679854646178 0.0 8
1679854646675 0.0 9
1679854646784 0.0 10
1679854647273 0.0 11
1679854647386 0.0 12
1679854647899 0.0 13
1679854648011 0.0 14
1679854648529 0.0 15
1679854648652 0.0 16
1679854649171 0.0 17
1679854649293 0.0 18
1679854649830 0.0 19
1679854650021 0.0 20
1679854650537 0.0 21
1679854650652 0.0 22
1679854651194 0.0 23
1679854651306 0.0 24
1679854651851 0.0 25
1679854651968 0.0 26
1679854652485 0.0 27
1679854652610 0.0 28
1679854653239 0.0 29
1679854653386 0.0 30
1679854653928 0.0 31
1679854654049 0.0 32
1679854654569 0.0 33
1679854654699 0.0 34
1679854655209 0.0 35
1679854655327 0.0 36
1679854655845 0.0 37
1679854655964 0.0 38
1679854656472 0.0 39
1679854656588 0.0 40
1679854657117 0.0 41
1679854657239 0.0 42
1679854657770 0.0 43
1679854657972 0.0 44
1679854658516 0.0 45
1679854658638 0.0 46
1679854659179 0.0 47
1679854659298 0.0 48
1679854659806 0.0 49
1679854659949 0.0 50
1679854660508 0.0 51
1679854660700 0.0 52
1679854661266 0.0 53
1679854661393 0.0 54
1679854661921 0.0 55
1679854662044 0.0 56
1679854662579 0.0 57
1679854662702 0.0 58
1679854663278 0.0 59
1679854663413 0.0 60
1679854663960 0.0 61
1679854664081 0.0 62
1679854664602 0.0 63
1679854664738 0.0 64
1679854665336 0.0 65
1679854665484 0.0 66
1679854666017 0.0 67
1679854666219 0.0 68
1679854666793 0.0 69
1679854666919 0.0 70
1679854667488 0.0 71
1679854667616 0.0 72
1679854668242 0.0 73
1679854668374 0.0 74
1679854668910 0.0 75
1679854669040 0.0 76
1679854669750 0.0 77
1679854669877 0.0 78
1679854670431 0.0 79
1679854670576 0.0 80
1679854671130 0.0 81
1679854671248 0.0 82
1679854671792 0.0 83
1679854671926 0.0 84
1679854672447 0.0 85
1679854672572 0.0 86
1679854673207 0.0 87
1679854673338 0.0 88
1679854673884 0.0 89
1679854674006 0.0 90
1679854674602 0.0 91
1679854674728 0.0 92
1679854675422 0.0 93
1679854675556 0.0 94
1679854676198 0.0 95
1679854676325 0.0 96
1679854676871 0.0 97
1679854676998 0.0 98
1679854677582 0.0 99
1679854677717 0.0 100
1679854678471 0.0 101
1679854678614 0.0 102
1679854679192 0.0 103
1679854679344 0.0 104
1679854680020 0.0 105
1679854680154 0.0 106
1679854680742 0.0 107
1679854680878 0.0 108
1679854681429 0.0 109
1679854681550 0.0 110
1679854682166 0.0 111
1679854682299 0.0 112
1679854682876 0.0 113
1679854683013 0.0 114
1679854683600 0.0 115
1679854683720 0.0 116
1679854684348 0.0 117
1679854684497 0.0 118
1679854685054 0.0 119
1679854685175 0.0 120
1679854685756 0.0 121
1679854685903 0.0 122
1679854686456 0.0 123
1679854686574 0.0 124
1679854687165 0.0 125
1679854687294 0.0 126
1679854687901 0.0 127
1679854688044 0.0 128
1679854688613 0.0 129
1679854688748 0.0 130
1679854689289 0.0 131
1679854689412 0.0 132
1679854690019 0.0 133
1679854690187 0.0 134
1679854690860 0.0 135
1679854691030 0.0 136
1679854691737 0.0 137
1679854691884 0.0 138
1679854692569 0.0 139
1679854692730 0.0 140
1679854693500 0.0 141
1679854693646 0.0 142
1679854694286 0.0 143
1679854694452 0.0 144
1679854695112 0.0 145
1679854695258 0.0 146
1679854695917 0.0 147
1679854696106 0.0 148
1679854696853 0.0 149
1679854696999 0.0 150
1679854697639 0.0 151
1679854697798 0.0 152
1679854698487 0.0 153
1679854698635 0.0 154
1679854699265 0.0 155
1679854699413 0.0 156
1679854700056 0.0 157
1679854700210 0.0 158
1679854700863 0.0 159
1679854701012 0.0 160
1679854701677 0.0 161
1679854701827 0.0 162
1679854702513 0.0 163
1679854702676 0.0 164
1679854703336 0.0 165
1679854703576 0.0 166
1679854704228 0.0 167
1679854704374 0.0 168
1679854705034 0.0 169
1679854705181 0.0 170
1679854705819 0.0 171
1679854705961 0.0 172
1679854706614 0.0 173
1679854706788 0.0 174
1679854707508 0.0 175
1679854707656 0.0 176
1679854708311 0.0 177
1679854708466 0.0 178
1679854709096 0.0 179
1679854709245 0.0 180
1679854709876 0.0 181
1679854710020 0.0 182
1679854710641 0.0 183
1679854710797 0.0 184
1679854711427 0.0 185
1679854711568 0.0 186
1679854712191 0.0 187
1679854712371 0.0 188
1679854713025 0.0 189
1679854713275 0.0 190
1679854713953 0.0 191
1679854714121 0.0 192
1679854714826 0.0 193
1679854714993 0.0 194
1679854715641 0.0 195
1679854715804 0.0 196
1679854716455 0.0 197
1679854716699 0.0 198
1679854717374 0.0 199
1679854717539 0.0 200
1679854718206 0.0 201
1679854718373 0.0 202
1679854719053 0.0 203
1679854719228 0.0 204
1679854719910 0.0 205
1679854720063 0.0 206
1679854720697 0.0 207
1679854720864 0.0 208
1679854721526 0.0 209
1679854721673 0.0 210
1679854722339 0.0 211
1679854722491 0.0 212
1679854723153 0.0 213
1679854723398 0.0 214
1679854724054 0.0 215
1679854724214 0.0 216
1679854724879 0.0 217
1679854725029 0.0 218
1679854725679 0.0 219
1679854725834 0.0 220
1679854726503 0.0 221
1679854726658 0.0 222
1679854727386 0.0 223
1679854727534 0.0 224
1679854728174 0.0 225
1679854728326 0.0 226
1679854728954 0.0 227
1679854729107 0.0 228
1679854729783 0.0 229
1679854729935 0.0 230
1679854730592 0.0 231
1679854730739 0.0 232
1679854731394 0.0 233
1679854731545 0.0 234
1679854732225 0.0 235
1679854732377 0.0 236
1679854733029 0.0 237
1679854733220 0.0 238
1679854733962 0.0 239
1679854734122 0.0 240
1679854734804 0.0 241
1679854734964 0.0 242
1679854735624 0.0 243
1679854735779 0.0 244
1679854736470 0.0 245
1679854736631 0.0 246
1679854737379 0.0 247
1679854737528 0.0 248
1679854738188 0.0 249
1679854738340 0.0 250
1679854739006 0.0 251
1679854739166 0.0 252
1679854739843 0.0 253
1679854740007 0.0 254
1679854740666 0.0 255
1679854740824 0.0 256
1679854741489 0.0 257
1679854741644 0.0 258
1679854742342 0.0 259
1679854742491 0.0 260
1679854743151 0.0 261
1679854743305 0.0 262
1679854744077 0.0 263
1679854744234 0.0 264
1679854744930 0.0 265
1679854745076 0.0 266
1679854745733 0.0 267
1679854745892 0.0 268
1679854746539 0.0 269
1679854746703 0.0 270
1679854747471 0.0 271
1679854747622 0.0 272
1679854748288 0.0 273
1679854748437 0.0 274
1679854749103 0.0 275
1679854749256 0.0 276
1679854749922 0.0 277
1679854750074 0.0 278
1679854750710 0.0 279
1679854750871 0.0 280
1679854751536 0.0 281
1679854751699 0.0 282
1679854752353 0.0 283
1679854752508 0.0 284
1679854753182 0.0 285
1679854753329 0.0 286
1679854754051 0.0 287
1679854754221 0.0 288
1679854754894 0.0 289
1679854755055 0.0 290
1679854755705 0.0 291
1679854755857 0.0 292
1679854756502 0.0 293
1679854756655 0.0 294
1679854757390 0.0 295
1679854757559 0.0 296
1679854758230 0.0 297
1679854758386 0.0 298
1679854759033 0.0 299
1679854759200 0.0 300
1679854759328 0.0 301
