1679854644114 1.0 1
1679854644242 2.0 2
1679854644817 3.0 3
1679854644929 4.0 4
1679854645424 5.0 5
1679854645550 6.0 6
1679854646072 7.0 7
1679854646180 8.0 8
1679854646677 9.0 9
1679854646786 10.0 10
1679854647275 11.0 11
1679854647387 12.0 12
1679854647900 13.0 13
1679854648013 14.0 14
1679854648530 15.0 15
1679854648654 16.0 16
1679854649173 17.0 17
1679854649295 18.0 18
1679854649831 19.0 19
1679854650023 20.0 20
1679854650538 21.0 21
1679854650654 22.0 22
1679854651195 23.0 23
1679854651308 24.0 24
1679854651853 25.0 25
1679854651970 26.0 26
1679854652486 27.0 27
1679854652612 28.0 28
1679854653241 29.0 29
1679854653388 30.0 30
1679854653929 31.0 31
1679854654050 32.0 32
1679854654570 33.0 33
1679854654701 34.0 34
1679854655211 35.0 35
1679854655329 36.0 36
1679854655847 37.0 37
1679854655965 38.0 38
1679854656473 39.0 39
1679854656590 40.0 40
1679854657118 41.0 41
1679854657241 42.0 42
1679854657772 43.0 43
1679854657974 44.0 44
1679854658518 45.0 45
1679854658640 46.0 46
1679854659181 47.0 47
1679854659299 48.0 48
1679854659808 49.0 49
1679854659951 50.0 50
1679854660510 51.0 51
1679854660701 52.0 52
1679854661267 53.0 53
1679854661395 54.0 54
1679854661922 55.0 55
1679854662045 56.0 56
1679854662581 57.0 57
1679854662704 58.0 58
1679854663279 59.0 59
1679854663414 60.0 60
1679854663963 61.0 61
1679854664082 62.0 62
1679854664604 63.0 63
1679854664740 64.0 64
1679854665337 65.0 65
1679854665486 66.0 66
1679854666019 67.0 67
1679854666221 68.0 68
1679854666795 69.0 69
1679854666921 70.0 70
1679854667489 71.0 71
1679854667618 72.0 72
1679854668243 73.0 73
1679854668375 74.0 74
1679854668912 75.0 75
1679854669041 76.0 76
1679854669752 77.0 77
1679854669879 78.0 78
1679854670432 79.0 79
1679854670578 80.0 80
1679854671131 81.0 81
1679854671249 82.0 82
1679854671793 83.0 83
1679854671927 84.0 84
1679854672449 85.0 85
1679854672574 86.0 86
1679854673209 87.0 87
1679854673340 88.0 88
1679854673886 89.0 89
1679854674008 90.0 90
1679854674604 91.0 91
1679854674730 92.0 92
1679854675423 93.0 93
1679854675558 94.0 94
1679854676200 95.0 95
1679854676327 96.0 96
1679854676873 97.0 97
1679854676999 98.0 98
1679854677584 99.0 99
1679854677719 100.0 100
1679854678473 101.0 101
1679854678615 102.0 102
1679854679193 103.0 103
1679854679346 104.0 104
1679854680023 105.0 105
1679854680157 106.0 106
1679854680744 107.0 107
1679854680879 108.0 108
1679854681430 109.0 109
1679854681552 110.0 110
1679854682168 111.0 111
1679854682302 112.0 112
1679854682878 113.0 113
1679854683014 114.0 114
1679854683601 115.0 115
1679854683722 116.0 116
1679854684350 117.0 117
1679854684500 118.0 118
1679854685056 119.0 119
1679854685177 120.0 120
1679854685758 121.0 121
1679854685904 122.0 122
1679854686458 123.0 123
1679854686576 124.0 124
1679854687166 125.0 125
1679854687296 126.0 126
1679854687903 127.0 127
1679854688046 128.0 128
1679854688614 129.0 129
1679854688750 130.0 130
1679854689291 131.0 131
1679854689414 132.0 132
1679854690021 133.0 133
1679854690190 134.0 134
1679854690862 135.0 135
1679854691032 136.0 136
1679854691739 137.0 137
1679854691886 138.0 138
1679854692572 139.0 139
1679854692732 140.0 140
1679854693502 141.0 141
1679854693648 142.0 142
1679854694289 143.0 143
1679854694454 144.0 144
1679854695114 145.0 145
1679854695260 146.0 146
1679854695919 147.0 147
1679854696108 148.0 148
1679854696854 149.0 149
1679854697001 150.0 150
1679854697641 151.0 151
1679854697800 152.0 152
1679854698489 153.0 153
1679854698637 154.0 154
1679854699266 155.0 155
1679854699415 156.0 156
1679854700057 157.0 157
1679854700212 158.0 158
1679854700864 159.0 159
1679854701014 160.0 160
1679854701679 161.0 161
1679854701829 162.0 162
1679854702516 163.0 163
1679854702678 164.0 164
1679854703338 165.0 165
1679854703578 166.0 166
1679854704230 167.0 167
1679854704377 168.0 168
1679854705038 169.0 169
1679854705183 170.0 170
1679854705821 171.0 171
1679854705963 172.0 172
1679854706616 173.0 173
1679854706790 174.0 174
1679854707510 175.0 175
1679854707658 176.0 176
1679854708313 177.0 177
1679854708470 178.0 178
1679854709099 179.0 179
1679854709247 180.0 180
1679854709879 181.0 181
1679854710022 182.0 182
1679854710643 183.0 183
1679854710800 184.0 184
1679854711429 185.0 185
1679854711569 186.0 186
1679854712193 187.0 187
1679854712374 188.0 188
1679854713028 189.0 189
1679854713278 190.0 190
1679854713956 191.0 191
1679854714123 192.0 192
1679854714830 193.0 193
1679854714994 194.0 194
1679854715643 195.0 195
1679854715807 196.0 196
1679854716457 197.0 197
1679854716702 198.0 198
1679854717376 199.0 199
1679854717542 200.0 200
1679854718209 201.0 201
1679854718376 202.0 202
1679854719055 203.0 203
1679854719231 204.0 204
1679854719912 205.0 205
1679854720066 206.0 206
1679854720699 207.0 207
1679854720867 208.0 208
1679854721528 209.0 209
1679854721676 210.0 210
1679854722340 211.0 211
1679854722493 212.0 212
1679854723156 213.0 213
1679854723400 214.0 214
1679854724056 215.0 215
1679854724216 216.0 216
1679854724881 217.0 217
1679854725031 218.0 218
1679854725681 219.0 219
1679854725836 220.0 220
1679854726506 221.0 221
1679854726660 222.0 222
1679854727389 223.0 223
1679854727537 224.0 224
1679854728176 225.0 225
1679854728327 226.0 226
1679854728957 227.0 227
1679854729109 228.0 228
1679854729786 229.0 229
1679854729937 230.0 230
1679854730593 231.0 231
1679854730740 232.0 232
1679854731397 233.0 233
1679854731546 234.0 234
1679854732226 235.0 235
1679854732379 236.0 236
1679854733031 237.0 237
1679854733222 238.0 238
1679854733963 239.0 239
1679854734124 240.0 240
1679854734808 241.0 241
1679854734966 242.0 242
1679854735626 243.0 243
1679854735780 244.0 244
1679854736472 245.0 245
1679854736633 246.0 246
1679854737381 247.0 247
1679854737530 248.0 248
1679854738190 249.0 249
1679854738342 250.0 250
1679854739008 251.0 251
1679854739169 252.0 252
1679854739846 253.0 253
1679854740009 254.0 254
1679854740667 255.0 255
1679854740826 256.0 256
1679854741491 257.0 257
1679854741647 258.0 258
1679854742344 259.0 259
1679854742493 260.0 260
1679854743154 261.0 261
1679854743307 262.0 262
1679854744079 263.0 263
1679854744237 264.0 264
1679854744932 265.0 265
1679854745078 266.0 266
1679854745735 267.0 267
1679854745894 268.0 268
1679854746541 269.0 269
1679854746705 270.0 270
1679854747474 271.0 271
1679854747624 272.0 272
1679854748290 273.0 273
1679854748440 274.0 274
1679854749104 275.0 275
1679854749258 276.0 276
1679854749924 277.0 277
1679854750076 278.0 278
1679854750712 279.0 279
1679854750874 280.0 280
1679854751540 281.0 281
1679854751702 282.0 282
1679854752355 283.0 283
1679854752510 284.0 284
1679854753184 285.0 285
1679854753332 286.0 286
1679854754053 287.0 287
1679854754223 288.0 288
1679854754896 289.0 289
1679854755057 290.0 290
1679854755707 291.0 291
1679854755859 292.0 292
1679854756504 293.0 293
1679854756656 294.0 294
1679854757392 295.0 295
1679854757562 296.0 296
1679854758233 297.0 297
1679854758389 298.0 298
1679854759036 299.0 299
1679854759202 300.0 300
1679854759330 301.0 301
