1679854644108 55.70295674830307 1
1679854644812 53.95415563701111 3
1679854645419 46.98577428747107 5
1679854646067 48.17216326866621 7
1679854646671 46.876916767638406 9
1679854647270 52.35742972103166 11
1679854647896 49.43465722637412 13
1679854648525 39.51292001229746 15
1679854649161 41.7892340671869 17
1679854649826 36.07361035759067 19
1679854650533 38.93401851889528 21
1679854651190 39.00593304575226 23
1679854651847 39.37756244989089 25
1679854652481 34.25391168947573 27
1679854653236 26.07155078605369 29
1679854653924 44.72840575229974 31
1679854654565 31.572006555251132 33
1679854655206 24.056281581925756 35
1679854655842 22.21360843328782 37
1679854656468 24.47792332025222 39
1679854657113 29.42925262451172 41
1679854657766 34.51560023743429 43
1679854658513 33.391691259690276 45
1679854659176 25.91224902353169 47
1679854659802 39.84882554890197 49
1679854660505 25.574863984849717 51
1679854661262 20.555625804854028 53
1679854661917 19.349956936306423 55
1679854662575 19.760510376353324 57
1679854663274 27.85412046644423 59
1679854663957 31.698239248770253 61
1679854664599 21.607253227704838 63
1679854665332 15.162611422126675 65
1679854666013 18.34138119544512 67
1679854666788 17.585424390251255 69
1679854667484 19.12567939993776 71
1679854668238 15.694755054991923 73
1679854668907 18.223598489643614 75
1679854669746 16.01815866070029 77
1679854670427 13.586583375342098 79
1679854671126 14.504053028718925 81
1679854671788 16.245251033924244 83
1679854672444 13.1383102087327 85
1679854673204 12.948019432727202 87
1679854673880 15.397362169807339 89
1679854674598 11.430601782857636 91
1679854675418 16.85753690460582 93
1679854676195 15.627421682852287 95
1679854676867 13.782837830060794 97
1679854677578 12.377370884977742 99
1679854678467 11.43818716355312 101
1679854679188 12.657057116944113 103
1679854680016 10.510882283434455 105
1679854680739 11.6709108988444 107
1679854681425 10.248427157931857 109
1679854682162 11.622031454392422 111
1679854682872 10.897689819335938 113
1679854683596 11.861776523825563 115
1679854684343 11.478849766578204 117
1679854685050 10.499971582860123 119
1679854685752 9.098158720981928 121
1679854686452 11.744402879550133 123
1679854687161 9.781429884168837 125
1679854687898 10.53112694422404 127
1679854688609 8.653395413763729 129
1679854689287 9.502063433329264 131
1679854690015 10.125290528638864 133
1679854690856 11.563539083504383 135
1679854691733 8.938882432160554 137
1679854692566 9.896399667527941 139
1679854693496 9.096362921632366 141
1679854694283 9.346668898029092 143
1679854695108 9.551182285355933 145
1679854695914 9.4448600816138 147
1679854696849 10.203366403226498 149
1679854697635 8.452922036912707 151
1679854698484 10.231764960583345 153
1679854699261 9.387135518627403 155
1679854700051 9.131594722653613 157
1679854700860 8.206189445213035 159
1679854701674 9.906685110963421 161
1679854702509 9.080774613368659 163
1679854703330 8.489447935127918 165
1679854704225 9.51425050570641 167
1679854705031 8.986808192877122 169
1679854705815 8.717629416194963 171
1679854706610 8.712019455874408 173
1679854707505 10.079841903403953 175
1679854708306 7.725088347917722 177
1679854709090 9.07631046978044 179
1679854709873 7.687248776282793 181
1679854710637 8.771341453363865 183
1679854711424 9.236305321587457 185
1679854712186 10.157811250804382 187
1679854713021 9.292659309763968 189
1679854713946 9.726453472655496 191
1679854714823 10.446493007518628 193
1679854715636 9.44651919470893 195
1679854716450 10.38178796650451 197
1679854717370 7.421694739070939 199
1679854718203 8.220889138586728 201
1679854719048 8.294516784762159 203
1679854719905 8.52913617970031 205
1679854720692 8.931352346914785 207
1679854721523 8.211367498209446 209
1679854722335 8.225511297178857 211
1679854723150 8.91076296582634 213
1679854724049 7.750999826266442 215
1679854724875 7.518472667976662 217
1679854725674 8.66870237633034 219
1679854726500 8.19127570964672 221
1679854727382 9.34410582412908 223
1679854728170 7.229637047096535 225
1679854728951 7.705033735581386 227
1679854729779 7.972156912014809 229
1679854730587 9.312073704048439 231
1679854731390 7.930015775303782 233
1679854732221 9.241011939814062 235
1679854733024 7.765781666320048 237
1679854733957 9.649560090053228 239
1679854734801 8.110227131549223 241
1679854735618 8.528300613827176 243
1679854736466 9.695226824725117 245
1679854737375 7.807100091157136 247
1679854738186 7.928599190417631 249
1679854739002 9.73865690584536 251
1679854739839 10.39581684536404 253
1679854740660 7.989564165656949 255
1679854741484 9.03714043299357 257
1679854742337 8.219770383246152 259
1679854743147 8.452455167417172 261
1679854744073 9.51199004797288 263
1679854744926 7.758538606431749 265
1679854745728 9.428734330777768 267
1679854746534 8.203001323747046 269
1679854747468 7.600766629348566 271
1679854748284 9.412062928706039 273
1679854749099 8.015818444004765 275
1679854749918 8.782635983125664 277
1679854750706 9.013006541758408 279
1679854751532 8.36106464833389 281
1679854752349 9.218438379264173 283
1679854753178 9.079360309647925 285
1679854754048 9.355484936561114 287
1679854754889 8.661196233019417 289
1679854755701 7.203833330413442 291
1679854756499 9.36571410379292 293
1679854757385 9.763766259322932 295
1679854758224 8.161785733258283 297
1679854759030 7.6811778975121765 299
