1679779098034 15844.0 1
1679779098167 15844.0 2
1679779098700 15844.0 3
1679779098832 15844.0 4
1679779099430 15844.0 5
1679779099564 15844.0 6
1679779100085 15844.0 7
1679779100212 15844.0 8
1679779100725 15844.0 9
1679779100858 15844.0 10
1679779101404 15844.0 11
1679779101533 15844.0 12
1679779102099 15844.0 13
1679779102228 15844.0 14
1679779102760 15844.0 15
1679779102885 15844.0 16
1679779103432 15844.0 17
1679779103607 15844.0 18
1679779104209 15844.0 19
1679779104338 15844.0 20
1679779104875 15844.0 21
1679779105016 15844.0 22
1679779105551 15844.0 23
1679779105766 15844.0 24
1679779106362 15844.0 25
1679779106506 15844.0 26
1679779107045 15844.0 27
1679779107170 15844.0 28
1679779107662 15844.0 29
1679779107789 15844.0 30
1679779108336 15844.0 31
1679779108467 15844.0 32
1679779109023 15844.0 33
1679779109153 15844.0 34
1679779109734 15844.0 35
1679779109852 15844.0 36
1679779110360 15844.0 37
1679779110480 15844.0 38
1679779110959 15844.0 39
1679779111096 15844.0 40
1679779111610 15844.0 41
1679779111735 15844.0 42
1679779112224 15844.0 43
1679779112339 15844.0 44
1679779112831 15844.0 45
1679779112958 15844.0 46
1679779113447 15844.0 47
1679779113569 15844.0 48
1679779114123 15844.0 49
1679779114254 15844.0 50
1679779114777 15844.0 51
1679779114897 15844.0 52
1679779115412 15844.0 53
1679779115614 15844.0 54
1679779116129 15844.0 55
1679779116265 15844.0 56
1679779116833 15844.0 57
1679779116962 15844.0 58
1679779117491 15844.0 59
1679779117616 15844.0 60
1679779118124 15844.0 61
1679779118251 15844.0 62
1679779118765 15844.0 63
1679779118912 15844.0 64
1679779119539 15844.0 65
1679779119665 15844.0 66
1679779120166 15844.0 67
1679779120291 15844.0 68
1679779120791 15844.0 69
1679779120921 15844.0 70
1679779121443 15844.0 71
1679779121586 15844.0 72
1679779122153 15844.0 73
1679779122290 15844.0 74
1679779122792 15844.0 75
1679779122925 15844.0 76
1679779123446 15844.0 77
1679779123573 15844.0 78
1679779124085 15844.0 79
1679779124218 15844.0 80
1679779124744 15844.0 81
1679779124864 15844.0 82
1679779125367 15844.0 83
1679779125492 15844.0 84
1679779126095 15844.0 85
1679779126239 15844.0 86
1679779126759 15844.0 87
1679779126912 15844.0 88
1679779127457 15844.0 89
1679779127597 15844.0 90
1679779128107 15844.0 91
1679779128228 15844.0 92
1679779128717 15844.0 93
1679779128854 15844.0 94
1679779129434 15844.0 95
1679779129577 15844.0 96
1679779130100 15844.0 97
1679779130233 15844.0 98
1679779130725 15844.0 99
1679779130854 15844.0 100
1679779131370 15844.0 101
1679779131497 15844.0 102
1679779132059 15844.0 103
1679779132208 15844.0 104
1679779132780 15844.0 105
1679779132920 15844.0 106
1679779133453 15844.0 107
1679779133598 15844.0 108
1679779134137 15844.0 109
1679779134270 15844.0 110
1679779134802 15844.0 111
1679779134962 15844.0 112
1679779135539 15844.0 113
1679779135682 15844.0 114
1679779136320 15844.0 115
1679779136454 15844.0 116
1679779136989 15844.0 117
1679779137117 15844.0 118
1679779137655 15844.0 119
1679779137787 15844.0 120
1679779138291 15844.0 121
1679779138418 15844.0 122
1679779138924 15844.0 123
1679779139055 15844.0 124
1679779139637 15844.0 125
1679779139772 15844.0 126
1679779140306 15844.0 127
1679779140452 15844.0 128
1679779141004 15844.0 129
1679779141139 15844.0 130
1679779141646 15844.0 131
1679779141771 15844.0 132
1679779142282 15844.0 133
1679779142430 15844.0 134
1679779142980 15844.0 135
1679779143109 15844.0 136
1679779143634 15844.0 137
1679779143771 15844.0 138
1679779144289 15844.0 139
1679779144423 15844.0 140
1679779144931 15844.0 141
1679779145055 15844.0 142
1679779145556 15844.0 143
1679779145701 15844.0 144
1679779146309 15844.0 145
1679779146431 15844.0 146
1679779146979 15844.0 147
1679779147106 15844.0 148
1679779147619 15844.0 149
1679779147773 15844.0 150
1679779148334 15844.0 151
1679779148463 15844.0 152
1679779148985 15844.0 153
1679779149115 15844.0 154
1679779149740 15844.0 155
1679779149869 15844.0 156
1679779150365 15844.0 157
1679779150495 15844.0 158
1679779150993 15844.0 159
1679779151145 15844.0 160
1679779151673 15844.0 161
1679779151815 15844.0 162
1679779152333 15844.0 163
1679779152455 15844.0 164
1679779152979 15844.0 165
1679779153116 15844.0 166
1679779153677 15844.0 167
1679779153822 15844.0 168
1679779154379 15844.0 169
1679779154510 15844.0 170
1679779155010 15844.0 171
1679779155142 15844.0 172
1679779155649 15844.0 173
1679779155786 15844.0 174
1679779156425 15844.0 175
1679779156592 15844.0 176
1679779157165 15844.0 177
1679779157294 15844.0 178
1679779157816 15844.0 179
1679779157957 15844.0 180
1679779158507 15844.0 181
1679779158660 15844.0 182
1679779159290 15844.0 183
1679779159443 15844.0 184
1679779160064 15844.0 185
1679779160230 15844.0 186
1679779160772 15844.0 187
1679779160902 15844.0 188
1679779161447 15844.0 189
1679779161603 15844.0 190
1679779162191 15844.0 191
1679779162345 15844.0 192
1679779162830 15844.0 193
1679779162955 15844.0 194
1679779163423 15844.0 195
1679779163542 15844.0 196
1679779164092 15844.0 197
1679779164226 15844.0 198
1679779164740 15844.0 199
1679779164862 15844.0 200
1679779165352 15844.0 201
1679779165471 15844.0 202
1679779165922 15844.0 203
1679779166038 15844.0 204
1679779166563 15844.0 205
1679779166713 15844.0 206
1679779167305 15844.0 207
1679779167461 15844.0 208
1679779168004 15844.0 209
1679779168145 15844.0 210
1679779168661 15844.0 211
1679779168784 15844.0 212
1679779169284 15844.0 213
1679779169431 15844.0 214
1679779170053 15844.0 215
1679779170184 15844.0 216
1679779170711 15844.0 217
1679779170842 15844.0 218
1679779171364 15844.0 219
1679779171489 15844.0 220
1679779172013 15844.0 221
1679779172142 15844.0 222
1679779172634 15844.0 223
1679779172772 15844.0 224
1679779173286 15844.0 225
1679779173426 15844.0 226
1679779173984 15844.0 227
1679779174118 15844.0 228
1679779174612 15844.0 229
1679779174765 15844.0 230
1679779175260 15844.0 231
1679779175386 15844.0 232
1679779175909 15844.0 233
1679779176060 15844.0 234
1679779176634 15844.0 235
1679779176759 15844.0 236
1679779177241 15844.0 237
1679779177384 15844.0 238
1679779177888 15844.0 239
1679779178017 15844.0 240
1679779178542 15844.0 241
1679779178685 15844.0 242
1679779179169 15844.0 243
1679779179302 15844.0 244
1679779179887 15844.0 245
1679779180019 15844.0 246
1679779180528 15844.0 247
1679779180670 15844.0 248
1679779181181 15844.0 249
1679779181308 15844.0 250
1679779181824 15844.0 251
1679779181952 15844.0 252
1679779182426 15844.0 253
1679779182604 15844.0 254
1679779183123 15844.0 255
1679779183275 15844.0 256
1679779183808 15844.0 257
1679779183933 15844.0 258
1679779184417 15844.0 259
1679779184557 15844.0 260
1679779185089 15844.0 261
1679779185221 15844.0 262
1679779185684 15844.0 263
1679779185821 15844.0 264
1679779186417 15844.0 265
1679779186552 15844.0 266
1679779187041 15844.0 267
1679779187169 15844.0 268
1679779187646 15844.0 269
1679779187808 15844.0 270
1679779188300 15844.0 271
1679779188430 15844.0 272
1679779188914 15844.0 273
1679779189042 15844.0 274
1679779189568 15844.0 275
1679779189813 15844.0 276
1679779190330 15844.0 277
1679779190451 15844.0 278
1679779190930 15844.0 279
1679779191060 15844.0 280
1679779191555 15844.0 281
1679779191685 15844.0 282
1679779192154 15844.0 283
1679779192277 15844.0 284
1679779192743 15844.0 285
1679779192883 15844.0 286
1679779193379 15844.0 287
1679779193513 15844.0 288
1679779194040 15844.0 289
1679779194189 15844.0 290
1679779194683 15844.0 291
1679779194824 15844.0 292
1679779195350 15844.0 293
1679779195484 15844.0 294
1679779196049 15844.0 295
1679779196177 15844.0 296
1679779196688 15844.0 297
1679779196816 15844.0 298
1679779197316 15844.0 299
1679779197439 15844.0 300
1679779197547 15844.0 301
