1679779098018 3.861881732940674 1
1679779098158 0.12111401557922363 2
1679779098692 0.5332458019256592 3
1679779098824 0.13571810722351074 4
1679779099422 0.5949716567993164 5
1679779099554 0.12911462783813477 6
1679779100077 0.5228536128997803 7
1679779100204 0.13065171241760254 8
1679779100716 0.5106461048126221 9
1679779100850 0.13613271713256836 10
1679779101397 0.5387656688690186 11
1679779101526 0.13685250282287598 12
1679779102091 0.5620343685150146 13
1679779102220 0.13041925430297852 14
1679779102752 0.5286409854888916 15
1679779102877 0.124786376953125 16
1679779103423 0.5391685962677002 17
1679779103596 0.17116475105285645 18
1679779104201 0.6119732856750488 19
1679779104330 0.13138818740844727 20
1679779104867 0.5345220565795898 21
1679779105007 0.14096641540527344 22
1679779105543 0.5378913879394531 23
1679779105758 0.21527552604675293 24
1679779106354 0.5837535858154297 25
1679779106497 0.1478404998779297 26
1679779107037 0.5461711883544922 27
1679779107162 0.12888193130493164 28
1679779107653 0.4911201000213623 29
1679779107781 0.1269536018371582 30
1679779108327 0.5291543006896973 31
1679779108459 0.14765477180480957 32
1679779109015 0.5450880527496338 33
1679779109145 0.13724231719970703 34
1679779109727 0.5873103141784668 35
1679779109844 0.1165616512298584 36
1679779110352 0.5000405311584473 37
1679779110472 0.1286756992340088 38
1679779110952 0.48296666145324707 39
1679779111086 0.11841845512390137 40
1679779111601 0.5299558639526367 41
1679779111728 0.12288188934326172 42
1679779112215 0.4871640205383301 43
1679779112332 0.11988258361816406 44
1679779112822 0.48615431785583496 45
1679779112949 0.12472748756408691 46
1679779113438 0.49320077896118164 47
1679779113557 0.11995387077331543 48
1679779114115 0.5528616905212402 49
1679779114246 0.1299426555633545 50
1679779114769 0.5248146057128906 51
1679779114888 0.12429451942443848 52
1679779115403 0.5027844905853271 53
1679779115606 0.2162764072418213 54
1679779116121 0.5139956474304199 55
1679779116257 0.1320030689239502 56
1679779116824 0.5689303874969482 57
1679779116955 0.1272139549255371 58
1679779117483 0.529442548751831 59
1679779117609 0.12458276748657227 60
1679779118115 0.5077047348022461 61
1679779118242 0.12865424156188965 62
1679779118757 0.5135746002197266 63
1679779118900 0.13992953300476074 64
1679779119530 0.6345396041870117 65
1679779119658 0.1234900951385498 66
1679779120159 0.5064313411712646 67
1679779120283 0.12138724327087402 68
1679779120784 0.5036060810089111 69
1679779120913 0.12273240089416504 70
1679779121436 0.5306799411773682 71
1679779121577 0.13127422332763672 72
1679779122142 0.5699281692504883 73
1679779122282 0.1391892433166504 74
1679779122784 0.5026533603668213 75
1679779122915 0.130112886428833 76
1679779123436 0.5175302028656006 77
1679779123565 0.1308760643005371 78
1679779124076 0.5185246467590332 79
1679779124209 0.12901091575622559 80
1679779124734 0.5246427059173584 81
1679779124857 0.12491393089294434 82
1679779125359 0.4995424747467041 83
1679779125485 0.12431478500366211 84
1679779126088 0.5996336936950684 85
1679779126231 0.14264583587646484 86
1679779126751 0.5231671333312988 87
1679779126902 0.1506655216217041 88
1679779127449 0.5451147556304932 89
1679779127587 0.13392400741577148 90
1679779128099 0.5192403793334961 91
1679779128220 0.12415051460266113 92
1679779128709 0.48726916313171387 93
1679779128844 0.1328115463256836 94
1679779129427 0.583967924118042 95
1679779129566 0.1334984302520752 96
1679779130092 0.5315413475036621 97
1679779130226 0.1332240104675293 98
1679779130718 0.49149250984191895 99
1679779130846 0.12668633460998535 100
1679779131362 0.5190401077270508 101
1679779131490 0.12952423095703125 102
1679779132050 0.5434505939483643 103
1679779132200 0.15451335906982422 104
1679779132773 0.572089433670044 105
1679779132911 0.1401534080505371 106
1679779133444 0.5347230434417725 107
1679779133589 0.14702892303466797 108
1679779134130 0.5400571823120117 109
1679779134263 0.13233613967895508 110
1679779134793 0.535247802734375 111
1679779134949 0.1436600685119629 112
1679779135530 0.5795588493347168 113
1679779135673 0.15400338172912598 114
1679779136312 0.6390101909637451 115
1679779136444 0.13325285911560059 116
1679779136981 0.5356032848358154 117
1679779137110 0.13351082801818848 118
1679779137646 0.5268030166625977 119
1679779137778 0.13607358932495117 120
1679779138283 0.5080432891845703 121
1679779138410 0.1277632713317871 122
1679779138916 0.5027561187744141 123
1679779139047 0.13282322883605957 124
1679779139628 0.5809228420257568 125
1679779139764 0.1327040195465088 126
1679779140295 0.5317940711975098 127
1679779140444 0.1430504322052002 128
1679779140993 0.5500681400299072 129
1679779141132 0.14483141899108887 130
1679779141638 0.508202075958252 131
1679779141764 0.12501215934753418 132
1679779142274 0.5105869770050049 133
1679779142420 0.1422591209411621 134
1679779142973 0.554168701171875 135
1679779143102 0.13005685806274414 136
1679779143626 0.527137041091919 137
1679779143762 0.13013625144958496 138
1679779144281 0.5204370021820068 139
1679779144415 0.13506412506103516 140
1679779144923 0.5100796222686768 141
1679779145048 0.12564611434936523 142
1679779145549 0.5023891925811768 143
1679779145693 0.13402605056762695 144
1679779146302 0.6186990737915039 145
1679779146424 0.12136316299438477 146
1679779146970 0.5379531383514404 147
1679779147098 0.13390350341796875 148
1679779147609 0.503936767578125 149
1679779147764 0.1512300968170166 150
1679779148325 0.5699172019958496 151
1679779148455 0.12813019752502441 152
1679779148978 0.5241711139678955 153
1679779149107 0.13242721557617188 154
1679779149731 0.6231832504272461 155
1679779149861 0.12787604331970215 156
1679779150358 0.49727320671081543 157
1679779150487 0.12884521484375 158
1679779150984 0.5019357204437256 159
1679779151134 0.13607430458068848 160
1679779151666 0.5399129390716553 161
1679779151807 0.136474609375 162
1679779152325 0.5286228656768799 163
1679779152447 0.12200450897216797 164
1679779152971 0.5183885097503662 165
1679779153107 0.1327648162841797 166
1679779153668 0.5632827281951904 167
1679779153814 0.1474144458770752 168
1679779154371 0.5600860118865967 169
1679779154502 0.12989187240600586 170
1679779155003 0.5022284984588623 171
1679779155134 0.12792444229125977 172
1679779155642 0.5078566074371338 173
1679779155774 0.13224339485168457 174
1679779156415 0.6348588466644287 175
1679779156583 0.16611003875732422 176
1679779157158 0.5790557861328125 177
1679779157287 0.1338515281677246 178
1679779157807 0.5198185443878174 179
1679779157948 0.1369946002960205 180
1679779158499 0.551555871963501 181
1679779158652 0.14751291275024414 182
1679779159280 0.6164505481719971 183
1679779159435 0.16860413551330566 184
1679779160056 0.665245532989502 185
1679779160221 0.11278033256530762 186
1679779160764 0.5550947189331055 187
1679779160895 0.1319115161895752 188
1679779161439 0.547015905380249 189
1679779161594 0.14835095405578613 190
1679779162177 0.57651686668396 191
1679779162335 0.1632857322692871 192
1679779162822 0.49477720260620117 193
1679779162946 0.12511324882507324 194
1679779163415 0.4711883068084717 195
1679779163534 0.1197664737701416 196
1679779164085 0.5452346801757812 197
1679779164218 0.12891554832458496 198
1679779164732 0.5228381156921387 199
1679779164855 0.12099099159240723 200
1679779165345 0.4933958053588867 201
1679779165463 0.11658048629760742 202
1679779165915 0.45117855072021484 203
1679779166030 0.11612749099731445 204
1679779166556 0.5226936340332031 205
1679779166701 0.13595819473266602 206
1679779167297 0.5945522785186768 207
1679779167453 0.15802359580993652 208
1679779167994 0.5394940376281738 209
1679779168138 0.14601373672485352 210
1679779168653 0.5177404880523682 211
1679779168777 0.12828755378723145 212
1679779169276 0.4978206157684326 213
1679779169422 0.13703489303588867 214
1679779170045 0.628242015838623 215
1679779170176 0.13347363471984863 216
1679779170703 0.5312831401824951 217
1679779170834 0.12128376960754395 218
1679779171357 0.5327293872833252 219
1679779171480 0.12116050720214844 220
1679779172006 0.5259828567504883 221
1679779172134 0.12828826904296875 222
1679779172626 0.47753381729125977 223
1679779172762 0.14462924003601074 224
1679779173278 0.5133256912231445 225
1679779173418 0.14432454109191895 226
1679779173978 0.5543367862701416 227
1679779174110 0.1367931365966797 228
1679779174603 0.533621072769165 229
1679779174756 0.0981895923614502 230
1679779175251 0.5060899257659912 231
1679779175379 0.13779497146606445 232
1679779175899 0.5088729858398438 233
1679779176053 0.15418410301208496 234
1679779176626 0.5812089443206787 235
1679779176752 0.12559771537780762 236
1679779177233 0.4801609516143799 237
1679779177376 0.1350719928741455 238
1679779177879 0.5089266300201416 239
1679779178010 0.13389205932617188 240
1679779178534 0.5002148151397705 241
1679779178677 0.15959692001342773 242
1679779179162 0.4942893981933594 243
1679779179294 0.12689447402954102 244
1679779179881 0.590252161026001 245
1679779180012 0.1297292709350586 246
1679779180520 0.5009560585021973 247
1679779180659 0.141099214553833 248
1679779181171 0.5178122520446777 249
1679779181300 0.12977361679077148 250
1679779181816 0.5123453140258789 251
1679779181945 0.1289830207824707 252
1679779182419 0.48014307022094727 253
1679779182593 0.14887523651123047 254
1679779183115 0.5420253276824951 255
1679779183267 0.14417409896850586 256
1679779183799 0.5433342456817627 257
1679779183926 0.1255788803100586 258
1679779184409 0.48200225830078125 259
1679779184548 0.1334240436553955 260
1679779185080 0.5359070301055908 261
1679779185214 0.13784027099609375 262
1679779185677 0.4576992988586426 263
1679779185811 0.13333368301391602 264
1679779186408 0.5998156070709229 265
1679779186543 0.13046813011169434 266
1679779187032 0.48855161666870117 267
1679779187161 0.1314256191253662 268
1679779187639 0.4725527763366699 269
1679779187799 0.1638195514678955 270
1679779188292 0.49233031272888184 271
1679779188423 0.134047269821167 272
1679779188908 0.4896864891052246 273
1679779189034 0.12393736839294434 274
1679779189560 0.5202033519744873 275
1679779189804 0.24314212799072266 276
1679779190322 0.5248560905456543 277
1679779190445 0.12494277954101562 278
1679779190922 0.47591400146484375 279
1679779191052 0.12509703636169434 280
1679779191548 0.49402356147766113 281
1679779191678 0.1351790428161621 282
1679779192147 0.46469712257385254 283
1679779192270 0.12919139862060547 284
1679779192736 0.4639284610748291 285
1679779192875 0.1361384391784668 286
1679779193368 0.48780345916748047 287
1679779193505 0.1430511474609375 288
1679779194031 0.5188848972320557 289
1679779194181 0.15400004386901855 290
1679779194676 0.5000009536743164 291
1679779194816 0.13243436813354492 292
1679779195343 0.5287649631500244 293
1679779195476 0.13488292694091797 294
1679779196041 0.5689616203308105 295
1679779196171 0.12919831275939941 296
1679779196681 0.5068764686584473 297
1679779196809 0.13096284866333008 298
1679779197309 0.49916982650756836 299
1679779197432 0.12775635719299316 300
1679779197539 0.09899330139160156 301
