1679779098032 3.861881732940674 1
1679779098165 3.9829957485198975 2
1679779098698 4.516241550445557 3
1679779098830 4.651959657669067 4
1679779099428 5.246931314468384 5
1679779099562 5.3760459423065186 6
1679779100084 5.898899555206299 7
1679779100210 6.029551267623901 8
1679779100724 6.540197372436523 9
1679779100857 6.676330089569092 10
1679779101403 7.21509575843811 11
1679779101532 7.351948261260986 12
1679779102097 7.913982629776001 13
1679779102226 8.04440188407898 14
1679779102758 8.573042869567871 15
1679779102883 8.697829246520996 16
1679779103430 9.236997842788696 17
1679779103605 9.408162593841553 18
1679779104208 10.020135879516602 19
1679779104337 10.151524066925049 20
1679779104873 10.686046123504639 21
1679779105014 10.827012538909912 22
1679779105550 11.364903926849365 23
1679779105764 11.580179452896118 24
1679779106360 12.163933038711548 25
1679779106505 12.311773538589478 26
1679779107043 12.85794472694397 27
1679779107169 12.986826658248901 28
1679779107660 13.477946758270264 29
1679779107788 13.604900360107422 30
1679779108334 14.13405466079712 31
1679779108465 14.281709432601929 32
1679779109021 14.826797485351562 33
1679779109152 14.96403980255127 34
1679779109732 15.551350116729736 35
1679779109850 15.667911767959595 36
1679779110358 16.167952299118042 37
1679779110479 16.29662799835205 38
1679779110958 16.779594659805298 39
1679779111094 16.8980131149292 40
1679779111608 17.427968978881836 41
1679779111734 17.550850868225098 42
1679779112222 18.038014888763428 43
1679779112338 18.157897472381592 44
1679779112829 18.644051790237427 45
1679779112956 18.768779277801514 46
1679779113445 19.261980056762695 47
1679779113566 19.38193392753601 48
1679779114121 19.93479561805725 49
1679779114253 20.064738273620605 50
1679779114775 20.589552879333496 51
1679779114895 20.713847398757935 52
1679779115411 21.21663188934326 53
1679779115612 21.432908296585083 54
1679779116128 21.946903944015503 55
1679779116263 22.078907012939453 56
1679779116831 22.6478374004364 57
1679779116961 22.77505135536194 58
1679779117489 23.30449390411377 59
1679779117615 23.429076671600342 60
1679779118123 23.936781406402588 61
1679779118249 24.065435647964478 62
1679779118763 24.579010248184204 63
1679779118910 24.718939781188965 64
1679779119538 25.353479385375977 65
1679779119664 25.476969480514526 66
1679779120165 25.98340082168579 67
1679779120289 26.104788064956665 68
1679779120790 26.608394145965576 69
1679779120920 26.73112654685974 70
1679779121441 27.26180648803711 71
1679779121583 27.393080711364746 72
1679779122151 27.963008880615234 73
1679779122288 28.102198123931885 74
1679779122790 28.604851484298706 75
1679779122923 28.73496437072754 76
1679779123444 29.25249457359314 77
1679779123571 29.383370637893677 78
1679779124083 29.90189528465271 79
1679779124217 30.030906200408936 80
1679779124743 30.555548906326294 81
1679779124863 30.68046283721924 82
1679779125365 31.180005311965942 83
1679779125490 31.304320096969604 84
1679779126094 31.903953790664673 85
1679779126237 32.04659962654114 86
1679779126758 32.56976675987244 87
1679779126910 32.72043228149414 88
1679779127455 33.265547037124634 89
1679779127595 33.399471044540405 90
1679779128106 33.9187114238739 91
1679779128226 34.04286193847656 92
1679779128715 34.530131101608276 93
1679779128852 34.66294264793396 94
1679779129433 35.246910572052 95
1679779129574 35.38040900230408 96
1679779130099 35.91195034980774 97
1679779130232 36.04517436027527 98
1679779130724 36.53666687011719 99
1679779130852 36.66335320472717 100
1679779131368 37.182393312454224 101
1679779131497 37.311917543411255 102
1679779132058 37.85536813735962 103
1679779132207 38.00988149642944 104
1679779132779 38.58197093009949 105
1679779132918 38.722124338150024 106
1679779133451 39.2568473815918 107
1679779133596 39.403876304626465 108
1679779134136 39.94393348693848 109
1679779134269 40.07626962661743 110
1679779134800 40.61151742935181 111
1679779134959 40.75517749786377 112
1679779135538 41.334736347198486 113
1679779135680 41.48873972892761 114
1679779136318 42.12774991989136 115
1679779136452 42.26100277900696 116
1679779136987 42.79660606384277 117
1679779137116 42.93011689186096 118
1679779137654 43.45691990852356 119
1679779137786 43.59299349784851 120
1679779138290 44.10103678703308 121
1679779138416 44.22880005836487 122
1679779138923 44.73155617713928 123
1679779139053 44.86437940597534 124
1679779139635 45.4453022480011 125
1679779139771 45.57800626754761 126
1679779140305 46.10980033874512 127
1679779140450 46.25285077095032 128
1679779141002 46.802918910980225 129
1679779141138 46.94775032997131 130
1679779141644 47.455952405929565 131
1679779141770 47.5809645652771 132
1679779142281 48.091551542282104 133
1679779142428 48.23381066322327 134
1679779142979 48.78797936439514 135
1679779143108 48.918036222457886 136
1679779143632 49.445173263549805 137
1679779143769 49.57530951499939 138
1679779144288 50.0957465171814 139
1679779144422 50.23081064224243 140
1679779144929 50.74089026451111 141
1679779145053 50.866536378860474 142
1679779145554 51.36892557144165 143
1679779145700 51.50295162200928 144
1679779146308 52.12165069580078 145
1679779146429 52.243013858795166 146
1679779146977 52.780966997146606 147
1679779147105 52.914870500564575 148
1679779147616 53.4188072681427 149
1679779147770 53.57003736495972 150
1679779148332 54.139954566955566 151
1679779148461 54.26808476448059 152
1679779148984 54.792255878448486 153
1679779149113 54.92468309402466 154
1679779149737 55.547866344451904 155
1679779149867 55.675742387771606 156
1679779150364 56.17301559448242 157
1679779150493 56.30186080932617 158
1679779150991 56.8037965297699 159
1679779151142 56.939870834350586 160
1679779151672 57.47978377342224 161
1679779151813 57.61625838279724 162
1679779152332 58.14488124847412 163
1679779152454 58.26688575744629 164
1679779152977 58.785274267196655 165
1679779153115 58.918039083480835 166
1679779153676 59.481321811676025 167
1679779153821 59.6287362575531 168
1679779154378 60.1888222694397 169
1679779154508 60.3187141418457 170
1679779155009 60.820942640304565 171
1679779155141 60.948867082595825 172
1679779155648 61.45672369003296 173
1679779155783 61.588967084884644 174
1679779156423 62.22382593154907 175
1679779156590 62.3899359703064 176
1679779157163 62.96899175643921 177
1679779157293 63.102843284606934 178
1679779157814 63.62266182899475 179
1679779157955 63.75965642929077 180
1679779158505 64.31121230125427 181
1679779158658 64.45872521400452 182
1679779159287 65.07517576217651 183
1679779159442 65.24377989768982 184
1679779160063 65.90902543067932 185
1679779160227 66.02180576324463 186
1679779160770 66.57690048217773 187
1679779160901 66.70881199836731 188
1679779161446 67.25582790374756 189
1679779161601 67.40417885780334 190
1679779162188 67.9806957244873 191
1679779162343 68.14398145675659 192
1679779162829 68.6387586593628 193
1679779162953 68.76387190818787 194
1679779163422 69.23506021499634 195
1679779163540 69.35482668876648 196
1679779164090 69.90006136894226 197
1679779164224 70.02897691726685 198
1679779164738 70.55181503295898 199
1679779164861 70.67280602455139 200
1679779165351 71.16620182991028 201
1679779165469 71.28278231620789 202
1679779165920 71.7339608669281 203
1679779166037 71.85008835792542 204
1679779166561 72.37278199195862 205
1679779166711 72.50874018669128 206
1679779167303 73.10329246520996 207
1679779167460 73.2613160610199 208
1679779168001 73.80081009864807 209
1679779168144 73.94682383537292 210
1679779168659 74.4645643234253 211
1679779168782 74.59285187721252 212
1679779169282 75.09067249298096 213
1679779169429 75.22770738601685 214
1679779170051 75.85594940185547 215
1679779170182 75.98942303657532 216
1679779170710 76.52070617675781 217
1679779170841 76.64198994636536 218
1679779171362 77.17471933364868 219
1679779171487 77.29587984085083 220
1679779172012 77.82186269760132 221
1679779172141 77.95015096664429 222
1679779172633 78.42768478393555 223
1679779172770 78.57231402397156 224
1679779173285 79.0856397151947 225
1679779173425 79.22996425628662 226
1679779173983 79.78430104255676 227
1679779174116 79.92109417915344 228
1679779174610 80.45471525192261 229
1679779174764 80.55290484428406 230
1679779175258 81.05899477005005 231
1679779175385 81.19678974151611 232
1679779175906 81.70566272735596 233
1679779176059 81.85984683036804 234
1679779176632 82.44105577468872 235
1679779176758 82.56665349006653 236
1679779177240 83.04681444168091 237
1679779177382 83.18188643455505 238
1679779177886 83.6908130645752 239
1679779178016 83.82470512390137 240
1679779178541 84.32491993904114 241
1679779178683 84.48451685905457 242
1679779179168 84.97880625724792 243
1679779179300 85.10570073127747 244
1679779179886 85.69595289230347 245
1679779180018 85.82568216323853 246
1679779180526 86.32663822174072 247
1679779180667 86.46773743629456 248
1679779181180 86.98554968833923 249
1679779181307 87.11532330513 250
1679779181822 87.62766861915588 251
1679779181951 87.75665163993835 252
1679779182424 88.2367947101593 253
1679779182602 88.38566994667053 254
1679779183121 88.92769527435303 255
1679779183273 89.07186937332153 256
1679779183807 89.6152036190033 257
1679779183932 89.74078249931335 258
1679779184416 90.22278475761414 259
1679779184556 90.35620880126953 260
1679779185086 90.89211583137512 261
1679779185220 91.02995610237122 262
1679779185683 91.48765540122986 263
1679779185819 91.62098908424377 264
1679779186415 92.2208046913147 265
1679779186550 92.35127282142639 266
1679779187040 92.83982443809509 267
1679779187167 92.97125005722046 268
1679779187644 93.44380283355713 269
1679779187806 93.60762238502502 270
1679779188299 94.0999526977539 271
1679779188428 94.23399996757507 272
1679779188913 94.7236864566803 273
1679779189040 94.84762382507324 274
1679779189566 95.36782717704773 275
1679779189811 95.61096930503845 276
1679779190327 96.1358253955841 277
1679779190450 96.26076817512512 278
1679779190928 96.73668217658997 279
1679779191059 96.86177921295166 280
1679779191554 97.35580277442932 281
1679779191684 97.49098181724548 282
1679779192153 97.95567893981934 283
1679779192277 98.08487033843994 284
1679779192742 98.54879879951477 285
1679779192881 98.68493723869324 286
1679779193376 99.17274069786072 287
1679779193511 99.31579184532166 288
1679779194038 99.83467674255371 289
1679779194187 99.98867678642273 290
1679779194682 100.48867774009705 291
1679779194822 100.62111210823059 292
1679779195349 101.14987707138062 293
1679779195482 101.28475999832153 294
1679779196047 101.85372161865234 295
1679779196176 101.98291993141174 296
1679779196686 102.48979640007019 297
1679779196814 102.62075924873352 298
1679779197315 103.11992907524109 299
1679779197437 103.24768543243408 300
1679779197546 103.34667873382568 301
