1679779098016 46.77682807052865 1
1679779098690 16.801233068215822 3
1679779099419 6.102860077561212 5
1679779100075 3.3630028441019224 7
1679779100715 2.150864449998504 9
1679779101395 1.687942047753572 11
1679779102090 1.369058131713776 13
1679779102751 1.148688818213214 15
1679779103420 1.117102321340091 17
1679779104199 1.2205022611812817 19
1679779104865 0.8291505037963641 21
1679779105541 0.7248920599509163 23
1679779106352 0.7621320540838538 25
1679779107035 0.8353173896059148 27
1679779107651 0.6676791817204688 29
1679779108325 0.6312448567211343 31
1679779109010 0.5322469205284782 33
1679779109725 0.6448183438200162 35
1679779110349 0.5361411417243019 37
1679779110950 0.38862583976194154 39
1679779111599 0.39306672890236183 41
1679779112213 0.3944666642740479 43
1679779112820 0.47953568888554865 45
1679779113436 0.3948982198031964 47
1679779114113 0.3661128129971892 49
1679779114767 0.5819145520949538 51
1679779115401 0.4379558529591605 53
1679779116119 0.2981552484502101 55
1679779116822 0.2535505754879186 57
1679779117481 0.2682403231540782 59
1679779118113 0.2220490063270271 61
1679779118755 0.23732735889937845 63
1679779119529 0.22373780801973628 65
1679779120157 0.21723649443085685 67
1679779120782 0.3307974248558687 69
1679779121434 0.22045420903606866 71
1679779122140 0.2680135059917634 73
1679779122782 0.22279082008522888 75
1679779123434 0.21262499394285903 77
1679779124075 0.2052084566087007 79
1679779124732 0.24570423020528212 81
1679779125358 0.20390272035181906 83
1679779126086 0.18205207265718035 85
1679779126750 0.19089434404489275 87
1679779127447 0.2569464491129993 89
1679779128098 0.2077150576713264 91
1679779128708 0.25280804365324056 93
1679779129425 0.2399495952927385 95
1679779130090 0.18038879963181273 97
1679779130716 0.21116111324204243 99
1679779131360 0.2518211775947305 101
1679779132048 0.15996285961718887 103
1679779132771 0.1851411785438525 105
1679779133442 0.19524448697565777 107
1679779134128 0.20333882215904311 109
1679779134791 0.17659006910546632 111
1679779135528 0.17658578806858982 113
1679779136310 0.13408554172269951 115
1679779136980 0.15820027172530904 117
1679779137645 0.13801959853796972 119
1679779138282 0.13939328687067992 121
1679779138914 0.13473785463476695 123
1679779139626 0.14617669012639953 125
1679779140293 0.14187251356000619 127
1679779140991 0.15634078606066884 129
1679779141636 0.14971701016422745 131
1679779142273 0.1320210391037982 133
1679779142971 0.1348750781298657 135
1679779143624 0.14319376260167452 137
1679779144280 0.1360092608680978 139
1679779144922 0.13456610733299154 141
1679779145547 0.13526267363891906 143
1679779146300 0.1396725527235601 145
1679779146968 0.1403707576162159 147
1679779147607 0.14975070640321653 149
1679779148324 0.13960644329214472 151
1679779148976 0.14541936666385305 153
1679779149730 0.13328156101217856 155
1679779150356 0.1361321485372573 157
1679779150983 0.13793051299124365 159
1679779151664 0.12457340184435925 161
1679779152324 0.12832453416072723 163
1679779152970 0.12763372552231306 165
1679779153666 0.12352253726618181 167
1679779154369 0.11890445464466198 169
1679779155001 0.12119427411312861 171
1679779155640 0.11373860655032389 173
1679779156413 0.1314209037155735 175
1679779157156 0.11723920407488275 177
1679779157806 0.11094940629098846 179
1679779158497 0.13108848201775875 181
1679779159279 0.13993244427512525 183
1679779160054 0.11919708735637949 185
1679779160762 0.11164491296158625 187
1679779161438 0.12342790541190894 189
1679779162173 0.13165529389399608 191
1679779162821 0.1187414996773386 193
1679779163413 0.12068918082688337 195
1679779164083 0.13399469402223527 197
1679779164730 0.11927126635833722 199
1679779165344 0.1292350177454127 201
1679779165913 0.12570892842810905 203
1679779166554 0.11742953907633062 205
1679779167295 0.12767575987669988 207
1679779167992 0.12018753056357238 209
1679779168652 0.12246818550258963 211
1679779169274 0.11140042652511742 213
1679779170043 0.11991941231228723 215
1679779170702 0.11857452782877828 217
1679779171355 0.12232809171711939 219
1679779172003 0.1136490215841506 221
1679779172624 0.12250947118593049 223
1679779173276 0.11438817519064116 225
1679779173976 0.11489763674915882 227
1679779174601 0.11779945872227687 229
1679779175249 0.1174480373136038 231
1679779175898 0.1121395723567135 233
1679779176624 0.11912510069541134 235
1679779177231 0.11763038928583397 237
1679779177877 0.11083973161514453 239
1679779178532 0.11399520250373235 241
1679779179160 0.10535791566408892 243
1679779179879 0.12196361928310041 245
1679779180518 0.11131051853619496 247
1679779181170 0.11360176112278746 249
1679779181815 0.11021474572816899 251
1679779182416 0.10977651559734662 253
1679779183113 0.11254697241642446 255
1679779183798 0.11523559726920472 257
1679779184408 0.12574856469188198 259
1679779185078 0.12125407715665355 261
1679779185675 0.11888498523767009 263
1679779186406 0.11862408055472279 265
1679779187030 0.12375715717707857 267
1679779187637 0.11851285727071649 269
1679779188290 0.11710364217084124 271
1679779188906 0.11083884304909034 273
1679779189557 0.11582045197088055 275
1679779190320 0.11495085779522242 277
1679779190921 0.1196973813442402 279
1679779191546 0.10794226803766327 281
1679779192145 0.1093669495718958 283
1679779192735 0.11544505867638608 285
1679779193365 0.11473056400118545 287
1679779194028 0.11124195757652401 289
1679779194674 0.1255263561288673 291
1679779195341 0.10982838939025705 293
1679779196040 0.10442106791542166 295
1679779196680 0.11028764550856009 297
1679779197307 0.11465507372259903 299
