1679779098021 1.0 1
1679779098161 2.0 2
1679779098695 3.0 3
1679779098827 4.0 4
1679779099425 5.0 5
1679779099557 6.0 6
1679779100080 7.0 7
1679779100207 8.0 8
1679779100719 9.0 9
1679779100854 10.0 10
1679779101399 11.0 11
1679779101529 12.0 12
1679779102094 13.0 13
1679779102223 14.0 14
1679779102755 15.0 15
1679779102880 16.0 16
1679779103427 17.0 17
1679779103601 18.0 18
1679779104204 19.0 19
1679779104333 20.0 20
1679779104870 21.0 21
1679779105010 22.0 22
1679779105547 23.0 23
1679779105761 24.0 24
1679779106357 25.0 25
1679779106501 26.0 26
1679779107040 27.0 27
1679779107165 28.0 28
1679779107657 29.0 29
1679779107784 30.0 30
1679779108331 31.0 31
1679779108462 32.0 32
1679779109017 33.0 33
1679779109149 34.0 34
1679779109729 35.0 35
1679779109847 36.0 36
1679779110355 37.0 37
1679779110475 38.0 38
1679779110955 39.0 39
1679779111090 40.0 40
1679779111605 41.0 41
1679779111730 42.0 42
1679779112219 43.0 43
1679779112335 44.0 44
1679779112826 45.0 45
1679779112953 46.0 46
1679779113442 47.0 47
1679779113563 48.0 48
1679779114117 49.0 49
1679779114250 50.0 50
1679779114772 51.0 51
1679779114891 52.0 52
1679779115407 53.0 53
1679779115609 54.0 54
1679779116124 55.0 55
1679779116260 56.0 56
1679779116828 57.0 57
1679779116958 58.0 58
1679779117487 59.0 59
1679779117612 60.0 60
1679779118119 61.0 61
1679779118246 62.0 62
1679779118760 63.0 63
1679779118905 64.0 64
1679779119533 65.0 65
1679779119661 66.0 66
1679779120162 67.0 67
1679779120286 68.0 68
1679779120787 69.0 69
1679779120916 70.0 70
1679779121439 71.0 71
1679779121580 72.0 72
1679779122147 73.0 73
1679779122285 74.0 74
1679779122787 75.0 75
1679779122919 76.0 76
1679779123441 77.0 77
1679779123569 78.0 78
1679779124080 79.0 79
1679779124213 80.0 80
1679779124739 81.0 81
1679779124860 82.0 82
1679779125362 83.0 83
1679779125488 84.0 84
1679779126091 85.0 85
1679779126235 86.0 86
1679779126755 87.0 87
1679779126906 88.0 88
1679779127452 89.0 89
1679779127592 90.0 90
1679779128102 91.0 91
1679779128223 92.0 92
1679779128712 93.0 93
1679779128848 94.0 94
1679779129430 95.0 95
1679779129570 96.0 96
1679779130095 97.0 97
1679779130229 98.0 98
1679779130721 99.0 99
1679779130849 100.0 100
1679779131365 101.0 101
1679779131494 102.0 102
1679779132054 103.0 103
1679779132204 104.0 104
1679779132776 105.0 105
1679779132914 106.0 106
1679779133448 107.0 107
1679779133593 108.0 108
1679779134133 109.0 109
1679779134266 110.0 110
1679779134796 111.0 111
1679779134954 112.0 112
1679779135534 113.0 113
1679779135677 114.0 114
1679779136315 115.0 115
1679779136448 116.0 116
1679779136984 117.0 117
1679779137113 118.0 118
1679779137651 119.0 119
1679779137782 120.0 120
1679779138286 121.0 121
1679779138413 122.0 122
1679779138919 123.0 123
1679779139050 124.0 124
1679779139631 125.0 125
1679779139768 126.0 126
1679779140300 127.0 127
1679779140447 128.0 128
1679779140997 129.0 129
1679779141135 130.0 130
1679779141641 131.0 131
1679779141766 132.0 132
1679779142278 133.0 133
1679779142424 134.0 134
1679779142975 135.0 135
1679779143105 136.0 136
1679779143629 137.0 137
1679779143766 138.0 138
1679779144285 139.0 139
1679779144419 140.0 140
1679779144926 141.0 141
1679779145050 142.0 142
1679779145551 143.0 143
1679779145696 144.0 144
1679779146305 145.0 145
1679779146427 146.0 146
1679779146974 147.0 147
1679779147102 148.0 148
1679779147613 149.0 149
1679779147767 150.0 150
1679779148329 151.0 151
1679779148458 152.0 152
1679779148981 153.0 153
1679779149110 154.0 154
1679779149734 155.0 155
1679779149864 156.0 156
1679779150361 157.0 157
1679779150490 158.0 158
1679779150988 159.0 159
1679779151137 160.0 160
1679779151669 161.0 161
1679779151810 162.0 162
1679779152328 163.0 163
1679779152450 164.0 164
1679779152974 165.0 165
1679779153111 166.0 166
1679779153672 167.0 167
1679779153818 168.0 168
1679779154374 169.0 169
1679779154505 170.0 170
1679779155006 171.0 171
1679779155138 172.0 172
1679779155645 173.0 173
1679779155779 174.0 174
1679779156419 175.0 175
1679779156586 176.0 176
1679779157161 177.0 177
1679779157290 178.0 178
1679779157811 179.0 179
1679779157952 180.0 180
1679779158502 181.0 181
1679779158655 182.0 182
1679779159284 183.0 183
1679779159439 184.0 184
1679779160059 185.0 185
1679779160224 186.0 186
1679779160767 187.0 187
1679779160898 188.0 188
1679779161442 189.0 189
1679779161598 190.0 190
1679779162183 191.0 191
1679779162339 192.0 192
1679779162825 193.0 193
1679779162950 194.0 194
1679779163418 195.0 195
1679779163537 196.0 196
1679779164088 197.0 197
1679779164221 198.0 198
1679779164735 199.0 199
1679779164858 200.0 200
1679779165348 201.0 201
1679779165466 202.0 202
1679779165918 203.0 203
1679779166034 204.0 204
1679779166559 205.0 205
1679779166706 206.0 206
1679779167300 207.0 207
1679779167457 208.0 208
1679779167998 209.0 209
1679779168141 210.0 210
1679779168656 211.0 211
1679779168779 212.0 212
1679779169279 213.0 213
1679779169425 214.0 214
1679779170048 215.0 215
1679779170179 216.0 216
1679779170707 217.0 217
1679779170838 218.0 218
1679779171360 219.0 219
1679779171483 220.0 220
1679779172009 221.0 221
1679779172137 222.0 222
1679779172629 223.0 223
1679779172766 224.0 224
1679779173282 225.0 225
1679779173421 226.0 226
1679779173981 227.0 227
1679779174113 228.0 228
1679779174607 229.0 229
1679779174760 230.0 230
1679779175255 231.0 231
1679779175382 232.0 232
1679779175903 233.0 233
1679779176056 234.0 234
1679779176629 235.0 235
1679779176755 236.0 236
1679779177235 237.0 237
1679779177379 238.0 238
1679779177883 239.0 239
1679779178013 240.0 240
1679779178538 241.0 241
1679779178680 242.0 242
1679779179165 243.0 243
1679779179297 244.0 244
1679779179884 245.0 245
1679779180014 246.0 246
1679779180523 247.0 247
1679779180663 248.0 248
1679779181176 249.0 249
1679779181304 250.0 250
1679779181819 251.0 251
1679779181948 252.0 252
1679779182421 253.0 253
1679779182598 254.0 254
1679779183117 255.0 255
1679779183271 256.0 256
1679779183803 257.0 257
1679779183929 258.0 258
1679779184412 259.0 259
1679779184551 260.0 260
1679779185083 261.0 261
1679779185217 262.0 262
1679779185680 263.0 263
1679779185816 264.0 264
1679779186411 265.0 265
1679779186547 266.0 266
1679779187037 267.0 267
1679779187164 268.0 268
1679779187641 269.0 269
1679779187803 270.0 270
1679779188296 271.0 271
1679779188426 272.0 272
1679779188911 273.0 273
1679779189037 274.0 274
1679779189563 275.0 275
1679779189807 276.0 276
1679779190325 277.0 277
1679779190448 278.0 278
1679779190926 279.0 279
1679779191056 280.0 280
1679779191551 281.0 281
1679779191681 282.0 282
1679779192150 283.0 283
1679779192274 284.0 284
1679779192739 285.0 285
1679779192878 286.0 286
1679779193372 287.0 287
1679779193509 288.0 288
1679779194035 289.0 289
1679779194184 290.0 290
1679779194679 291.0 291
1679779194819 292.0 292
1679779195346 293.0 293
1679779195479 294.0 294
1679779196044 295.0 295
1679779196174 296.0 296
1679779196684 297.0 297
1679779196812 298.0 298
1679779197312 299.0 299
1679779197435 300.0 300
1679779197542 301.0 301
