1679938210884 0.0 1
1679938211040 0.0 2
1679938211625 0.0 3
1679938211752 0.0 4
1679938212337 0.0 5
1679938212467 0.0 6
1679938212983 0.0 7
1679938213117 0.0 8
1679938213611 0.0 9
1679938213734 0.0 10
1679938214313 0.0 11
1679938214471 0.0 12
1679938214979 0.0 13
1679938215118 0.0 14
1679938215627 0.0 15
1679938215751 0.0 16
1679938216279 0.0 17
1679938216428 0.0 18
1679938217010 0.0 19
1679938217176 0.0 20
1679938217823 0.0 21
1679938217966 0.0 22
1679938218564 0.0 23
1679938218799 0.0 24
1679938219362 0.0 25
1679938219535 0.0 26
1679938220087 0.0 27
1679938220228 0.0 28
1679938220732 0.0 29
1679938220856 0.0 30
1679938221408 0.0 31
1679938221573 0.0 32
1679938222176 0.0 33
1679938222334 0.0 34
1679938222985 0.0 35
1679938223136 0.0 36
1679938223716 0.0 37
1679938223865 0.0 38
1679938224472 0.0 39
1679938224621 0.0 40
1679938225175 0.0 41
1679938225321 0.0 42
1679938225881 0.0 43
1679938226034 0.0 44
1679938226614 0.0 45
1679938226779 0.0 46
1679938227379 0.0 47
1679938227508 0.0 48
1679938228030 0.0 49
1679938228157 0.0 50
1679938228667 0.0 51
1679938228803 0.0 52
1679938229323 0.0 53
1679938229563 0.0 54
1679938230139 0.0 55
1679938230285 0.0 56
1679938230809 0.0 57
1679938230939 0.0 58
1679938231433 0.0 59
1679938231562 0.0 60
1679938232084 0.0 61
1679938232240 0.0 62
1679938232852 0.0 63
1679938232980 0.0 64
1679938233559 0.0 65
1679938233691 0.0 66
1679938234180 0.0 67
1679938234313 0.0 68
1679938234871 0.0 69
1679938235039 0.0 70
1679938235630 0.0 71
1679938235758 0.0 72
1679938236258 0.0 73
1679938236387 0.0 74
1679938236898 0.0 75
1679938237026 0.0 76
1679938237544 0.0 77
1679938237713 0.0 78
1679938238286 0.0 79
1679938238413 0.0 80
1679938238935 0.0 81
1679938239073 0.0 82
1679938239586 0.0 83
1679938239717 0.0 84
1679938240320 0.0 85
1679938240491 0.0 86
1679938241109 0.0 87
1679938241247 0.0 88
1679938241774 0.0 89
1679938241900 0.0 90
1679938242415 0.0 91
1679938242552 0.0 92
1679938243155 0.0 93
1679938243329 0.0 94
1679938243925 0.0 95
1679938244055 0.0 96
1679938244568 0.0 97
1679938244697 0.0 98
1679938245216 0.0 99
1679938245360 0.0 100
1679938245938 0.0 101
1679938246103 0.0 102
1679938246615 0.0 103
1679938246751 0.0 104
1679938247267 0.0 105
1679938247399 0.0 106
1679938247945 0.0 107
1679938248108 0.0 108
1679938248676 0.0 109
1679938248816 0.0 110
1679938249327 0.0 111
1679938249464 0.0 112
1679938249971 0.0 113
1679938250104 0.0 114
1679938250697 0.0 115
1679938250860 0.0 116
1679938251405 0.0 117
1679938251542 0.0 118
1679938252129 0.0 119
1679938252292 0.0 120
1679938252881 0.0 121
1679938253023 0.0 122
1679938253653 0.0 123
1679938253803 0.0 124
1679938254441 0.0 125
1679938254593 0.0 126
1679938255157 0.0 127
1679938255314 0.0 128
1679938255942 0.0 129
1679938256144 0.0 130
1679938256832 0.0 131
1679938257012 0.0 132
1679938257602 0.0 133
1679938257755 0.0 134
1679938258271 0.0 135
1679938258439 0.0 136
1679938259039 0.0 137
1679938259174 0.0 138
1679938259688 0.0 139
1679938259822 0.0 140
1679938260385 0.0 141
1679938260516 0.0 142
1679938261033 0.0 143
1679938261196 0.0 144
1679938261960 0.0 145
1679938262119 0.0 146
1679938262701 0.0 147
1679938262859 0.0 148
1679938263392 0.0 149
1679938263544 0.0 150
1679938264132 0.0 151
1679938264268 0.0 152
1679938264803 0.0 153
1679938264945 0.0 154
1679938265559 0.0 155
1679938265691 0.0 156
1679938266215 0.0 157
1679938266357 0.0 158
1679938266961 0.0 159
1679938267110 0.0 160
1679938267665 0.0 161
1679938267806 0.0 162
1679938268328 0.0 163
1679938268460 0.0 164
1679938269049 0.0 165
1679938269221 0.0 166
1679938269737 0.0 167
1679938269878 0.0 168
1679938270445 0.0 169
1679938270581 0.0 170
1679938271098 0.0 171
1679938271233 0.0 172
1679938271807 0.0 173
1679938271977 0.0 174
1679938272584 0.0 175
1679938272727 0.0 176
1679938273254 0.0 177
1679938273388 0.0 178
1679938273906 0.0 179
1679938274078 0.0 180
1679938274636 0.0 181
1679938274774 0.0 182
1679938275299 0.0 183
1679938275436 0.0 184
1679938276037 0.0 185
1679938276177 0.0 186
1679938276696 0.0 187
1679938276860 0.0 188
1679938277443 0.0 189
1679938277588 0.0 190
1679938278113 0.0 191
1679938278249 0.0 192
1679938278772 0.0 193
1679938278914 0.0 194
1679938279495 0.0 195
1679938279671 0.0 196
1679938280214 0.0 197
1679938280354 0.0 198
1679938280883 0.0 199
1679938281045 0.0 200
1679938281590 0.0 201
1679938281730 0.0 202
1679938282326 0.0 203
1679938282489 0.0 204
1679938283151 0.0 205
1679938283304 0.0 206
1679938283866 0.0 207
1679938284018 0.0 208
1679938284646 0.0 209
1679938284841 0.0 210
1679938285436 0.0 211
1679938285591 0.0 212
1679938286185 0.0 213
1679938286338 0.0 214
1679938287005 0.0 215
1679938287200 0.0 216
1679938287798 0.0 217
1679938287938 0.0 218
1679938288456 0.0 219
1679938288611 0.0 220
1679938289128 0.0 221
1679938289312 0.0 222
1679938289914 0.0 223
1679938290060 0.0 224
1679938290597 0.0 225
1679938290742 0.0 226
1679938291263 0.0 227
1679938291401 0.0 228
1679938291925 0.0 229
1679938292071 0.0 230
1679938292652 0.0 231
1679938292798 0.0 232
1679938293326 0.0 233
1679938293476 0.0 234
1679938294062 0.0 235
1679938294199 0.0 236
1679938294819 0.0 237
1679938294967 0.0 238
1679938295498 0.0 239
1679938295647 0.0 240
1679938296168 0.0 241
1679938296305 0.0 242
1679938296820 0.0 243
1679938296959 0.0 244
1679938297596 0.0 245
1679938297769 0.0 246
1679938298343 0.0 247
1679938298481 0.0 248
1679938299000 0.0 249
1679938299144 0.0 250
1679938299696 0.0 251
1679938299851 0.0 252
1679938300449 0.0 253
1679938300606 0.0 254
1679938301129 0.0 255
1679938301272 0.0 256
1679938301810 0.0 257
1679938301947 0.0 258
1679938302470 0.0 259
1679938302619 0.0 260
1679938303212 0.0 261
1679938303353 0.0 262
1679938303892 0.0 263
1679938304035 0.0 264
1679938304632 0.0 265
1679938304783 0.0 266
1679938305408 0.0 267
1679938305560 0.0 268
1679938306099 0.0 269
1679938306242 0.0 270
1679938306751 0.0 271
1679938306893 0.0 272
1679938307426 0.0 273
1679938307581 0.0 274
1679938308111 0.0 275
1679938308369 0.0 276
1679938308950 0.0 277
1679938309102 0.0 278
1679938309625 0.0 279
1679938309766 0.0 280
1679938310312 0.0 281
1679938310485 0.0 282
1679938311103 0.0 283
1679938311245 0.0 284
1679938311790 0.0 285
1679938311938 0.0 286
1679938312481 0.0 287
1679938312639 0.0 288
1679938313210 0.0 289
1679938313393 0.0 290
1679938314048 0.0 291
1679938314218 0.0 292
1679938314812 0.0 293
1679938314984 0.0 294
1679938315642 0.0 295
1679938315832 0.0 296
1679938316444 0.0 297
1679938316596 0.0 298
1679938317174 0.0 299
1679938317347 0.0 300
1679938317473 0.0 301
