1679938210890 1679938210.0 1
1679938211046 1679938210.0 2
1679938211630 1679938211.0 3
1679938211756 1679938211.0 4
1679938212341 1679938212.0 5
1679938212471 1679938212.0 6
1679938212988 1679938212.0 7
1679938213120 1679938213.0 8
1679938213614 1679938213.0 9
1679938213739 1679938213.0 10
1679938214318 1679938214.0 11
1679938214476 1679938214.0 12
1679938214983 1679938214.0 13
1679938215124 1679938215.0 14
1679938215631 1679938215.0 15
1679938215754 1679938215.0 16
1679938216283 1679938216.0 17
1679938216433 1679938216.0 18
1679938217015 1679938216.0 19
1679938217185 1679938217.0 20
1679938217828 1679938217.0 21
1679938217971 1679938217.0 22
1679938218570 1679938218.0 23
1679938218803 1679938218.0 24
1679938219370 1679938219.0 25
1679938219540 1679938219.0 26
1679938220092 1679938220.0 27
1679938220233 1679938220.0 28
1679938220737 1679938220.0 29
1679938220862 1679938220.0 30
1679938221414 1679938221.0 31
1679938221577 1679938221.0 32
1679938222183 1679938222.0 33
1679938222339 1679938222.0 34
1679938222990 1679938222.0 35
1679938223142 1679938223.0 36
1679938223729 1679938223.0 37
1679938223869 1679938223.0 38
1679938224478 1679938224.0 39
1679938224626 1679938224.0 40
1679938225181 1679938225.0 41
1679938225326 1679938225.0 42
1679938225886 1679938225.0 43
1679938226041 1679938225.0 44
1679938226620 1679938226.0 45
1679938226786 1679938226.0 46
1679938227383 1679938227.0 47
1679938227513 1679938227.0 48
1679938228033 1679938227.0 49
1679938228162 1679938228.0 50
1679938228671 1679938228.0 51
1679938228808 1679938228.0 52
1679938229327 1679938229.0 53
1679938229568 1679938229.0 54
1679938230143 1679938230.0 55
1679938230291 1679938230.0 56
1679938230813 1679938230.0 57
1679938230943 1679938230.0 58
1679938231438 1679938231.0 59
1679938231567 1679938231.0 60
1679938232088 1679938232.0 61
1679938232246 1679938232.0 62
1679938232857 1679938232.0 63
1679938232984 1679938232.0 64
1679938233564 1679938233.0 65
1679938233695 1679938233.0 66
1679938234185 1679938234.0 67
1679938234317 1679938234.0 68
1679938234876 1679938234.0 69
1679938235046 1679938234.0 70
1679938235634 1679938235.0 71
1679938235762 1679938235.0 72
1679938236262 1679938236.0 73
1679938236391 1679938236.0 74
1679938236902 1679938236.0 75
1679938237031 1679938236.0 76
1679938237549 1679938237.0 77
1679938237717 1679938237.0 78
1679938238291 1679938238.0 79
1679938238416 1679938238.0 80
1679938238940 1679938238.0 81
1679938239077 1679938239.0 82
1679938239591 1679938239.0 83
1679938239721 1679938239.0 84
1679938240325 1679938240.0 85
1679938240496 1679938240.0 86
1679938241114 1679938241.0 87
1679938241253 1679938241.0 88
1679938241779 1679938241.0 89
1679938241904 1679938241.0 90
1679938242420 1679938242.0 91
1679938242556 1679938242.0 92
1679938243160 1679938243.0 93
1679938243334 1679938243.0 94
1679938243929 1679938243.0 95
1679938244059 1679938244.0 96
1679938244572 1679938244.0 97
1679938244701 1679938244.0 98
1679938245221 1679938245.0 99
1679938245365 1679938245.0 100
1679938245942 1679938245.0 101
1679938246107 1679938246.0 102
1679938246620 1679938246.0 103
1679938246756 1679938246.0 104
1679938247271 1679938247.0 105
1679938247403 1679938247.0 106
1679938247949 1679938247.0 107
1679938248115 1679938248.0 108
1679938248680 1679938248.0 109
1679938248820 1679938248.0 110
1679938249331 1679938249.0 111
1679938249468 1679938249.0 112
1679938249976 1679938249.0 113
1679938250108 1679938250.0 114
1679938250701 1679938250.0 115
1679938250865 1679938250.0 116
1679938251410 1679938251.0 117
1679938251547 1679938251.0 118
1679938252134 1679938252.0 119
1679938252296 1679938252.0 120
1679938252885 1679938252.0 121
1679938253029 1679938252.0 122
1679938253660 1679938253.0 123
1679938253807 1679938253.0 124
1679938254446 1679938254.0 125
1679938254598 1679938254.0 126
1679938255164 1679938255.0 127
1679938255319 1679938255.0 128
1679938255950 1679938255.0 129
1679938256150 1679938256.0 130
1679938256841 1679938256.0 131
1679938257017 1679938256.0 132
1679938257607 1679938257.0 133
1679938257761 1679938257.0 134
1679938258275 1679938258.0 135
1679938258446 1679938258.0 136
1679938259043 1679938258.0 137
1679938259177 1679938259.0 138
1679938259692 1679938259.0 139
1679938259827 1679938259.0 140
1679938260388 1679938260.0 141
1679938260521 1679938260.0 142
1679938261038 1679938260.0 143
1679938261204 1679938261.0 144
1679938261964 1679938261.0 145
1679938262124 1679938262.0 146
1679938262705 1679938262.0 147
1679938262864 1679938262.0 148
1679938263396 1679938263.0 149
1679938263551 1679938263.0 150
1679938264137 1679938264.0 151
1679938264272 1679938264.0 152
1679938264808 1679938264.0 153
1679938264951 1679938264.0 154
1679938265563 1679938265.0 155
1679938265695 1679938265.0 156
1679938266219 1679938266.0 157
1679938266363 1679938266.0 158
1679938266965 1679938266.0 159
1679938267115 1679938267.0 160
1679938267671 1679938267.0 161
1679938267811 1679938267.0 162
1679938268332 1679938268.0 163
1679938268464 1679938268.0 164
1679938269056 1679938268.0 165
1679938269225 1679938269.0 166
1679938269743 1679938269.0 167
1679938269883 1679938269.0 168
1679938270451 1679938270.0 169
1679938270585 1679938270.0 170
1679938271102 1679938271.0 171
1679938271237 1679938271.0 172
1679938271812 1679938271.0 173
1679938271981 1679938271.0 174
1679938272589 1679938272.0 175
1679938272732 1679938272.0 176
1679938273258 1679938273.0 177
1679938273392 1679938273.0 178
1679938273911 1679938273.0 179
1679938274083 1679938273.0 180
1679938274641 1679938274.0 181
1679938274778 1679938274.0 182
1679938275303 1679938275.0 183
1679938275439 1679938275.0 184
1679938276042 1679938275.0 185
1679938276181 1679938276.0 186
1679938276699 1679938276.0 187
1679938276865 1679938276.0 188
1679938277448 1679938277.0 189
1679938277592 1679938277.0 190
1679938278118 1679938278.0 191
1679938278253 1679938278.0 192
1679938278777 1679938278.0 193
1679938278918 1679938278.0 194
1679938279504 1679938279.0 195
1679938279675 1679938279.0 196
1679938280218 1679938280.0 197
1679938280359 1679938280.0 198
1679938280890 1679938280.0 199
1679938281050 1679938280.0 200
1679938281594 1679938281.0 201
1679938281735 1679938281.0 202
1679938282332 1679938282.0 203
1679938282496 1679938282.0 204
1679938283155 1679938283.0 205
1679938283308 1679938283.0 206
1679938283870 1679938283.0 207
1679938284023 1679938283.0 208
1679938284651 1679938284.0 209
1679938284848 1679938284.0 210
1679938285440 1679938285.0 211
1679938285595 1679938285.0 212
1679938286190 1679938286.0 213
1679938286344 1679938286.0 214
1679938287011 1679938286.0 215
1679938287206 1679938287.0 216
1679938287803 1679938287.0 217
1679938287944 1679938287.0 218
1679938288464 1679938288.0 219
1679938288616 1679938288.0 220
1679938289133 1679938289.0 221
1679938289316 1679938289.0 222
1679938289918 1679938289.0 223
1679938290065 1679938290.0 224
1679938290601 1679938290.0 225
1679938290746 1679938290.0 226
1679938291268 1679938291.0 227
1679938291406 1679938291.0 228
1679938291930 1679938291.0 229
1679938292075 1679938292.0 230
1679938292657 1679938292.0 231
1679938292803 1679938292.0 232
1679938293331 1679938293.0 233
1679938293480 1679938293.0 234
1679938294066 1679938294.0 235
1679938294204 1679938294.0 236
1679938294824 1679938294.0 237
1679938294972 1679938294.0 238
1679938295503 1679938295.0 239
1679938295652 1679938295.0 240
1679938296172 1679938296.0 241
1679938296310 1679938296.0 242
1679938296825 1679938296.0 243
1679938296966 1679938296.0 244
1679938297601 1679938297.0 245
1679938297775 1679938297.0 246
1679938298348 1679938298.0 247
1679938298486 1679938298.0 248
1679938299005 1679938298.0 249
1679938299148 1679938299.0 250
1679938299700 1679938299.0 251
1679938299856 1679938299.0 252
1679938300453 1679938300.0 253
1679938300611 1679938300.0 254
1679938301134 1679938301.0 255
1679938301277 1679938301.0 256
1679938301814 1679938301.0 257
1679938301951 1679938301.0 258
1679938302475 1679938302.0 259
1679938302625 1679938302.0 260
1679938303216 1679938303.0 261
1679938303358 1679938303.0 262
1679938303898 1679938303.0 263
1679938304039 1679938303.0 264
1679938304636 1679938304.0 265
1679938304787 1679938304.0 266
1679938305413 1679938305.0 267
1679938305565 1679938305.0 268
1679938306104 1679938306.0 269
1679938306246 1679938306.0 270
1679938306755 1679938306.0 271
1679938306898 1679938306.0 272
1679938307431 1679938307.0 273
1679938307586 1679938307.0 274
1679938308116 1679938308.0 275
1679938308376 1679938308.0 276
1679938308955 1679938308.0 277
1679938309106 1679938309.0 278
1679938309629 1679938309.0 279
1679938309771 1679938309.0 280
1679938310317 1679938310.0 281
1679938310489 1679938310.0 282
1679938311108 1679938311.0 283
1679938311249 1679938311.0 284
1679938311795 1679938311.0 285
1679938311944 1679938311.0 286
1679938312486 1679938312.0 287
1679938312645 1679938312.0 288
1679938313215 1679938313.0 289
1679938313399 1679938313.0 290
1679938314053 1679938313.0 291
1679938314223 1679938314.0 292
1679938314817 1679938314.0 293
1679938314989 1679938314.0 294
1679938315646 1679938315.0 295
1679938315840 1679938315.0 296
1679938316449 1679938316.0 297
1679938316600 1679938316.0 298
1679938317180 1679938317.0 299
1679938317353 1679938317.0 300
1679938317479 1679938317.0 301
