1679938210905 0.004431724548339844 1
1679938211063 0.004431724548339844 2
1679938211644 0.004431724548339844 3
1679938211770 0.004431724548339844 4
1679938212354 0.004431724548339844 5
1679938212484 0.004431724548339844 6
1679938213003 0.004431724548339844 7
1679938213133 0.004431724548339844 8
1679938213628 0.004431724548339844 9
1679938213752 0.004431724548339844 10
1679938214333 0.004431724548339844 11
1679938214489 0.004431724548339844 12
1679938214998 0.004431724548339844 13
1679938215139 0.004431724548339844 14
1679938215645 0.004431724548339844 15
1679938215768 0.004431724548339844 16
1679938216297 0.004431724548339844 17
1679938216448 0.004431724548339844 18
1679938217031 0.004431724548339844 19
1679938217215 0.004431724548339844 20
1679938217843 0.004431724548339844 21
1679938217988 0.004431724548339844 22
1679938218586 0.004431724548339844 23
1679938218816 0.004431724548339844 24
1679938219389 0.004431724548339844 25
1679938219559 0.004431724548339844 26
1679938220105 0.004431724548339844 27
1679938220249 0.004431724548339844 28
1679938220750 0.004431724548339844 29
1679938220876 0.004431724548339844 30
1679938221427 0.004431724548339844 31
1679938221592 0.004431724548339844 32
1679938222202 0.004431724548339844 33
1679938222352 0.004431724548339844 34
1679938223005 0.004431724548339844 35
1679938223160 0.004431724548339844 36
1679938223747 0.004431724548339844 37
1679938223883 0.004431724548339844 38
1679938224494 0.004431724548339844 39
1679938224641 0.004431724548339844 40
1679938225195 0.004431724548339844 41
1679938225341 0.004431724548339844 42
1679938225900 0.004431724548339844 43
1679938226059 0.004431724548339844 44
1679938226635 0.004431724548339844 45
1679938226804 0.004431724548339844 46
1679938227396 0.004431724548339844 47
1679938227529 0.004431724548339844 48
1679938228047 0.004431724548339844 49
1679938228175 0.004431724548339844 50
1679938228685 0.004431724548339844 51
1679938228823 0.004431724548339844 52
1679938229341 0.004431724548339844 53
1679938229582 0.004431724548339844 54
1679938230159 0.004431724548339844 55
1679938230306 0.004431724548339844 56
1679938230827 0.004431724548339844 57
1679938230956 0.004431724548339844 58
1679938231451 0.004431724548339844 59
1679938231581 0.004431724548339844 60
1679938232103 0.004431724548339844 61
1679938232260 0.004431724548339844 62
1679938232870 0.004431724548339844 63
1679938232997 0.004431724548339844 64
1679938233578 0.004431724548339844 65
1679938233708 0.004431724548339844 66
1679938234198 0.004431724548339844 67
1679938234331 0.004431724548339844 68
1679938234890 0.004431724548339844 69
1679938235064 0.004431724548339844 70
1679938235647 0.004431724548339844 71
1679938235775 0.004431724548339844 72
1679938236276 0.004431724548339844 73
1679938236404 0.004431724548339844 74
1679938236916 0.004431724548339844 75
1679938237044 0.004431724548339844 76
1679938237562 0.004431724548339844 77
1679938237732 0.004431724548339844 78
1679938238304 0.004431724548339844 79
1679938238429 0.004431724548339844 80
1679938238956 0.004431724548339844 81
1679938239091 0.004431724548339844 82
1679938239604 0.004431724548339844 83
1679938239734 0.004431724548339844 84
1679938240339 0.004431724548339844 85
1679938240513 0.004431724548339844 86
1679938241128 0.004431724548339844 87
1679938241269 0.004431724548339844 88
1679938241792 0.004431724548339844 89
1679938241919 0.004431724548339844 90
1679938242434 0.004431724548339844 91
1679938242569 0.004431724548339844 92
1679938243176 0.004431724548339844 93
1679938243349 0.004431724548339844 94
1679938243943 0.004431724548339844 95
1679938244073 0.004431724548339844 96
1679938244585 0.004431724548339844 97
1679938244715 0.004431724548339844 98
1679938245235 0.004431724548339844 99
1679938245377 0.004431724548339844 100
1679938245956 0.004431724548339844 101
1679938246121 0.004431724548339844 102
1679938246633 0.004431724548339844 103
1679938246771 0.004431724548339844 104
1679938247284 0.004431724548339844 105
1679938247418 0.004431724548339844 106
1679938247963 0.004431724548339844 107
1679938248132 0.004431724548339844 108
1679938248694 0.004431724548339844 109
1679938248833 0.004431724548339844 110
1679938249345 0.004431724548339844 111
1679938249481 0.004431724548339844 112
1679938249989 0.004431724548339844 113
1679938250121 0.004431724548339844 114
1679938250714 0.004431724548339844 115
1679938250881 0.004431724548339844 116
1679938251422 0.004431724548339844 117
1679938251562 0.004431724548339844 118
1679938252150 0.004431724548339844 119
1679938252312 0.004431724548339844 120
1679938252898 0.004431724548339844 121
1679938253044 0.004431724548339844 122
1679938253677 0.004431724548339844 123
1679938253821 0.004431724548339844 124
1679938254462 0.004431724548339844 125
1679938254613 0.004431724548339844 126
1679938255181 0.004431724548339844 127
1679938255335 0.004431724548339844 128
1679938255967 0.004431724548339844 129
1679938256173 0.004431724548339844 130
1679938256860 0.004431724548339844 131
1679938257036 0.004431724548339844 132
1679938257625 0.004431724548339844 133
1679938257776 0.004431724548339844 134
1679938258289 0.004431724548339844 135
1679938258465 0.004431724548339844 136
1679938259056 0.004431724548339844 137
1679938259191 0.004431724548339844 138
1679938259705 0.004431724548339844 139
1679938259840 0.004431724548339844 140
1679938260403 0.004431724548339844 141
1679938260535 0.004431724548339844 142
1679938261051 0.004431724548339844 143
1679938261226 0.004431724548339844 144
1679938261979 0.004431724548339844 145
1679938262141 0.004431724548339844 146
1679938262719 0.004431724548339844 147
1679938262879 0.004431724548339844 148
1679938263410 0.004431724548339844 149
1679938263571 0.004431724548339844 150
1679938264150 0.004431724548339844 151
1679938264288 0.004431724548339844 152
1679938264821 0.004431724548339844 153
1679938264965 0.004431724548339844 154
1679938265576 0.004431724548339844 155
1679938265709 0.004431724548339844 156
1679938266233 0.004431724548339844 157
1679938266382 0.004431724548339844 158
1679938266981 0.004431724548339844 159
1679938267128 0.004431724548339844 160
1679938267684 0.004431724548339844 161
1679938267826 0.004431724548339844 162
1679938268346 0.004431724548339844 163
1679938268478 0.004431724548339844 164
1679938269082 0.004431724548339844 165
1679938269239 0.004431724548339844 166
1679938269755 0.004431724548339844 167
1679938269896 0.004431724548339844 168
1679938270463 0.004431724548339844 169
1679938270599 0.004431724548339844 170
1679938271116 0.004431724548339844 171
1679938271252 0.004431724548339844 172
1679938271830 0.004431724548339844 173
1679938271995 0.004431724548339844 174
1679938272602 0.004431724548339844 175
1679938272747 0.004431724548339844 176
1679938273271 0.004431724548339844 177
1679938273405 0.004431724548339844 178
1679938273925 0.004431724548339844 179
1679938274103 0.004431724548339844 180
1679938274654 0.004431724548339844 181
1679938274790 0.004431724548339844 182
1679938275317 0.004431724548339844 183
1679938275454 0.004431724548339844 184
1679938276057 0.004431724548339844 185
1679938276194 0.004431724548339844 186
1679938276712 0.004431724548339844 187
1679938276878 0.004431724548339844 188
1679938277462 0.004431724548339844 189
1679938277605 0.004431724548339844 190
1679938278131 0.004431724548339844 191
1679938278266 0.004431724548339844 192
1679938278790 0.004431724548339844 193
1679938278931 0.004431724548339844 194
1679938279526 0.004431724548339844 195
1679938279689 0.004431724548339844 196
1679938280231 0.004431724548339844 197
1679938280375 0.004431724548339844 198
1679938280911 0.004431724548339844 199
1679938281063 0.004431724548339844 200
1679938281608 0.004431724548339844 201
1679938281748 0.004431724548339844 202
1679938282349 0.004431724548339844 203
1679938282510 0.004431724548339844 204
1679938283170 0.004431724548339844 205
1679938283322 0.004431724548339844 206
1679938283883 0.004431724548339844 207
1679938284036 0.004431724548339844 208
1679938284666 0.004431724548339844 209
1679938284867 0.004431724548339844 210
1679938285456 0.004431724548339844 211
1679938285612 0.004431724548339844 212
1679938286203 0.004431724548339844 213
1679938286358 0.004431724548339844 214
1679938287027 0.004431724548339844 215
1679938287229 0.004431724548339844 216
1679938287815 0.004431724548339844 217
1679938287957 0.004431724548339844 218
1679938288479 0.004431724548339844 219
1679938288628 0.004431724548339844 220
1679938289145 0.004431724548339844 221
1679938289335 0.004431724548339844 222
1679938289933 0.004431724548339844 223
1679938290077 0.004431724548339844 224
1679938290615 0.004431724548339844 225
1679938290759 0.004431724548339844 226
1679938291281 0.004431724548339844 227
1679938291419 0.004431724548339844 228
1679938291944 0.004431724548339844 229
1679938292087 0.004431724548339844 230
1679938292673 0.004431724548339844 231
1679938292818 0.004431724548339844 232
1679938293346 0.004431724548339844 233
1679938293493 0.004431724548339844 234
1679938294080 0.004431724548339844 235
1679938294217 0.004431724548339844 236
1679938294838 0.004431724548339844 237
1679938294986 0.004431724548339844 238
1679938295518 0.004431724548339844 239
1679938295665 0.004431724548339844 240
1679938296185 0.004431724548339844 241
1679938296322 0.004431724548339844 242
1679938296838 0.004431724548339844 243
1679938296983 0.004431724548339844 244
1679938297616 0.004431724548339844 245
1679938297793 0.004431724548339844 246
1679938298361 0.004431724548339844 247
1679938298499 0.004431724548339844 248
1679938299019 0.004431724548339844 249
1679938299161 0.004431724548339844 250
1679938299714 0.004431724548339844 251
1679938299871 0.004431724548339844 252
1679938300469 0.004431724548339844 253
1679938300624 0.004431724548339844 254
1679938301147 0.004431724548339844 255
1679938301293 0.004431724548339844 256
1679938301828 0.004431724548339844 257
1679938301964 0.004431724548339844 258
1679938302488 0.004431724548339844 259
1679938302644 0.004431724548339844 260
1679938303230 0.004431724548339844 261
1679938303371 0.004431724548339844 262
1679938303911 0.004431724548339844 263
1679938304055 0.004431724548339844 264
1679938304652 0.004431724548339844 265
1679938304800 0.004431724548339844 266
1679938305427 0.004431724548339844 267
1679938305580 0.004431724548339844 268
1679938306119 0.004431724548339844 269
1679938306258 0.004431724548339844 270
1679938306768 0.004431724548339844 271
1679938306910 0.004431724548339844 272
1679938307446 0.004431724548339844 273
1679938307598 0.004431724548339844 274
1679938308127 0.004431724548339844 275
1679938308397 0.004431724548339844 276
1679938308971 0.004431724548339844 277
1679938309119 0.004431724548339844 278
1679938309643 0.004431724548339844 279
1679938309786 0.004431724548339844 280
1679938310331 0.004431724548339844 281
1679938310503 0.004431724548339844 282
1679938311125 0.004431724548339844 283
1679938311262 0.004431724548339844 284
1679938311808 0.004431724548339844 285
1679938311957 0.004431724548339844 286
1679938312501 0.004431724548339844 287
1679938312658 0.004431724548339844 288
1679938313228 0.004431724548339844 289
1679938313419 0.004431724548339844 290
1679938314069 0.004431724548339844 291
1679938314236 0.004431724548339844 292
1679938314833 0.004431724548339844 293
1679938315003 0.004431724548339844 294
1679938315661 0.004431724548339844 295
1679938315860 0.004431724548339844 296
1679938316462 0.004431724548339844 297
1679938316616 0.004431724548339844 298
1679938317198 0.004431724548339844 299
1679938317368 0.004431724548339844 300
1679938317496 0.004431724548339844 301
