1679918864336 35.98641551433567 1
1679918865036 15.716958421795535 3
1679918865797 14.643115851993473 5
1679918866566 12.945918463937055 7
1679918867310 13.056743191979288 9
1679918867997 12.375706527433618 11
1679918868863 12.627233199618415 13
1679918869653 13.80500492443615 15
1679918870440 12.25924702929391 17
1679918871195 12.162849569695394 19
1679918871978 11.603864453498097 21
1679918872746 11.725241488271609 23
1679918873604 11.733239477193944 25
1679918874284 11.566521741501653 27
1679918875029 11.683094383739713 29
1679918875858 11.473234903154502 31
1679918876590 11.839903668932621 33
1679918877431 11.308377256626876 35
1679918878183 11.294166119589025 37
1679918878962 11.272719679653198 39
1679918879724 11.387795662106823 41
1679918880523 11.596766046753702 43
1679918881343 11.469048815167227 45
1679918882113 11.223187375527369 47
1679918882914 11.412293891641422 49
1679918883705 11.15305322373681 51
1679918884476 11.221411750413745 53
1679918885337 11.127093455276992 55
1679918886041 11.027717262476873 57
1679918886842 11.12399501945255 59
1679918887605 10.84236552348984 61
1679918888386 11.117607021081977 63
1679918889116 11.012873563713933 65
1679918890039 11.042736733038351 67
1679918890803 10.92794449061691 69
1679918891503 11.062137774578677 71
1679918892350 10.970921256356785 73
1679918893121 11.126678955736937 75
1679918893920 10.973854789392766 77
1679918894645 11.079914819794762 79
1679918895423 10.995134232867088 81
1679918896328 10.870905002683237 83
1679918897142 10.899091362576316 85
1679918897891 11.005759932895565 87
1679918898735 10.96905719873199 89
1679918899507 11.181410032476839 91
1679918900314 10.892502206632324 93
1679918901150 10.89076800178829 95
1679918901949 10.77062502847154 97
1679918902769 10.883106401560806 99
1679918903687 10.955127306891569 101
1679918904411 10.849894482961743 103
1679918905244 10.92044647297081 105
1679918906046 10.752727824167964 107
1679918906790 10.919844482576242 109
1679918907610 10.899057298546055 111
1679918908519 11.112433095082134 113
1679918909328 10.973920088475037 115
1679918910117 10.75861261328345 117
1679918910949 10.830529524870611 119
1679918911745 10.84596197991263 121
1679918912551 10.97554585768078 123
1679918913381 10.758521437246554 125
1679918914301 10.843828379865606 127
1679918915175 10.943775680069248 129
1679918916116 11.039629871956583 131
1679918916810 11.051476657492888 133
1679918917616 10.9523463319412 135
1679918918468 10.919519054373906 137
1679918919291 11.028204488922249 139
1679918920006 10.769196371928365 141
1679918920856 10.806001805772455 143
1679918921701 10.85561773854751 145
1679918922404 10.865273452819432 147
1679918923270 10.91324823183286 149
1679918924072 10.836294167819853 151
1679918924842 10.897838927189646 153
1679918925669 10.977187081475577 155
1679918926484 10.829775176669791 157
1679918927331 11.00533355123337 159
1679918928223 10.838615643257759 161
1679918929045 10.85598039510784 163
1679918929956 10.723646087360494 165
1679918930854 11.036772815830801 167
1679918931733 10.941069111614281 169
1679918932572 11.020834153028655 171
1679918933509 10.925894194465053 173
1679918934462 10.843051783169159 175
1679918935408 10.9836475404876 177
1679918936235 11.046324392071844 179
1679918937092 10.88304473403863 181
1679918937892 10.900684247203403 183
1679918938667 10.954991826217745 185
1679918939506 10.879063843410197 187
1679918940339 11.040969789195067 189
1679918941188 10.937772523095944 191
1679918941972 10.823178615471868 193
1679918942779 10.772920817327892 195
1679918943620 10.974290659128085 197
1679918944419 10.817495032772118 199
1679918945157 10.856272705029197 201
1679918945996 10.935452511980113 203
1679918946788 10.919865636900505 205
1679918947601 10.907748187765197 207
1679918948349 10.843126243201604 209
1679918949155 10.967568430428086 211
1679918949961 11.017248856344043 213
1679918950857 10.994094900576233 215
1679918951597 10.862578050390985 217
1679918952406 10.818107790055825 219
1679918953222 10.842201290883493 221
1679918953962 10.823590340819766 223
1679918954755 10.996636390255327 225
1679918955573 10.865369731457552 227
1679918956482 10.97098709735624 229
1679918957204 10.92178501900635 231
1679918958021 10.812229695051798 233
1679918958872 10.822598319940479 235
1679918959719 10.880346224782008 237
1679918960536 10.836499297729773 239
1679918961498 10.907869668825674 241
1679918962400 10.912689726265043 243
1679918963338 11.096112648997781 245
1679918964150 10.954649053047627 247
1679918965039 10.970651042804885 249
1679918965964 10.786674738339471 251
1679918966857 10.947002531142429 253
1679918967599 11.012714032288672 255
1679918968452 10.996736975028881 257
1679918969262 11.100486257644583 259
1679918969966 10.921521053136757 261
1679918970820 10.867347801876265 263
1679918971664 10.84187140170609 265
1679918972517 10.967911798578648 267
1679918973240 10.940950534259947 269
1679918974062 10.873787161996184 271
1679918974874 10.969914606642394 273
1679918975695 10.828601276289856 275
1679918976487 10.888863083642411 277
1679918977324 10.867514287259302 279
1679918978157 10.897363952930979 281
1679918979001 10.987147868632539 283
1679918979746 11.0149065217032 285
1679918980572 10.979379864805447 287
1679918981428 10.891833282100638 289
1679918982257 10.989131810854428 291
1679918983020 11.02403024403494 293
1679918983861 10.84680391514423 295
1679918984649 10.89938847739332 297
1679918985496 10.808795104234827 299
