1679918864357 0.0029516220092773438 1
1679918864515 0.0029516220092773438 2
1679918865058 0.0029516220092773438 3
1679918865265 0.0029516220092773438 4
1679918865817 0.0029516220092773438 5
1679918865955 0.0029516220092773438 6
1679918866585 0.0029516220092773438 7
1679918866715 0.0029516220092773438 8
1679918867331 0.0029516220092773438 9
1679918867465 0.0029516220092773438 10
1679918868017 0.0029516220092773438 11
1679918868152 0.0029516220092773438 12
1679918868884 0.0029516220092773438 13
1679918869015 0.0029516220092773438 14
1679918869673 0.0029516220092773438 15
1679918869812 0.0029516220092773438 16
1679918870461 0.0029516220092773438 17
1679918870603 0.0029516220092773438 18
1679918871214 0.0029516220092773438 19
1679918871351 0.0029516220092773438 20
1679918872005 0.0029516220092773438 21
1679918872143 0.0029516220092773438 22
1679918872766 0.0029516220092773438 23
1679918872900 0.0029516220092773438 24
1679918873623 0.0029516220092773438 25
1679918873756 0.0029516220092773438 26
1679918874310 0.0029516220092773438 27
1679918874444 0.0029516220092773438 28
1679918875050 0.0029516220092773438 29
1679918875206 0.0029516220092773438 30
1679918875881 0.0029516220092773438 31
1679918876030 0.0029516220092773438 32
1679918876611 0.0029516220092773438 33
1679918876827 0.0029516220092773438 34
1679918877452 0.0029516220092773438 35
1679918877583 0.0029516220092773438 36
1679918878204 0.0029516220092773438 37
1679918878345 0.0029516220092773438 38
1679918878980 0.0029516220092773438 39
1679918879120 0.0029516220092773438 40
1679918879744 0.0029516220092773438 41
1679918879971 0.0029516220092773438 42
1679918880544 0.0029516220092773438 43
1679918880691 0.0029516220092773438 44
1679918881363 0.0029516220092773438 45
1679918881499 0.0029516220092773438 46
1679918882132 0.0029516220092773438 47
1679918882289 0.0029516220092773438 48
1679918882933 0.0029516220092773438 49
1679918883069 0.0029516220092773438 50
1679918883728 0.0029516220092773438 51
1679918883866 0.0029516220092773438 52
1679918884501 0.0029516220092773438 53
1679918884648 0.0029516220092773438 54
1679918885358 0.0029516220092773438 55
1679918885500 0.0029516220092773438 56
1679918886062 0.0029516220092773438 57
1679918886204 0.0029516220092773438 58
1679918886861 0.0029516220092773438 59
1679918886998 0.0029516220092773438 60
1679918887625 0.0029516220092773438 61
1679918887764 0.0029516220092773438 62
1679918888406 0.0029516220092773438 63
1679918888551 0.0029516220092773438 64
1679918889135 0.0029516220092773438 65
1679918889291 0.0029516220092773438 66
1679918890062 0.0029516220092773438 67
1679918890198 0.0029516220092773438 68
1679918890823 0.0029516220092773438 69
1679918890974 0.0029516220092773438 70
1679918891524 0.0029516220092773438 71
1679918891749 0.0029516220092773438 72
1679918892369 0.0029516220092773438 73
1679918892505 0.0029516220092773438 74
1679918893143 0.0029516220092773438 75
1679918893299 0.0029516220092773438 76
1679918893939 0.0029516220092773438 77
1679918894087 0.0029516220092773438 78
1679918894666 0.0029516220092773438 79
1679918894881 0.0029516220092773438 80
1679918895443 0.0029516220092773438 81
1679918895581 0.0029516220092773438 82
1679918896347 0.0029516220092773438 83
1679918896507 0.0029516220092773438 84
1679918897162 0.0029516220092773438 85
1679918897311 0.0029516220092773438 86
1679918897910 0.0029516220092773438 87
1679918898046 0.0029516220092773438 88
1679918898755 0.0029516220092773438 89
1679918898898 0.0029516220092773438 90
1679918899527 0.0029516220092773438 91
1679918899669 0.0029516220092773438 92
1679918900334 0.0029516220092773438 93
1679918900479 0.0029516220092773438 94
1679918901170 0.0029516220092773438 95
1679918901304 0.0029516220092773438 96
1679918901970 0.0029516220092773438 97
1679918902121 0.0029516220092773438 98
1679918902787 0.0029516220092773438 99
1679918902961 0.0029516220092773438 100
1679918903706 0.0029516220092773438 101
1679918903857 0.0029516220092773438 102
1679918904431 0.0029516220092773438 103
1679918904568 0.0029516220092773438 104
1679918905263 0.0029516220092773438 105
1679918905398 0.0029516220092773438 106
1679918906069 0.0029516220092773438 107
1679918906222 0.0029516220092773438 108
1679918906813 0.0029516220092773438 109
1679918907034 0.0029516220092773438 110
1679918907630 0.0029516220092773438 111
1679918907801 0.0029516220092773438 112
1679918908538 0.0029516220092773438 113
1679918908685 0.0029516220092773438 114
1679918909349 0.0029516220092773438 115
1679918909496 0.0029516220092773438 116
1679918910138 0.0029516220092773438 117
1679918910370 0.0029516220092773438 118
1679918910971 0.0029516220092773438 119
1679918911116 0.0029516220092773438 120
1679918911764 0.0029516220092773438 121
1679918911907 0.0029516220092773438 122
1679918912571 0.0029516220092773438 123
1679918912741 0.0029516220092773438 124
1679918913401 0.0029516220092773438 125
1679918913614 0.0029516220092773438 126
1679918914320 0.0029516220092773438 127
1679918914469 0.0029516220092773438 128
1679918915194 0.0029516220092773438 129
1679918915360 0.0029516220092773438 130
1679918916136 0.0029516220092773438 131
1679918916273 0.0029516220092773438 132
1679918916832 0.0029516220092773438 133
1679918916981 0.0029516220092773438 134
1679918917639 0.0029516220092773438 135
1679918917775 0.0029516220092773438 136
1679918918489 0.0029516220092773438 137
1679918918639 0.0029516220092773438 138
1679918919311 0.0029516220092773438 139
1679918919447 0.0029516220092773438 140
1679918920030 0.0029516220092773438 141
1679918920165 0.0029516220092773438 142
1679918920877 0.0029516220092773438 143
1679918921024 0.0029516220092773438 144
1679918921723 0.0029516220092773438 145
1679918921875 0.0029516220092773438 146
1679918922423 0.0029516220092773438 147
1679918922642 0.0029516220092773438 148
1679918923293 0.0029516220092773438 149
1679918923457 0.0029516220092773438 150
1679918924093 0.0029516220092773438 151
1679918924246 0.0029516220092773438 152
1679918924862 0.0029516220092773438 153
1679918925014 0.0029516220092773438 154
1679918925689 0.0029516220092773438 155
1679918925931 0.0029516220092773438 156
1679918926503 0.0029516220092773438 157
1679918926645 0.0029516220092773438 158
1679918927352 0.0029516220092773438 159
1679918927509 0.0029516220092773438 160
1679918928245 0.0029516220092773438 161
1679918928413 0.0029516220092773438 162
1679918929070 0.0029516220092773438 163
1679918929238 0.0029516220092773438 164
1679918929978 0.0029516220092773438 165
1679918930146 0.0029516220092773438 166
1679918930876 0.0029516220092773438 167
1679918931033 0.0029516220092773438 168
1679918931754 0.0029516220092773438 169
1679918931918 0.0029516220092773438 170
1679918932595 0.0029516220092773438 171
1679918932761 0.0029516220092773438 172
1679918933533 0.0029516220092773438 173
1679918933717 0.0029516220092773438 174
1679918934485 0.0029516220092773438 175
1679918934671 0.0029516220092773438 176
1679918935432 0.0029516220092773438 177
1679918935608 0.0029516220092773438 178
1679918936256 0.0029516220092773438 179
1679918936437 0.0029516220092773438 180
1679918937113 0.0029516220092773438 181
1679918937263 0.0029516220092773438 182
1679918937912 0.0029516220092773438 183
1679918938063 0.0029516220092773438 184
1679918938687 0.0029516220092773438 185
1679918938922 0.0029516220092773438 186
1679918939532 0.0029516220092773438 187
1679918939701 0.0029516220092773438 188
1679918940358 0.0029516220092773438 189
1679918940510 0.0029516220092773438 190
1679918941208 0.0029516220092773438 191
1679918941370 0.0029516220092773438 192
1679918941993 0.0029516220092773438 193
1679918942220 0.0029516220092773438 194
1679918942799 0.0029516220092773438 195
1679918942947 0.0029516220092773438 196
1679918943640 0.0029516220092773438 197
1679918943785 0.0029516220092773438 198
1679918944438 0.0029516220092773438 199
1679918944584 0.0029516220092773438 200
1679918945178 0.0029516220092773438 201
1679918945325 0.0029516220092773438 202
1679918946016 0.0029516220092773438 203
1679918946166 0.0029516220092773438 204
1679918946807 0.0029516220092773438 205
1679918946954 0.0029516220092773438 206
1679918947621 0.0029516220092773438 207
1679918947765 0.0029516220092773438 208
1679918948371 0.0029516220092773438 209
1679918948525 0.0029516220092773438 210
1679918949177 0.0029516220092773438 211
1679918949329 0.0029516220092773438 212
1679918949981 0.0029516220092773438 213
1679918950150 0.0029516220092773438 214
1679918950878 0.0029516220092773438 215
1679918951029 0.0029516220092773438 216
1679918951618 0.0029516220092773438 217
1679918951758 0.0029516220092773438 218
1679918952428 0.0029516220092773438 219
1679918952572 0.0029516220092773438 220
1679918953242 0.0029516220092773438 221
1679918953394 0.0029516220092773438 222
1679918953982 0.0029516220092773438 223
1679918954218 0.0029516220092773438 224
1679918954774 0.0029516220092773438 225
1679918954924 0.0029516220092773438 226
1679918955603 0.0029516220092773438 227
1679918955825 0.0029516220092773438 228
1679918956501 0.0029516220092773438 229
1679918956650 0.0029516220092773438 230
1679918957226 0.0029516220092773438 231
1679918957453 0.0029516220092773438 232
1679918958041 0.0029516220092773438 233
1679918958201 0.0029516220092773438 234
1679918958892 0.0029516220092773438 235
1679918959041 0.0029516220092773438 236
1679918959741 0.0029516220092773438 237
1679918959904 0.0029516220092773438 238
1679918960556 0.0029516220092773438 239
1679918960713 0.0029516220092773438 240
1679918961523 0.0029516220092773438 241
1679918961691 0.0029516220092773438 242
1679918962422 0.0029516220092773438 243
1679918962589 0.0029516220092773438 244
1679918963362 0.0029516220092773438 245
1679918963530 0.0029516220092773438 246
1679918964171 0.0029516220092773438 247
1679918964332 0.0029516220092773438 248
1679918965065 0.0029516220092773438 249
1679918965254 0.0029516220092773438 250
1679918965984 0.0029516220092773438 251
1679918966161 0.0029516220092773438 252
1679918966879 0.0029516220092773438 253
1679918967034 0.0029516220092773438 254
1679918967617 0.0029516220092773438 255
1679918967763 0.0029516220092773438 256
1679918968472 0.0029516220092773438 257
1679918968623 0.0029516220092773438 258
1679918969283 0.0029516220092773438 259
1679918969443 0.0029516220092773438 260
1679918969986 0.0029516220092773438 261
1679918970219 0.0029516220092773438 262
1679918970840 0.0029516220092773438 263
1679918970995 0.0029516220092773438 264
1679918971685 0.0029516220092773438 265
1679918971851 0.0029516220092773438 266
1679918972537 0.0029516220092773438 267
1679918972686 0.0029516220092773438 268
1679918973261 0.0029516220092773438 269
1679918973498 0.0029516220092773438 270
1679918974081 0.0029516220092773438 271
1679918974232 0.0029516220092773438 272
1679918974894 0.0029516220092773438 273
1679918975046 0.0029516220092773438 274
1679918975714 0.0029516220092773438 275
1679918975881 0.0029516220092773438 276
1679918976507 0.0029516220092773438 277
1679918976681 0.0029516220092773438 278
1679918977343 0.0029516220092773438 279
1679918977496 0.0029516220092773438 280
1679918978180 0.0029516220092773438 281
1679918978344 0.0029516220092773438 282
1679918979021 0.0029516220092773438 283
1679918979177 0.0029516220092773438 284
1679918979767 0.0029516220092773438 285
1679918979919 0.0029516220092773438 286
1679918980593 0.0029516220092773438 287
1679918980756 0.0029516220092773438 288
1679918981450 0.0029516220092773438 289
1679918981600 0.0029516220092773438 290
1679918982277 0.0029516220092773438 291
1679918982432 0.0029516220092773438 292
1679918983040 0.0029516220092773438 293
1679918983195 0.0029516220092773438 294
1679918983881 0.0029516220092773438 295
1679918984030 0.0029516220092773438 296
1679918984671 0.0029516220092773438 297
1679918984853 0.0029516220092773438 298
1679918985520 0.0029516220092773438 299
1679918985765 0.0029516220092773438 300
1679918985887 0.0029516220092773438 301
