1679777778820 1.0 1
1679777779011 2.0 2
1679777780143 3.0 3
1679777780312 4.0 4
1679777781396 5.0 5
1679777781664 6.0 6
1679777782888 7.0 7
1679777783061 8.0 8
1679777784207 9.0 9
1679777784396 10.0 10
1679777785553 11.0 11
1679777785725 12.0 12
1679777786853 13.0 13
1679777787026 14.0 14
1679777788146 15.0 15
1679777788320 16.0 16
1679777789380 17.0 17
1679777789553 18.0 18
1679777790675 19.0 19
1679777790839 20.0 20
1679777791842 21.0 21
1679777792009 22.0 22
1679777793056 23.0 23
1679777793209 24.0 24
1679777794246 25.0 25
1679777794416 26.0 26
1679777795525 27.0 27
1679777795690 28.0 28
1679777796728 29.0 29
1679777796893 30.0 30
1679777798033 31.0 31
1679777798196 32.0 32
1679777799329 33.0 33
1679777799490 34.0 34
1679777800625 35.0 35
1679777800789 36.0 36
1679777801910 37.0 37
1679777802080 38.0 38
1679777803171 39.0 39
1679777803342 40.0 40
1679777804379 41.0 41
1679777804542 42.0 42
1679777805631 43.0 43
1679777805797 44.0 44
1679777806872 45.0 45
1679777807118 46.0 46
1679777808178 47.0 47
1679777808345 48.0 48
1679777809403 49.0 49
1679777809568 50.0 50
1679777810650 51.0 51
1679777810831 52.0 52
1679777811877 53.0 53
1679777812032 54.0 54
1679777813102 55.0 55
1679777813284 56.0 56
1679777814499 57.0 57
1679777814687 58.0 58
1679777815977 59.0 59
1679777816158 60.0 60
1679777817253 61.0 61
1679777817433 62.0 62
1679777818475 63.0 63
1679777818653 64.0 64
1679777819776 65.0 65
1679777819973 66.0 66
1679777821063 67.0 67
1679777821237 68.0 68
1679777822330 69.0 69
1679777822503 70.0 70
1679777823574 71.0 71
1679777823752 72.0 72
1679777824998 73.0 73
1679777825182 74.0 74
1679777826317 75.0 75
1679777826488 76.0 76
1679777827561 77.0 77
1679777827738 78.0 78
1679777828867 79.0 79
1679777829050 80.0 80
1679777830156 81.0 81
1679777830344 82.0 82
1679777831420 83.0 83
1679777831585 84.0 84
1679777832583 85.0 85
1679777832751 86.0 86
1679777833904 87.0 87
1679777834086 88.0 88
1679777835189 89.0 89
1679777835370 90.0 90
1679777836459 91.0 91
1679777836631 92.0 92
1679777837696 93.0 93
1679777837877 94.0 94
1679777838944 95.0 95
1679777839128 96.0 96
1679777840240 97.0 97
1679777840427 98.0 98
1679777841529 99.0 99
1679777841786 100.0 100
1679777843025 101.0 101
1679777843215 102.0 102
1679777844408 103.0 103
1679777844605 104.0 104
1679777845796 105.0 105
1679777846010 106.0 106
1679777847245 107.0 107
1679777847416 108.0 108
1679777848495 109.0 109
1679777848671 110.0 110
1679777849741 111.0 111
1679777849925 112.0 112
1679777851132 113.0 113
1679777851336 114.0 114
1679777852399 115.0 115
1679777852566 116.0 116
1679777853623 117.0 117
1679777853808 118.0 118
1679777854896 119.0 119
1679777855074 120.0 120
1679777856227 121.0 121
1679777856420 122.0 122
1679777857518 123.0 123
1679777857690 124.0 124
1679777858786 125.0 125
1679777858957 126.0 126
1679777860150 127.0 127
1679777860347 128.0 128
1679777861466 129.0 129
1679777861662 130.0 130
1679777862805 131.0 131
1679777862987 132.0 132
1679777864048 133.0 133
1679777864216 134.0 134
1679777865301 135.0 135
1679777865530 136.0 136
1679777866646 137.0 137
1679777866854 138.0 138
1679777867953 139.0 139
1679777868220 140.0 140
1679777869289 141.0 141
1679777869469 142.0 142
1679777870497 143.0 143
1679777870673 144.0 144
1679777871816 145.0 145
1679777872006 146.0 146
1679777873172 147.0 147
1679777873357 148.0 148
1679777874553 149.0 149
1679777874743 150.0 150
1679777875905 151.0 151
1679777876116 152.0 152
1679777877412 153.0 153
1679777877617 154.0 154
1679777878774 155.0 155
1679777878955 156.0 156
1679777880047 157.0 157
1679777880212 158.0 158
1679777881276 159.0 159
1679777881453 160.0 160
1679777882566 161.0 161
1679777882763 162.0 162
1679777883931 163.0 163
1679777884108 164.0 164
1679777885177 165.0 165
1679777885353 166.0 166
1679777886536 167.0 167
1679777886722 168.0 168
1679777887838 169.0 169
1679777888079 170.0 170
1679777889179 171.0 171
1679777889359 172.0 172
1679777890400 173.0 173
1679777890568 174.0 174
1679777891653 175.0 175
1679777891847 176.0 176
1679777892922 177.0 177
1679777893106 178.0 178
1679777894213 179.0 179
1679777894386 180.0 180
1679777895524 181.0 181
1679777895698 182.0 182
1679777896797 183.0 183
1679777896983 184.0 184
1679777898058 185.0 185
1679777898243 186.0 186
1679777899364 187.0 187
1679777899534 188.0 188
1679777900639 189.0 189
1679777900818 190.0 190
1679777902019 191.0 191
1679777902215 192.0 192
1679777903415 193.0 193
1679777903719 194.0 194
1679777904940 195.0 195
1679777905144 196.0 196
1679777906353 197.0 197
1679777906532 198.0 198
1679777907621 199.0 199
1679777907820 200.0 200
1679777908981 201.0 201
1679777909191 202.0 202
1679777910349 203.0 203
1679777910542 204.0 204
1679777911632 205.0 205
1679777911813 206.0 206
1679777912940 207.0 207
1679777913121 208.0 208
1679777914292 209.0 209
1679777914499 210.0 210
1679777915662 211.0 211
1679777915847 212.0 212
1679777916979 213.0 213
1679777917157 214.0 214
1679777918230 215.0 215
1679777918421 216.0 216
1679777919579 217.0 217
1679777919777 218.0 218
1679777920885 219.0 219
1679777921065 220.0 220
1679777922281 221.0 221
1679777922464 222.0 222
1679777923580 223.0 223
1679777923775 224.0 224
1679777924912 225.0 225
1679777925113 226.0 226
1679777926244 227.0 227
1679777926429 228.0 228
1679777927530 229.0 229
1679777927720 230.0 230
1679777928809 231.0 231
1679777928993 232.0 232
1679777930105 233.0 233
1679777930410 234.0 234
1679777931582 235.0 235
1679777931775 236.0 236
1679777932910 237.0 237
1679777933108 238.0 238
1679777934247 239.0 239
1679777934451 240.0 240
1679777935609 241.0 241
1679777935824 242.0 242
1679777936989 243.0 243
1679777937166 244.0 244
1679777938218 245.0 245
1679777938398 246.0 246
1679777939573 247.0 247
1679777939768 248.0 248
1679777940924 249.0 249
1679777941144 250.0 250
1679777942268 251.0 251
1679777942445 252.0 252
1679777943568 253.0 253
1679777943746 254.0 254
1679777944827 255.0 255
1679777945021 256.0 256
1679777946196 257.0 257
1679777946397 258.0 258
1679777947537 259.0 259
1679777947729 260.0 260
1679777948938 261.0 261
1679777949132 262.0 262
1679777950203 263.0 263
1679777950396 264.0 264
1679777951505 265.0 265
1679777951696 266.0 266
1679777952772 267.0 267
1679777952959 268.0 268
1679777954125 269.0 269
1679777954310 270.0 270
1679777955443 271.0 271
1679777955643 272.0 272
1679777956785 273.0 273
1679777957003 274.0 274
1679777958209 275.0 275
1679777958393 276.0 276
1679777959512 277.0 277
1679777959698 278.0 278
1679777960823 279.0 279
1679777961028 280.0 280
1679777962178 281.0 281
1679777962403 282.0 282
1679777963641 283.0 283
1679777963855 284.0 284
1679777965027 285.0 285
1679777965229 286.0 286
1679777966388 287.0 287
1679777966691 288.0 288
1679777967888 289.0 289
1679777968103 290.0 290
1679777969247 291.0 291
1679777969434 292.0 292
1679777970534 293.0 293
1679777970723 294.0 294
1679777971818 295.0 295
1679777972015 296.0 296
1679777973111 297.0 297
1679777973305 298.0 298
1679777974426 299.0 299
1679777974603 300.0 300
1679777974730 301.0 301
