1677142461859 29640.0 1
1677142462096 29640.0 2
1677142463335 29640.0 3
1677142463557 29640.0 4
1677142464872 29640.0 5
1677142465090 29640.0 6
1677142466325 29640.0 7
1677142466539 29640.0 8
1677142467748 29640.0 9
1677142467968 29640.0 10
1677142469220 29640.0 11
1677142469441 29640.0 12
1677142470689 29640.0 13
1677142470909 29640.0 14
1677142472129 29640.0 15
1677142472346 29640.0 16
1677142473642 29640.0 17
1677142473861 29640.0 18
1677142475077 29640.0 19
1677142475295 29640.0 20
1677142476526 29640.0 21
1677142476726 29640.0 22
1677142477973 29640.0 23
1677142478189 29640.0 24
1677142479444 29640.0 25
1677142479660 29640.0 26
1677142480951 29640.0 27
1677142481171 29640.0 28
1677142482424 29640.0 29
1677142482652 29640.0 30
1677142483860 29640.0 31
1677142484077 29640.0 32
1677142485281 29640.0 33
1677142485509 29640.0 34
1677142486706 29640.0 35
1677142486926 29640.0 36
1677142488142 29640.0 37
1677142488361 29640.0 38
1677142489624 29640.0 39
1677142489904 29640.0 40
1677142491086 29640.0 41
1677142491308 29640.0 42
1677142492481 29640.0 43
1677142492700 29640.0 44
1677142493904 29640.0 45
1677142494124 29640.0 46
1677142495324 29640.0 47
1677142495546 29640.0 48
1677142496824 29640.0 49
1677142497044 29640.0 50
1677142498240 29640.0 51
1677142498457 29640.0 52
1677142499694 29640.0 53
1677142499915 29640.0 54
1677142501230 29640.0 55
1677142501455 29640.0 56
1677142502661 29640.0 57
1677142502888 29640.0 58
1677142504109 29640.0 59
1677142504328 29640.0 60
1677142505550 29640.0 61
1677142505779 29640.0 62
1677142506964 29640.0 63
1677142507196 29640.0 64
1677142508416 29640.0 65
1677142508657 29640.0 66
1677142509930 29640.0 67
1677142510151 29640.0 68
1677142511394 29640.0 69
1677142511619 29640.0 70
1677142512866 29640.0 71
1677142513090 29640.0 72
1677142514294 29640.0 73
1677142514514 29640.0 74
1677142515723 29640.0 75
1677142515944 29640.0 76
1677142517246 29640.0 77
1677142517469 29640.0 78
1677142518780 29640.0 79
1677142519000 29640.0 80
1677142520228 29640.0 81
1677142520451 29640.0 82
1677142521675 29640.0 83
1677142521878 29640.0 84
1677142523094 29640.0 85
1677142523317 29640.0 86
1677142524534 29640.0 87
1677142524830 29640.0 88
1677142526047 29640.0 89
1677142526268 29640.0 90
1677142527520 29640.0 91
1677142527742 29640.0 92
1677142528944 29640.0 93
1677142529162 29640.0 94
1677142530367 29640.0 95
1677142530592 29640.0 96
1677142531814 29640.0 97
1677142532039 29640.0 98
1677142533349 29640.0 99
1677142533568 29640.0 100
1677142534780 29640.0 101
1677142535011 29640.0 102
1677142536243 29640.0 103
1677142536472 29640.0 104
1677142537647 29640.0 105
1677142537880 29640.0 106
1677142539150 29640.0 107
1677142539377 29640.0 108
1677142540619 29640.0 109
1677142540919 29640.0 110
1677142542177 29640.0 111
1677142542399 29640.0 112
1677142543612 29640.0 113
1677142543834 29640.0 114
1677142545057 29640.0 115
1677142545281 29640.0 116
1677142546507 29640.0 117
1677142546730 29640.0 118
1677142547983 29640.0 119
1677142548208 29640.0 120
1677142549489 29640.0 121
1677142549716 29640.0 122
1677142550924 29640.0 123
1677142551145 29640.0 124
1677142552332 29640.0 125
1677142552551 29640.0 126
1677142553775 29640.0 127
1677142553998 29640.0 128
1677142555211 29640.0 129
1677142555443 29640.0 130
1677142556665 29640.0 131
1677142556970 29640.0 132
1677142558235 29640.0 133
1677142558458 29640.0 134
1677142559665 29640.0 135
1677142559889 29640.0 136
1677142561092 29640.0 137
1677142561320 29640.0 138
1677142562516 29640.0 139
1677142562738 29640.0 140
1677142563938 29640.0 141
1677142564159 29640.0 142
1677142565425 29640.0 143
1677142565650 29640.0 144
1677142566832 29640.0 145
1677142567057 29640.0 146
1677142568264 29640.0 147
1677142568491 29640.0 148
1677142569724 29640.0 149
1677142569949 29640.0 150
1677142571224 29640.0 151
1677142571449 29640.0 152
1677142572698 29640.0 153
1677142573000 29640.0 154
1677142574217 29640.0 155
1677142574440 29640.0 156
1677142575649 29640.0 157
1677142575877 29640.0 158
1677142577086 29640.0 159
1677142577309 29640.0 160
1677142578511 29640.0 161
1677142578740 29640.0 162
1677142579980 29640.0 163
1677142580211 29640.0 164
1677142581515 29640.0 165
1677142581730 29640.0 166
1677142582954 29640.0 167
1677142583183 29640.0 168
1677142584411 29640.0 169
1677142584638 29640.0 170
1677142585859 29640.0 171
1677142586084 29640.0 172
1677142587302 29640.0 173
1677142587529 29640.0 174
1677142588745 29640.0 175
1677142589051 29640.0 176
1677142590298 29640.0 177
1677142590527 29640.0 178
1677142591728 29640.0 179
1677142591954 29640.0 180
1677142593164 29640.0 181
1677142593394 29640.0 182
1677142594622 29640.0 183
1677142594851 29640.0 184
1677142596070 29640.0 185
1677142596300 29640.0 186
1677142597555 29640.0 187
1677142597781 29640.0 188
1677142599000 29640.0 189
1677142599229 29640.0 190
1677142600451 29640.0 191
1677142600707 29640.0 192
1677142601936 29640.0 193
1677142602170 29640.0 194
1677142603395 29640.0 195
1677142603623 29640.0 196
1677142604841 29640.0 197
1677142605143 29640.0 198
1677142606359 29640.0 199
1677142606584 29640.0 200
1677142607795 29640.0 201
1677142608032 29640.0 202
1677142609243 29640.0 203
1677142609479 29640.0 204
1677142610909 29640.0 205
1677142611161 29640.0 206
1677142612501 29640.0 207
1677142612749 29640.0 208
1677142614226 29640.0 209
1677142614458 29640.0 210
1677142615782 29640.0 211
1677142616036 29640.0 212
1677142617261 29640.0 213
1677142617495 29640.0 214
1677142618778 29640.0 215
1677142619011 29640.0 216
1677142620331 29640.0 217
1677142620562 29640.0 218
1677142621805 29640.0 219
1677142622109 29640.0 220
1677142623313 29640.0 221
1677142623541 29640.0 222
1677142624743 29640.0 223
1677142624982 29640.0 224
1677142626216 29640.0 225
1677142626452 29640.0 226
1677142627698 29640.0 227
1677142627934 29640.0 228
1677142629166 29640.0 229
1677142629401 29640.0 230
1677142630756 29640.0 231
1677142630988 29640.0 232
1677142632202 29640.0 233
1677142632436 29640.0 234
1677142633718 29640.0 235
1677142633953 29640.0 236
1677142635199 29640.0 237
1677142635432 29640.0 238
1677142636658 29640.0 239
1677142636893 29640.0 240
1677142638119 29640.0 241
1677142638429 29640.0 242
1677142639657 29640.0 243
1677142639916 29640.0 244
1677142641180 29640.0 245
1677142641414 29640.0 246
1677142642679 29640.0 247
1677142642908 29640.0 248
1677142644151 29640.0 249
1677142644384 29640.0 250
1677142645632 29640.0 251
1677142645861 29640.0 252
1677142647172 29640.0 253
1677142647401 29640.0 254
1677142648638 29640.0 255
1677142648870 29640.0 256
1677142650128 29640.0 257
1677142650361 29640.0 258
1677142651584 29640.0 259
1677142651813 29640.0 260
1677142653035 29640.0 261
1677142653268 29640.0 262
1677142654493 29640.0 263
1677142654799 29640.0 264
1677142656040 29640.0 265
1677142656276 29640.0 266
1677142657534 29640.0 267
1677142657767 29640.0 268
1677142659046 29640.0 269
1677142659282 29640.0 270
1677142660518 29640.0 271
1677142660750 29640.0 272
1677142661993 29640.0 273
1677142662229 29640.0 274
1677142663547 29640.0 275
1677142663778 29640.0 276
1677142665025 29640.0 277
1677142665255 29640.0 278
1677142666480 29640.0 279
1677142666709 29640.0 280
1677142667932 29640.0 281
1677142668170 29640.0 282
1677142669438 29640.0 283
1677142669669 29640.0 284
1677142670906 29640.0 285
1677142671213 29640.0 286
1677142672450 29640.0 287
1677142672683 29640.0 288
1677142673904 29640.0 289
1677142674140 29640.0 290
1677142675346 29640.0 291
1677142675580 29640.0 292
1677142676826 29640.0 293
1677142677054 29640.0 294
1677142678290 29640.0 295
1677142678526 29640.0 296
1677142679877 29640.0 297
1677142680112 29640.0 298
1677142681344 29640.0 299
1677142681572 29640.0 300
1677142681800 29640.0 301
