1677142461862 0.0 1
1677142462099 0.0 2
1677142463338 0.0 3
1677142463560 0.0 4
1677142464875 0.0 5
1677142465093 0.0 6
1677142466328 0.0 7
1677142466542 0.0 8
1677142467751 0.0 9
1677142467971 0.0 10
1677142469224 0.0 11
1677142469444 0.0 12
1677142470692 0.0 13
1677142470911 0.0 14
1677142472131 0.0 15
1677142472349 0.0 16
1677142473645 0.0 17
1677142473864 0.0 18
1677142475079 0.0 19
1677142475298 0.0 20
1677142476529 0.0 21
1677142476729 0.0 22
1677142477976 0.0 23
1677142478192 0.0 24
1677142479447 0.0 25
1677142479663 0.0 26
1677142480954 0.0 27
1677142481174 0.0 28
1677142482434 0.0 29
1677142482655 0.0 30
1677142483863 0.0 31
1677142484080 0.0 32
1677142485284 0.0 33
1677142485512 0.0 34
1677142486710 0.0 35
1677142486929 0.0 36
1677142488146 0.0 37
1677142488364 0.0 38
1677142489627 0.0 39
1677142489907 0.0 40
1677142491089 0.0 41
1677142491311 0.0 42
1677142492484 0.0 43
1677142492702 0.0 44
1677142493907 0.0 45
1677142494127 0.0 46
1677142495327 0.0 47
1677142495549 0.0 48
1677142496827 0.0 49
1677142497047 0.0 50
1677142498243 0.0 51
1677142498460 0.0 52
1677142499697 0.0 53
1677142499918 0.0 54
1677142501233 0.0 55
1677142501458 0.0 56
1677142502664 0.0 57
1677142502890 0.0 58
1677142504112 0.0 59
1677142504331 0.0 60
1677142505553 0.0 61
1677142505782 0.0 62
1677142506967 0.0 63
1677142507199 0.0 64
1677142508419 0.0 65
1677142508660 0.0 66
1677142509933 0.0 67
1677142510154 0.0 68
1677142511397 0.0 69
1677142511622 0.0 70
1677142512869 0.0 71
1677142513092 0.0 72
1677142514297 0.0 73
1677142514517 0.0 74
1677142515726 0.0 75
1677142515947 0.0 76
1677142517249 0.0 77
1677142517471 0.0 78
1677142518783 0.0 79
1677142519002 0.0 80
1677142520231 0.0 81
1677142520454 0.0 82
1677142521678 0.0 83
1677142521881 0.0 84
1677142523097 0.0 85
1677142523320 0.0 86
1677142524537 0.0 87
1677142524833 0.0 88
1677142526050 0.0 89
1677142526271 0.0 90
1677142527523 0.0 91
1677142527745 0.0 92
1677142528947 0.0 93
1677142529165 0.0 94
1677142530370 0.0 95
1677142530595 0.0 96
1677142531816 0.0 97
1677142532042 0.0 98
1677142533352 0.0 99
1677142533571 0.0 100
1677142534783 0.0 101
1677142535014 0.0 102
1677142536245 0.0 103
1677142536475 0.0 104
1677142537650 0.0 105
1677142537882 0.0 106
1677142539153 0.0 107
1677142539380 0.0 108
1677142540622 0.0 109
1677142540922 0.0 110
1677142542180 0.0 111
1677142542403 0.0 112
1677142543615 0.0 113
1677142543838 0.0 114
1677142545060 0.0 115
1677142545283 0.0 116
1677142546510 0.0 117
1677142546733 0.0 118
1677142547986 0.0 119
1677142548211 0.0 120
1677142549491 0.0 121
1677142549719 0.0 122
1677142550927 0.0 123
1677142551148 0.0 124
1677142552335 0.0 125
1677142552554 0.0 126
1677142553778 0.0 127
1677142554001 0.0 128
1677142555214 0.0 129
1677142555446 0.0 130
1677142556668 0.0 131
1677142556973 0.0 132
1677142558238 0.0 133
1677142558460 0.0 134
1677142559669 0.0 135
1677142559892 0.0 136
1677142561095 0.0 137
1677142561323 0.0 138
1677142562519 0.0 139
1677142562741 0.0 140
1677142563941 0.0 141
1677142564162 0.0 142
1677142565428 0.0 143
1677142565652 0.0 144
1677142566835 0.0 145
1677142567060 0.0 146
1677142568267 0.0 147
1677142568495 0.0 148
1677142569727 0.0 149
1677142569954 0.0 150
1677142571226 0.0 151
1677142571452 0.0 152
1677142572700 0.0 153
1677142573003 0.0 154
1677142574220 0.0 155
1677142574443 0.0 156
1677142575652 0.0 157
1677142575879 0.0 158
1677142577089 0.0 159
1677142577312 0.0 160
1677142578514 0.0 161
1677142578743 0.0 162
1677142579984 0.0 163
1677142580214 0.0 164
1677142581519 0.0 165
1677142581732 0.0 166
1677142582957 0.0 167
1677142583186 0.0 168
1677142584414 0.0 169
1677142584641 0.0 170
1677142585862 0.0 171
1677142586087 0.0 172
1677142587305 0.0 173
1677142587532 0.0 174
1677142588748 0.0 175
1677142589054 0.0 176
1677142590301 0.0 177
1677142590530 0.0 178
1677142591731 0.0 179
1677142591957 0.0 180
1677142593168 0.0 181
1677142593397 0.0 182
1677142594624 0.0 183
1677142594854 0.0 184
1677142596073 0.0 185
1677142596303 0.0 186
1677142597558 0.0 187
1677142597784 0.0 188
1677142599004 0.0 189
1677142599232 0.0 190
1677142600457 0.0 191
1677142600711 0.0 192
1677142601939 0.0 193
1677142602172 0.0 194
1677142603398 0.0 195
1677142603627 0.0 196
1677142604844 0.0 197
1677142605146 0.0 198
1677142606362 0.0 199
1677142606587 0.0 200
1677142607798 0.0 201
1677142608036 0.0 202
1677142609246 0.0 203
1677142609482 0.0 204
1677142610913 0.0 205
1677142611163 0.0 206
1677142612505 0.0 207
1677142612752 0.0 208
1677142614229 0.0 209
1677142614461 0.0 210
1677142615785 0.0 211
1677142616039 0.0 212
1677142617264 0.0 213
1677142617498 0.0 214
1677142618781 0.0 215
1677142619015 0.0 216
1677142620333 0.0 217
1677142620565 0.0 218
1677142621808 0.0 219
1677142622112 0.0 220
1677142623316 0.0 221
1677142623543 0.0 222
1677142624746 0.0 223
1677142624985 0.0 224
1677142626219 0.0 225
1677142626454 0.0 226
1677142627701 0.0 227
1677142627938 0.0 228
1677142629169 0.0 229
1677142629405 0.0 230
1677142630759 0.0 231
1677142630991 0.0 232
1677142632205 0.0 233
1677142632439 0.0 234
1677142633721 0.0 235
1677142633956 0.0 236
1677142635202 0.0 237
1677142635435 0.0 238
1677142636661 0.0 239
1677142636896 0.0 240
1677142638122 0.0 241
1677142638433 0.0 242
1677142639660 0.0 243
1677142639919 0.0 244
1677142641183 0.0 245
1677142641418 0.0 246
1677142642682 0.0 247
1677142642911 0.0 248
1677142644155 0.0 249
1677142644387 0.0 250
1677142645635 0.0 251
1677142645864 0.0 252
1677142647175 0.0 253
1677142647404 0.0 254
1677142648640 0.0 255
1677142648872 0.0 256
1677142650130 0.0 257
1677142650364 0.0 258
1677142651587 0.0 259
1677142651816 0.0 260
1677142653038 0.0 261
1677142653271 0.0 262
1677142654496 0.0 263
1677142654802 0.0 264
1677142656043 0.0 265
1677142656279 0.0 266
1677142657538 0.0 267
1677142657770 0.0 268
1677142659050 0.0 269
1677142659287 0.0 270
1677142660521 0.0 271
1677142660754 0.0 272
1677142661996 0.0 273
1677142662233 0.0 274
1677142663550 0.0 275
1677142663782 0.0 276
1677142665027 0.0 277
1677142665258 0.0 278
1677142666483 0.0 279
1677142666711 0.0 280
1677142667936 0.0 281
1677142668173 0.0 282
1677142669441 0.0 283
1677142669671 0.0 284
1677142670909 0.0 285
1677142671216 0.0 286
1677142672453 0.0 287
1677142672686 0.0 288
1677142673907 0.0 289
1677142674143 0.0 290
1677142675349 0.0 291
1677142675582 0.0 292
1677142676830 0.0 293
1677142677057 0.0 294
1677142678294 0.0 295
1677142678529 0.0 296
1677142679879 0.0 297
1677142680114 0.0 298
1677142681347 0.0 299
1677142681574 0.0 300
1677142681803 0.0 301
