1677142461852 1.0 1
1677142462091 2.0 2
1677142463330 3.0 3
1677142463553 4.0 4
1677142464868 5.0 5
1677142465085 6.0 6
1677142466321 7.0 7
1677142466535 8.0 8
1677142467743 9.0 9
1677142467963 10.0 10
1677142469216 11.0 11
1677142469436 12.0 12
1677142470684 13.0 13
1677142470904 14.0 14
1677142472125 15.0 15
1677142472341 16.0 16
1677142473635 17.0 17
1677142473856 18.0 18
1677142475072 19.0 19
1677142475291 20.0 20
1677142476521 21.0 21
1677142476721 22.0 22
1677142477969 23.0 23
1677142478185 24.0 24
1677142479439 25.0 25
1677142479656 26.0 26
1677142480945 27.0 27
1677142481166 28.0 28
1677142482419 29.0 29
1677142482648 30.0 30
1677142483855 31.0 31
1677142484073 32.0 32
1677142485276 33.0 33
1677142485504 34.0 34
1677142486702 35.0 35
1677142486921 36.0 36
1677142488137 37.0 37
1677142488356 38.0 38
1677142489619 39.0 39
1677142489900 40.0 40
1677142491081 41.0 41
1677142491303 42.0 42
1677142492477 43.0 43
1677142492694 44.0 44
1677142493900 45.0 45
1677142494120 46.0 46
1677142495320 47.0 47
1677142495542 48.0 48
1677142496820 49.0 49
1677142497040 50.0 50
1677142498235 51.0 51
1677142498453 52.0 52
1677142499690 53.0 53
1677142499909 54.0 54
1677142501224 55.0 55
1677142501450 56.0 56
1677142502656 57.0 57
1677142502881 58.0 58
1677142504104 59.0 59
1677142504323 60.0 60
1677142505545 61.0 61
1677142505775 62.0 62
1677142506959 63.0 63
1677142507192 64.0 64
1677142508412 65.0 65
1677142508652 66.0 66
1677142509926 67.0 67
1677142510146 68.0 68
1677142511390 69.0 69
1677142511614 70.0 70
1677142512862 71.0 71
1677142513085 72.0 72
1677142514289 73.0 73
1677142514510 74.0 74
1677142515718 75.0 75
1677142515940 76.0 76
1677142517241 77.0 77
1677142517464 78.0 78
1677142518776 79.0 79
1677142518995 80.0 80
1677142520224 81.0 81
1677142520447 82.0 82
1677142521670 83.0 83
1677142521874 84.0 84
1677142523090 85.0 85
1677142523312 86.0 86
1677142524529 87.0 87
1677142524825 88.0 88
1677142526042 89.0 89
1677142526264 90.0 90
1677142527516 91.0 91
1677142527738 92.0 92
1677142528940 93.0 93
1677142529158 94.0 94
1677142530363 95.0 95
1677142530588 96.0 96
1677142531810 97.0 97
1677142532034 98.0 98
1677142533345 99.0 99
1677142533564 100.0 100
1677142534776 101.0 101
1677142535007 102.0 102
1677142536238 103.0 103
1677142536469 104.0 104
1677142537641 105.0 105
1677142537875 106.0 106
1677142539145 107.0 107
1677142539372 108.0 108
1677142540614 109.0 109
1677142540914 110.0 110
1677142542172 111.0 111
1677142542395 112.0 112
1677142543608 113.0 113
1677142543830 114.0 114
1677142545053 115.0 115
1677142545276 116.0 116
1677142546502 117.0 117
1677142546726 118.0 118
1677142547979 119.0 119
1677142548204 120.0 120
1677142549484 121.0 121
1677142549712 122.0 122
1677142550920 123.0 123
1677142551140 124.0 124
1677142552328 125.0 125
1677142552547 126.0 126
1677142553770 127.0 127
1677142553993 128.0 128
1677142555206 129.0 129
1677142555438 130.0 130
1677142556661 131.0 131
1677142556966 132.0 132
1677142558230 133.0 133
1677142558453 134.0 134
1677142559661 135.0 135
1677142559884 136.0 136
1677142561088 137.0 137
1677142561315 138.0 138
1677142562511 139.0 139
1677142562734 140.0 140
1677142563933 141.0 141
1677142564154 142.0 142
1677142565421 143.0 143
1677142565645 144.0 144
1677142566828 145.0 145
1677142567053 146.0 146
1677142568260 147.0 147
1677142568487 148.0 148
1677142569719 149.0 149
1677142569945 150.0 150
1677142571219 151.0 151
1677142571444 152.0 152
1677142572693 153.0 153
1677142572996 154.0 154
1677142574212 155.0 155
1677142574435 156.0 156
1677142575644 157.0 157
1677142575872 158.0 158
1677142577082 159.0 159
1677142577305 160.0 160
1677142578506 161.0 161
1677142578736 162.0 162
1677142579976 163.0 163
1677142580206 164.0 164
1677142581511 165.0 165
1677142581725 166.0 166
1677142582949 167.0 167
1677142583178 168.0 168
1677142584407 169.0 169
1677142584633 170.0 170
1677142585855 171.0 171
1677142586080 172.0 172
1677142587297 173.0 173
1677142587525 174.0 174
1677142588741 175.0 175
1677142589047 176.0 176
1677142590294 177.0 177
1677142590522 178.0 178
1677142591723 179.0 179
1677142591950 180.0 180
1677142593160 181.0 181
1677142593389 182.0 182
1677142594617 183.0 183
1677142594846 184.0 184
1677142596066 185.0 185
1677142596297 186.0 186
1677142597550 187.0 187
1677142597777 188.0 188
1677142598995 189.0 189
1677142599225 190.0 190
1677142600444 191.0 191
1677142600703 192.0 192
1677142601932 193.0 193
1677142602165 194.0 194
1677142603390 195.0 195
1677142603619 196.0 196
1677142604836 197.0 197
1677142605139 198.0 198
1677142606354 199.0 199
1677142606580 200.0 200
1677142607790 201.0 201
1677142608028 202.0 202
1677142609238 203.0 203
1677142609473 204.0 204
1677142610904 205.0 205
1677142611156 206.0 206
1677142612495 207.0 207
1677142612744 208.0 208
1677142614222 209.0 209
1677142614454 210.0 210
1677142615776 211.0 211
1677142616031 212.0 212
1677142617256 213.0 213
1677142617490 214.0 214
1677142618774 215.0 215
1677142619007 216.0 216
1677142620327 217.0 217
1677142620558 218.0 218
1677142621800 219.0 219
1677142622104 220.0 220
1677142623309 221.0 221
1677142623537 222.0 222
1677142624739 223.0 223
1677142624978 224.0 224
1677142626211 225.0 225
1677142626447 226.0 226
1677142627693 227.0 227
1677142627930 228.0 228
1677142629161 229.0 229
1677142629396 230.0 230
1677142630749 231.0 231
1677142630984 232.0 232
1677142632198 233.0 233
1677142632431 234.0 234
1677142633713 235.0 235
1677142633949 236.0 236
1677142635195 237.0 237
1677142635428 238.0 238
1677142636654 239.0 239
1677142636888 240.0 240
1677142638115 241.0 241
1677142638425 242.0 242
1677142639652 243.0 243
1677142639912 244.0 244
1677142641175 245.0 245
1677142641410 246.0 246
1677142642675 247.0 247
1677142642903 248.0 248
1677142644146 249.0 249
1677142644380 250.0 250
1677142645628 251.0 251
1677142645857 252.0 252
1677142647167 253.0 253
1677142647398 254.0 254
1677142648633 255.0 255
1677142648865 256.0 256
1677142650123 257.0 257
1677142650357 258.0 258
1677142651580 259.0 259
1677142651808 260.0 260
1677142653030 261.0 261
1677142653263 262.0 262
1677142654489 263.0 263
1677142654795 264.0 264
1677142656035 265.0 265
1677142656270 266.0 266
1677142657530 267.0 267
1677142657763 268.0 268
1677142659041 269.0 269
1677142659277 270.0 270
1677142660513 271.0 271
1677142660746 272.0 272
1677142661989 273.0 273
1677142662225 274.0 274
1677142663542 275.0 275
1677142663772 276.0 276
1677142665020 277.0 277
1677142665250 278.0 278
1677142666476 279.0 279
1677142666704 280.0 280
1677142667928 281.0 281
1677142668164 282.0 282
1677142669433 283.0 283
1677142669664 284.0 284
1677142670902 285.0 285
1677142671209 286.0 286
1677142672446 287.0 287
1677142672680 288.0 288
1677142673900 289.0 289
1677142674135 290.0 290
1677142675341 291.0 291
1677142675575 292.0 292
1677142676821 293.0 293
1677142677049 294.0 294
1677142678284 295.0 295
1677142678521 296.0 296
1677142679871 297.0 297
1677142680107 298.0 298
1677142681339 299.0 299
1677142681566 300.0 300
1677142681793 301.0 301
