1677142461865 0.0039064884185791016 1
1677142462101 0.0039064884185791016 2
1677142463341 0.0039064884185791016 3
1677142463563 0.0039064884185791016 4
1677142464878 0.0039064884185791016 5
1677142465095 0.0039064884185791016 6
1677142466331 0.0039064884185791016 7
1677142466545 0.0039064884185791016 8
1677142467754 0.0039064884185791016 9
1677142467974 0.0039064884185791016 10
1677142469227 0.0039064884185791016 11
1677142469448 0.0039064884185791016 12
1677142470694 0.0039064884185791016 13
1677142470915 0.0039064884185791016 14
1677142472135 0.0039064884185791016 15
1677142472352 0.0039064884185791016 16
1677142473648 0.0039064884185791016 17
1677142473867 0.0039064884185791016 18
1677142475082 0.0039064884185791016 19
1677142475302 0.0039064884185791016 20
1677142476533 0.0039064884185791016 21
1677142476732 0.0039064884185791016 22
1677142477979 0.0039064884185791016 23
1677142478195 0.0039064884185791016 24
1677142479450 0.0039064884185791016 25
1677142479666 0.0039064884185791016 26
1677142480957 0.0039064884185791016 27
1677142481178 0.0039064884185791016 28
1677142482438 0.0039064884185791016 29
1677142482658 0.0039064884185791016 30
1677142483866 0.0039064884185791016 31
1677142484083 0.0039064884185791016 32
1677142485287 0.0039064884185791016 33
1677142485515 0.0039064884185791016 34
1677142486713 0.0039064884185791016 35
1677142486932 0.0039064884185791016 36
1677142488149 0.0039064884185791016 37
1677142488369 0.0039064884185791016 38
1677142489630 0.0039064884185791016 39
1677142489910 0.0039064884185791016 40
1677142491091 0.0039064884185791016 41
1677142491313 0.0039064884185791016 42
1677142492487 0.0039064884185791016 43
1677142492712 0.0039064884185791016 44
1677142493910 0.0039064884185791016 45
1677142494130 0.0039064884185791016 46
1677142495330 0.0039064884185791016 47
1677142495552 0.0039064884185791016 48
1677142496830 0.0039064884185791016 49
1677142497050 0.0039064884185791016 50
1677142498246 0.0039064884185791016 51
1677142498463 0.0039064884185791016 52
1677142499701 0.0039064884185791016 53
1677142499921 0.0039064884185791016 54
1677142501236 0.0039064884185791016 55
1677142501462 0.0039064884185791016 56
1677142502667 0.0039064884185791016 57
1677142502893 0.0039064884185791016 58
1677142504116 0.0039064884185791016 59
1677142504335 0.0039064884185791016 60
1677142505557 0.0039064884185791016 61
1677142505786 0.0039064884185791016 62
1677142506971 0.0039064884185791016 63
1677142507201 0.0039064884185791016 64
1677142508422 0.0039064884185791016 65
1677142508663 0.0039064884185791016 66
1677142509936 0.0039064884185791016 67
1677142510157 0.0039064884185791016 68
1677142511400 0.0039064884185791016 69
1677142511625 0.0039064884185791016 70
1677142512872 0.0039064884185791016 71
1677142513095 0.0039064884185791016 72
1677142514300 0.0039064884185791016 73
1677142514520 0.0039064884185791016 74
1677142515729 0.0039064884185791016 75
1677142515950 0.0039064884185791016 76
1677142517252 0.0039064884185791016 77
1677142517474 0.0039064884185791016 78
1677142518786 0.0039064884185791016 79
1677142519005 0.0039064884185791016 80
1677142520234 0.0039064884185791016 81
1677142520457 0.0039064884185791016 82
1677142521680 0.0039064884185791016 83
1677142521885 0.0039064884185791016 84
1677142523100 0.0039064884185791016 85
1677142523323 0.0039064884185791016 86
1677142524540 0.0039064884185791016 87
1677142524837 0.0039064884185791016 88
1677142526053 0.0039064884185791016 89
1677142526274 0.0039064884185791016 90
1677142527526 0.0039064884185791016 91
1677142527748 0.0039064884185791016 92
1677142528950 0.0039064884185791016 93
1677142529168 0.0039064884185791016 94
1677142530374 0.0039064884185791016 95
1677142530598 0.0039064884185791016 96
1677142531820 0.0039064884185791016 97
1677142532045 0.0039064884185791016 98
1677142533355 0.0039064884185791016 99
1677142533574 0.0039064884185791016 100
1677142534787 0.0039064884185791016 101
1677142535018 0.0039064884185791016 102
1677142536249 0.0039064884185791016 103
1677142536478 0.0039064884185791016 104
1677142537652 0.0039064884185791016 105
1677142537886 0.0039064884185791016 106
1677142539156 0.0039064884185791016 107
1677142539383 0.0039064884185791016 108
1677142540625 0.0039064884185791016 109
1677142540925 0.0039064884185791016 110
1677142542182 0.0039064884185791016 111
1677142542406 0.0039064884185791016 112
1677142543618 0.0039064884185791016 113
1677142543840 0.0039064884185791016 114
1677142545062 0.0039064884185791016 115
1677142545287 0.0039064884185791016 116
1677142546513 0.0039064884185791016 117
1677142546737 0.0039064884185791016 118
1677142547989 0.0039064884185791016 119
1677142548214 0.0039064884185791016 120
1677142549495 0.0039064884185791016 121
1677142549722 0.0039064884185791016 122
1677142550930 0.0039064884185791016 123
1677142551150 0.0039064884185791016 124
1677142552338 0.0039064884185791016 125
1677142552557 0.0039064884185791016 126
1677142553781 0.0039064884185791016 127
1677142554004 0.0039064884185791016 128
1677142555217 0.0039064884185791016 129
1677142555449 0.0039064884185791016 130
1677142556670 0.0039064884185791016 131
1677142556976 0.0039064884185791016 132
1677142558241 0.0039064884185791016 133
1677142558463 0.0039064884185791016 134
1677142559672 0.0039064884185791016 135
1677142559894 0.0039064884185791016 136
1677142561098 0.0039064884185791016 137
1677142561326 0.0039064884185791016 138
1677142562522 0.0039064884185791016 139
1677142562744 0.0039064884185791016 140
1677142563944 0.0039064884185791016 141
1677142564165 0.0039064884185791016 142
1677142565431 0.0039064884185791016 143
1677142565655 0.0039064884185791016 144
1677142566839 0.0039064884185791016 145
1677142567063 0.0039064884185791016 146
1677142568270 0.0039064884185791016 147
1677142568498 0.0039064884185791016 148
1677142569730 0.0039064884185791016 149
1677142569958 0.0039064884185791016 150
1677142571229 0.0039064884185791016 151
1677142571455 0.0039064884185791016 152
1677142572704 0.0039064884185791016 153
1677142573006 0.0039064884185791016 154
1677142574223 0.0039064884185791016 155
1677142574446 0.0039064884185791016 156
1677142575655 0.0039064884185791016 157
1677142575882 0.0039064884185791016 158
1677142577092 0.0039064884185791016 159
1677142577315 0.0039064884185791016 160
1677142578517 0.0039064884185791016 161
1677142578746 0.0039064884185791016 162
1677142579987 0.0039064884185791016 163
1677142580217 0.0039064884185791016 164
1677142581522 0.0039064884185791016 165
1677142581735 0.0039064884185791016 166
1677142582961 0.0039064884185791016 167
1677142583190 0.0039064884185791016 168
1677142584416 0.0039064884185791016 169
1677142584644 0.0039064884185791016 170
1677142585865 0.0039064884185791016 171
1677142586090 0.0039064884185791016 172
1677142587308 0.0039064884185791016 173
1677142587535 0.0039064884185791016 174
1677142588751 0.0039064884185791016 175
1677142589057 0.0039064884185791016 176
1677142590304 0.0039064884185791016 177
1677142590533 0.0039064884185791016 178
1677142591734 0.0039064884185791016 179
1677142591960 0.0039064884185791016 180
1677142593170 0.0039064884185791016 181
1677142593400 0.0039064884185791016 182
1677142594627 0.0039064884185791016 183
1677142594857 0.0039064884185791016 184
1677142596076 0.0039064884185791016 185
1677142596306 0.0039064884185791016 186
1677142597561 0.0039064884185791016 187
1677142597787 0.0039064884185791016 188
1677142599008 0.0039064884185791016 189
1677142599236 0.0039064884185791016 190
1677142600462 0.0039064884185791016 191
1677142600714 0.0039064884185791016 192
1677142601942 0.0039064884185791016 193
1677142602175 0.0039064884185791016 194
1677142603401 0.0039064884185791016 195
1677142603630 0.0039064884185791016 196
1677142604847 0.0039064884185791016 197
1677142605149 0.0039064884185791016 198
1677142606365 0.0039064884185791016 199
1677142606590 0.0039064884185791016 200
1677142607800 0.0039064884185791016 201
1677142608041 0.0039064884185791016 202
1677142609249 0.0039064884185791016 203
1677142609485 0.0039064884185791016 204
1677142610917 0.0039064884185791016 205
1677142611167 0.0039064884185791016 206
1677142612509 0.0039064884185791016 207
1677142612755 0.0039064884185791016 208
1677142614232 0.0039064884185791016 209
1677142614464 0.0039064884185791016 210
1677142615788 0.0039064884185791016 211
1677142616042 0.0039064884185791016 212
1677142617267 0.0039064884185791016 213
1677142617501 0.0039064884185791016 214
1677142618784 0.0039064884185791016 215
1677142619018 0.0039064884185791016 216
1677142620337 0.0039064884185791016 217
1677142620568 0.0039064884185791016 218
1677142621811 0.0039064884185791016 219
1677142622115 0.0039064884185791016 220
1677142623320 0.0039064884185791016 221
1677142623547 0.0039064884185791016 222
1677142624749 0.0039064884185791016 223
1677142624989 0.0039064884185791016 224
1677142626223 0.0039064884185791016 225
1677142626457 0.0039064884185791016 226
1677142627704 0.0039064884185791016 227
1677142627940 0.0039064884185791016 228
1677142629172 0.0039064884185791016 229
1677142629409 0.0039064884185791016 230
1677142630762 0.0039064884185791016 231
1677142630994 0.0039064884185791016 232
1677142632208 0.0039064884185791016 233
1677142632442 0.0039064884185791016 234
1677142633723 0.0039064884185791016 235
1677142633959 0.0039064884185791016 236
1677142635205 0.0039064884185791016 237
1677142635438 0.0039064884185791016 238
1677142636665 0.0039064884185791016 239
1677142636898 0.0039064884185791016 240
1677142638125 0.0039064884185791016 241
1677142638436 0.0039064884185791016 242
1677142639663 0.0039064884185791016 243
1677142639922 0.0039064884185791016 244
1677142641188 0.0039064884185791016 245
1677142641421 0.0039064884185791016 246
1677142642685 0.0039064884185791016 247
1677142642914 0.0039064884185791016 248
1677142644158 0.0039064884185791016 249
1677142644391 0.0039064884185791016 250
1677142645638 0.0039064884185791016 251
1677142645867 0.0039064884185791016 252
1677142647178 0.0039064884185791016 253
1677142647408 0.0039064884185791016 254
1677142648644 0.0039064884185791016 255
1677142648875 0.0039064884185791016 256
1677142650133 0.0039064884185791016 257
1677142650367 0.0039064884185791016 258
1677142651590 0.0039064884185791016 259
1677142651819 0.0039064884185791016 260
1677142653041 0.0039064884185791016 261
1677142653274 0.0039064884185791016 262
1677142654499 0.0039064884185791016 263
1677142654805 0.0039064884185791016 264
1677142656046 0.0039064884185791016 265
1677142656281 0.0039064884185791016 266
1677142657541 0.0039064884185791016 267
1677142657774 0.0039064884185791016 268
1677142659052 0.0039064884185791016 269
1677142659290 0.0039064884185791016 270
1677142660523 0.0039064884185791016 271
1677142660757 0.0039064884185791016 272
1677142661999 0.0039064884185791016 273
1677142662236 0.0039064884185791016 274
1677142663553 0.0039064884185791016 275
1677142663785 0.0039064884185791016 276
1677142665030 0.0039064884185791016 277
1677142665261 0.0039064884185791016 278
1677142666486 0.0039064884185791016 279
1677142666715 0.0039064884185791016 280
1677142667939 0.0039064884185791016 281
1677142668176 0.0039064884185791016 282
1677142669444 0.0039064884185791016 283
1677142669675 0.0039064884185791016 284
1677142670913 0.0039064884185791016 285
1677142671219 0.0039064884185791016 286
1677142672456 0.0039064884185791016 287
1677142672689 0.0039064884185791016 288
1677142673910 0.0039064884185791016 289
1677142674146 0.0039064884185791016 290
1677142675351 0.0039064884185791016 291
1677142675586 0.0039064884185791016 292
1677142676833 0.0039064884185791016 293
1677142677060 0.0039064884185791016 294
1677142678297 0.0039064884185791016 295
1677142678531 0.0039064884185791016 296
1677142679882 0.0039064884185791016 297
1677142680117 0.0039064884185791016 298
1677142681350 0.0039064884185791016 299
1677142681578 0.0039064884185791016 300
1677142681807 0.0039064884185791016 301
