1677115444034 0.0 1
1677115444312 0.0 2
1677115445475 0.0 3
1677115445706 0.0 4
1677115446767 0.0 5
1677115446997 0.0 6
1677115448072 0.0 7
1677115448314 0.0 8
1677115449389 0.0 9
1677115449625 0.0 10
1677115450713 0.0 11
1677115450953 0.0 12
1677115452038 0.0 13
1677115452287 0.0 14
1677115453493 0.0 15
1677115453740 0.0 16
1677115454871 0.0 17
1677115455134 0.0 18
1677115456265 0.0 19
1677115456509 0.0 20
1677115457597 0.0 21
1677115457850 0.0 22
1677115458979 0.0 23
1677115459223 0.0 24
1677115460346 0.0 25
1677115460720 0.0 26
1677115461930 0.0 27
1677115462210 0.0 28
1677115463463 0.0 29
1677115463748 0.0 30
1677115464955 0.0 31
1677115465227 0.0 32
1677115466374 0.0 33
1677115466643 0.0 34
1677115467754 0.0 35
1677115468007 0.0 36
1677115469195 0.0 37
1677115469436 0.0 38
1677115470513 0.0 39
1677115470785 0.0 40
1677115471942 0.0 41
1677115472263 0.0 42
1677115473517 0.0 43
1677115473796 0.0 44
1677115474996 0.0 45
1677115475278 0.0 46
1677115476519 0.0 47
1677115476800 0.0 48
1677115477975 0.0 49
1677115478235 0.0 50
1677115479338 0.0 51
1677115479596 0.0 52
1677115480755 0.0 53
1677115481033 0.0 54
1677115482125 0.0 55
1677115482373 0.0 56
1677115483498 0.0 57
1677115483767 0.0 58
1677115484870 0.0 59
1677115485120 0.0 60
1677115486479 0.0 61
1677115486730 0.0 62
1677115487837 0.0 63
1677115488107 0.0 64
1677115489228 0.0 65
1677115489487 0.0 66
1677115490563 0.0 67
1677115490815 0.0 68
1677115492063 0.0 69
1677115492344 0.0 70
1677115493555 0.0 71
1677115493818 0.0 72
1677115495097 0.0 73
1677115495396 0.0 74
1677115496615 0.0 75
1677115496864 0.0 76
1677115497956 0.0 77
1677115498210 0.0 78
1677115499363 0.0 79
1677115499626 0.0 80
1677115500742 0.0 81
1677115501025 0.0 82
1677115502245 0.0 83
1677115502656 0.0 84
1677115503875 0.0 85
1677115504157 0.0 86
1677115505381 0.0 87
1677115505666 0.0 88
1677115506838 0.0 89
1677115507094 0.0 90
1677115508201 0.0 91
1677115508464 0.0 92
1677115509561 0.0 93
1677115509815 0.0 94
1677115511018 0.0 95
1677115511269 0.0 96
1677115512393 0.0 97
1677115512654 0.0 98
1677115513839 0.0 99
1677115514097 0.0 100
1677115515184 0.0 101
1677115515427 0.0 102
1677115516564 0.0 103
1677115516820 0.0 104
1677115517917 0.0 105
1677115518192 0.0 106
1677115519399 0.0 107
1677115519657 0.0 108
1677115520795 0.0 109
1677115521082 0.0 110
1677115522357 0.0 111
1677115522652 0.0 112
1677115523867 0.0 113
1677115524165 0.0 114
1677115525442 0.0 115
1677115525732 0.0 116
1677115526862 0.0 117
1677115527115 0.0 118
1677115528286 0.0 119
1677115528552 0.0 120
1677115529650 0.0 121
1677115529924 0.0 122
1677115531042 0.0 123
1677115531306 0.0 124
1677115532407 0.0 125
1677115532667 0.0 126
1677115533781 0.0 127
1677115534031 0.0 128
1677115535132 0.0 129
1677115535396 0.0 130
1677115536650 0.0 131
1677115536905 0.0 132
1677115537987 0.0 133
1677115538265 0.0 134
1677115539357 0.0 135
1677115539610 0.0 136
1677115540720 0.0 137
1677115541008 0.0 138
1677115542131 0.0 139
1677115542386 0.0 140
1677115543498 0.0 141
1677115543844 0.0 142
1677115544943 0.0 143
1677115545191 0.0 144
1677115546343 0.0 145
1677115546607 0.0 146
1677115547699 0.0 147
1677115547955 0.0 148
1677115549113 0.0 149
1677115549374 0.0 150
1677115550484 0.0 151
1677115550770 0.0 152
1677115552136 0.0 153
1677115552434 0.0 154
1677115553694 0.0 155
1677115553987 0.0 156
1677115555254 0.0 157
1677115555534 0.0 158
1677115556838 0.0 159
1677115557140 0.0 160
1677115558392 0.0 161
1677115558679 0.0 162
1677115559913 0.0 163
1677115560175 0.0 164
1677115561467 0.0 165
1677115561758 0.0 166
1677115562964 0.0 167
1677115563261 0.0 168
1677115564505 0.0 169
1677115564792 0.0 170
1677115566077 0.0 171
1677115566365 0.0 172
1677115567585 0.0 173
1677115567871 0.0 174
1677115569090 0.0 175
1677115569377 0.0 176
1677115570724 0.0 177
1677115571019 0.0 178
1677115572272 0.0 179
1677115572559 0.0 180
1677115573824 0.0 181
1677115574111 0.0 182
1677115575317 0.0 183
1677115575590 0.0 184
1677115576879 0.0 185
1677115577170 0.0 186
1677115578420 0.0 187
1677115578718 0.0 188
1677115580060 0.0 189
1677115580373 0.0 190
1677115581616 0.0 191
1677115581895 0.0 192
1677115583167 0.0 193
1677115583469 0.0 194
1677115584738 0.0 195
1677115585030 0.0 196
1677115586338 0.0 197
1677115586642 0.0 198
1677115587922 0.0 199
1677115588298 0.0 200
1677115589504 0.0 201
1677115589790 0.0 202
1677115590999 0.0 203
1677115591291 0.0 204
1677115592541 0.0 205
1677115592839 0.0 206
1677115594092 0.0 207
1677115594387 0.0 208
1677115595651 0.0 209
1677115595953 0.0 210
1677115597310 0.0 211
1677115597599 0.0 212
1677115598882 0.0 213
1677115599175 0.0 214
1677115600446 0.0 215
1677115600754 0.0 216
1677115601987 0.0 217
1677115602291 0.0 218
1677115603582 0.0 219
1677115603881 0.0 220
1677115605154 0.0 221
1677115605450 0.0 222
1677115606750 0.0 223
1677115607013 0.0 224
1677115608153 0.0 225
1677115608394 0.0 226
1677115609495 0.0 227
1677115609744 0.0 228
1677115610945 0.0 229
1677115611247 0.0 230
1677115612527 0.0 231
1677115612838 0.0 232
1677115614091 0.0 233
1677115614375 0.0 234
1677115615631 0.0 235
1677115615925 0.0 236
1677115617031 0.0 237
1677115617288 0.0 238
1677115618433 0.0 239
1677115618712 0.0 240
1677115619832 0.0 241
1677115620111 0.0 242
1677115621294 0.0 243
1677115621568 0.0 244
1677115622703 0.0 245
1677115622964 0.0 246
1677115624186 0.0 247
1677115624442 0.0 248
1677115625564 0.0 249
1677115625853 0.0 250
1677115626998 0.0 251
1677115627267 0.0 252
1677115628432 0.0 253
1677115628702 0.0 254
1677115629849 0.0 255
1677115630147 0.0 256
1677115631377 0.0 257
1677115631748 0.0 258
1677115632899 0.0 259
1677115633175 0.0 260
1677115634288 0.0 261
1677115634561 0.0 262
1677115635709 0.0 263
1677115635968 0.0 264
1677115637156 0.0 265
1677115637430 0.0 266
1677115638536 0.0 267
1677115638802 0.0 268
1677115640041 0.0 269
1677115640332 0.0 270
1677115641551 0.0 271
1677115641841 0.0 272
1677115643089 0.0 273
1677115643388 0.0 274
1677115644656 0.0 275
1677115644945 0.0 276
1677115646095 0.0 277
1677115646364 0.0 278
1677115647517 0.0 279
1677115647791 0.0 280
1677115649007 0.0 281
1677115649284 0.0 282
1677115650411 0.0 283
1677115650681 0.0 284
1677115651825 0.0 285
1677115652089 0.0 286
1677115653202 0.0 287
1677115653472 0.0 288
1677115654615 0.0 289
1677115654907 0.0 290
1677115656030 0.0 291
1677115656307 0.0 292
1677115657547 0.0 293
1677115657807 0.0 294
1677115658927 0.0 295
1677115659199 0.0 296
1677115660316 0.0 297
1677115660578 0.0 298
1677115661756 0.0 299
1677115662040 0.0 300
1677115662297 0.0 301
