1677115444045 1.0 1
1677115444323 2.0 2
1677115445486 3.0 3
1677115445719 4.0 4
1677115446777 5.0 5
1677115447007 6.0 6
1677115448083 7.0 7
1677115448325 8.0 8
1677115449398 9.0 9
1677115449636 10.0 10
1677115450723 11.0 11
1677115450963 12.0 12
1677115452049 13.0 13
1677115452298 14.0 14
1677115453503 15.0 15
1677115453750 16.0 16
1677115454881 17.0 17
1677115455144 18.0 18
1677115456275 19.0 19
1677115456519 20.0 20
1677115457609 21.0 21
1677115457859 22.0 22
1677115458989 23.0 23
1677115459232 24.0 24
1677115460357 25.0 25
1677115460732 26.0 26
1677115461942 27.0 27
1677115462224 28.0 28
1677115463481 29.0 29
1677115463761 30.0 30
1677115464965 31.0 31
1677115465238 32.0 32
1677115466386 33.0 33
1677115466660 34.0 34
1677115467765 35.0 35
1677115468017 36.0 36
1677115469204 37.0 37
1677115469446 38.0 38
1677115470525 39.0 39
1677115470797 40.0 40
1677115471957 41.0 41
1677115472275 42.0 42
1677115473528 43.0 43
1677115473810 44.0 44
1677115475008 45.0 45
1677115475291 46.0 46
1677115476532 47.0 47
1677115476812 48.0 48
1677115477986 49.0 49
1677115478245 50.0 50
1677115479351 51.0 51
1677115479607 52.0 52
1677115480765 53.0 53
1677115481044 54.0 54
1677115482135 55.0 55
1677115482382 56.0 56
1677115483508 57.0 57
1677115483778 58.0 58
1677115484879 59.0 59
1677115485130 60.0 60
1677115486490 61.0 61
1677115486741 62.0 62
1677115487847 63.0 63
1677115488117 64.0 64
1677115489238 65.0 65
1677115489497 66.0 66
1677115490572 67.0 67
1677115490825 68.0 68
1677115492075 69.0 69
1677115492356 70.0 70
1677115493566 71.0 71
1677115493832 72.0 72
1677115495111 73.0 73
1677115495406 74.0 74
1677115496624 75.0 75
1677115496874 76.0 76
1677115497966 77.0 77
1677115498219 78.0 78
1677115499374 79.0 79
1677115499639 80.0 80
1677115500753 81.0 81
1677115501035 82.0 82
1677115502255 83.0 83
1677115502667 84.0 84
1677115503885 85.0 85
1677115504167 86.0 86
1677115505394 87.0 87
1677115505675 88.0 88
1677115506850 89.0 89
1677115507104 90.0 90
1677115508211 91.0 91
1677115508474 92.0 92
1677115509574 93.0 93
1677115509825 94.0 94
1677115511028 95.0 95
1677115511279 96.0 96
1677115512402 97.0 97
1677115512663 98.0 98
1677115513850 99.0 99
1677115514106 100.0 100
1677115515194 101.0 101
1677115515437 102.0 102
1677115516574 103.0 103
1677115516831 104.0 104
1677115517927 105.0 105
1677115518203 106.0 106
1677115519409 107.0 107
1677115519666 108.0 108
1677115520807 109.0 109
1677115521094 110.0 110
1677115522369 111.0 111
1677115522663 112.0 112
1677115523880 113.0 113
1677115524175 114.0 114
1677115525453 115.0 115
1677115525742 116.0 116
1677115526873 117.0 117
1677115527124 118.0 118
1677115528297 119.0 119
1677115528563 120.0 120
1677115529660 121.0 121
1677115529935 122.0 122
1677115531052 123.0 123
1677115531317 124.0 124
1677115532417 125.0 125
1677115532678 126.0 126
1677115533790 127.0 127
1677115534040 128.0 128
1677115535142 129.0 129
1677115535407 130.0 130
1677115536661 131.0 131
1677115536915 132.0 132
1677115537997 133.0 133
1677115538276 134.0 134
1677115539370 135.0 135
1677115539620 136.0 136
1677115540731 137.0 137
1677115541018 138.0 138
1677115542141 139.0 139
1677115542396 140.0 140
1677115543510 141.0 141
1677115543856 142.0 142
1677115544954 143.0 143
1677115545201 144.0 144
1677115546352 145.0 145
1677115546615 146.0 146
1677115547708 147.0 147
1677115547965 148.0 148
1677115549124 149.0 149
1677115549383 150.0 150
1677115550494 151.0 151
1677115550780 152.0 152
1677115552147 153.0 153
1677115552445 154.0 154
1677115553705 155.0 155
1677115553999 156.0 156
1677115555265 157.0 157
1677115555547 158.0 158
1677115556850 159.0 159
1677115557150 160.0 160
1677115558403 161.0 161
1677115558692 162.0 162
1677115559923 163.0 163
1677115560185 164.0 164
1677115561478 165.0 165
1677115561768 166.0 166
1677115562975 167.0 167
1677115563271 168.0 168
1677115564515 169.0 169
1677115564803 170.0 170
1677115566088 171.0 171
1677115566377 172.0 172
1677115567596 173.0 173
1677115567882 174.0 174
1677115569100 175.0 175
1677115569387 176.0 176
1677115570735 177.0 177
1677115571030 178.0 178
1677115572283 179.0 179
1677115572571 180.0 180
1677115573834 181.0 181
1677115574123 182.0 182
1677115575327 183.0 183
1677115575602 184.0 184
1677115576892 185.0 185
1677115577182 186.0 186
1677115578432 187.0 187
1677115578729 188.0 188
1677115580075 189.0 189
1677115580383 190.0 190
1677115581627 191.0 191
1677115581906 192.0 192
1677115583182 193.0 193
1677115583480 194.0 194
1677115584749 195.0 195
1677115585041 196.0 196
1677115586348 197.0 197
1677115586651 198.0 198
1677115587932 199.0 199
1677115588310 200.0 200
1677115589514 201.0 201
1677115589800 202.0 202
1677115591012 203.0 203
1677115591301 204.0 204
1677115592551 205.0 205
1677115592848 206.0 206
1677115594102 207.0 207
1677115594399 208.0 208
1677115595664 209.0 209
1677115595965 210.0 210
1677115597320 211.0 211
1677115597608 212.0 212
1677115598893 213.0 213
1677115599185 214.0 214
1677115600457 215.0 215
1677115600766 216.0 216
1677115601998 217.0 217
1677115602303 218.0 218
1677115603593 219.0 219
1677115603891 220.0 220
1677115605164 221.0 221
1677115605460 222.0 222
1677115606760 223.0 223
1677115607022 224.0 224
1677115608163 225.0 225
1677115608404 226.0 226
1677115609506 227.0 227
1677115609754 228.0 228
1677115610955 229.0 229
1677115611260 230.0 230
1677115612543 231.0 231
1677115612852 232.0 232
1677115614102 233.0 233
1677115614386 234.0 234
1677115615643 235.0 235
1677115615935 236.0 236
1677115617042 237.0 237
1677115617297 238.0 238
1677115618444 239.0 239
1677115618722 240.0 240
1677115619842 241.0 241
1677115620123 242.0 242
1677115621305 243.0 243
1677115621579 244.0 244
1677115622714 245.0 245
1677115622973 246.0 246
1677115624195 247.0 247
1677115624452 248.0 248
1677115625573 249.0 249
1677115625863 250.0 250
1677115627007 251.0 251
1677115627277 252.0 252
1677115628444 253.0 253
1677115628712 254.0 254
1677115629859 255.0 255
1677115630157 256.0 256
1677115631387 257.0 257
1677115631759 258.0 258
1677115632908 259.0 259
1677115633185 260.0 260
1677115634297 261.0 261
1677115634572 262.0 262
1677115635720 263.0 263
1677115635978 264.0 264
1677115637167 265.0 265
1677115637441 266.0 266
1677115638547 267.0 267
1677115638812 268.0 268
1677115640051 269.0 269
1677115640343 270.0 270
1677115641561 271.0 271
1677115641852 272.0 272
1677115643099 273.0 273
1677115643403 274.0 274
1677115644667 275.0 275
1677115644955 276.0 276
1677115646106 277.0 277
1677115646375 278.0 278
1677115647527 279.0 279
1677115647800 280.0 280
1677115649019 281.0 281
1677115649295 282.0 282
1677115650421 283.0 283
1677115650690 284.0 284
1677115651834 285.0 285
1677115652099 286.0 286
1677115653212 287.0 287
1677115653483 288.0 288
1677115654626 289.0 289
1677115654916 290.0 290
1677115656039 291.0 291
1677115656325 292.0 292
1677115657556 293.0 293
1677115657817 294.0 294
1677115658936 295.0 295
1677115659212 296.0 296
1677115660327 297.0 297
1677115660588 298.0 298
1677115661767 299.0 299
1677115662053 300.0 300
1677115662307 301.0 301
