1677115444035 1.0 1
1677115444313 2.0 2
1677115445477 3.0 3
1677115445709 4.0 4
1677115446768 5.0 5
1677115447000 6.0 6
1677115448073 7.0 7
1677115448315 8.0 8
1677115449391 9.0 9
1677115449627 10.0 10
1677115450715 11.0 11
1677115450954 12.0 12
1677115452039 13.0 13
1677115452290 14.0 14
1677115453494 15.0 15
1677115453741 16.0 16
1677115454872 17.0 17
1677115455135 18.0 18
1677115456266 19.0 19
1677115456511 20.0 20
1677115457599 21.0 21
1677115457851 22.0 22
1677115458980 23.0 23
1677115459224 24.0 24
1677115460348 25.0 25
1677115460722 26.0 26
1677115461932 27.0 27
1677115462212 28.0 28
1677115463464 29.0 29
1677115463750 30.0 30
1677115464956 31.0 31
1677115465230 32.0 32
1677115466376 33.0 33
1677115466651 34.0 34
1677115467755 35.0 35
1677115468009 36.0 36
1677115469196 37.0 37
1677115469437 38.0 38
1677115470514 39.0 39
1677115470787 40.0 40
1677115471944 41.0 41
1677115472265 42.0 42
1677115473519 43.0 43
1677115473797 44.0 44
1677115474997 45.0 45
1677115475279 46.0 46
1677115476520 47.0 47
1677115476802 48.0 48
1677115477975 49.0 49
1677115478237 50.0 50
1677115479340 51.0 51
1677115479598 52.0 52
1677115480756 53.0 53
1677115481035 54.0 54
1677115482126 55.0 55
1677115482374 56.0 56
1677115483500 57.0 57
1677115483769 58.0 58
1677115484871 59.0 59
1677115485122 60.0 60
1677115486482 61.0 61
1677115486732 62.0 62
1677115487839 63.0 63
1677115488109 64.0 64
1677115489230 65.0 65
1677115489489 66.0 66
1677115490564 67.0 67
1677115490816 68.0 68
1677115492065 69.0 69
1677115492346 70.0 70
1677115493557 71.0 71
1677115493820 72.0 72
1677115495098 73.0 73
1677115495398 74.0 74
1677115496617 75.0 75
1677115496865 76.0 76
1677115497957 77.0 77
1677115498211 78.0 78
1677115499364 79.0 79
1677115499627 80.0 80
1677115500744 81.0 81
1677115501026 82.0 82
1677115502246 83.0 83
1677115502658 84.0 84
1677115503877 85.0 85
1677115504159 86.0 86
1677115505383 87.0 87
1677115505667 88.0 88
1677115506840 89.0 89
1677115507095 90.0 90
1677115508203 91.0 91
1677115508465 92.0 92
1677115509563 93.0 93
1677115509816 94.0 94
1677115511019 95.0 95
1677115511271 96.0 96
1677115512394 97.0 97
1677115512655 98.0 98
1677115513841 99.0 99
1677115514098 100.0 100
1677115515184 101.0 101
1677115515430 102.0 102
1677115516565 103.0 103
1677115516822 104.0 104
1677115517919 105.0 105
1677115518193 106.0 106
1677115519400 107.0 107
1677115519658 108.0 108
1677115520797 109.0 109
1677115521084 110.0 110
1677115522359 111.0 111
1677115522653 112.0 112
1677115523869 113.0 113
1677115524167 114.0 114
1677115525444 115.0 115
1677115525734 116.0 116
1677115526864 117.0 117
1677115527116 118.0 118
1677115528288 119.0 119
1677115528554 120.0 120
1677115529652 121.0 121
1677115529926 122.0 122
1677115531044 123.0 123
1677115531308 124.0 124
1677115532408 125.0 125
1677115532669 126.0 126
1677115533782 127.0 127
1677115534032 128.0 128
1677115535134 129.0 129
1677115535399 130.0 130
1677115536652 131.0 131
1677115536906 132.0 132
1677115537988 133.0 133
1677115538266 134.0 134
1677115539359 135.0 135
1677115539611 136.0 136
1677115540722 137.0 137
1677115541010 138.0 138
1677115542131 139.0 139
1677115542389 140.0 140
1677115543500 141.0 141
1677115543845 142.0 142
1677115544944 143.0 143
1677115545192 144.0 144
1677115546344 145.0 145
1677115546608 146.0 146
1677115547700 147.0 147
1677115547957 148.0 148
1677115549115 149.0 149
1677115549376 150.0 150
1677115550485 151.0 151
1677115550771 152.0 152
1677115552139 153.0 153
1677115552435 154.0 154
1677115553696 155.0 155
1677115553988 156.0 156
1677115555255 157.0 157
1677115555536 158.0 158
1677115556840 159.0 159
1677115557141 160.0 160
1677115558394 161.0 161
1677115558681 162.0 162
1677115559915 163.0 163
1677115560176 164.0 164
1677115561469 165.0 165
1677115561759 166.0 166
1677115562967 167.0 167
1677115563262 168.0 168
1677115564506 169.0 169
1677115564794 170.0 170
1677115566078 171.0 171
1677115566367 172.0 172
1677115567586 173.0 173
1677115567873 174.0 174
1677115569092 175.0 175
1677115569378 176.0 176
1677115570725 177.0 177
1677115571021 178.0 178
1677115572274 179.0 179
1677115572560 180.0 180
1677115573825 181.0 181
1677115574113 182.0 182
1677115575318 183.0 183
1677115575592 184.0 184
1677115576880 185.0 185
1677115577171 186.0 186
1677115578421 187.0 187
1677115578720 188.0 188
1677115580062 189.0 189
1677115580374 190.0 190
1677115581617 191.0 191
1677115581897 192.0 192
1677115583170 193.0 193
1677115583471 194.0 194
1677115584740 195.0 195
1677115585031 196.0 196
1677115586340 197.0 197
1677115586643 198.0 198
1677115587924 199.0 199
1677115588300 200.0 200
1677115589506 201.0 201
1677115589791 202.0 202
1677115591001 203.0 203
1677115591292 204.0 204
1677115592542 205.0 205
1677115592840 206.0 206
1677115594094 207.0 207
1677115594390 208.0 208
1677115595654 209.0 209
1677115595955 210.0 210
1677115597311 211.0 211
1677115597600 212.0 212
1677115598884 213.0 213
1677115599176 214.0 214
1677115600448 215.0 215
1677115600754 216.0 216
1677115601988 217.0 217
1677115602293 218.0 218
1677115603584 219.0 219
1677115603882 220.0 220
1677115605156 221.0 221
1677115605451 222.0 222
1677115606751 223.0 223
1677115607014 224.0 224
1677115608155 225.0 225
1677115608395 226.0 226
1677115609497 227.0 227
1677115609745 228.0 228
1677115610947 229.0 229
1677115611249 230.0 230
1677115612529 231.0 231
1677115612840 232.0 232
1677115614093 233.0 233
1677115614377 234.0 234
1677115615633 235.0 235
1677115615927 236.0 236
1677115617032 237.0 237
1677115617289 238.0 238
1677115618435 239.0 239
1677115618713 240.0 240
1677115619833 241.0 241
1677115620114 242.0 242
1677115621297 243.0 243
1677115621569 244.0 244
1677115622705 245.0 245
1677115622965 246.0 246
1677115624187 247.0 247
1677115624444 248.0 248
1677115625565 249.0 249
1677115625854 250.0 250
1677115626999 251.0 251
1677115627268 252.0 252
1677115628434 253.0 253
1677115628703 254.0 254
1677115629850 255.0 255
1677115630148 256.0 256
1677115631378 257.0 257
1677115631750 258.0 258
1677115632900 259.0 259
1677115633177 260.0 260
1677115634289 261.0 261
1677115634562 262.0 262
1677115635710 263.0 263
1677115635969 264.0 264
1677115637157 265.0 265
1677115637432 266.0 266
1677115638538 267.0 267
1677115638805 268.0 268
1677115640043 269.0 269
1677115640334 270.0 270
1677115641552 271.0 271
1677115641843 272.0 272
1677115643090 273.0 273
1677115643390 274.0 274
1677115644657 275.0 275
1677115644947 276.0 276
1677115646097 277.0 277
1677115646365 278.0 278
1677115647518 279.0 279
1677115647791 280.0 280
1677115649008 281.0 281
1677115649286 282.0 282
1677115650412 283.0 283
1677115650683 284.0 284
1677115651825 285.0 285
1677115652091 286.0 286
1677115653204 287.0 287
1677115653474 288.0 288
1677115654616 289.0 289
1677115654909 290.0 290
1677115656031 291.0 291
1677115656309 292.0 292
1677115657549 293.0 293
1677115657808 294.0 294
1677115658928 295.0 295
1677115659200 296.0 296
1677115660318 297.0 297
1677115660579 298.0 298
1677115661757 299.0 299
1677115662042 300.0 300
1677115662299 301.0 301
