1679857900573 4.360126256942749 1
1679857900762 4.525548458099365 2
1679857901808 5.575041055679321 3
1679857901978 5.743673801422119 4
1679857903023 6.785216331481934 5
1679857903275 7.033625841140747 6
1679857904314 8.07819414138794 7
1679857904492 8.246474504470825 8
1679857905507 9.273322343826294 9
1679857905680 9.443604230880737 10
1679857906723 10.48861575126648 11
1679857906886 10.652087926864624 12
1679857907927 11.691976308822632 13
1679857908096 11.858984231948853 14
1679857909159 12.922041416168213 15
1679857909321 13.085638999938965 16
1679857910340 14.103086471557617 17
1679857910505 14.266990423202515 18
1679857911620 15.385225772857666 19
1679857911791 15.548498392105103 20
1679857912821 16.576043367385864 21
1679857913007 16.763003826141357 22
1679857914183 17.937208652496338 23
1679857914365 18.12496042251587 24
1679857915550 19.307573318481445 25
1679857915758 19.49773931503296 26
1679857917008 20.76419448852539 27
1679857917184 20.943962574005127 28
1679857918260 22.052066326141357 29
1679857918425 22.187272310256958 30
1679857919482 23.245140075683594 31
1679857919644 23.407219171524048 32
1679857920853 24.60914397239685 33
1679857921019 24.782138109207153 34
1679857922087 25.840843439102173 35
1679857922267 26.02823305130005 36
1679857923309 27.06602430343628 37
1679857923488 27.248748779296875 38
1679857924526 28.287968397140503 39
1679857924704 28.451661586761475 40
1679857925722 29.483416080474854 41
1679857925898 29.658666133880615 42
1679857926938 30.692026138305664 43
1679857927102 30.86304521560669 44
1679857928183 31.943782567977905 45
1679857928368 32.12283968925476 46
1679857929492 33.25352239608765 47
1679857929656 33.416943073272705 48
1679857930735 34.49148750305176 49
1679857930925 34.68040227890015 50
1679857931980 35.735599517822266 51
1679857932147 35.90706396102905 52
1679857933217 36.97807216644287 53
1679857933392 37.150025606155396 54
1679857934436 38.197126388549805 55
1679857934601 38.36221146583557 56
1679857935641 39.396005153656006 57
1679857935842 39.59192609786987 58
1679857936961 40.717215061187744 59
1679857937142 40.895477294921875 60
1679857938334 42.08770203590393 61
1679857938523 42.27752637863159 62
1679857939648 43.40242671966553 63
1679857939843 43.59341788291931 64
1679857941012 44.76591634750366 65
1679857941180 44.93855404853821 66
1679857942259 46.011980295181274 67
1679857942445 46.19701290130615 68
1679857943623 47.375545024871826 69
1679857943826 47.57699942588806 70
1679857945056 48.811920404434204 71
1679857945242 48.99309206008911 72
1679857946455 50.18802571296692 73
1679857946639 50.391472578048706 74
1679857947771 51.530070066452026 75
1679857947938 51.6954300403595 76
1679857948971 52.731958627700806 77
1679857949139 52.90003490447998 78
1679857950168 53.92417645454407 79
1679857950333 54.093278884887695 80
1679857951389 55.15001130104065 81
1679857951555 55.314066648483276 82
1679857952577 56.33868741989136 83
1679857952758 56.50709915161133 84
1679857953849 57.609116315841675 85
1679857954018 57.77687668800354 86
1679857955219 58.978110551834106 87
1679857955389 59.14801549911499 88
1679857956482 60.242003202438354 89
1679857956657 60.413912534713745 90
1679857957699 61.458301305770874 91
1679857957872 61.63045907020569 92
1679857958956 62.715742111206055 93
1679857959130 62.88241910934448 94
1679857960185 63.94008445739746 95
1679857960356 64.11588144302368 96
1679857961402 65.16209936141968 97
1679857961571 65.32812237739563 98
1679857962603 66.36317372322083 99
1679857962774 66.52964425086975 100
1679857963892 67.64899706840515 101
1679857964063 67.81966757774353 102
1679857965095 68.85201454162598 103
1679857965285 69.04296588897705 104
1679857966350 70.10792517662048 105
1679857966516 70.27438712120056 106
1679857967548 71.30735611915588 107
1679857967719 71.47844004631042 108
1679857968765 72.52089190483093 109
1679857968936 72.6928391456604 110
1679857970016 73.77278161048889 111
1679857970182 73.94105696678162 112
1679857971243 75.00086522102356 113
1679857971412 75.16993117332458 114
1679857972605 76.35064196586609 115
1679857972795 76.54294538497925 116
1679857973927 77.67597913742065 117
1679857974114 77.86337494850159 118
1679857975242 78.99311685562134 119
1679857975466 79.20420551300049 120
1679857976612 80.36456656455994 121
1679857976800 80.54854774475098 122
1679857977815 81.5720944404602 123
1679857977991 81.74623847007751 124
1679857979072 82.82882571220398 125
1679857979258 83.01064324378967 126
1679857980321 84.07624006271362 127
1679857980580 84.33483028411865 128
1679857981684 85.43507242202759 129
1679857981864 85.61693787574768 130
1679857982926 86.68382430076599 131
1679857983103 86.85632991790771 132
1679857984154 87.91058087348938 133
1679857984326 88.08399486541748 134
1679857985402 89.15992856025696 135
1679857985583 89.34080505371094 136
1679857986649 90.40693974494934 137
1679857986824 90.57713675498962 138
1679857987851 91.60734581947327 139
1679857988023 91.77805852890015 140
1679857989064 92.8209490776062 141
1679857989308 93.06213974952698 142
1679857990335 94.08955812454224 143
1679857990511 94.26065850257874 144
1679857991593 95.34886622428894 145
1679857991769 95.52362179756165 146
1679857992853 96.59181046485901 147
1679857993033 96.7853410243988 148
1679857994131 97.8856749534607 149
1679857994305 98.05779433250427 150
1679857995366 99.12197089195251 151
1679857995539 99.29434275627136 152
1679857996636 100.39093613624573 153
1679857996817 100.56850171089172 154
1679857997949 101.70228552818298 155
1679857998125 101.87801122665405 156
1679857999167 102.92209243774414 157
1679857999341 103.09398245811462 158
1679858000388 104.12885403633118 159
1679858000563 104.31831288337708 160
1679858001609 105.36580061912537 161
1679858001790 105.53964304924011 162
1679858002915 106.66483497619629 163
1679858003109 106.85330414772034 164
1679858004279 108.02057933807373 165
1679858004483 108.22969341278076 166
1679858005636 109.38534116744995 167
1679858005845 109.59579610824585 168
1679858007053 110.80831861495972 169
1679858007225 110.97978782653809 170
1679858008301 112.0548689365387 171
1679858008480 112.23479127883911 172
1679858009532 113.28344368934631 173
1679858009703 113.45994472503662 174
1679858010763 114.5168080329895 175
1679858010957 114.70733094215393 176
1679858011997 115.74951219558716 177
1679858012170 115.92497372627258 178
1679858013190 116.93968510627747 179
1679858013368 117.12200713157654 180
1679858014401 118.15782427787781 181
1679858014572 118.32844400405884 182
1679858015684 119.43550610542297 183
1679858015871 119.62096738815308 184
1679858016896 120.65140652656555 185
1679858017081 120.83378767967224 186
1679858018154 121.90126204490662 187
1679858018340 122.0913097858429 188
1679858019443 123.19582629203796 189
1679858019624 123.37494683265686 190
1679858020684 124.43594264984131 191
1679858020865 124.61818742752075 192
1679858021937 125.68989896774292 193
1679858022133 125.88636589050293 194
1679858023206 126.95686960220337 195
1679858023393 127.14473867416382 196
1679858024513 128.26798105239868 197
1679858024688 128.44223070144653 198
1679858025723 129.4759349822998 199
1679858025907 129.65710878372192 200
1679858026962 130.71526265144348 201
1679858027151 130.90413737297058 202
1679858028191 131.94099473953247 203
1679858028379 132.12695503234863 204
1679858029443 133.18984055519104 205
1679858029620 133.37174129486084 206
1679858030685 134.43650007247925 207
1679858030869 134.6205542087555 208
1679858031998 135.74448084831238 209
1679858032218 135.96200513839722 210
1679858033503 137.2467441558838 211
1679858033690 137.43983697891235 212
1679858034942 138.68804740905762 213
1679858035137 138.88025450706482 214
1679858036288 140.03323674201965 215
1679858036479 140.22580933570862 216
1679858037507 141.26099109649658 217
1679858037701 141.45474195480347 218
1679858038754 142.50316786766052 219
1679858038929 142.68288707733154 220
1679858039969 143.72135281562805 221
1679858040145 143.89827704429626 222
1679858041194 144.9467875957489 223
1679858041444 145.19582080841064 224
1679858042484 146.23805260658264 225
1679858042656 146.40987610816956 226
1679858043767 147.52043533325195 227
1679858043941 147.69337511062622 228
1679858045001 148.74825978279114 229
1679858045173 148.92723059654236 230
1679858046252 150.00449419021606 231
1679858046430 150.18190383911133 232
1679858047471 151.22570824623108 233
1679858047650 151.40026473999023 234
1679858048724 152.47771906852722 235
1679858048904 152.65723848342896 236
1679858050019 153.77221131324768 237
1679858050205 153.94961428642273 238
1679858051291 155.0451238155365 239
1679858051466 155.21966886520386 240
1679858052513 156.26673698425293 241
1679858052689 156.4420931339264 242
1679858053754 157.5059072971344 243
1679858053951 157.70292162895203 244
1679858054985 158.7367570400238 245
1679858055173 158.91683554649353 246
1679858056340 160.08986115455627 247
1679858056543 160.28484988212585 248
1679858057672 161.4267725944519 249
1679858057891 161.61528706550598 250
1679858059083 162.83280420303345 251
1679858059265 163.01627111434937 252
1679858060323 164.07672238349915 253
1679858060501 164.2546627521515 254
1679858061667 165.4146785736084 255
1679858061856 165.60717725753784 256
1679858063007 166.74981212615967 257
1679858063221 166.9456193447113 258
1679858064319 168.0683135986328 259
1679858064511 168.2617118358612 260
1679858065609 169.3477177619934 261
1679858065836 169.56127047538757 262
1679858066982 170.73277378082275 263
1679858067154 170.90772676467896 264
1679858068277 172.02467560768127 265
1679858068459 172.21002340316772 266
1679858069510 173.26574730873108 267
1679858069701 173.4523377418518 268
1679858070872 174.62397408485413 269
1679858071023 174.80941653251648 270
1679858072082 175.85824465751648 271
1679858072272 176.0170383453369 272
1679858073335 177.11723947525024 273
1679858073515 177.26619744300842 274
1679858074593 178.38021159172058 275
1679858074797 178.54165363311768 276
1679858075843 179.62968015670776 277
1679858076017 179.76733827590942 278
1679858077086 180.83585500717163 279
1679858077283 181.02489256858826 280
1679858078422 182.17212986946106 281
1679858078611 182.35356640815735 282
1679858079613 183.36726307868958 283
1679858079863 183.6081829071045 284
1679858080989 184.77671146392822 285
1679858081173 184.92071843147278 286
1679858082293 186.07788181304932 287
1679858082492 186.23767924308777 288
1679858083589 187.34167313575745 289
1679858083772 187.5214273929596 290
1679858084849 188.59970116615295 291
1679858085027 188.77994918823242 292
1679858086217 189.96222257614136 293
1679858086450 190.1726257801056 294
1679858087522 191.27043986320496 295
1679858087698 191.44823145866394 296
1679858088718 192.50584602355957 297
1679858088899 192.64773440361023 298
1679858089982 193.73426246643066 299
1679858090180 193.9302363395691 300
1679858090304 194.05467629432678 301
