1679857900569 4.360126256942749 1
1679857900758 4.525548458099365 2
1679857901805 5.575041055679321 3
1679857901975 5.743673801422119 4
1679857903019 6.785216331481934 5
1679857903270 7.033625841140747 6
1679857904310 8.07819414138794 7
1679857904488 8.246474504470825 8
1679857905503 9.273322343826294 9
1679857905675 9.443604230880737 10
1679857906720 10.48861575126648 11
1679857906883 10.652087926864624 12
1679857907923 11.691976308822632 13
1679857908092 11.858984231948853 14
1679857909155 12.922041416168213 15
1679857909317 13.085638999938965 16
1679857910335 14.103086471557617 17
1679857910501 14.266990423202515 18
1679857911616 15.385225772857666 19
1679857911786 15.548498392105103 20
1679857912818 16.576043367385864 21
1679857913003 16.763003826141357 22
1679857914179 17.937208652496338 23
1679857914360 18.12496042251587 24
1679857915547 19.307573318481445 25
1679857915753 19.49773931503296 26
1679857917005 20.76419448852539 27
1679857917180 20.943962574005127 28
1679857918256 22.052066326141357 29
1679857918422 22.187272310256958 30
1679857919477 23.245140075683594 31
1679857919640 23.407219171524048 32
1679857920849 24.60914397239685 33
1679857921016 24.782138109207153 34
1679857922084 25.840843439102173 35
1679857922263 26.02823305130005 36
1679857923306 27.06602430343628 37
1679857923485 27.248748779296875 38
1679857924522 28.287968397140503 39
1679857924700 28.451661586761475 40
1679857925719 29.483416080474854 41
1679857925893 29.658666133880615 42
1679857926935 30.692026138305664 43
1679857927098 30.86304521560669 44
1679857928179 31.943782567977905 45
1679857928363 32.12283968925476 46
1679857929488 33.25352239608765 47
1679857929652 33.416943073272705 48
1679857930732 34.49148750305176 49
1679857930921 34.68040227890015 50
1679857931976 35.735599517822266 51
1679857932143 35.90706396102905 52
1679857933214 36.97807216644287 53
1679857933388 37.150025606155396 54
1679857934432 38.197126388549805 55
1679857934597 38.36221146583557 56
1679857935637 39.396005153656006 57
1679857935837 39.59192609786987 58
1679857936957 40.717215061187744 59
1679857937137 40.895477294921875 60
1679857938330 42.08770203590393 61
1679857938520 42.27752637863159 62
1679857939643 43.40242671966553 63
1679857939839 43.59341788291931 64
1679857941008 44.76591634750366 65
1679857941176 44.93855404853821 66
1679857942255 46.011980295181274 67
1679857942441 46.19701290130615 68
1679857943620 47.375545024871826 69
1679857943822 47.57699942588806 70
1679857945052 48.811920404434204 71
1679857945238 48.99309206008911 72
1679857946451 50.18802571296692 73
1679857946635 50.391472578048706 74
1679857947767 51.530070066452026 75
1679857947934 51.6954300403595 76
1679857948967 52.731958627700806 77
1679857949136 52.90003490447998 78
1679857950165 53.92417645454407 79
1679857950329 54.093278884887695 80
1679857951386 55.15001130104065 81
1679857951551 55.314066648483276 82
1679857952574 56.33868741989136 83
1679857952754 56.50709915161133 84
1679857953846 57.609116315841675 85
1679857954014 57.77687668800354 86
1679857955215 58.978110551834106 87
1679857955386 59.14801549911499 88
1679857956479 60.242003202438354 89
1679857956654 60.413912534713745 90
1679857957695 61.458301305770874 91
1679857957868 61.63045907020569 92
1679857958953 62.715742111206055 93
1679857959126 62.88241910934448 94
1679857960182 63.94008445739746 95
1679857960353 64.11588144302368 96
1679857961398 65.16209936141968 97
1679857961567 65.32812237739563 98
1679857962600 66.36317372322083 99
1679857962770 66.52964425086975 100
1679857963888 67.64899706840515 101
1679857964059 67.81966757774353 102
1679857965092 68.85201454162598 103
1679857965281 69.04296588897705 104
1679857966346 70.10792517662048 105
1679857966511 70.27438712120056 106
1679857967545 71.30735611915588 107
1679857967716 71.47844004631042 108
1679857968761 72.52089190483093 109
1679857968931 72.6928391456604 110
1679857970011 73.77278161048889 111
1679857970179 73.94105696678162 112
1679857971240 75.00086522102356 113
1679857971408 75.16993117332458 114
1679857972601 76.35064196586609 115
1679857972792 76.54294538497925 116
1679857973923 77.67597913742065 117
1679857974110 77.86337494850159 118
1679857975239 78.99311685562134 119
1679857975461 79.20420551300049 120
1679857976608 80.36456656455994 121
1679857976796 80.54854774475098 122
1679857977812 81.5720944404602 123
1679857977987 81.74623847007751 124
1679857979068 82.82882571220398 125
1679857979253 83.01064324378967 126
1679857980318 84.07624006271362 127
1679857980576 84.33483028411865 128
1679857981680 85.43507242202759 129
1679857981861 85.61693787574768 130
1679857982923 86.68382430076599 131
1679857983099 86.85632991790771 132
1679857984149 87.91058087348938 133
1679857984322 88.08399486541748 134
1679857985398 89.15992856025696 135
1679857985580 89.34080505371094 136
1679857986645 90.40693974494934 137
1679857986820 90.57713675498962 138
1679857987848 91.60734581947327 139
1679857988019 91.77805852890015 140
1679857989060 92.8209490776062 141
1679857989303 93.06213974952698 142
1679857990331 94.08955812454224 143
1679857990507 94.26065850257874 144
1679857991588 95.34886622428894 145
1679857991765 95.52362179756165 146
1679857992850 96.59181046485901 147
1679857993029 96.7853410243988 148
1679857994127 97.8856749534607 149
1679857994302 98.05779433250427 150
1679857995363 99.12197089195251 151
1679857995535 99.29434275627136 152
1679857996632 100.39093613624573 153
1679857996813 100.56850171089172 154
1679857997945 101.70228552818298 155
1679857998121 101.87801122665405 156
1679857999163 102.92209243774414 157
1679857999335 103.09398245811462 158
1679858000384 104.12885403633118 159
1679858000558 104.31831288337708 160
1679858001605 105.36580061912537 161
1679858001786 105.53964304924011 162
1679858002912 106.66483497619629 163
1679858003105 106.85330414772034 164
1679858004275 108.02057933807373 165
1679858004480 108.22969341278076 166
1679858005633 109.38534116744995 167
1679858005841 109.59579610824585 168
1679858007049 110.80831861495972 169
1679858007221 110.97978782653809 170
1679858008297 112.0548689365387 171
1679858008477 112.23479127883911 172
1679858009528 113.28344368934631 173
1679858009700 113.45994472503662 174
1679858010759 114.5168080329895 175
1679858010953 114.70733094215393 176
1679858011992 115.74951219558716 177
1679858012166 115.92497372627258 178
1679858013186 116.93968510627747 179
1679858013365 117.12200713157654 180
1679858014397 118.15782427787781 181
1679858014569 118.32844400405884 182
1679858015681 119.43550610542297 183
1679858015868 119.62096738815308 184
1679858016893 120.65140652656555 185
1679858017077 120.83378767967224 186
1679858018150 121.90126204490662 187
1679858018336 122.0913097858429 188
1679858019440 123.19582629203796 189
1679858019620 123.37494683265686 190
1679858020680 124.43594264984131 191
1679858020861 124.61818742752075 192
1679858021934 125.68989896774292 193
1679858022129 125.88636589050293 194
1679858023203 126.95686960220337 195
1679858023390 127.14473867416382 196
1679858024510 128.26798105239868 197
1679858024685 128.44223070144653 198
1679858025719 129.4759349822998 199
1679858025903 129.65710878372192 200
1679858026958 130.71526265144348 201
1679858027148 130.90413737297058 202
1679858028188 131.94099473953247 203
1679858028375 132.12695503234863 204
1679858029439 133.18984055519104 205
1679858029616 133.37174129486084 206
1679858030681 134.43650007247925 207
1679858030865 134.6205542087555 208
1679858031995 135.74448084831238 209
1679858032214 135.96200513839722 210
1679858033500 137.2467441558838 211
1679858033686 137.43983697891235 212
1679858034939 138.68804740905762 213
1679858035132 138.88025450706482 214
1679858036283 140.03323674201965 215
1679858036476 140.22580933570862 216
1679858037503 141.26099109649658 217
1679858037698 141.45474195480347 218
1679858038751 142.50316786766052 219
1679858038926 142.68288707733154 220
1679858039965 143.72135281562805 221
1679858040141 143.89827704429626 222
1679858041190 144.9467875957489 223
1679858041440 145.19582080841064 224
1679858042480 146.23805260658264 225
1679858042653 146.40987610816956 226
1679858043763 147.52043533325195 227
1679858043938 147.69337511062622 228
1679858044997 148.74825978279114 229
1679858045170 148.92723059654236 230
1679858046248 150.00449419021606 231
1679858046426 150.18190383911133 232
1679858047467 151.22570824623108 233
1679858047646 151.40026473999023 234
1679858048720 152.47771906852722 235
1679858048900 152.65723848342896 236
1679858050016 153.77221131324768 237
1679858050202 153.94961428642273 238
1679858051288 155.0451238155365 239
1679858051463 155.21966886520386 240
1679858052509 156.26673698425293 241
1679858052685 156.4420931339264 242
1679858053751 157.5059072971344 243
1679858053947 157.70292162895203 244
1679858054981 158.7367570400238 245
1679858055169 158.91683554649353 246
1679858056337 160.08986115455627 247
1679858056539 160.28484988212585 248
1679858057669 161.4267725944519 249
1679858057887 161.61528706550598 250
1679858059079 162.83280420303345 251
1679858059261 163.01627111434937 252
1679858060320 164.07672238349915 253
1679858060497 164.2546627521515 254
1679858061663 165.4146785736084 255
1679858061852 165.60717725753784 256
1679858063002 166.74981212615967 257
1679858063217 166.9456193447113 258
1679858064315 168.0683135986328 259
1679858064507 168.2617118358612 260
1679858065604 169.3477177619934 261
1679858065830 169.56127047538757 262
1679858066978 170.73277378082275 263
1679858067151 170.90772676467896 264
1679858068273 172.02467560768127 265
1679858068455 172.21002340316772 266
1679858069507 173.26574730873108 267
1679858069698 173.4523377418518 268
1679858070869 174.62397408485413 269
1679858071020 174.80941653251648 270
1679858072078 175.85824465751648 271
1679858072268 176.0170383453369 272
1679858073330 177.11723947525024 273
1679858073512 177.26619744300842 274
1679858074590 178.38021159172058 275
1679858074793 178.54165363311768 276
1679858075839 179.62968015670776 277
1679858076013 179.76733827590942 278
1679858077083 180.83585500717163 279
1679858077279 181.02489256858826 280
1679858078419 182.17212986946106 281
1679858078607 182.35356640815735 282
1679858079610 183.36726307868958 283
1679858079860 183.6081829071045 284
1679858080986 184.77671146392822 285
1679858081170 184.92071843147278 286
1679858082290 186.07788181304932 287
1679858082488 186.23767924308777 288
1679858083586 187.34167313575745 289
1679858083768 187.5214273929596 290
1679858084846 188.59970116615295 291
1679858085024 188.77994918823242 292
1679858086213 189.96222257614136 293
1679858086443 190.1726257801056 294
1679858087518 191.27043986320496 295
1679858087695 191.44823145866394 296
1679858088714 192.50584602355957 297
1679858088896 192.64773440361023 298
1679858089978 193.73426246643066 299
1679858090175 193.9302363395691 300
1679858090300 194.05467629432678 301
