1679857900563 1.0 1
1679857900752 2.0 2
1679857901800 3.0 3
1679857901969 4.0 4
1679857903013 5.0 5
1679857903263 6.0 6
1679857904305 7.0 7
1679857904482 8.0 8
1679857905498 9.0 9
1679857905671 10.0 10
1679857906715 11.0 11
1679857906877 12.0 12
1679857907918 13.0 13
1679857908087 14.0 14
1679857909150 15.0 15
1679857909312 16.0 16
1679857910331 17.0 17
1679857910495 18.0 18
1679857911611 19.0 19
1679857911780 20.0 20
1679857912812 21.0 21
1679857912997 22.0 22
1679857914172 23.0 23
1679857914355 24.0 24
1679857915539 25.0 25
1679857915747 26.0 26
1679857916991 27.0 27
1679857917174 28.0 28
1679857918252 29.0 29
1679857918416 30.0 30
1679857919472 31.0 31
1679857919634 32.0 32
1679857920843 33.0 33
1679857921010 34.0 34
1679857922078 35.0 35
1679857922257 36.0 36
1679857923300 37.0 37
1679857923479 38.0 38
1679857924517 39.0 39
1679857924695 40.0 40
1679857925713 41.0 41
1679857925889 42.0 42
1679857926929 43.0 43
1679857927093 44.0 44
1679857928174 45.0 45
1679857928358 46.0 46
1679857929482 47.0 47
1679857929647 48.0 48
1679857930725 49.0 49
1679857930916 50.0 50
1679857931970 51.0 51
1679857932138 52.0 52
1679857933209 53.0 53
1679857933381 54.0 54
1679857934426 55.0 55
1679857934592 56.0 56
1679857935631 57.0 57
1679857935830 58.0 58
1679857936951 59.0 59
1679857937132 60.0 60
1679857938325 61.0 61
1679857938515 62.0 62
1679857939639 63.0 63
1679857939833 64.0 64
1679857941003 65.0 65
1679857941171 66.0 66
1679857942249 67.0 67
1679857942436 68.0 68
1679857943614 69.0 69
1679857943816 70.0 70
1679857945046 71.0 71
1679857945232 72.0 72
1679857946444 73.0 73
1679857946629 74.0 74
1679857947763 75.0 75
1679857947928 76.0 76
1679857948962 77.0 77
1679857949131 78.0 78
1679857950159 79.0 79
1679857950323 80.0 80
1679857951381 81.0 81
1679857951546 82.0 82
1679857952569 83.0 83
1679857952749 84.0 84
1679857953840 85.0 85
1679857954008 86.0 86
1679857955210 87.0 87
1679857955380 88.0 88
1679857956473 89.0 89
1679857956648 90.0 90
1679857957689 91.0 91
1679857957863 92.0 92
1679857958948 93.0 93
1679857959121 94.0 94
1679857960175 95.0 95
1679857960348 96.0 96
1679857961393 97.0 97
1679857961561 98.0 98
1679857962594 99.0 99
1679857962764 100.0 100
1679857963882 101.0 101
1679857964054 102.0 102
1679857965087 103.0 103
1679857965276 104.0 104
1679857966340 105.0 105
1679857966506 106.0 106
1679857967538 107.0 107
1679857967711 108.0 108
1679857968756 109.0 109
1679857968925 110.0 110
1679857970005 111.0 111
1679857970173 112.0 112
1679857971233 113.0 113
1679857971402 114.0 114
1679857972592 115.0 115
1679857972785 116.0 116
1679857973917 117.0 117
1679857974105 118.0 118
1679857975233 119.0 119
1679857975453 120.0 120
1679857976603 121.0 121
1679857976790 122.0 122
1679857977806 123.0 123
1679857977982 124.0 124
1679857979063 125.0 125
1679857979249 126.0 126
1679857980312 127.0 127
1679857980571 128.0 128
1679857981675 129.0 129
1679857981855 130.0 130
1679857982917 131.0 131
1679857983093 132.0 132
1679857984145 133.0 133
1679857984317 134.0 134
1679857985393 135.0 135
1679857985574 136.0 136
1679857986640 137.0 137
1679857986814 138.0 138
1679857987842 139.0 139
1679857988013 140.0 140
1679857989055 141.0 141
1679857989298 142.0 142
1679857990326 143.0 143
1679857990501 144.0 144
1679857991584 145.0 145
1679857991759 146.0 146
1679857992844 147.0 147
1679857993022 148.0 148
1679857994122 149.0 149
1679857994296 150.0 150
1679857995356 151.0 151
1679857995530 152.0 152
1679857996627 153.0 153
1679857996807 154.0 154
1679857997939 155.0 155
1679857998115 156.0 156
1679857999157 157.0 157
1679857999331 158.0 158
1679858000378 159.0 159
1679858000553 160.0 160
1679858001600 161.0 161
1679858001780 162.0 162
1679858002905 163.0 163
1679858003099 164.0 164
1679858004266 165.0 165
1679858004473 166.0 166
1679858005627 167.0 167
1679858005835 168.0 168
1679858007044 169.0 169
1679858007216 170.0 170
1679858008292 171.0 171
1679858008470 172.0 172
1679858009523 173.0 173
1679858009695 174.0 174
1679858010753 175.0 175
1679858010947 176.0 176
1679858011986 177.0 177
1679858012161 178.0 178
1679858013180 179.0 179
1679858013360 180.0 180
1679858014392 181.0 181
1679858014563 182.0 182
1679858015675 183.0 183
1679858015862 184.0 184
1679858016888 185.0 185
1679858017070 186.0 186
1679858018145 187.0 187
1679858018331 188.0 188
1679858019433 189.0 189
1679858019615 190.0 190
1679858020674 191.0 191
1679858020856 192.0 192
1679858021928 193.0 193
1679858022124 194.0 194
1679858023196 195.0 195
1679858023384 196.0 196
1679858024505 197.0 197
1679858024679 198.0 198
1679858025713 199.0 199
1679858025898 200.0 200
1679858026953 201.0 201
1679858027142 202.0 202
1679858028183 203.0 203
1679858028370 204.0 204
1679858029434 205.0 205
1679858029610 206.0 206
1679858030676 207.0 207
1679858030860 208.0 208
1679858031989 209.0 209
1679858032209 210.0 210
1679858033493 211.0 211
1679858033680 212.0 212
1679858034933 213.0 213
1679858035126 214.0 214
1679858036279 215.0 215
1679858036471 216.0 216
1679858037498 217.0 217
1679858037692 218.0 218
1679858038745 219.0 219
1679858038920 220.0 220
1679858039961 221.0 221
1679858040136 222.0 222
1679858041185 223.0 223
1679858041435 224.0 224
1679858042475 225.0 225
1679858042646 226.0 226
1679858043757 227.0 227
1679858043933 228.0 228
1679858044992 229.0 229
1679858045164 230.0 230
1679858046242 231.0 231
1679858046421 232.0 232
1679858047462 233.0 233
1679858047641 234.0 234
1679858048714 235.0 235
1679858048894 236.0 236
1679858050011 237.0 237
1679858050196 238.0 238
1679858051282 239.0 239
1679858051457 240.0 240
1679858052504 241.0 241
1679858052680 242.0 242
1679858053744 243.0 243
1679858053942 244.0 244
1679858054976 245.0 245
1679858055164 246.0 246
1679858056332 247.0 247
1679858056533 248.0 248
1679858057663 249.0 249
1679858057880 250.0 250
1679858059074 251.0 251
1679858059256 252.0 252
1679858060314 253.0 253
1679858060492 254.0 254
1679858061657 255.0 255
1679858061847 256.0 256
1679858062996 257.0 257
1679858063210 258.0 258
1679858064310 259.0 259
1679858064502 260.0 260
1679858065596 261.0 261
1679858065823 262.0 262
1679858066973 263.0 263
1679858067145 264.0 264
1679858068268 265.0 265
1679858068449 266.0 266
1679858069501 267.0 267
1679858069692 268.0 268
1679858070862 269.0 269
1679858071014 270.0 270
1679858072073 271.0 271
1679858072264 272.0 272
1679858073323 273.0 273
1679858073507 274.0 274
1679858074584 275.0 275
1679858074787 276.0 276
1679858075833 277.0 277
1679858076008 278.0 278
1679858077078 279.0 279
1679858077273 280.0 280
1679858078414 281.0 281
1679858078603 282.0 282
1679858079605 283.0 283
1679858079855 284.0 284
1679858080981 285.0 285
1679858081165 286.0 286
1679858082283 287.0 287
1679858082483 288.0 288
1679858083581 289.0 289
1679858083763 290.0 290
1679858084841 291.0 291
1679858085018 292.0 292
1679858086208 293.0 293
1679858086434 294.0 294
1679858087512 295.0 295
1679858087690 296.0 296
1679858088708 297.0 297
1679858088889 298.0 298
1679858089973 299.0 299
1679858090171 300.0 300
1679858090294 301.0 301
