1679857900557 81.88499152360274 1
1679857901793 59.48177528164192 3
1679857903008 58.75560475421208 5
1679857904299 58.701002733108744 7
1679857905493 58.69803203387324 9
1679857906709 58.69680440469605 11
1679857907912 58.69684700625068 13
1679857909143 58.69320907061949 15
1679857910325 58.67557866665323 17
1679857911606 58.52336272976204 19
1679857912804 56.33682537139178 21
1679857914165 53.3719734348729 23
1679857915534 49.862830067103154 25
1679857916986 44.99135836770759 27
1679857918245 38.880983108723186 29
1679857919466 35.18344626429713 31
1679857920836 32.12574536554577 33
1679857922063 30.498415109343654 35
1679857923293 29.449671672311936 37
1679857924511 26.869904974515794 39
1679857925708 25.511208930066836 41
1679857926924 23.951521278287245 43
1679857928169 24.01366301795337 45
1679857929476 22.325669724574805 47
1679857930720 21.472427340175138 49
1679857931964 21.04215102705452 51
1679857933202 20.234079073351595 53
1679857934421 19.690492138751015 55
1679857935625 19.36685189157253 57
1679857936945 17.607372818137936 59
1679857938318 17.455183630423935 61
1679857939633 16.89267818250662 63
1679857940998 16.691279362576587 65
1679857942244 15.457930213329838 67
1679857943607 14.97504496767429 69
1679857945041 15.333350347884465 71
1679857946433 13.701467486411088 73
1679857947757 14.325394995615197 75
1679857948956 13.286193793005463 77
1679857950152 12.700581584769965 79
1679857951375 12.102185036667082 81
1679857952562 12.711253130549045 83
1679857953835 11.756526659290524 85
1679857955205 11.533185989384709 87
1679857956468 11.22323557270395 89
1679857957684 10.668613748170394 91
1679857958942 10.716177445736813 93
1679857960169 10.801982318141052 95
1679857961387 10.023696447006891 97
1679857962589 9.378245684136928 99
1679857963876 9.14196198063512 101
1679857965081 9.293481798944105 103
1679857966335 8.778474112298955 105
1679857967533 8.799143440191086 107
1679857968749 8.807371303720009 109
1679857970000 8.029125983801014 111
1679857971228 9.112429362531707 113
1679857972584 8.068406145939113 115
1679857973912 7.706051112789658 117
1679857975227 7.572169833512038 119
1679857976597 7.197628208235199 121
1679857977800 7.591985991331386 123
1679857979057 7.00875988845053 125
1679857980307 6.829586162844615 127
1679857981668 6.875903104363477 129
1679857982911 6.301063135558484 131
1679857984139 6.559913023795454 133
1679857985387 6.177277270756817 135
1679857986635 6.319401555359929 137
1679857987836 5.706104683679994 139
1679857989049 5.797180795398111 141
1679857990320 5.6840068870824325 143
1679857991578 5.6745819835252655 145
1679857992838 5.782188169960731 147
1679857994115 5.664326112772527 149
1679857995351 4.925021422022434 151
1679857996622 5.002574275189906 153
1679857997933 5.597743663661168 155
1679857999151 4.814236268282389 157
1679858000372 4.722226494765598 159
1679858001595 4.757570380941363 161
1679858002899 4.336638643016248 163
1679858004260 4.662489178179187 165
1679858005620 4.227483216725445 167
1679858007038 4.1103316062768 169
1679858008285 4.2050131548664975 171
1679858009518 3.7850634295000902 173
1679858010748 3.853750271709715 175
1679858011981 3.723550234030953 177
1679858013173 4.4134350882234035 179
1679858014387 3.9995336280451177 181
1679858015669 3.626883306268044 183
1679858016882 3.629061960910107 185
1679858018138 3.499446269095057 187
1679858019429 3.2261149115082888 189
1679858020669 3.139884545748781 191
1679858021922 3.1689823728509525 193
1679858023190 3.1380926190110268 195
1679858024499 3.120017806786966 197
1679858025708 3.0945191456350174 199
1679858026947 3.13441907942559 201
1679858028177 2.937848970808612 203
1679858029428 2.9427582611696845 205
1679858030670 2.8876522733847 207
1679858031983 3.358929360779986 209
1679858033485 2.9397956440073263 211
1679858034927 2.8426194696468614 213
1679858036272 2.7314865447085994 215
1679858037492 2.6252742682356836 217
1679858038738 2.6695681012709787 219
1679858039955 2.5384510195157257 221
1679858041179 2.7504538910891116 223
1679858042469 2.639476290780634 225
1679858043752 2.8686431760353654 227
1679858044985 2.725823100709523 229
1679858046237 2.5479331376656638 231
1679858047457 2.7268213849894085 233
1679858048709 2.510083855412415 235
1679858050004 2.6902498941644697 237
1679858051277 2.523855285128787 239
1679858052499 2.361761863106493 241
1679858053739 2.540134988458454 243
1679858054970 2.47570515307047 245
1679858056326 2.3224788046275266 247
1679858057658 2.37718001339422 249
1679858059068 2.4758290842166057 251
1679858060309 2.648014112140166 253
1679858061651 2.1088317292464978 255
1679858062989 2.1558722797109686 257
1679858064305 2.177649408356439 259
1679858065588 2.2032610494678795 261
1679858066967 2.2210240752692467 263
1679858068262 2.082968416023978 265
1679858069496 2.024156900556083 267
1679858070856 2.479925202870957 269
1679858072067 2.0626646040965304 271
1679858073316 2.061490937941139 273
1679858074578 2.046994470290788 275
1679858075827 2.281125960728551 277
1679858077072 1.951583844853081 279
1679858078408 1.8458884223513328 281
1679858079599 1.9709313969005895 283
1679858080975 1.9420571487814018 285
1679858082277 1.9283033675441705 287
1679858083575 1.997171201169076 289
1679858084836 1.7318343257994535 291
1679858086202 1.772860457880598 293
1679858087507 1.7163103709863305 295
1679858088703 2.3655305020120005 297
1679858089968 1.7675551107192176 299
