1679935173402 0.0 1
1679935173629 0.0 2
1679935175862 0.0 3
1679935176062 0.0 4
1679935178290 0.0 5
1679935178519 0.0 6
1679935180986 0.0 7
1679935181317 0.0 8
1679935183710 0.0 9
1679935183951 0.0 10
1679935186311 0.0 11
1679935186551 0.0 12
1679935188863 0.0 13
1679935189122 0.0 14
1679935191441 0.0 15
1679935191667 0.0 16
1679935194292 0.0 17
1679935194538 0.0 18
1679935197117 0.0 19
1679935197372 0.0 20
1679935199741 0.0 21
1679935199997 0.0 22
1679935202299 0.0 23
1679935202520 0.0 24
1679935204777 0.0 25
1679935204999 0.0 26
1679935207229 0.0 27
1679935207461 0.0 28
1679935209783 0.0 29
1679935210016 0.0 30
1679935212306 0.0 31
1679935212538 0.0 32
1679935214847 0.0 33
1679935215071 0.0 34
1679935217312 0.0 35
1679935217534 0.0 36
1679935219801 0.0 37
1679935220035 0.0 38
1679935222374 0.0 39
1679935222627 0.0 40
1679935225276 0.0 41
1679935225531 0.0 42
1679935227962 0.0 43
1679935228185 0.0 44
1679935230496 0.0 45
1679935230724 0.0 46
1679935233043 0.0 47
1679935233252 0.0 48
1679935235486 0.0 49
1679935235700 0.0 50
1679935237914 0.0 51
1679935238128 0.0 52
1679935240431 0.0 53
1679935240645 0.0 54
1679935242937 0.0 55
1679935243163 0.0 56
1679935245510 0.0 57
1679935245731 0.0 58
1679935247961 0.0 59
1679935248191 0.0 60
1679935250473 0.0 61
1679935250695 0.0 62
1679935253041 0.0 63
1679935253302 0.0 64
1679935255930 0.0 65
1679935256183 0.0 66
1679935258568 0.0 67
1679935258798 0.0 68
1679935261120 0.0 69
1679935261346 0.0 70
1679935263668 0.0 71
1679935263891 0.0 72
1679935266158 0.0 73
1679935266376 0.0 74
1679935268652 0.0 75
1679935268872 0.0 76
1679935271227 0.0 77
1679935271454 0.0 78
1679935273755 0.0 79
1679935273974 0.0 80
1679935276249 0.0 81
1679935276465 0.0 82
1679935278761 0.0 83
1679935278985 0.0 84
1679935281248 0.0 85
1679935281470 0.0 86
1679935284059 0.0 87
1679935284324 0.0 88
1679935286862 0.0 89
1679935287101 0.0 90
1679935289376 0.0 91
1679935289626 0.0 92
1679935291850 0.0 93
1679935292084 0.0 94
1679935294361 0.0 95
1679935294592 0.0 96
1679935296828 0.0 97
1679935297055 0.0 98
1679935299291 0.0 99
1679935299525 0.0 100
1679935301791 0.0 101
1679935302084 0.0 102
1679935304563 0.0 103
1679935304803 0.0 104
1679935307210 0.0 105
1679935307495 0.0 106
1679935309944 0.0 107
1679935310159 0.0 108
1679935312662 0.0 109
1679935312954 0.0 110
1679935315444 0.0 111
1679935315684 0.0 112
1679935318104 0.0 113
1679935318373 0.0 114
1679935320681 0.0 115
1679935320902 0.0 116
1679935323199 0.0 117
1679935323440 0.0 118
1679935325761 0.0 119
1679935325981 0.0 120
1679935328194 0.0 121
1679935328419 0.0 122
1679935330705 0.0 123
1679935330926 0.0 124
1679935333221 0.0 125
1679935333459 0.0 126
1679935335823 0.0 127
1679935336055 0.0 128
1679935338487 0.0 129
1679935338708 0.0 130
1679935340950 0.0 131
1679935341180 0.0 132
1679935343713 0.0 133
1679935343999 0.0 134
1679935346494 0.0 135
1679935346712 0.0 136
1679935349026 0.0 137
1679935349271 0.0 138
1679935351551 0.0 139
1679935351770 0.0 140
1679935354158 0.0 141
1679935354389 0.0 142
1679935356689 0.0 143
1679935356914 0.0 144
1679935359146 0.0 145
1679935359356 0.0 146
1679935361617 0.0 147
1679935361837 0.0 148
1679935364150 0.0 149
1679935364371 0.0 150
1679935366699 0.0 151
1679935366930 0.0 152
1679935369182 0.0 153
1679935369401 0.0 154
1679935371907 0.0 155
1679935372178 0.0 156
1679935374729 0.0 157
1679935375033 0.0 158
1679935377372 0.0 159
1679935377600 0.0 160
1679935379904 0.0 161
1679935380211 0.0 162
1679935382519 0.0 163
1679935382741 0.0 164
1679935384997 0.0 165
1679935385256 0.0 166
1679935387520 0.0 167
1679935387755 0.0 168
1679935390021 0.0 169
1679935390271 0.0 170
1679935392533 0.0 171
1679935392784 0.0 172
1679935395089 0.0 173
1679935395349 0.0 174
1679935397686 0.0 175
1679935397924 0.0 176
1679935400209 0.0 177
1679935400451 0.0 178
1679935403077 0.0 179
1679935403331 0.0 180
1679935405864 0.0 181
1679935406108 0.0 182
1679935408340 0.0 183
1679935408563 0.0 184
1679935410894 0.0 185
1679935411156 0.0 186
1679935413542 0.0 187
1679935413802 0.0 188
1679935416414 0.0 189
1679935416705 0.0 190
1679935419137 0.0 191
1679935419359 0.0 192
1679935421598 0.0 193
1679935421852 0.0 194
1679935424046 0.0 195
1679935424274 0.0 196
1679935426550 0.0 197
1679935426785 0.0 198
1679935429081 0.0 199
1679935429312 0.0 200
1679935431701 0.0 201
1679935431958 0.0 202
1679935434571 0.0 203
1679935434831 0.0 204
1679935437208 0.0 205
1679935437466 0.0 206
1679935439713 0.0 207
1679935439943 0.0 208
1679935442289 0.0 209
1679935442529 0.0 210
1679935444792 0.0 211
1679935445025 0.0 212
1679935447312 0.0 213
1679935447565 0.0 214
1679935449860 0.0 215
1679935450082 0.0 216
1679935452387 0.0 217
1679935452639 0.0 218
1679935454892 0.0 219
1679935455128 0.0 220
1679935457524 0.0 221
1679935457768 0.0 222
1679935460139 0.0 223
1679935460366 0.0 224
1679935462919 0.0 225
1679935463198 0.0 226
1679935465761 0.0 227
1679935466012 0.0 228
1679935468248 0.0 229
1679935468523 0.0 230
1679935470806 0.0 231
1679935471030 0.0 232
1679935473337 0.0 233
1679935473602 0.0 234
1679935475941 0.0 235
1679935476166 0.0 236
1679935478435 0.0 237
1679935478680 0.0 238
1679935481030 0.0 239
1679935481277 0.0 240
1679935483539 0.0 241
1679935483805 0.0 242
1679935486076 0.0 243
1679935486304 0.0 244
1679935488589 0.0 245
1679935488870 0.0 246
1679935491160 0.0 247
1679935491389 0.0 248
1679935493895 0.0 249
1679935494188 0.0 250
1679935496765 0.0 251
1679935497026 0.0 252
1679935499283 0.0 253
1679935499571 0.0 254
1679935501871 0.0 255
1679935502101 0.0 256
1679935504351 0.0 257
1679935504611 0.0 258
1679935506928 0.0 259
1679935507158 0.0 260
1679935509405 0.0 261
1679935509670 0.0 262
1679935511901 0.0 263
1679935512131 0.0 264
1679935514361 0.0 265
1679935514613 0.0 266
1679935516887 0.0 267
1679935517131 0.0 268
1679935519412 0.0 269
1679935519633 0.0 270
1679935522053 0.0 271
1679935522309 0.0 272
1679935524906 0.0 273
1679935525220 0.0 274
1679935527647 0.0 275
1679935527881 0.0 276
1679935530138 0.0 277
1679935530397 0.0 278
1679935532691 0.0 279
1679935532922 0.0 280
1679935535183 0.0 281
1679935535488 0.0 282
1679935537770 0.0 283
1679935538016 0.0 284
1679935540276 0.0 285
1679935540541 0.0 286
1679935542882 0.0 287
1679935543126 0.0 288
1679935545312 0.0 289
1679935545596 0.0 290
1679935547850 0.0 291
1679935548128 0.0 292
1679935550425 0.0 293
1679935550685 0.0 294
1679935553206 0.0 295
1679935553468 0.0 296
1679935556068 0.0 297
1679935556330 0.0 298
1679935558603 0.0 299
1679935558836 0.0 300
1679935558991 0.0 301
