1679935173400 4.090468645095825 1
1679935173626 0.1992053985595703 2
1679935175860 2.2609522342681885 3
1679935176059 0.16988825798034668 4
1679935178287 2.2559406757354736 5
1679935178517 0.2003786563873291 6
1679935180984 2.4525811672210693 7
1679935181313 0.3173959255218506 8
1679935183708 2.4482815265655518 9
1679935183948 0.20575594902038574 10
1679935186307 2.3966305255889893 11
1679935186549 0.20411968231201172 12
1679935188861 2.315281629562378 13
1679935189119 0.2603437900543213 14
1679935191439 2.3224031925201416 15
1679935191664 0.2208545207977295 16
1679935194282 2.610244035720825 17
1679935194536 0.25523996353149414 18
1679935197114 2.5767507553100586 19
1679935197370 0.26100873947143555 20
1679935199739 2.373870611190796 21
1679935199994 0.2481827735900879 22
1679935202296 2.308788776397705 23
1679935202517 0.22224736213684082 24
1679935204774 2.253818988800049 25
1679935204996 0.2239208221435547 26
1679935207227 2.2311854362487793 27
1679935207458 0.2301650047302246 28
1679935209780 2.3198020458221436 29
1679935210014 0.2319042682647705 30
1679935212303 2.289828300476074 31
1679935212536 0.22620487213134766 32
1679935214845 2.3159303665161133 33
1679935215069 0.225233793258667 34
1679935217310 2.239910364151001 35
1679935217531 0.21979022026062012 36
1679935219799 2.271542549133301 37
1679935220032 0.23371171951293945 38
1679935222372 2.3307716846466064 39
1679935222625 0.24298691749572754 40
1679935225273 2.65433931350708 41
1679935225529 0.25894784927368164 42
1679935227960 2.4409003257751465 43
1679935228183 0.22190046310424805 44
1679935230493 2.3119311332702637 45
1679935230721 0.22516703605651855 46
1679935233041 2.3201284408569336 47
1679935233249 0.21170687675476074 48
1679935235484 2.233996868133545 49
1679935235698 0.2079777717590332 50
1679935237911 2.21616530418396 51
1679935238125 0.21485304832458496 52
1679935240428 2.302090883255005 53
1679935240643 0.21309137344360352 54
1679935242935 2.2920284271240234 55
1679935243161 0.22587108612060547 56
1679935245507 2.345158100128174 57
1679935245729 0.22251296043395996 58
1679935247958 2.2323505878448486 59
1679935248188 0.23087716102600098 60
1679935250471 2.2830326557159424 61
1679935250691 0.21802663803100586 62
1679935253038 2.3381686210632324 63
1679935253300 0.26083922386169434 64
1679935255928 2.625514030456543 65
1679935256181 0.25679612159729004 66
1679935258566 2.390601634979248 67
1679935258796 0.23092198371887207 68
1679935261117 2.3191633224487305 69
1679935261344 0.22890019416809082 70
1679935263666 2.320033311843872 71
1679935263889 0.22300934791564941 72
1679935266155 2.266101360321045 73
1679935266374 0.22171235084533691 74
1679935268650 2.275282382965088 75
1679935268870 0.22080469131469727 76
1679935271225 2.353215456008911 77
1679935271452 0.23012256622314453 78
1679935273753 2.2977914810180664 79
1679935273971 0.22121453285217285 80
1679935276247 2.2736730575561523 81
1679935276462 0.21297264099121094 82
1679935278759 2.300044298171997 83
1679935278982 0.2232813835144043 84
1679935281246 2.266627788543701 85
1679935281468 0.21611595153808594 86
1679935284056 2.581967353820801 87
1679935284322 0.2621002197265625 88
1679935286861 2.545429229736328 89
1679935287099 0.23554515838623047 90
1679935289374 2.283928632736206 91
1679935289623 0.24207520484924316 92
1679935291848 2.2290661334991455 93
1679935292082 0.2328019142150879 94
1679935294359 2.2790653705596924 95
1679935294590 0.22717642784118652 96
1679935296826 2.2417283058166504 97
1679935297053 0.22606849670410156 98
1679935299289 2.2330315113067627 99
1679935299523 0.23627781867980957 100
1679935301788 2.300238609313965 101
1679935302082 0.2494981288909912 102
1679935304561 2.522155523300171 103
1679935304801 0.20079517364501953 104
1679935307208 2.446099281311035 105
1679935307492 0.2119302749633789 106
1679935309941 2.4849836826324463 107
1679935310157 0.2179563045501709 108
1679935312658 2.4919097423553467 109
1679935312951 0.2966451644897461 110
1679935315442 2.4895641803741455 111
1679935315682 0.2390913963317871 112
1679935318101 2.4269678592681885 113
1679935318370 0.26777124404907227 114
1679935320679 2.3080921173095703 115
1679935320900 0.22489523887634277 116
1679935323197 2.2921371459960938 117
1679935323438 0.2399611473083496 118
1679935325760 2.325063467025757 119
1679935325979 0.21996641159057617 120
1679935328191 2.2107245922088623 121
1679935328417 0.22479581832885742 122
1679935330703 2.291689157485962 123
1679935330923 0.21865558624267578 124
1679935333219 2.28916072845459 125
1679935333456 0.23087430000305176 126
1679935335820 2.3729069232940674 127
1679935336054 0.2300410270690918 128
1679935338484 2.4322195053100586 129
1679935338706 0.22681403160095215 130
1679935340947 2.2381176948547363 131
1679935341177 0.23035407066345215 132
1679935343711 2.5294103622436523 133
1679935343997 0.28824853897094727 134
1679935346492 2.498021364212036 135
1679935346711 0.21868467330932617 136
1679935349022 2.3100616931915283 137
1679935349270 0.2495567798614502 138
1679935351548 2.278449058532715 139
1679935351769 0.21617746353149414 140
1679935354156 2.389080286026001 141
1679935354387 0.2337942123413086 142
1679935356687 2.300179958343506 143
1679935356913 0.22074341773986816 144
1679935359143 2.234276056289673 145
1679935359353 0.21182584762573242 146
1679935361613 2.2569639682769775 147
1679935361835 0.22318816184997559 148
1679935364148 2.3118155002593994 149
1679935364369 0.22202467918395996 150
1679935366697 2.327989339828491 151
1679935366928 0.22896146774291992 152
1679935369179 2.2528698444366455 153
1679935369399 0.22022676467895508 154
1679935371905 2.5000951290130615 155
1679935372176 0.2668619155883789 156
1679935374728 2.5489816665649414 157
1679935375030 0.3040895462036133 158
1679935377369 2.347872257232666 159
1679935377597 0.2273869514465332 160
1679935379902 2.3086957931518555 161
1679935380209 0.3009331226348877 162
1679935382517 2.312791347503662 163
1679935382739 0.22317028045654297 164
1679935384996 2.2560389041900635 165
1679935385254 0.25484538078308105 166
1679935387517 2.265237331390381 167
1679935387752 0.22995471954345703 168
1679935390019 2.269928455352783 169
1679935390269 0.25010156631469727 170
1679935392530 2.2568461894989014 171
1679935392782 0.2569115161895752 172
1679935395086 2.3020784854888916 173
1679935395346 0.25522637367248535 174
1679935397684 2.3399498462677 175
1679935397922 0.23498964309692383 176
1679935400207 2.292865037918091 177
1679935400449 0.23794984817504883 178
1679935403074 2.6178500652313232 179
1679935403329 0.25781846046447754 180
1679935405862 2.5404834747314453 181
1679935406106 0.24160337448120117 182
1679935408338 2.232257843017578 183
1679935408560 0.2240152359008789 184
1679935410891 2.33292555809021 185
1679935411154 0.25443530082702637 186
1679935413540 2.382514715194702 187
1679935413800 0.2602100372314453 188
1679935416411 2.6119601726531982 189
1679935416702 0.2903904914855957 190
1679935419134 2.4424071311950684 191
1679935419357 0.2241077423095703 192
1679935421595 2.2371132373809814 193
1679935421849 0.25242042541503906 194
1679935424044 2.195180892944336 195
1679935424272 0.23021245002746582 196
1679935426549 2.274360179901123 197
1679935426782 0.23447489738464355 198
1679935429079 2.2943737506866455 199
1679935429310 0.2317667007446289 200
1679935431698 2.3791489601135254 201
1679935431956 0.2555882930755615 202
1679935434568 2.6163713932037354 203
1679935434828 0.25899839401245117 204
1679935437206 2.388108968734741 205
1679935437463 0.2558324337005615 206
1679935439711 2.2461442947387695 207
1679935439941 0.22701501846313477 208
1679935442287 2.3488166332244873 209
1679935442526 0.2409980297088623 210
1679935444790 2.2640414237976074 211
1679935445023 0.23387455940246582 212
1679935447308 2.275228500366211 213
1679935447562 0.25401878356933594 214
1679935449858 2.306530237197876 215
1679935450078 0.21788525581359863 216
1679935452384 2.304403305053711 217
1679935452636 0.2512242794036865 218
1679935454890 2.2568089962005615 219
1679935455125 0.23595213890075684 220
1679935457521 2.384166717529297 221
1679935457765 0.24998950958251953 222
1679935460136 2.373638868331909 223
1679935460363 0.22217845916748047 224
1679935462916 2.549696445465088 225
1679935463196 0.27716922760009766 226
1679935465759 2.5671980381011963 227
1679935466010 0.25315308570861816 228
1679935468246 2.2402546405792236 229
1679935468521 0.2696690559387207 230
1679935470804 2.2801625728607178 231
1679935471027 0.22868943214416504 232
1679935473336 2.3081371784210205 233
1679935473600 0.26514387130737305 234
1679935475939 2.3385367393493652 235
1679935476164 0.2262711524963379 236
1679935478433 2.2677958011627197 237
1679935478678 0.24528002738952637 238
1679935481027 2.3407695293426514 239
1679935481275 0.24920248985290527 240
1679935483537 2.268951177597046 241
1679935483803 0.26596999168395996 242
1679935486073 2.274294376373291 243
1679935486301 0.22672414779663086 244
1679935488586 2.2869417667388916 245
1679935488866 0.26775097846984863 246
1679935491157 2.3023531436920166 247
1679935491387 0.22882485389709473 248
1679935493891 2.4952168464660645 249
1679935494186 0.29236292839050293 250
1679935496762 2.577637195587158 251
1679935497023 0.256472110748291 252
1679935499282 2.2719004154205322 253
1679935499569 0.2857022285461426 254
1679935501869 2.2987027168273926 255
1679935502099 0.23319721221923828 256
1679935504349 2.2498655319213867 257
1679935504609 0.2564351558685303 258
1679935506926 2.317511558532715 259
1679935507156 0.23098421096801758 260
1679935509402 2.2480947971343994 261
1679935509668 0.26602840423583984 262
1679935511897 2.230339765548706 263
1679935512129 0.2297663688659668 264
1679935514359 2.233895778656006 265
1679935514611 0.24801969528198242 266
1679935516884 2.2699148654937744 267
1679935517128 0.2264862060546875 268
1679935519409 2.3024752140045166 269
1679935519630 0.2211155891418457 270
1679935522050 2.404973268508911 271
1679935522307 0.2629373073577881 272
1679935524903 2.5970301628112793 273
1679935525218 0.31275510787963867 274
1679935527645 2.4289093017578125 275
1679935527879 0.23741507530212402 276
1679935530136 2.2596230506896973 277
1679935530394 0.2529137134552002 278
1679935532689 2.3023316860198975 279
1679935532920 0.22893953323364258 280
1679935535182 2.266951084136963 281
1679935535485 0.29715633392333984 282
1679935537768 2.283238172531128 283
1679935538014 0.2452692985534668 284
1679935540273 2.2604939937591553 285
1679935540539 0.26703357696533203 286
1679935542879 2.3379743099212646 287
1679935543124 0.24692487716674805 288
1679935545309 2.1830949783325195 289
1679935545594 0.2860722541809082 290
1679935547848 2.255681037902832 291
1679935548125 0.2717442512512207 292
1679935550422 2.3008787631988525 293
1679935550682 0.25557732582092285 294
1679935553203 2.5198004245758057 295
1679935553465 0.26466870307922363 296
1679935556065 2.5878195762634277 297
1679935556328 0.2795588970184326 298
1679935558601 2.2721261978149414 299
1679935558834 0.22872710227966309 300
1679935558989 0.16003894805908203 301
