1679700892167 0.0 1
1679700892410 0.0 2
1679700893223 0.0 3
1679700893372 0.0 4
1679700894175 0.0 5
1679700894322 0.0 6
1679700895136 0.0 7
1679700895358 0.0 8
1679700896159 0.0 9
1679700896311 0.0 10
1679700897142 0.0 11
1679700897291 0.0 12
1679700898119 0.0 13
1679700898343 0.0 14
1679700899168 0.0 15
1679700899316 0.0 16
1679700900117 0.0 17
1679700900285 0.0 18
1679700901136 0.0 19
1679700901361 0.0 20
1679700902192 0.0 21
1679700902349 0.0 22
1679700903188 0.0 23
1679700903343 0.0 24
1679700904161 0.0 25
1679700904383 0.0 26
1679700905218 0.0 27
1679700905380 0.0 28
1679700906227 0.0 29
1679700906385 0.0 30
1679700907243 0.0 31
1679700907480 0.0 32
1679700908359 0.0 33
1679700908516 0.0 34
1679700909367 0.0 35
1679700909521 0.0 36
1679700910360 0.0 37
1679700910586 0.0 38
1679700911434 0.0 39
1679700911608 0.0 40
1679700912461 0.0 41
1679700912619 0.0 42
1679700913475 0.0 43
1679700913707 0.0 44
1679700914525 0.0 45
1679700914679 0.0 46
1679700915459 0.0 47
1679700915611 0.0 48
1679700916413 0.0 49
1679700916638 0.0 50
1679700917470 0.0 51
1679700917622 0.0 52
1679700918446 0.0 53
1679700918614 0.0 54
1679700919461 0.0 55
1679700919684 0.0 56
1679700920507 0.0 57
1679700920660 0.0 58
1679700921543 0.0 59
1679700921695 0.0 60
1679700922540 0.0 61
1679700922771 0.0 62
1679700923604 0.0 63
1679700923761 0.0 64
1679700924595 0.0 65
1679700924751 0.0 66
1679700925601 0.0 67
1679700925837 0.0 68
1679700926682 0.0 69
1679700926840 0.0 70
1679700927687 0.0 71
1679700927844 0.0 72
1679700928680 0.0 73
1679700928931 0.0 74
1679700929771 0.0 75
1679700929930 0.0 76
1679700930746 0.0 77
1679700930903 0.0 78
1679700931748 0.0 79
1679700931981 0.0 80
1679700932840 0.0 81
1679700932996 0.0 82
1679700933856 0.0 83
1679700934028 0.0 84
1679700934878 0.0 85
1679700935113 0.0 86
1679700935966 0.0 87
1679700936122 0.0 88
1679700936948 0.0 89
1679700937100 0.0 90
1679700937939 0.0 91
1679700938165 0.0 92
1679700938971 0.0 93
1679700939133 0.0 94
1679700939949 0.0 95
1679700940104 0.0 96
1679700940916 0.0 97
1679700941146 0.0 98
1679700941990 0.0 99
1679700942145 0.0 100
1679700942980 0.0 101
1679700943133 0.0 102
1679700943954 0.0 103
1679700944186 0.0 104
1679700945046 0.0 105
1679700945175 0.0 106
1679700946014 0.0 107
1679700946169 0.0 108
1679700946996 0.0 109
1679700947232 0.0 110
1679700948095 0.0 111
1679700948248 0.0 112
1679700949086 0.0 113
1679700949238 0.0 114
1679700950079 0.0 115
1679700950307 0.0 116
1679700951122 0.0 117
1679700951280 0.0 118
1679700952100 0.0 119
1679700952258 0.0 120
1679700953122 0.0 121
1679700953350 0.0 122
1679700954174 0.0 123
1679700954329 0.0 124
1679700955151 0.0 125
1679700955307 0.0 126
1679700956117 0.0 127
1679700956344 0.0 128
1679700957165 0.0 129
1679700957320 0.0 130
1679700958160 0.0 131
1679700958315 0.0 132
1679700959167 0.0 133
1679700959403 0.0 134
1679700960253 0.0 135
1679700960420 0.0 136
1679700961272 0.0 137
1679700961436 0.0 138
1679700962283 0.0 139
1679700962519 0.0 140
1679700963361 0.0 141
1679700963523 0.0 142
1679700964369 0.0 143
1679700964528 0.0 144
1679700965394 0.0 145
1679700965627 0.0 146
1679700966471 0.0 147
1679700966634 0.0 148
1679700967469 0.0 149
1679700967627 0.0 150
1679700968480 0.0 151
1679700968714 0.0 152
1679700969551 0.0 153
1679700969719 0.0 154
1679700970550 0.0 155
1679700970715 0.0 156
1679700971547 0.0 157
1679700971780 0.0 158
1679700972630 0.0 159
1679700972795 0.0 160
1679700973698 0.0 161
1679700973857 0.0 162
1679700974699 0.0 163
1679700974952 0.0 164
1679700975756 0.0 165
1679700975914 0.0 166
1679700976747 0.0 167
1679700976910 0.0 168
1679700977740 0.0 169
1679700977993 0.0 170
1679700978866 0.0 171
1679700979032 0.0 172
1679700979880 0.0 173
1679700980055 0.0 174
1679700980905 0.0 175
1679700981148 0.0 176
1679700982010 0.0 177
1679700982177 0.0 178
1679700983024 0.0 179
1679700983190 0.0 180
1679700984045 0.0 181
1679700984281 0.0 182
1679700985155 0.0 183
1679700985332 0.0 184
1679700986200 0.0 185
1679700986360 0.0 186
1679700987208 0.0 187
1679700987447 0.0 188
1679700988283 0.0 189
1679700988451 0.0 190
1679700989309 0.0 191
1679700989476 0.0 192
1679700990295 0.0 193
1679700990540 0.0 194
1679700991387 0.0 195
1679700991551 0.0 196
1679700992380 0.0 197
1679700992543 0.0 198
1679700993373 0.0 199
1679700993623 0.0 200
1679700994491 0.0 201
1679700994654 0.0 202
1679700995469 0.0 203
1679700995637 0.0 204
1679700996491 0.0 205
1679700996724 0.0 206
1679700997554 0.0 207
1679700997720 0.0 208
1679700998559 0.0 209
1679700998726 0.0 210
1679700999635 0.0 211
1679700999884 0.0 212
1679701000742 0.0 213
1679701000917 0.0 214
1679701001761 0.0 215
1679701001925 0.0 216
1679701002764 0.0 217
1679701003007 0.0 218
1679701003852 0.0 219
1679701004024 0.0 220
1679701004872 0.0 221
1679701005038 0.0 222
1679701005851 0.0 223
1679701006114 0.0 224
1679701006962 0.0 225
1679701007127 0.0 226
1679701007986 0.0 227
1679701008152 0.0 228
1679701009017 0.0 229
1679701009281 0.0 230
1679701010171 0.0 231
1679701010341 0.0 232
1679701011219 0.0 233
1679701011397 0.0 234
1679701012274 0.0 235
1679701012516 0.0 236
1679701013353 0.0 237
1679701013520 0.0 238
1679701014353 0.0 239
1679701014524 0.0 240
1679701015373 0.0 241
1679701015614 0.0 242
1679701016464 0.0 243
1679701016634 0.0 244
1679701017481 0.0 245
1679701017651 0.0 246
1679701018503 0.0 247
1679701018745 0.0 248
1679701019593 0.0 249
1679701019767 0.0 250
1679701020607 0.0 251
1679701020770 0.0 252
1679701021622 0.0 253
1679701021888 0.0 254
1679701022768 0.0 255
1679701022939 0.0 256
1679701023808 0.0 257
1679701023977 0.0 258
1679701024830 0.0 259
1679701025080 0.0 260
1679701025935 0.0 261
1679701026102 0.0 262
1679701026944 0.0 263
1679701027125 0.0 264
1679701027987 0.0 265
1679701028229 0.0 266
1679701029074 0.0 267
1679701029239 0.0 268
1679701030097 0.0 269
1679701030300 0.0 270
1679701031175 0.0 271
1679701031420 0.0 272
1679701032285 0.0 273
1679701032454 0.0 274
1679701033312 0.0 275
1679701033475 0.0 276
1679701034318 0.0 277
1679701034557 0.0 278
1679701035373 0.0 279
1679701035547 0.0 280
1679701036421 0.0 281
1679701036588 0.0 282
1679701037439 0.0 283
1679701037701 0.0 284
1679701038548 0.0 285
1679701038719 0.0 286
1679701039613 0.0 287
1679701039791 0.0 288
1679701040626 0.0 289
1679701040874 0.0 290
1679701041727 0.0 291
1679701041898 0.0 292
1679701042744 0.0 293
1679701042920 0.0 294
1679701043798 0.0 295
1679701044046 0.0 296
1679701044924 0.0 297
1679701045097 0.0 298
1679701045967 0.0 299
1679701046145 0.0 300
1679701046268 0.0 301
