1679700892170 1679700892.0 1
1679700892414 1679700892.0 2
1679700893225 1679700893.0 3
1679700893375 1679700893.0 4
1679700894177 1679700894.0 5
1679700894324 1679700894.0 6
1679700895138 1679700895.0 7
1679700895361 1679700895.0 8
1679700896162 1679700896.0 9
1679700896314 1679700896.0 10
1679700897144 1679700897.0 11
1679700897294 1679700897.0 12
1679700898121 1679700898.0 13
1679700898345 1679700898.0 14
1679700899170 1679700899.0 15
1679700899319 1679700899.0 16
1679700900120 1679700900.0 17
1679700900288 1679700900.0 18
1679700901138 1679700901.0 19
1679700901364 1679700901.0 20
1679700902194 1679700902.0 21
1679700902352 1679700902.0 22
1679700903190 1679700903.0 23
1679700903345 1679700903.0 24
1679700904164 1679700904.0 25
1679700904385 1679700904.0 26
1679700905228 1679700905.0 27
1679700905382 1679700905.0 28
1679700906230 1679700906.0 29
1679700906387 1679700906.0 30
1679700907246 1679700907.0 31
1679700907482 1679700907.0 32
1679700908361 1679700908.0 33
1679700908519 1679700908.0 34
1679700909370 1679700909.0 35
1679700909523 1679700909.0 36
1679700910363 1679700910.0 37
1679700910589 1679700910.0 38
1679700911436 1679700911.0 39
1679700911610 1679700911.0 40
1679700912464 1679700912.0 41
1679700912623 1679700912.0 42
1679700913477 1679700913.0 43
1679700913710 1679700913.0 44
1679700914528 1679700914.0 45
1679700914682 1679700914.0 46
1679700915462 1679700915.0 47
1679700915613 1679700915.0 48
1679700916416 1679700916.0 49
1679700916640 1679700916.0 50
1679700917473 1679700917.0 51
1679700917625 1679700917.0 52
1679700918449 1679700918.0 53
1679700918617 1679700918.0 54
1679700919464 1679700919.0 55
1679700919687 1679700919.0 56
1679700920510 1679700920.0 57
1679700920663 1679700920.0 58
1679700921545 1679700921.0 59
1679700921698 1679700921.0 60
1679700922543 1679700922.0 61
1679700922774 1679700922.0 62
1679700923606 1679700923.0 63
1679700923764 1679700923.0 64
1679700924597 1679700924.0 65
1679700924754 1679700924.0 66
1679700925604 1679700925.0 67
1679700925840 1679700925.0 68
1679700926684 1679700926.0 69
1679700926843 1679700926.0 70
1679700927689 1679700927.0 71
1679700927847 1679700927.0 72
1679700928683 1679700928.0 73
1679700928934 1679700928.0 74
1679700929774 1679700929.0 75
1679700929933 1679700929.0 76
1679700930749 1679700930.0 77
1679700930905 1679700930.0 78
1679700931751 1679700931.0 79
1679700931984 1679700931.0 80
1679700932842 1679700932.0 81
1679700932999 1679700932.0 82
1679700933857 1679700933.0 83
1679700934031 1679700933.0 84
1679700934881 1679700934.0 85
1679700935116 1679700935.0 86
1679700935968 1679700935.0 87
1679700936124 1679700936.0 88
1679700936951 1679700936.0 89
1679700937102 1679700937.0 90
1679700937942 1679700937.0 91
1679700938168 1679700938.0 92
1679700938974 1679700938.0 93
1679700939135 1679700939.0 94
1679700939951 1679700939.0 95
1679700940106 1679700940.0 96
1679700940919 1679700940.0 97
1679700941148 1679700941.0 98
1679700941992 1679700941.0 99
1679700942145 1679700942.0 100
1679700942982 1679700942.0 101
1679700943136 1679700943.0 102
1679700943957 1679700943.0 103
1679700944189 1679700944.0 104
1679700945048 1679700945.0 105
1679700945177 1679700945.0 106
1679700946016 1679700945.0 107
1679700946171 1679700946.0 108
1679700946998 1679700946.0 109
1679700947235 1679700947.0 110
1679700948098 1679700948.0 111
1679700948250 1679700948.0 112
1679700949088 1679700949.0 113
1679700949241 1679700949.0 114
1679700950082 1679700950.0 115
1679700950310 1679700950.0 116
1679700951124 1679700951.0 117
1679700951282 1679700951.0 118
1679700952102 1679700952.0 119
1679700952261 1679700952.0 120
1679700953125 1679700953.0 121
1679700953353 1679700953.0 122
1679700954177 1679700954.0 123
1679700954332 1679700954.0 124
1679700955154 1679700955.0 125
1679700955310 1679700955.0 126
1679700956120 1679700956.0 127
1679700956347 1679700956.0 128
1679700957167 1679700957.0 129
1679700957323 1679700957.0 130
1679700958162 1679700958.0 131
1679700958318 1679700958.0 132
1679700959169 1679700959.0 133
1679700959405 1679700959.0 134
1679700960255 1679700960.0 135
1679700960423 1679700960.0 136
1679700961275 1679700961.0 137
1679700961439 1679700961.0 138
1679700962285 1679700962.0 139
1679700962521 1679700962.0 140
1679700963364 1679700963.0 141
1679700963526 1679700963.0 142
1679700964372 1679700964.0 143
1679700964530 1679700964.0 144
1679700965397 1679700965.0 145
1679700965630 1679700965.0 146
1679700966473 1679700966.0 147
1679700966637 1679700966.0 148
1679700967472 1679700967.0 149
1679700967629 1679700967.0 150
1679700968483 1679700968.0 151
1679700968717 1679700968.0 152
1679700969553 1679700969.0 153
1679700969721 1679700969.0 154
1679700970552 1679700970.0 155
1679700970717 1679700970.0 156
1679700971550 1679700971.0 157
1679700971783 1679700971.0 158
1679700972633 1679700972.0 159
1679700972797 1679700972.0 160
1679700973701 1679700973.0 161
1679700973859 1679700973.0 162
1679700974701 1679700974.0 163
1679700974954 1679700974.0 164
1679700975758 1679700975.0 165
1679700975916 1679700975.0 166
1679700976750 1679700976.0 167
1679700976912 1679700976.0 168
1679700977743 1679700977.0 169
1679700977995 1679700977.0 170
1679700978868 1679700978.0 171
1679700979035 1679700978.0 172
1679700979883 1679700979.0 173
1679700980058 1679700980.0 174
1679700980908 1679700980.0 175
1679700981150 1679700981.0 176
1679700982014 1679700981.0 177
1679700982180 1679700982.0 178
1679700983026 1679700982.0 179
1679700983192 1679700983.0 180
1679700984048 1679700983.0 181
1679700984284 1679700984.0 182
1679700985158 1679700985.0 183
1679700985334 1679700985.0 184
1679700986202 1679700986.0 185
1679700986362 1679700986.0 186
1679700987210 1679700987.0 187
1679700987449 1679700987.0 188
1679700988284 1679700988.0 189
1679700988453 1679700988.0 190
1679700989312 1679700989.0 191
1679700989479 1679700989.0 192
1679700990298 1679700990.0 193
1679700990542 1679700990.0 194
1679700991390 1679700991.0 195
1679700991553 1679700991.0 196
1679700992383 1679700992.0 197
1679700992546 1679700992.0 198
1679700993375 1679700993.0 199
1679700993626 1679700993.0 200
1679700994493 1679700994.0 201
1679700994656 1679700994.0 202
1679700995472 1679700995.0 203
1679700995640 1679700995.0 204
1679700996494 1679700996.0 205
1679700996727 1679700996.0 206
1679700997557 1679700997.0 207
1679700997722 1679700997.0 208
1679700998562 1679700998.0 209
1679700998728 1679700998.0 210
1679700999637 1679700999.0 211
1679700999887 1679700999.0 212
1679701000745 1679701000.0 213
1679701000920 1679701000.0 214
1679701001764 1679701001.0 215
1679701001927 1679701001.0 216
1679701002767 1679701002.0 217
1679701003010 1679701002.0 218
1679701003855 1679701003.0 219
1679701004027 1679701003.0 220
1679701004877 1679701004.0 221
1679701005040 1679701004.0 222
1679701005853 1679701005.0 223
1679701006117 1679701006.0 224
1679701006964 1679701006.0 225
1679701007129 1679701007.0 226
1679701007989 1679701007.0 227
1679701008154 1679701008.0 228
1679701009020 1679701008.0 229
1679701009284 1679701009.0 230
1679701010173 1679701010.0 231
1679701010344 1679701010.0 232
1679701011221 1679701011.0 233
1679701011400 1679701011.0 234
1679701012276 1679701012.0 235
1679701012519 1679701012.0 236
1679701013356 1679701013.0 237
1679701013523 1679701013.0 238
1679701014355 1679701014.0 239
1679701014527 1679701014.0 240
1679701015376 1679701015.0 241
1679701015616 1679701015.0 242
1679701016466 1679701016.0 243
1679701016637 1679701016.0 244
1679701017483 1679701017.0 245
1679701017654 1679701017.0 246
1679701018506 1679701018.0 247
1679701018747 1679701018.0 248
1679701019595 1679701019.0 249
1679701019770 1679701019.0 250
1679701020609 1679701020.0 251
1679701020772 1679701020.0 252
1679701021624 1679701021.0 253
1679701021891 1679701021.0 254
1679701022771 1679701022.0 255
1679701022941 1679701022.0 256
1679701023810 1679701023.0 257
1679701023979 1679701023.0 258
1679701024833 1679701024.0 259
1679701025082 1679701025.0 260
1679701025937 1679701025.0 261
1679701026105 1679701026.0 262
1679701026947 1679701026.0 263
1679701027129 1679701027.0 264
1679701027989 1679701027.0 265
1679701028232 1679701028.0 266
1679701029077 1679701029.0 267
1679701029242 1679701029.0 268
1679701030099 1679701030.0 269
1679701030302 1679701030.0 270
1679701031178 1679701031.0 271
1679701031423 1679701031.0 272
1679701032288 1679701032.0 273
1679701032457 1679701032.0 274
1679701033314 1679701033.0 275
1679701033477 1679701033.0 276
1679701034321 1679701034.0 277
1679701034559 1679701034.0 278
1679701035376 1679701035.0 279
1679701035549 1679701035.0 280
1679701036424 1679701036.0 281
1679701036591 1679701036.0 282
1679701037441 1679701037.0 283
1679701037704 1679701037.0 284
1679701038549 1679701038.0 285
1679701038721 1679701038.0 286
1679701039615 1679701039.0 287
1679701039793 1679701039.0 288
1679701040628 1679701040.0 289
1679701040877 1679701040.0 290
1679701041729 1679701041.0 291
1679701041901 1679701041.0 292
1679701042746 1679701042.0 293
1679701042923 1679701042.0 294
1679701043800 1679701043.0 295
1679701044048 1679701043.0 296
1679701044926 1679701044.0 297
1679701045100 1679701045.0 298
1679701045969 1679701045.0 299
1679701046149 1679701046.0 300
1679701046271 1679701046.0 301
