1679777317597 1.0 1
1679777317801 2.0 2
1679777319264 3.0 3
1679777319447 4.0 4
1679777320885 5.0 5
1679777321081 6.0 6
1679777322446 7.0 7
1679777322630 8.0 8
1679777324098 9.0 9
1679777324281 10.0 10
1679777325604 11.0 11
1679777325786 12.0 12
1679777327117 13.0 13
1679777327380 14.0 14
1679777328747 15.0 15
1679777328945 16.0 16
1679777330260 17.0 17
1679777330433 18.0 18
1679777331784 19.0 19
1679777331983 20.0 20
1679777333500 21.0 21
1679777333705 22.0 22
1679777335183 23.0 23
1679777335503 24.0 24
1679777337033 25.0 25
1679777337216 26.0 26
1679777338603 27.0 27
1679777338796 28.0 28
1679777340148 29.0 29
1679777340334 30.0 30
1679777341720 31.0 31
1679777341909 32.0 32
1679777343266 33.0 33
1679777343531 34.0 34
1679777344897 35.0 35
1679777345081 36.0 36
1679777346403 37.0 37
1679777346597 38.0 38
1679777348027 39.0 39
1679777348217 40.0 40
1679777349588 41.0 41
1679777349779 42.0 42
1679777351143 43.0 43
1679777351325 44.0 44
1679777352584 45.0 45
1679777352776 46.0 46
1679777354149 47.0 47
1679777354333 48.0 48
1679777355696 49.0 49
1679777355905 50.0 50
1679777357427 51.0 51
1679777357638 52.0 52
1679777359313 53.0 53
1679777359526 54.0 54
1679777361000 55.0 55
1679777361208 56.0 56
1679777362923 57.0 57
1679777363169 58.0 58
1679777364798 59.0 59
1679777365012 60.0 60
1679777366596 61.0 61
1679777366822 62.0 62
1679777368416 63.0 63
1679777368682 64.0 64
1679777370294 65.0 65
1679777370511 66.0 66
1679777371902 67.0 67
1679777372083 68.0 68
1679777373407 69.0 69
1679777373613 70.0 70
1679777375039 71.0 71
1679777375231 72.0 72
1679777376771 73.0 73
1679777376968 74.0 74
1679777378378 75.0 75
1679777378569 76.0 76
1679777379976 77.0 77
1679777380204 78.0 78
1679777381682 79.0 79
1679777381879 80.0 80
1679777383316 81.0 81
1679777383506 82.0 82
1679777385172 83.0 83
1679777385396 84.0 84
1679777386976 85.0 85
1679777387191 86.0 86
1679777388727 87.0 87
1679777388941 88.0 88
1679777390339 89.0 89
1679777390550 90.0 90
1679777392095 91.0 91
1679777392353 92.0 92
1679777393997 93.0 93
1679777394208 94.0 94
1679777395658 95.0 95
1679777395896 96.0 96
1679777397465 97.0 97
1679777397657 98.0 98
1679777399079 99.0 99
1679777399276 100.0 100
1679777400628 101.0 101
1679777400822 102.0 102
1679777402345 103.0 103
1679777402539 104.0 104
1679777403849 105.0 105
1679777404035 106.0 106
1679777405413 107.0 107
1679777405646 108.0 108
1679777407086 109.0 109
1679777407303 110.0 110
1679777408898 111.0 111
1679777409105 112.0 112
1679777410593 113.0 113
1679777410779 114.0 114
1679777412149 115.0 115
1679777412420 116.0 116
1679777414217 117.0 117
1679777414485 118.0 118
1679777416423 119.0 119
1679777416703 120.0 120
1679777418546 121.0 121
1679777418857 122.0 122
1679777421075 123.0 123
1679777421450 124.0 124
1679777423613 125.0 125
1679777423977 126.0 126
1679777425955 127.0 127
1679777426224 128.0 128
1679777427732 129.0 129
1679777427928 130.0 130
1679777429300 131.0 131
1679777429538 132.0 132
1679777431060 133.0 133
1679777431265 134.0 134
1679777432598 135.0 135
1679777432781 136.0 136
1679777434161 137.0 137
1679777434360 138.0 138
1679777436031 139.0 139
1679777436236 140.0 140
1679777437716 141.0 141
1679777438026 142.0 142
1679777439535 143.0 143
1679777439768 144.0 144
1679777441897 145.0 145
1679777442168 146.0 146
1679777443881 147.0 147
1679777444105 148.0 148
1679777445831 149.0 149
1679777446068 150.0 150
1679777447693 151.0 151
1679777447984 152.0 152
1679777449450 153.0 153
1679777449648 154.0 154
1679777451012 155.0 155
1679777451230 156.0 156
1679777452735 157.0 157
1679777452931 158.0 158
1679777454365 159.0 159
1679777454572 160.0 160
1679777456431 161.0 161
1679777456819 162.0 162
1679777458932 163.0 163
1679777459241 164.0 164
1679777461409 165.0 165
1679777461689 166.0 166
1679777463321 167.0 167
1679777463527 168.0 168
1679777464947 169.0 169
1679777465160 170.0 170
1679777466675 171.0 171
1679777466875 172.0 172
1679777468392 173.0 173
1679777468589 174.0 174
1679777469959 175.0 175
1679777470173 176.0 176
1679777471555 177.0 177
1679777471737 178.0 178
1679777473036 179.0 179
1679777473242 180.0 180
1679777474752 181.0 181
1679777474951 182.0 182
1679777476321 183.0 183
1679777476508 184.0 184
1679777477840 185.0 185
1679777478031 186.0 186
1679777479369 187.0 187
1679777479569 188.0 188
1679777481059 189.0 189
1679777481296 190.0 190
1679777483289 191.0 191
1679777483564 192.0 192
1679777485170 193.0 193
1679777485412 194.0 194
1679777487421 195.0 195
1679777487675 196.0 196
1679777489701 197.0 197
1679777489916 198.0 198
1679777491431 199.0 199
1679777491653 200.0 200
1679777493347 201.0 201
1679777493618 202.0 202
1679777495634 203.0 203
1679777495968 204.0 204
1679777497743 205.0 205
1679777497984 206.0 206
1679777499652 207.0 207
1679777499887 208.0 208
1679777501410 209.0 209
1679777501622 210.0 210
1679777503165 211.0 211
1679777503455 212.0 212
1679777505004 213.0 213
1679777505199 214.0 214
1679777506633 215.0 215
1679777506844 216.0 216
1679777508276 217.0 217
1679777508534 218.0 218
1679777510013 219.0 219
1679777510214 220.0 220
1679777511669 221.0 221
1679777511858 222.0 222
1679777513315 223.0 223
1679777513593 224.0 224
1679777515232 225.0 225
1679777515482 226.0 226
1679777517092 227.0 227
1679777517327 228.0 228
1679777518863 229.0 229
1679777519089 230.0 230
1679777520807 231.0 231
1679777521043 232.0 232
1679777522418 233.0 233
1679777522613 234.0 234
1679777523997 235.0 235
1679777524255 236.0 236
1679777525673 237.0 237
1679777525878 238.0 238
1679777527249 239.0 239
1679777527450 240.0 240
1679777528959 241.0 241
1679777529171 242.0 242
1679777530900 243.0 243
1679777531172 244.0 244
1679777532694 245.0 245
1679777532928 246.0 246
1679777534579 247.0 247
1679777534861 248.0 248
1679777536520 249.0 249
1679777536730 250.0 250
1679777538355 251.0 251
1679777538583 252.0 252
1679777540074 253.0 253
1679777540327 254.0 254
1679777541984 255.0 255
1679777542241 256.0 256
1679777543783 257.0 257
1679777544004 258.0 258
1679777545496 259.0 259
1679777545737 260.0 260
1679777547403 261.0 261
1679777547607 262.0 262
1679777548974 263.0 263
1679777549170 264.0 264
1679777550487 265.0 265
1679777550677 266.0 266
1679777552105 267.0 267
1679777552307 268.0 268
1679777553661 269.0 269
1679777553939 270.0 270
1679777555254 271.0 271
1679777555450 272.0 272
1679777556841 273.0 273
1679777557052 274.0 274
1679777558461 275.0 275
1679777558664 276.0 276
1679777560017 277.0 277
1679777560240 278.0 278
1679777561632 279.0 279
1679777561898 280.0 280
1679777563309 281.0 281
1679777563509 282.0 282
1679777565092 283.0 283
1679777565321 284.0 284
1679777566795 285.0 285
1679777567022 286.0 286
1679777568624 287.0 287
1679777568867 288.0 288
1679777570565 289.0 289
1679777570870 290.0 290
1679777572349 291.0 291
1679777572600 292.0 292
1679777574168 293.0 293
1679777574362 294.0 294
1679777575879 295.0 295
1679777576074 296.0 296
1679777577484 297.0 297
1679777577743 298.0 298
1679777579384 299.0 299
1679777579602 300.0 300
1679777579768 301.0 301
