1679777317590 3.802483081817627 1
1679777317793 3.9916648864746094 2
1679777319257 5.462660074234009 3
1679777319442 5.648419141769409 4
1679777320878 7.084394931793213 5
1679777321075 7.281355381011963 6
1679777322440 8.649397134780884 7
1679777322625 8.830377101898193 8
1679777324093 10.299430131912231 9
1679777324275 10.47958755493164 10
1679777325598 11.80562448501587 11
1679777325781 11.98935079574585 12
1679777327111 13.317523002624512 13
1679777327374 13.58038330078125 14
1679777328742 14.947410821914673 15
1679777328938 15.137913465499878 16
1679777330254 16.457972049713135 17
1679777330428 16.634547233581543 18
1679777331776 17.97941780090332 19
1679777331977 18.17823028564453 20
1679777333492 19.685585737228394 21
1679777333699 19.897749423980713 22
1679777335177 21.37366557121277 23
1679777335497 21.693399667739868 24
1679777337027 23.230412006378174 25
1679777337210 23.41682529449463 26
1679777338598 24.79448962211609 27
1679777338791 24.98757243156433 28
1679777340142 26.34549045562744 29
1679777340329 26.527737855911255 30
1679777341713 27.91449546813965 31
1679777341903 28.10642409324646 32
1679777343261 29.464759588241577 33
1679777343525 29.723289966583252 34
1679777344889 31.08823275566101 35
1679777345075 31.279353857040405 36
1679777346398 32.59644341468811 37
1679777346591 32.79243445396423 38
1679777348021 34.21544885635376 39
1679777348212 34.41444778442383 40
1679777349583 35.788355350494385 41
1679777349773 35.974557876586914 42
1679777351137 37.33932852745056 43
1679777351319 37.523287296295166 44
1679777352580 38.78238248825073 45
1679777352770 38.97133779525757 46
1679777354144 40.34335279464722 47
1679777354328 40.53328204154968 48
1679777355690 41.89335751533508 49
1679777355898 42.09052753448486 50
1679777357421 43.61787557601929 51
1679777357631 43.823296785354614 52
1679777359307 45.54015588760376 53
1679777359520 45.71104669570923 54
1679777360994 47.189390897750854 55
1679777361202 47.397850036621094 56
1679777362916 49.10818934440613 57
1679777363163 49.34535074234009 58
1679777364791 50.98263239860535 59
1679777365006 51.198944330215454 60
1679777366589 52.77722358703613 61
1679777366815 53.007333517074585 62
1679777368409 54.61322855949402 63
1679777368675 54.853450775146484 64
1679777370288 56.477805376052856 65
1679777370505 56.69126057624817 66
1679777371896 58.0974223613739 67
1679777372077 58.27831482887268 68
1679777373401 59.60223937034607 69
1679777373607 59.8014600276947 70
1679777375033 61.23464298248291 71
1679777375226 61.42638301849365 72
1679777376766 62.96160840988159 73
1679777376962 63.16391611099243 74
1679777378371 64.5722291469574 75
1679777378564 64.7648856639862 76
1679777379969 66.16591000556946 77
1679777380197 66.392569065094 78
1679777381677 67.87263894081116 79
1679777381873 68.0692777633667 80
1679777383310 69.50910472869873 81
1679777383499 69.70023608207703 82
1679777385166 71.35722494125366 83
1679777385389 71.58260560035706 84
1679777386970 73.1663613319397 85
1679777387186 73.36780261993408 86
1679777388721 74.95225811004639 87
1679777388934 75.12829732894897 88
1679777390332 76.53220343589783 89
1679777390543 76.74034667015076 90
1679777392086 78.27650856971741 91
1679777392345 78.52460646629333 92
1679777393990 80.18832421302795 93
1679777394202 80.39731955528259 94
1679777395651 81.84877753257751 95
1679777395889 82.07842302322388 96
1679777397460 83.66120076179504 97
1679777397650 83.84751534461975 98
1679777399075 85.2707953453064 99
1679777399262 85.46316027641296 100
1679777400622 86.81861162185669 101
1679777400816 87.01482725143433 102
1679777402339 88.538250207901 103
1679777402535 88.72825455665588 104
1679777403843 90.0445511341095 105
1679777404029 90.23116326332092 106
1679777405408 91.59531092643738 107
1679777405639 91.8301911354065 108
1679777407080 93.27316331863403 109
1679777407297 93.49068427085876 110
1679777408890 95.08765435218811 111
1679777409099 95.29321217536926 112
1679777410587 96.78777241706848 113
1679777410774 96.97316074371338 114
1679777412144 98.33728861808777 115
1679777412413 98.58258724212646 116
1679777414207 100.36982297897339 117
1679777414475 100.6545524597168 118
1679777416415 102.59819912910461 119
1679777416697 102.88737845420837 120
1679777418534 104.75798892974854 121
1679777418847 105.00349950790405 122
1679777421066 107.24020290374756 123
1679777421440 107.58457612991333 124
1679777423606 109.77420616149902 125
1679777423966 110.11406087875366 126
1679777425945 112.12552380561829 127
1679777426217 112.38747572898865 128
1679777427726 113.92444157600403 129
1679777427922 114.11915278434753 130
1679777429294 115.49216437339783 131
1679777429530 115.71920609474182 132
1679777431054 117.25251173973083 133
1679777431260 117.45245385169983 134
1679777432592 118.78923344612122 135
1679777432776 118.97526264190674 136
1679777434154 120.34769582748413 137
1679777434354 120.55062484741211 138
1679777436024 122.2196991443634 139
1679777436228 122.4181900024414 140
1679777437711 123.90524220466614 141
1679777438021 124.21243166923523 142
1679777439530 125.72429823875427 143
1679777439758 125.94966220855713 144
1679777441890 128.0609369277954 145
1679777442160 128.3301124572754 146
1679777443874 130.06428694725037 147
1679777444098 130.29209160804749 148
1679777445826 132.01038932800293 149
1679777446063 132.2400929927826 150
1679777447687 133.87721347808838 151
1679777447978 134.1710913181305 152
1679777449445 135.64209413528442 153
1679777449642 135.83819890022278 154
1679777451006 137.2002489566803 155
1679777451223 137.41305232048035 156
1679777452729 138.92771434783936 157
1679777452925 139.1181275844574 158
1679777454359 140.5503375530243 159
1679777454567 140.76000881195068 160
1679777456424 142.60021543502808 161
1679777456812 142.98696613311768 162
1679777458923 145.09244799613953 163
1679777459228 145.3807225227356 164
1679777461399 147.55228424072266 165
1679777461682 147.85418176651 166
1679777463315 149.51208114624023 167
1679777463521 149.70908498764038 168
1679777464941 151.13635969161987 169
1679777465155 151.3443775177002 170
1679777466669 152.86722469329834 171
1679777466869 153.0610818862915 172
1679777468387 154.58093762397766 173
1679777468584 154.78220081329346 174
1679777469951 156.1330590248108 175
1679777470166 156.3557116985321 176
1679777471548 157.7454891204834 177
1679777471731 157.92907547950745 178
1679777473022 159.21613383293152 179
1679777473236 159.43202018737793 180
1679777474745 160.9340524673462 181
1679777474945 161.14004492759705 182
1679777476316 162.5092067718506 183
1679777476503 162.70102858543396 184
1679777477835 164.03221464157104 185
1679777478024 164.2195544242859 186
1679777479363 165.55613946914673 187
1679777479564 165.75827145576477 188
1679777481053 167.23512864112854 189
1679777481290 167.47239708900452 190
1679777483283 169.4652168750763 191
1679777483555 169.7289216518402 192
1679777485164 171.34862971305847 193
1679777485406 171.58710384368896 194
1679777487414 173.57925534248352 195
1679777487669 173.84319853782654 196
1679777489695 175.88237833976746 197
1679777489911 176.10112309455872 198
1679777491425 177.61102414131165 199
1679777491647 177.83624839782715 200
1679777493341 179.5319709777832 201
1679777493611 179.78030347824097 202
1679777495628 181.80710625648499 203
1679777495959 182.1057643890381 204
1679777497736 183.9109570980072 205
1679777497977 184.160804271698 206
1679777499646 185.8330488204956 207
1679777499879 186.06213688850403 208
1679777501404 187.58952474594116 209
1679777501616 187.8041820526123 210
1679777503158 189.3388741016388 211
1679777503448 189.62703657150269 212
1679777504998 191.19196248054504 213
1679777505193 191.38788414001465 214
1679777506627 192.81410217285156 215
1679777506838 193.02634358406067 216
1679777508271 194.45719385147095 217
1679777508526 194.69510960578918 218
1679777510005 196.2320520877838 219
1679777510208 196.40080547332764 220
1679777511662 197.85802936553955 221
1679777511852 198.04704689979553 222
1679777513307 199.49342274665833 223
1679777513585 199.75430512428284 224
1679777515225 201.40603971481323 225
1679777515475 201.64240169525146 226
1679777517085 203.24904370307922 227
1679777517320 203.49697399139404 228
1679777518857 205.04394912719727 229
1679777519082 205.2670316696167 230
1679777520800 206.9861376285553 231
1679777521038 207.21897435188293 232
1679777522412 208.60564970970154 233
1679777522608 208.79960298538208 234
1679777523991 210.18193125724792 235
1679777524246 210.4239022731781 236
1679777525666 211.85991859436035 237
1679777525873 212.05994367599487 238
1679777527244 213.4379861354828 239
1679777527444 213.63749146461487 240
1679777528954 215.13490080833435 241
1679777529162 215.34854650497437 242
1679777530893 217.04889345169067 243
1679777531163 217.31833410263062 244
1679777532686 218.86702418327332 245
1679777532922 219.10227012634277 246
1679777534572 220.7479703426361 247
1679777534855 221.02205348014832 248
1679777536513 222.696350812912 249
1679777536725 222.91201996803284 250
1679777538347 224.5332634449005 251
1679777538576 224.75289273262024 252
1679777540068 226.27213215827942 253
1679777540319 226.49758100509644 254
1679777541975 228.13595962524414 255
1679777542233 228.40530371665955 256
1679777543775 229.96354269981384 257
1679777543999 230.1829059123993 258
1679777545490 231.6722650527954 259
1679777545729 231.9120545387268 260
1679777547398 233.584862947464 261
1679777547601 233.78811717033386 262
1679777548969 235.16191220283508 263
1679777549164 235.3549873828888 264
1679777550480 236.67516446113586 265
1679777550671 236.86647653579712 266
1679777552099 238.29190969467163 267
1679777552301 238.49498987197876 268
1679777553652 239.84001445770264 269
1679777553933 240.12426471710205 270
1679777555248 241.44187235832214 271
1679777555444 241.63497495651245 272
1679777556836 243.02985858917236 273
1679777557046 243.23501443862915 274
1679777558456 244.64693903923035 275
1679777558657 244.84937691688538 276
1679777560010 246.19743847846985 277
1679777560233 246.41408944129944 278
1679777561626 247.81945300102234 279
1679777561892 248.08279299736023 280
1679777563303 249.49407386779785 281
1679777563503 249.6896777153015 282
1679777565085 251.2632930278778 283
1679777565315 251.50196480751038 284
1679777566789 252.97180366516113 285
1679777567016 253.2029447555542 286
1679777568615 254.79505109786987 287
1679777568861 255.03783297538757 288
1679777570558 256.78485321998596 289
1679777570864 257.05050015449524 290
1679777572343 258.52635979652405 291
1679777572593 258.7708625793457 292
1679777574162 260.35641956329346 293
1679777574356 260.5469810962677 294
1679777575874 262.06593441963196 295
1679777576068 262.26178884506226 296
1679777577479 263.66787362098694 297
1679777577736 263.9068970680237 298
1679777579378 265.5609459877014 299
1679777579595 265.77391290664673 300
1679777579762 265.9321792125702 301
