1679701274964 0.0 1
1679701275150 0.0 2
1679701276461 0.0 3
1679701276629 0.0 4
1679701277984 0.0 5
1679701278162 0.0 6
1679701279478 0.0 7
1679701279648 0.0 8
1679701280932 0.0 9
1679701281106 0.0 10
1679701282426 0.0 11
1679701282601 0.0 12
1679701283882 0.0 13
1679701284136 0.0 14
1679701285419 0.0 15
1679701285592 0.0 16
1679701286866 0.0 17
1679701287044 0.0 18
1679701288305 0.0 19
1679701288474 0.0 20
1679701289738 0.0 21
1679701289922 0.0 22
1679701291196 0.0 23
1679701291444 0.0 24
1679701292750 0.0 25
1679701292934 0.0 26
1679701294229 0.0 27
1679701294403 0.0 28
1679701295721 0.0 29
1679701295909 0.0 30
1679701297202 0.0 31
1679701297379 0.0 32
1679701298691 0.0 33
1679701298951 0.0 34
1679701300221 0.0 35
1679701300394 0.0 36
1679701301672 0.0 37
1679701301851 0.0 38
1679701303136 0.0 39
1679701303309 0.0 40
1679701304596 0.0 41
1679701304780 0.0 42
1679701306116 0.0 43
1679701306288 0.0 44
1679701307564 0.0 45
1679701307743 0.0 46
1679701309053 0.0 47
1679701309227 0.0 48
1679701310462 0.0 49
1679701310638 0.0 50
1679701311897 0.0 51
1679701312068 0.0 52
1679701313373 0.0 53
1679701313548 0.0 54
1679701314816 0.0 55
1679701314987 0.0 56
1679701316249 0.0 57
1679701316431 0.0 58
1679701317722 0.0 59
1679701317894 0.0 60
1679701319181 0.0 61
1679701319364 0.0 62
1679701320716 0.0 63
1679701320889 0.0 64
1679701322137 0.0 65
1679701322318 0.0 66
1679701323570 0.0 67
1679701323743 0.0 68
1679701324980 0.0 69
1679701325156 0.0 70
1679701326397 0.0 71
1679701326575 0.0 72
1679701327901 0.0 73
1679701328082 0.0 74
1679701329361 0.0 75
1679701329538 0.0 76
1679701330815 0.0 77
1679701330989 0.0 78
1679701332337 0.0 79
1679701332511 0.0 80
1679701333780 0.0 81
1679701333976 0.0 82
1679701335343 0.0 83
1679701335519 0.0 84
1679701336788 0.0 85
1679701336973 0.0 86
1679701338270 0.0 87
1679701338446 0.0 88
1679701339767 0.0 89
1679701339952 0.0 90
1679701341296 0.0 91
1679701341482 0.0 92
1679701342914 0.0 93
1679701343108 0.0 94
1679701344445 0.0 95
1679701344618 0.0 96
1679701345915 0.0 97
1679701346096 0.0 98
1679701347378 0.0 99
1679701347553 0.0 100
1679701348822 0.0 101
1679701349003 0.0 102
1679701350349 0.0 103
1679701350525 0.0 104
1679701351806 0.0 105
1679701351995 0.0 106
1679701353297 0.0 107
1679701353477 0.0 108
1679701354789 0.0 109
1679701354974 0.0 110
1679701356294 0.0 111
1679701356471 0.0 112
1679701357849 0.0 113
1679701358032 0.0 114
1679701359323 0.0 115
1679701359501 0.0 116
1679701360804 0.0 117
1679701360982 0.0 118
1679701362257 0.0 119
1679701362431 0.0 120
1679701363675 0.0 121
1679701363859 0.0 122
1679701365206 0.0 123
1679701365384 0.0 124
1679701366676 0.0 125
1679701366856 0.0 126
1679701368168 0.0 127
1679701368346 0.0 128
1679701369739 0.0 129
1679701369953 0.0 130
1679701371266 0.0 131
1679701371441 0.0 132
1679701372712 0.0 133
1679701372912 0.0 134
1679701374213 0.0 135
1679701374394 0.0 136
1679701375666 0.0 137
1679701375853 0.0 138
1679701377218 0.0 139
1679701377400 0.0 140
1679701378730 0.0 141
1679701378914 0.0 142
1679701380218 0.0 143
1679701380398 0.0 144
1679701381728 0.0 145
1679701381916 0.0 146
1679701383285 0.0 147
1679701383463 0.0 148
1679701384817 0.0 149
1679701385002 0.0 150
1679701386289 0.0 151
1679701386468 0.0 152
1679701387746 0.0 153
1679701387933 0.0 154
1679701389223 0.0 155
1679701389400 0.0 156
1679701390685 0.0 157
1679701390871 0.0 158
1679701392238 0.0 159
1679701392415 0.0 160
1679701393745 0.0 161
1679701393935 0.0 162
1679701395251 0.0 163
1679701395432 0.0 164
1679701396736 0.0 165
1679701396924 0.0 166
1679701398219 0.0 167
1679701398403 0.0 168
1679701399760 0.0 169
1679701399951 0.0 170
1679701401233 0.0 171
1679701401411 0.0 172
1679701402730 0.0 173
1679701402921 0.0 174
1679701404295 0.0 175
1679701404474 0.0 176
1679701405792 0.0 177
1679701406061 0.0 178
1679701407384 0.0 179
1679701407567 0.0 180
1679701408912 0.0 181
1679701409106 0.0 182
1679701410404 0.0 183
1679701410585 0.0 184
1679701411886 0.0 185
1679701412079 0.0 186
1679701413368 0.0 187
1679701413627 0.0 188
1679701414908 0.0 189
1679701415115 0.0 190
1679701416445 0.0 191
1679701416625 0.0 192
1679701417947 0.0 193
1679701418140 0.0 194
1679701419466 0.0 195
1679701419646 0.0 196
1679701420973 0.0 197
1679701421247 0.0 198
1679701422553 0.0 199
1679701422742 0.0 200
1679701424021 0.0 201
1679701424209 0.0 202
1679701425478 0.0 203
1679701425664 0.0 204
1679701426931 0.0 205
1679701427122 0.0 206
1679701428505 0.0 207
1679701428688 0.0 208
1679701430015 0.0 209
1679701430208 0.0 210
1679701431562 0.0 211
1679701431756 0.0 212
1679701433039 0.0 213
1679701433231 0.0 214
1679701434543 0.0 215
1679701434729 0.0 216
1679701436086 0.0 217
1679701436282 0.0 218
1679701437565 0.0 219
1679701437782 0.0 220
1679701439092 0.0 221
1679701439282 0.0 222
1679701440580 0.0 223
1679701440764 0.0 224
1679701442083 0.0 225
1679701442271 0.0 226
1679701443693 0.0 227
1679701443872 0.0 228
1679701445167 0.0 229
1679701445362 0.0 230
1679701446729 0.0 231
1679701446910 0.0 232
1679701448193 0.0 233
1679701448386 0.0 234
1679701449697 0.0 235
1679701449881 0.0 236
1679701451233 0.0 237
1679701451426 0.0 238
1679701452751 0.0 239
1679701452933 0.0 240
1679701454242 0.0 241
1679701454433 0.0 242
1679701455756 0.0 243
1679701455944 0.0 244
1679701457303 0.0 245
1679701457501 0.0 246
1679701458931 0.0 247
1679701459118 0.0 248
1679701460428 0.0 249
1679701460626 0.0 250
1679701461941 0.0 251
1679701462127 0.0 252
1679701463452 0.0 253
1679701463645 0.0 254
1679701464983 0.0 255
1679701465174 0.0 256
1679701466558 0.0 257
1679701466752 0.0 258
1679701468107 0.0 259
1679701468297 0.0 260
1679701469621 0.0 261
1679701469819 0.0 262
1679701471134 0.0 263
1679701471320 0.0 264
1679701472641 0.0 265
1679701472839 0.0 266
1679701474204 0.0 267
1679701474390 0.0 268
1679701475729 0.0 269
1679701475921 0.0 270
1679701477238 0.0 271
1679701477425 0.0 272
1679701478727 0.0 273
1679701478926 0.0 274
1679701480223 0.0 275
1679701480413 0.0 276
1679701481787 0.0 277
1679701481985 0.0 278
1679701483306 0.0 279
1679701483492 0.0 280
1679701484840 0.0 281
1679701485035 0.0 282
1679701486316 0.0 283
1679701486507 0.0 284
1679701487787 0.0 285
1679701487981 0.0 286
1679701489345 0.0 287
1679701489532 0.0 288
1679701490806 0.0 289
1679701491005 0.0 290
1679701492381 0.0 291
1679701492566 0.0 292
1679701493870 0.0 293
1679701494062 0.0 294
1679701495436 0.0 295
1679701495623 0.0 296
1679701496988 0.0 297
1679701497183 0.0 298
1679701498490 0.0 299
1679701498677 0.0 300
1679701498799 0.0 301
