1679701274972 3.655364751815796 1
1679701275157 3.8292198181152344 2
1679701276467 5.16725754737854 3
1679701276635 5.31095027923584 4
1679701277990 6.662420272827148 5
1679701278168 6.842386960983276 6
1679701279484 8.15914249420166 7
1679701279654 8.330136775970459 8
1679701280938 9.610631942749023 9
1679701281113 9.787196397781372 10
1679701282432 11.106101751327515 11
1679701282607 11.28229570388794 12
1679701283888 12.562819004058838 13
1679701284142 12.812055587768555 14
1679701285425 14.099647283554077 15
1679701285598 14.272417306900024 16
1679701286874 15.538143396377563 17
1679701287050 15.723393201828003 18
1679701288311 16.985417127609253 19
1679701288481 17.15497326850891 20
1679701289751 18.418227910995483 21
1679701289928 18.600826263427734 22
1679701291202 19.90214729309082 23
1679701291449 20.122240781784058 24
1679701292756 21.429919958114624 25
1679701292940 21.6133816242218 26
1679701294235 22.90895676612854 27
1679701294409 23.082168340682983 28
1679701295734 24.40021777153015 29
1679701295915 24.587053537368774 30
1679701297207 25.88223648071289 31
1679701297385 26.05535387992859 32
1679701298697 27.369303941726685 33
1679701298960 27.628221035003662 34
1679701300227 28.894192457199097 35
1679701300400 29.071115732192993 36
1679701301678 30.35118269920349 37
1679701301857 30.528047561645508 38
1679701303143 31.815659284591675 39
1679701303315 31.987343788146973 40
1679701304602 33.27422523498535 41
1679701304786 33.45026659965515 42
1679701306122 34.82252836227417 43
1679701306294 34.9659206867218 44
1679701307570 36.24331212043762 45
1679701307748 36.41924214363098 46
1679701309059 37.732033014297485 47
1679701309234 37.90603494644165 48
1679701310468 39.140101194381714 49
1679701310645 39.31622266769409 50
1679701311903 40.57471752166748 51
1679701312074 40.74597096443176 52
1679701313379 42.050880432128906 53
1679701313555 42.22587490081787 54
1679701314822 43.49531102180481 55
1679701314993 43.66567397117615 56
1679701316255 44.92517948150635 57
1679701316437 45.10730338096619 58
1679701317728 46.39817976951599 59
1679701317900 46.57121300697327 60
1679701319187 47.859124183654785 61
1679701319370 48.037880420684814 62
1679701320723 49.42200493812561 63
1679701320895 49.565265417099 64
1679701322143 50.81311011314392 65
1679701322325 50.99416470527649 66
1679701323576 52.24711561203003 67
1679701323749 52.420125246047974 68
1679701324986 53.65697717666626 69
1679701325162 53.82940936088562 70
1679701326404 55.075031042099 71
1679701326581 55.24878287315369 72
1679701327907 56.57822918891907 73
1679701328089 56.758882999420166 74
1679701329367 58.03812289237976 75
1679701329544 58.21295213699341 76
1679701330820 59.490042209625244 77
1679701330996 59.665000200271606 78
1679701332344 61.013025999069214 79
1679701332517 61.187289237976074 80
1679701333785 62.456032037734985 81
1679701333982 62.64528298377991 82
1679701335349 64.0469880104065 83
1679701335525 64.19409799575806 84
1679701336795 65.46395492553711 85
1679701336980 65.64608311653137 86
1679701338276 66.9446587562561 87
1679701338452 67.12202143669128 88
1679701339773 68.4422914981842 89
1679701339958 68.62427520751953 90
1679701341303 69.96799874305725 91
1679701341488 70.15592885017395 92
1679701342922 71.5852563381195 93
1679701343115 71.77998733520508 94
1679701344452 73.12111353874207 95
1679701344624 73.29430150985718 96
1679701345922 74.58979654312134 97
1679701346102 74.7707314491272 98
1679701347385 76.05096888542175 99
1679701347560 76.2289719581604 100
1679701348828 77.49592566490173 101
1679701349009 77.67699122428894 102
1679701350355 79.05303978919983 103
1679701350530 79.19917321205139 104
1679701351813 80.47897601127625 105
1679701352002 80.66912651062012 106
1679701353303 81.97216963768005 107
1679701353484 82.15077042579651 108
1679701354795 83.4643304347992 109
1679701354981 83.64516401290894 110
1679701356300 84.96779203414917 111
1679701356478 85.14717483520508 112
1679701357855 86.52394413948059 113
1679701358039 86.70385098457336 114
1679701359329 87.99679255485535 115
1679701359507 88.17607474327087 116
1679701360809 89.47625398635864 117
1679701360988 89.6559386253357 118
1679701362263 90.93195962905884 119
1679701362437 91.10501837730408 120
1679701363681 92.34627509117126 121
1679701363865 92.53064942359924 122
1679701365212 93.89225935935974 123
1679701365390 94.05609583854675 124
1679701366682 95.3487138748169 125
1679701366863 95.52994871139526 126
1679701368175 96.84191536903381 127
1679701368352 97.02047157287598 128
1679701369748 98.41063380241394 129
1679701369959 98.62317109107971 130
1679701371272 99.93897819519043 131
1679701371448 100.1151978969574 132
1679701372718 101.38411593437195 133
1679701372918 101.5808482170105 134
1679701374219 102.88484120368958 135
1679701374402 103.06583571434021 136
1679701375672 104.3383059501648 137
1679701375859 104.52420496940613 138
1679701377225 105.89193987846375 139
1679701377406 106.06993055343628 140
1679701378736 107.40090250968933 141
1679701378920 107.58414053916931 142
1679701380224 108.92193555831909 143
1679701380404 109.06902194023132 144
1679701381734 110.40007734298706 145
1679701381924 110.58794045448303 146
1679701383291 111.95707988739014 147
1679701383469 112.13511371612549 148
1679701384823 113.4888162612915 149
1679701385009 113.67097473144531 150
1679701386295 114.96067523956299 151
1679701386474 115.13968515396118 152
1679701387753 116.41517686843872 153
1679701387939 116.60192584991455 154
1679701389229 117.89217472076416 155
1679701389406 118.07207536697388 156
1679701390691 119.35778760910034 157
1679701390878 119.54080176353455 158
1679701392244 120.90844249725342 159
1679701392421 121.08771634101868 160
1679701393752 122.41545724868774 161
1679701393942 122.60580921173096 162
1679701395256 123.9530680179596 163
1679701395439 124.10394191741943 164
1679701396742 125.40788578987122 165
1679701396931 125.59294748306274 166
1679701398224 126.89078903198242 167
1679701398409 127.07283282279968 168
1679701399765 128.42889499664307 169
1679701399957 128.61962294578552 170
1679701401239 129.9039433002472 171
1679701401418 130.080708026886 172
1679701402736 131.40001440048218 173
1679701402929 131.58703017234802 174
1679701404301 132.96621131896973 175
1679701404480 133.14485335350037 176
1679701405798 134.46350407600403 177
1679701406069 134.72899866104126 178
1679701407390 136.0541489124298 179
1679701407574 136.2370023727417 180
1679701408918 137.58220791816711 181
1679701409116 137.76779317855835 182
1679701410410 139.10801482200623 183
1679701410591 139.25302958488464 184
1679701411892 140.5569248199463 185
1679701412085 140.74535131454468 186
1679701413376 142.03669571876526 187
1679701413633 142.29404640197754 188
1679701414921 143.5789773464203 189
1679701415122 143.78299856185913 190
1679701416451 145.11299872398376 191
1679701416631 145.29604840278625 192
1679701417953 146.6128544807434 193
1679701418148 146.80782866477966 194
1679701419471 148.13694262504578 195
1679701419652 148.31311535835266 196
1679701420978 149.64201021194458 197
1679701421254 149.9118001461029 198
1679701422559 151.22185730934143 199
1679701422748 151.40572357177734 200
1679701424027 152.68736696243286 201
1679701424216 152.87794613838196 202
1679701425484 154.18108344078064 203
1679701425669 154.33078503608704 204
1679701426937 155.59889364242554 205
1679701427128 155.78749704360962 206
1679701428511 157.1740026473999 207
1679701428694 157.3574721813202 208
1679701430021 158.683100938797 209
1679701430215 158.87582302093506 210
1679701431569 160.23078513145447 211
1679701431762 160.41990280151367 212
1679701433045 161.70660185813904 213
1679701433237 161.89518189430237 214
1679701434549 163.2139139175415 215
1679701434736 163.396879196167 216
1679701436093 164.756365776062 217
1679701436288 164.94686770439148 218
1679701437571 166.23539853096008 219
1679701437788 166.43767833709717 220
1679701439098 167.7596263885498 221
1679701439288 167.94793319702148 222
1679701440587 169.28272080421448 223
1679701440770 169.43078017234802 224
1679701442089 170.75292921066284 225
1679701442278 170.9397246837616 226
1679701443700 172.35977697372437 227
1679701443878 172.5420789718628 228
1679701445173 173.8305025100708 229
1679701445369 174.0253598690033 230
1679701446734 175.3927845954895 231
1679701446915 175.5768437385559 232
1679701448199 176.85956692695618 233
1679701448393 177.05382823944092 234
1679701449704 178.3646981716156 235
1679701449886 178.5469081401825 236
1679701451239 179.90058374404907 237
1679701451433 180.09385871887207 238
1679701452757 181.41947078704834 239
1679701452940 181.60174179077148 240
1679701454248 182.90857863426208 241
1679701454440 183.0987753868103 242
1679701455763 184.4582998752594 243
1679701455953 184.61090517044067 244
1679701457310 185.97055768966675 245
1679701457507 186.16601991653442 246
1679701458937 187.59886288642883 247
1679701459124 187.7849771976471 248
1679701460434 189.09383893013 249
1679701460632 189.2918586730957 250
1679701461948 190.60876774787903 251
1679701462135 190.79275107383728 252
1679701463459 192.11687850952148 253
1679701463651 192.309650182724 254
1679701464991 193.65024614334106 255
1679701465181 193.84070420265198 256
1679701466564 195.22484755516052 257
1679701466759 195.4169442653656 258
1679701468114 196.77390360832214 259
1679701468304 196.96303009986877 260
1679701469627 198.2865698337555 261
1679701469826 198.485205411911 262
1679701471142 199.83678770065308 263
1679701471326 199.98603534698486 264
1679701472648 201.30586671829224 265
1679701472844 201.50198435783386 266
1679701474210 202.87022519111633 267
1679701474396 203.0537247657776 268
1679701475735 204.3917055130005 269
1679701475927 204.58411860466003 270
1679701477244 205.90021562576294 271
1679701477431 206.0917627811432 272
1679701478736 207.39159321784973 273
1679701478932 207.59048080444336 274
1679701480230 208.8887882232666 275
1679701480420 209.07925128936768 276
1679701481794 210.45255827903748 277
1679701481990 210.6446671485901 278
1679701483312 211.97082996368408 279
1679701483498 212.1574833393097 280
1679701484846 213.50573706626892 281
1679701485043 213.69980263710022 282
1679701486324 215.01765847206116 283
1679701486513 215.17042446136475 284
1679701487793 216.45599555969238 285
1679701487987 216.64430165290833 286
1679701489351 218.00876379013062 287
1679701489539 218.19399571418762 288
1679701490811 219.47073483467102 289
1679701491012 219.6687512397766 290
1679701492388 221.0486192703247 291
1679701492572 221.23338627815247 292
1679701493876 222.53701829910278 293
1679701494069 222.72822666168213 294
1679701495443 224.09887552261353 295
1679701495630 224.28677892684937 296
1679701496994 225.654141664505 297
1679701497189 225.84757590293884 298
1679701498497 227.158611536026 299
1679701498683 227.3430302143097 300
1679701498805 227.46481227874756 301
