1679701274973 0.0 1
1679701275158 0.0 2
1679701276469 0.0 3
1679701276636 0.0 4
1679701277991 0.0 5
1679701278169 0.0 6
1679701279485 0.0 7
1679701279656 0.0 8
1679701280940 0.0 9
1679701281114 0.0 10
1679701282434 0.0 11
1679701282609 0.0 12
1679701283890 0.0 13
1679701284144 0.0 14
1679701285425 0.0 15
1679701285600 0.0 16
1679701286875 0.0 17
1679701287052 0.0 18
1679701288312 0.0 19
1679701288483 0.0 20
1679701289753 0.0 21
1679701289929 0.0 22
1679701291203 0.0 23
1679701291450 0.0 24
1679701292757 0.0 25
1679701292942 0.0 26
1679701294237 0.0 27
1679701294410 0.0 28
1679701295735 0.0 29
1679701295916 0.0 30
1679701297209 0.0 31
1679701297386 0.0 32
1679701298699 0.0 33
1679701298963 0.0 34
1679701300228 0.0 35
1679701300401 0.0 36
1679701301680 0.0 37
1679701301859 0.0 38
1679701303144 0.0 39
1679701303316 0.0 40
1679701304603 0.0 41
1679701304787 0.0 42
1679701306123 0.0 43
1679701306295 0.0 44
1679701307571 0.0 45
1679701307750 0.0 46
1679701309060 0.0 47
1679701309235 0.0 48
1679701310469 0.0 49
1679701310646 0.0 50
1679701311904 0.0 51
1679701312076 0.0 52
1679701313380 0.0 53
1679701313556 0.0 54
1679701314824 0.0 55
1679701314994 0.0 56
1679701316256 0.0 57
1679701316438 0.0 58
1679701317729 0.0 59
1679701317902 0.0 60
1679701319188 0.0 61
1679701319372 0.0 62
1679701320725 0.0 63
1679701320896 0.0 64
1679701322144 0.0 65
1679701322326 0.0 66
1679701323578 0.0 67
1679701323751 0.0 68
1679701324987 0.0 69
1679701325163 0.0 70
1679701326405 0.0 71
1679701326582 0.0 72
1679701327908 0.0 73
1679701328090 0.0 74
1679701329368 0.0 75
1679701329545 0.0 76
1679701330822 0.0 77
1679701330997 0.0 78
1679701332345 0.0 79
1679701332518 0.0 80
1679701333787 0.0 81
1679701333984 0.0 82
1679701335350 0.0 83
1679701335526 0.0 84
1679701336796 0.0 85
1679701336981 0.0 86
1679701338277 0.0 87
1679701338454 0.0 88
1679701339774 0.0 89
1679701339960 0.0 90
1679701341304 0.0 91
1679701341489 0.0 92
1679701342923 0.0 93
1679701343116 0.0 94
1679701344453 0.0 95
1679701344625 0.0 96
1679701345923 0.0 97
1679701346104 0.0 98
1679701347386 0.0 99
1679701347560 0.0 100
1679701348829 0.0 101
1679701349010 0.0 102
1679701350356 0.0 103
1679701350532 0.0 104
1679701351814 0.0 105
1679701352003 0.0 106
1679701353305 0.0 107
1679701353486 0.0 108
1679701354797 0.0 109
1679701354982 0.0 110
1679701356301 0.0 111
1679701356479 0.0 112
1679701357857 0.0 113
1679701358041 0.0 114
1679701359330 0.0 115
1679701359508 0.0 116
1679701360811 0.0 117
1679701360989 0.0 118
1679701362264 0.0 119
1679701362439 0.0 120
1679701363683 0.0 121
1679701363866 0.0 122
1679701365214 0.0 123
1679701365391 0.0 124
1679701366683 0.0 125
1679701366864 0.0 126
1679701368176 0.0 127
1679701368354 0.0 128
1679701369750 0.0 129
1679701369960 0.0 130
1679701371273 0.0 131
1679701371449 0.0 132
1679701372719 0.0 133
1679701372919 0.0 134
1679701374220 0.0 135
1679701374404 0.0 136
1679701375674 0.0 137
1679701375860 0.0 138
1679701377226 0.0 139
1679701377408 0.0 140
1679701378737 0.0 141
1679701378922 0.0 142
1679701380226 0.0 143
1679701380406 0.0 144
1679701381736 0.0 145
1679701381926 0.0 146
1679701383292 0.0 147
1679701383471 0.0 148
1679701384824 0.0 149
1679701385011 0.0 150
1679701386296 0.0 151
1679701386475 0.0 152
1679701387754 0.0 153
1679701387941 0.0 154
1679701389230 0.0 155
1679701389408 0.0 156
1679701390693 0.0 157
1679701390879 0.0 158
1679701392246 0.0 159
1679701392423 0.0 160
1679701393753 0.0 161
1679701393943 0.0 162
1679701395259 0.0 163
1679701395440 0.0 164
1679701396743 0.0 165
1679701396932 0.0 166
1679701398226 0.0 167
1679701398411 0.0 168
1679701399767 0.0 169
1679701399959 0.0 170
1679701401240 0.0 171
1679701401419 0.0 172
1679701402737 0.0 173
1679701402930 0.0 174
1679701404302 0.0 175
1679701404482 0.0 176
1679701405799 0.0 177
1679701406069 0.0 178
1679701407391 0.0 179
1679701407575 0.0 180
1679701408919 0.0 181
1679701409118 0.0 182
1679701410412 0.0 183
1679701410592 0.0 184
1679701411894 0.0 185
1679701412086 0.0 186
1679701413377 0.0 187
1679701413634 0.0 188
1679701414922 0.0 189
1679701415124 0.0 190
1679701416452 0.0 191
1679701416633 0.0 192
1679701417954 0.0 193
1679701418149 0.0 194
1679701419473 0.0 195
1679701419653 0.0 196
1679701420979 0.0 197
1679701421254 0.0 198
1679701422560 0.0 199
1679701422749 0.0 200
1679701424029 0.0 201
1679701424217 0.0 202
1679701425486 0.0 203
1679701425670 0.0 204
1679701426938 0.0 205
1679701427129 0.0 206
1679701428512 0.0 207
1679701428696 0.0 208
1679701430023 0.0 209
1679701430217 0.0 210
1679701431570 0.0 211
1679701431763 0.0 212
1679701433046 0.0 213
1679701433239 0.0 214
1679701434550 0.0 215
1679701434737 0.0 216
1679701436095 0.0 217
1679701436290 0.0 218
1679701437572 0.0 219
1679701437789 0.0 220
1679701439100 0.0 221
1679701439289 0.0 222
1679701440588 0.0 223
1679701440771 0.0 224
1679701442091 0.0 225
1679701442280 0.0 226
1679701443701 0.0 227
1679701443879 0.0 228
1679701445174 0.0 229
1679701445370 0.0 230
1679701446736 0.0 231
1679701446917 0.0 232
1679701448201 0.0 233
1679701448394 0.0 234
1679701449705 0.0 235
1679701449888 0.0 236
1679701451241 0.0 237
1679701451434 0.0 238
1679701452758 0.0 239
1679701452941 0.0 240
1679701454249 0.0 241
1679701454441 0.0 242
1679701455764 0.0 243
1679701455954 0.0 244
1679701457311 0.0 245
1679701457508 0.0 246
1679701458939 0.0 247
1679701459126 0.0 248
1679701460435 0.0 249
1679701460633 0.0 250
1679701461949 0.0 251
1679701462135 0.0 252
1679701463460 0.0 253
1679701463652 0.0 254
1679701464992 0.0 255
1679701465182 0.0 256
1679701466566 0.0 257
1679701466760 0.0 258
1679701468115 0.0 259
1679701468306 0.0 260
1679701469628 0.0 261
1679701469827 0.0 262
1679701471143 0.0 263
1679701471328 0.0 264
1679701472649 0.0 265
1679701472846 0.0 266
1679701474212 0.0 267
1679701474397 0.0 268
1679701475736 0.0 269
1679701475929 0.0 270
1679701477246 0.0 271
1679701477432 0.0 272
1679701478736 0.0 273
1679701478933 0.0 274
1679701480232 0.0 275
1679701480421 0.0 276
1679701481795 0.0 277
1679701481992 0.0 278
1679701483313 0.0 279
1679701483499 0.0 280
1679701484847 0.0 281
1679701485044 0.0 282
1679701486325 0.0 283
1679701486514 0.0 284
1679701487795 0.0 285
1679701487988 0.0 286
1679701489352 0.0 287
1679701489540 0.0 288
1679701490813 0.0 289
1679701491014 0.0 290
1679701492389 0.0 291
1679701492573 0.0 292
1679701493877 0.0 293
1679701494071 0.0 294
1679701495444 0.0 295
1679701495631 0.0 296
1679701496996 0.0 297
1679701497190 0.0 298
1679701498498 0.0 299
1679701498684 0.0 300
1679701498806 0.0 301
