1679701274968 1679701274.0 1
1679701275153 1679701275.0 2
1679701276464 1679701276.0 3
1679701276632 1679701276.0 4
1679701277986 1679701277.0 5
1679701278164 1679701278.0 6
1679701279480 1679701279.0 7
1679701279651 1679701279.0 8
1679701280934 1679701280.0 9
1679701281109 1679701281.0 10
1679701282429 1679701282.0 11
1679701282604 1679701282.0 12
1679701283885 1679701283.0 13
1679701284139 1679701284.0 14
1679701285421 1679701285.0 15
1679701285595 1679701285.0 16
1679701286869 1679701286.0 17
1679701287046 1679701287.0 18
1679701288307 1679701288.0 19
1679701288477 1679701288.0 20
1679701289740 1679701289.0 21
1679701289924 1679701289.0 22
1679701291198 1679701291.0 23
1679701291446 1679701291.0 24
1679701292753 1679701292.0 25
1679701292936 1679701292.0 26
1679701294232 1679701294.0 27
1679701294405 1679701294.0 28
1679701295723 1679701295.0 29
1679701295912 1679701295.0 30
1679701297204 1679701297.0 31
1679701297381 1679701297.0 32
1679701298694 1679701298.0 33
1679701298955 1679701298.0 34
1679701300223 1679701300.0 35
1679701300396 1679701300.0 36
1679701301675 1679701301.0 37
1679701301854 1679701301.0 38
1679701303139 1679701303.0 39
1679701303311 1679701303.0 40
1679701304598 1679701304.0 41
1679701304782 1679701304.0 42
1679701306118 1679701306.0 43
1679701306290 1679701306.0 44
1679701307567 1679701307.0 45
1679701307745 1679701307.0 46
1679701309056 1679701309.0 47
1679701309229 1679701309.0 48
1679701310464 1679701310.0 49
1679701310641 1679701310.0 50
1679701311900 1679701311.0 51
1679701312071 1679701312.0 52
1679701313375 1679701313.0 53
1679701313551 1679701313.0 54
1679701314819 1679701314.0 55
1679701314989 1679701314.0 56
1679701316252 1679701316.0 57
1679701316433 1679701316.0 58
1679701317725 1679701317.0 59
1679701317896 1679701317.0 60
1679701319184 1679701319.0 61
1679701319367 1679701319.0 62
1679701320720 1679701320.0 63
1679701320891 1679701320.0 64
1679701322139 1679701322.0 65
1679701322321 1679701322.0 66
1679701323573 1679701323.0 67
1679701323746 1679701323.0 68
1679701324983 1679701324.0 69
1679701325159 1679701325.0 70
1679701326400 1679701326.0 71
1679701326577 1679701326.0 72
1679701327903 1679701327.0 73
1679701328085 1679701328.0 74
1679701329364 1679701329.0 75
1679701329540 1679701329.0 76
1679701330817 1679701330.0 77
1679701330992 1679701330.0 78
1679701332340 1679701332.0 79
1679701332514 1679701332.0 80
1679701333782 1679701333.0 81
1679701333978 1679701333.0 82
1679701335345 1679701335.0 83
1679701335521 1679701335.0 84
1679701336791 1679701336.0 85
1679701336976 1679701336.0 86
1679701338272 1679701338.0 87
1679701338450 1679701338.0 88
1679701339770 1679701339.0 89
1679701339954 1679701339.0 90
1679701341300 1679701341.0 91
1679701341484 1679701341.0 92
1679701342918 1679701342.0 93
1679701343110 1679701343.0 94
1679701344448 1679701344.0 95
1679701344621 1679701344.0 96
1679701345918 1679701345.0 97
1679701346098 1679701346.0 98
1679701347381 1679701347.0 99
1679701347555 1679701347.0 100
1679701348824 1679701348.0 101
1679701349005 1679701348.0 102
1679701350352 1679701350.0 103
1679701350527 1679701350.0 104
1679701351809 1679701351.0 105
1679701351998 1679701351.0 106
1679701353300 1679701353.0 107
1679701353480 1679701353.0 108
1679701354792 1679701354.0 109
1679701354976 1679701354.0 110
1679701356296 1679701356.0 111
1679701356474 1679701356.0 112
1679701357852 1679701357.0 113
1679701358034 1679701357.0 114
1679701359325 1679701359.0 115
1679701359504 1679701359.0 116
1679701360806 1679701360.0 117
1679701360984 1679701360.0 118
1679701362259 1679701362.0 119
1679701362434 1679701362.0 120
1679701363678 1679701363.0 121
1679701363861 1679701363.0 122
1679701365208 1679701365.0 123
1679701365386 1679701365.0 124
1679701366678 1679701366.0 125
1679701366859 1679701366.0 126
1679701368171 1679701368.0 127
1679701368349 1679701368.0 128
1679701369743 1679701369.0 129
1679701369955 1679701369.0 130
1679701371268 1679701371.0 131
1679701371444 1679701371.0 132
1679701372715 1679701372.0 133
1679701372915 1679701372.0 134
1679701374215 1679701374.0 135
1679701374397 1679701374.0 136
1679701375669 1679701375.0 137
1679701375855 1679701375.0 138
1679701377221 1679701377.0 139
1679701377403 1679701377.0 140
1679701378732 1679701378.0 141
1679701378916 1679701378.0 142
1679701380220 1679701380.0 143
1679701380401 1679701380.0 144
1679701381731 1679701381.0 145
1679701381919 1679701381.0 146
1679701383288 1679701383.0 147
1679701383466 1679701383.0 148
1679701384819 1679701384.0 149
1679701385005 1679701384.0 150
1679701386291 1679701386.0 151
1679701386471 1679701386.0 152
1679701387749 1679701387.0 153
1679701387935 1679701387.0 154
1679701389226 1679701389.0 155
1679701389402 1679701389.0 156
1679701390688 1679701390.0 157
1679701390874 1679701390.0 158
1679701392240 1679701392.0 159
1679701392417 1679701392.0 160
1679701393748 1679701393.0 161
1679701393938 1679701393.0 162
1679701395253 1679701395.0 163
1679701395435 1679701395.0 164
1679701396738 1679701396.0 165
1679701396927 1679701396.0 166
1679701398221 1679701398.0 167
1679701398405 1679701398.0 168
1679701399762 1679701399.0 169
1679701399954 1679701399.0 170
1679701401235 1679701401.0 171
1679701401414 1679701401.0 172
1679701402732 1679701402.0 173
1679701402924 1679701402.0 174
1679701404297 1679701404.0 175
1679701404477 1679701404.0 176
1679701405794 1679701405.0 177
1679701406065 1679701406.0 178
1679701407386 1679701407.0 179
1679701407570 1679701407.0 180
1679701408914 1679701408.0 181
1679701409110 1679701409.0 182
1679701410407 1679701410.0 183
1679701410587 1679701410.0 184
1679701411888 1679701411.0 185
1679701412081 1679701412.0 186
1679701413371 1679701413.0 187
1679701413629 1679701413.0 188
1679701414911 1679701414.0 189
1679701415117 1679701415.0 190
1679701416447 1679701416.0 191
1679701416628 1679701416.0 192
1679701417949 1679701417.0 193
1679701418143 1679701418.0 194
1679701419468 1679701419.0 195
1679701419648 1679701419.0 196
1679701420975 1679701420.0 197
1679701421250 1679701421.0 198
1679701422556 1679701422.0 199
1679701422744 1679701422.0 200
1679701424024 1679701423.0 201
1679701424212 1679701424.0 202
1679701425481 1679701425.0 203
1679701425666 1679701425.0 204
1679701426933 1679701426.0 205
1679701427125 1679701427.0 206
1679701428507 1679701428.0 207
1679701428691 1679701428.0 208
1679701430017 1679701429.0 209
1679701430211 1679701430.0 210
1679701431565 1679701431.0 211
1679701431758 1679701431.0 212
1679701433041 1679701432.0 213
1679701433234 1679701433.0 214
1679701434546 1679701434.0 215
1679701434732 1679701434.0 216
1679701436089 1679701436.0 217
1679701436284 1679701436.0 218
1679701437567 1679701437.0 219
1679701437784 1679701437.0 220
1679701439095 1679701439.0 221
1679701439284 1679701439.0 222
1679701440583 1679701440.0 223
1679701440766 1679701440.0 224
1679701442086 1679701442.0 225
1679701442274 1679701442.0 226
1679701443696 1679701443.0 227
1679701443874 1679701443.0 228
1679701445169 1679701445.0 229
1679701445365 1679701445.0 230
1679701446731 1679701446.0 231
1679701446912 1679701446.0 232
1679701448196 1679701448.0 233
1679701448389 1679701448.0 234
1679701449700 1679701449.0 235
1679701449883 1679701449.0 236
1679701451236 1679701451.0 237
1679701451429 1679701451.0 238
1679701452754 1679701452.0 239
1679701452936 1679701452.0 240
1679701454244 1679701454.0 241
1679701454436 1679701454.0 242
1679701455759 1679701455.0 243
1679701455948 1679701455.0 244
1679701457306 1679701457.0 245
1679701457503 1679701457.0 246
1679701458934 1679701458.0 247
1679701459121 1679701459.0 248
1679701460430 1679701460.0 249
1679701460628 1679701460.0 250
1679701461944 1679701461.0 251
1679701462131 1679701462.0 252
1679701463455 1679701463.0 253
1679701463648 1679701463.0 254
1679701464987 1679701464.0 255
1679701465177 1679701465.0 256
1679701466561 1679701466.0 257
1679701466754 1679701466.0 258
1679701468110 1679701468.0 259
1679701468300 1679701468.0 260
1679701469624 1679701469.0 261
1679701469822 1679701469.0 262
1679701471138 1679701471.0 263
1679701471323 1679701471.0 264
1679701472644 1679701472.0 265
1679701472841 1679701472.0 266
1679701474206 1679701474.0 267
1679701474392 1679701474.0 268
1679701475731 1679701475.0 269
1679701475922 1679701475.0 270
1679701477241 1679701477.0 271
1679701477428 1679701477.0 272
1679701478731 1679701478.0 273
1679701478928 1679701478.0 274
1679701480226 1679701480.0 275
1679701480416 1679701480.0 276
1679701481790 1679701481.0 277
1679701481988 1679701481.0 278
1679701483308 1679701483.0 279
1679701483494 1679701483.0 280
1679701484842 1679701484.0 281
1679701485038 1679701484.0 282
1679701486319 1679701486.0 283
1679701486509 1679701486.0 284
1679701487789 1679701487.0 285
1679701487983 1679701487.0 286
1679701489347 1679701489.0 287
1679701489534 1679701489.0 288
1679701490808 1679701490.0 289
1679701491008 1679701490.0 290
1679701492384 1679701492.0 291
1679701492569 1679701492.0 292
1679701493872 1679701493.0 293
1679701494064 1679701494.0 294
1679701495439 1679701495.0 295
1679701495625 1679701495.0 296
1679701496991 1679701496.0 297
1679701497184 1679701497.0 298
1679701498493 1679701498.0 299
1679701498679 1679701498.0 300
1679701498801 1679701498.0 301
