1677114536191 27752.0 1
1677114536459 27752.0 2
1677114538000 27752.0 3
1677114538230 27752.0 4
1677114539785 27752.0 5
1677114540016 27752.0 6
1677114541461 27752.0 7
1677114541711 27752.0 8
1677114543111 27752.0 9
1677114543345 27752.0 10
1677114544793 27752.0 11
1677114545022 27752.0 12
1677114546467 27752.0 13
1677114546701 27752.0 14
1677114548108 27752.0 15
1677114548415 27752.0 16
1677114549888 27752.0 17
1677114550129 27752.0 18
1677114551582 27752.0 19
1677114551820 27752.0 20
1677114553311 27752.0 21
1677114553536 27752.0 22
1677114555023 27752.0 23
1677114555271 27752.0 24
1677114556800 27752.0 25
1677114557050 27752.0 26
1677114558533 27752.0 27
1677114558779 27752.0 28
1677114560257 27752.0 29
1677114560515 27752.0 30
1677114562132 27752.0 31
1677114562388 27752.0 32
1677114564011 27752.0 33
1677114564293 27752.0 34
1677114565864 27752.0 35
1677114566100 27752.0 36
1677114567646 27752.0 37
1677114568021 27752.0 38
1677114569565 27752.0 39
1677114569824 27752.0 40
1677114571281 27752.0 41
1677114571537 27752.0 42
1677114573011 27752.0 43
1677114573268 27752.0 44
1677114574749 27752.0 45
1677114575055 27752.0 46
1677114576780 27752.0 47
1677114577031 27752.0 48
1677114578540 27752.0 49
1677114578809 27752.0 50
1677114580312 27752.0 51
1677114580570 27752.0 52
1677114582091 27752.0 53
1677114582360 27752.0 54
1677114583881 27752.0 55
1677114584142 27752.0 56
1677114585747 27752.0 57
1677114585999 27752.0 58
1677114587517 27752.0 59
1677114587772 27752.0 60
1677114589278 27752.0 61
1677114589552 27752.0 62
1677114591203 27752.0 63
1677114591482 27752.0 64
1677114593154 27752.0 65
1677114593409 27752.0 66
1677114595150 27752.0 67
1677114595455 27752.0 68
1677114596974 27752.0 69
1677114597221 27752.0 70
1677114598863 27752.0 71
1677114599125 27752.0 72
1677114600579 27752.0 73
1677114600825 27752.0 74
1677114602394 27752.0 75
1677114602669 27752.0 76
1677114604172 27752.0 77
1677114604414 27752.0 78
1677114605888 27752.0 79
1677114606135 27752.0 80
1677114607627 27752.0 81
1677114607916 27752.0 82
1677114609432 27752.0 83
1677114609671 27752.0 84
1677114611078 27752.0 85
1677114611327 27752.0 86
1677114612847 27752.0 87
1677114613092 27752.0 88
1677114614572 27752.0 89
1677114614832 27752.0 90
1677114616402 27752.0 91
1677114616689 27752.0 92
1677114618430 27752.0 93
1677114618713 27752.0 94
1677114620139 27752.0 95
1677114620393 27752.0 96
1677114621966 27752.0 97
1677114622229 27752.0 98
1677114623801 27752.0 99
1677114624057 27752.0 100
1677114625655 27752.0 101
1677114625887 27752.0 102
1677114627312 27752.0 103
1677114627546 27752.0 104
1677114629072 27752.0 105
1677114629316 27752.0 106
1677114630705 27752.0 107
1677114630935 27752.0 108
1677114632363 27752.0 109
1677114632595 27752.0 110
1677114634019 27752.0 111
1677114634250 27752.0 112
1677114635607 27752.0 113
1677114635839 27752.0 114
1677114637318 27752.0 115
1677114637564 27752.0 116
1677114639015 27752.0 117
1677114639254 27752.0 118
1677114640627 27752.0 119
1677114640860 27752.0 120
1677114642262 27752.0 121
1677114642504 27752.0 122
1677114644086 27752.0 123
1677114644350 27752.0 124
1677114645923 27752.0 125
1677114646250 27752.0 126
1677114647857 27752.0 127
1677114648089 27752.0 128
1677114649487 27752.0 129
1677114649736 27752.0 130
1677114651332 27752.0 131
1677114651595 27752.0 132
1677114653173 27752.0 133
1677114653444 27752.0 134
1677114655090 27752.0 135
1677114655396 27752.0 136
1677114656847 27752.0 137
1677114657165 27752.0 138
1677114658550 27752.0 139
1677114658790 27752.0 140
1677114660231 27752.0 141
1677114660469 27752.0 142
1677114661904 27752.0 143
1677114662146 27752.0 144
1677114663585 27752.0 145
1677114663861 27752.0 146
1677114665301 27752.0 147
1677114665543 27752.0 148
1677114667039 27752.0 149
1677114667275 27752.0 150
1677114668706 27752.0 151
1677114668958 27752.0 152
1677114670355 27752.0 153
1677114670601 27752.0 154
1677114672035 27752.0 155
1677114672275 27752.0 156
1677114673667 27752.0 157
1677114673919 27752.0 158
1677114675328 27752.0 159
1677114675647 27752.0 160
1677114677117 27752.0 161
1677114677352 27752.0 162
1677114678745 27752.0 163
1677114678990 27752.0 164
1677114680472 27752.0 165
1677114680727 27752.0 166
1677114682367 27752.0 167
1677114682634 27752.0 168
1677114684253 27752.0 169
1677114684511 27752.0 170
1677114686187 27752.0 171
1677114686439 27752.0 172
1677114687879 27752.0 173
1677114688121 27752.0 174
1677114689531 27752.0 175
1677114689777 27752.0 176
1677114691209 27752.0 177
1677114691459 27752.0 178
1677114692889 27752.0 179
1677114693122 27752.0 180
1677114694561 27752.0 181
1677114694873 27752.0 182
1677114696271 27752.0 183
1677114696521 27752.0 184
1677114697901 27752.0 185
1677114698155 27752.0 186
1677114699581 27752.0 187
1677114699812 27752.0 188
1677114701174 27752.0 189
1677114701438 27752.0 190
1677114702900 27752.0 191
1677114703144 27752.0 192
1677114704644 27752.0 193
1677114704901 27752.0 194
1677114706311 27752.0 195
1677114706554 27752.0 196
1677114707980 27752.0 197
1677114708219 27752.0 198
1677114709680 27752.0 199
1677114709941 27752.0 200
1677114711556 27752.0 201
1677114711821 27752.0 202
1677114713427 27752.0 203
1677114713682 27752.0 204
1677114715344 27752.0 205
1677114715592 27752.0 206
1677114717027 27752.0 207
1677114717270 27752.0 208
1677114718693 27752.0 209
1677114718939 27752.0 210
1677114720394 27752.0 211
1677114720642 27752.0 212
1677114722106 27752.0 213
1677114722353 27752.0 214
1677114723826 27752.0 215
1677114724080 27752.0 216
1677114725504 27752.0 217
1677114725745 27752.0 218
1677114727172 27752.0 219
1677114727413 27752.0 220
1677114728898 27752.0 221
1677114729147 27752.0 222
1677114730651 27752.0 223
1677114730897 27752.0 224
1677114732326 27752.0 225
1677114732581 27752.0 226
1677114734110 27752.0 227
1677114734371 27752.0 228
1677114735933 27752.0 229
1677114736201 27752.0 230
1677114737827 27752.0 231
1677114738111 27752.0 232
1677114739765 27752.0 233
1677114740031 27752.0 234
1677114741599 27752.0 235
1677114741865 27752.0 236
1677114743531 27752.0 237
1677114743801 27752.0 238
1677114745359 27752.0 239
1677114745622 27752.0 240
1677114747197 27752.0 241
1677114747459 27752.0 242
1677114749037 27752.0 243
1677114749360 27752.0 244
1677114750995 27752.0 245
1677114751271 27752.0 246
1677114752890 27752.0 247
1677114753162 27752.0 248
1677114754837 27752.0 249
1677114755119 27752.0 250
1677114756669 27752.0 251
1677114756941 27752.0 252
1677114758510 27752.0 253
1677114758776 27752.0 254
1677114760357 27752.0 255
1677114760625 27752.0 256
1677114762207 27752.0 257
1677114762472 27752.0 258
1677114764105 27752.0 259
1677114764467 27752.0 260
1677114766068 27752.0 261
1677114766344 27752.0 262
1677114767949 27752.0 263
1677114768214 27752.0 264
1677114769791 27752.0 265
1677114770087 27752.0 266
1677114771681 27752.0 267
1677114771992 27752.0 268
1677114773537 27752.0 269
1677114773811 27752.0 270
1677114775492 27752.0 271
1677114775769 27752.0 272
1677114777369 27752.0 273
1677114777646 27752.0 274
1677114779246 27752.0 275
1677114779503 27752.0 276
1677114781076 27752.0 277
1677114781360 27752.0 278
1677114782963 27752.0 279
1677114783272 27752.0 280
1677114784854 27752.0 281
1677114785209 27752.0 282
1677114786801 27752.0 283
1677114787070 27752.0 284
1677114788670 27752.0 285
1677114788940 27752.0 286
1677114790507 27752.0 287
1677114790776 27752.0 288
1677114792426 27752.0 289
1677114792694 27752.0 290
1677114794266 27752.0 291
1677114794533 27752.0 292
1677114796201 27752.0 293
1677114796459 27752.0 294
1677114798045 27752.0 295
1677114798306 27752.0 296
1677114799855 27752.0 297
1677114800160 27752.0 298
1677114801777 27752.0 299
1677114802074 27752.0 300
1677114802336 27752.0 301
