1677114536190 5.329342842102051 1
1677114536457 5.579472064971924 2
1677114537998 7.122404098510742 3
1677114538229 7.359402656555176 4
1677114539784 8.913232564926147 5
1677114540015 9.143079042434692 6
1677114541459 10.616868019104004 7
1677114541709 10.834380865097046 8
1677114543110 12.232250452041626 9
1677114543344 12.468063592910767 10
1677114544792 13.918041706085205 11
1677114545020 14.147366523742676 12
1677114546465 15.595256328582764 13
1677114546699 15.827461957931519 14
1677114548106 17.234400749206543 15
1677114548413 17.542301177978516 16
1677114549887 19.005918264389038 17
1677114550127 19.25695776939392 18
1677114551581 20.70313262939453 19
1677114551818 20.947291612625122 20
1677114553309 22.42918086051941 21
1677114553534 22.66607356071472 22
1677114555021 24.137441158294678 23
1677114555270 24.393831968307495 24
1677114556799 25.954179763793945 25
1677114557047 26.167906045913696 26
1677114558531 27.65227699279785 27
1677114558778 27.90217900276184 28
1677114560256 29.380303621292114 29
1677114560513 29.638421297073364 30
1677114562130 31.251349925994873 31
1677114562387 31.509301900863647 32
1677114564009 33.114872455596924 33
1677114564291 33.41143822669983 34
1677114565863 34.98571586608887 35
1677114566098 35.22485971450806 36
1677114567644 36.79924774169922 37
1677114568020 37.138553857803345 38
1677114569564 38.684163331985474 39
1677114569823 38.94288992881775 40
1677114571279 40.437453746795654 41
1677114571535 40.65427088737488 42
1677114573009 42.133232831954956 43
1677114573265 42.39007115364075 44
1677114574748 43.9061553478241 45
1677114575053 44.16614627838135 46
1677114576778 45.93405103683472 47
1677114577029 46.15451455116272 48
1677114578538 47.65633773803711 49
1677114578807 47.926923990249634 50
1677114580311 49.43218016624451 51
1677114580569 49.68239402770996 52
1677114582089 51.245182037353516 53
1677114582357 51.48028230667114 54
1677114583880 53.00010538101196 55
1677114584141 53.25111794471741 56
1677114585746 54.86396384239197 57
1677114585997 55.11220073699951 58
1677114587516 56.6367290019989 59
1677114587770 56.89615488052368 60
1677114589277 58.39931654930115 61
1677114589551 58.65649676322937 62
1677114591201 60.31130003929138 63
1677114591480 60.59309387207031 64
1677114593152 62.3052134513855 65
1677114593407 62.52926206588745 66
1677114595147 64.2601888179779 67
1677114595453 64.55696105957031 68
1677114596973 66.09814643859863 69
1677114597220 66.34332060813904 70
1677114598861 67.96200919151306 71
1677114599123 68.23941946029663 72
1677114600578 69.69794964790344 73
1677114600824 69.94933891296387 74
1677114602392 71.5063054561615 75
1677114602666 71.77853035926819 76
1677114604171 73.29508781433105 77
1677114604412 73.53313279151917 78
1677114605886 75.00337886810303 79
1677114606134 75.25802850723267 80
1677114607622 76.77193212509155 81
1677114607915 77.03414392471313 82
1677114609430 78.55526614189148 83
1677114609669 78.79396080970764 84
1677114611077 80.19797682762146 85
1677114611325 80.44806718826294 86
1677114612846 81.95612454414368 87
1677114613090 82.2066376209259 88
1677114614570 83.69397139549255 89
1677114614831 83.95117783546448 90
1677114616400 85.55325531959534 91
1677114616688 85.80126237869263 92
1677114618428 87.53344917297363 93
1677114618711 87.82635569572449 94
1677114620137 89.25413846969604 95
1677114620392 89.51245975494385 96
1677114621965 91.08419132232666 97
1677114622227 91.34528875350952 98
1677114623799 92.91351413726807 99
1677114624056 93.17246651649475 100
1677114625654 94.77619194984436 101
1677114625886 95.00708746910095 102
1677114627310 96.43433570861816 103
1677114627544 96.66922426223755 104
1677114629070 98.18496751785278 105
1677114629315 98.43703746795654 106
1677114630704 99.82796835899353 107
1677114630933 100.05739688873291 108
1677114632363 101.4852991104126 109
1677114632594 101.71635246276855 110
1677114634017 103.134938955307 111
1677114634249 103.37234807014465 112
1677114635605 104.72910356521606 113
1677114635837 104.95751857757568 114
1677114637316 106.44136214256287 115
1677114637562 106.6792528629303 116
1677114639014 108.13146448135376 117
1677114639253 108.36999487876892 118
1677114640625 109.74497652053833 119
1677114640859 109.98016548156738 120
1677114642261 111.3833658695221 121
1677114642503 111.62119340896606 122
1677114644083 113.1960437297821 123
1677114644349 113.46338176727295 124
1677114645921 115.02029919624329 125
1677114646249 115.34347939491272 126
1677114647855 116.97793126106262 127
1677114648086 117.20732617378235 128
1677114649486 118.60909795761108 129
1677114649734 118.85258507728577 130
1677114651330 120.44139099121094 131
1677114651593 120.71030855178833 132
1677114653171 122.28714203834534 133
1677114653442 122.55453205108643 134
1677114655088 124.19305801391602 135
1677114655394 124.51213717460632 136
1677114656845 125.96523213386536 137
1677114657163 126.2851767539978 138
1677114658549 127.66534233093262 139
1677114658789 127.90431523323059 140
1677114660230 129.3491780757904 141
1677114660468 129.58918571472168 142
1677114661902 131.0216269493103 143
1677114662145 131.26306176185608 144
1677114663584 132.7024281024933 145
1677114663861 132.976167678833 146
1677114665300 134.4192192554474 147
1677114665542 134.66243243217468 148
1677114667038 136.15551805496216 149
1677114667274 136.393306016922 150
1677114668705 137.82240772247314 151
1677114668957 138.07564330101013 152
1677114670354 139.4716956615448 153
1677114670600 139.7192234992981 154
1677114672034 141.15263271331787 155
1677114672275 141.39599013328552 156
1677114673666 142.78521728515625 157
1677114673917 143.03631496429443 158
1677114675326 144.44605469703674 159
1677114675645 144.76545906066895 160
1677114677115 146.23449063301086 161
1677114677350 146.46905612945557 162
1677114678743 147.86449909210205 163
1677114678989 148.1073179244995 164
1677114680470 149.58008360862732 165
1677114680726 149.84021091461182 166
1677114682365 151.4755208492279 167
1677114682632 151.74680089950562 168
1677114684251 153.3613407611847 169
1677114684510 153.62321019172668 170
1677114686185 155.30539917945862 171
1677114686438 155.5563235282898 172
1677114687877 156.99786567687988 173
1677114688120 157.2403485774994 174
1677114689530 158.6470766067505 175
1677114689776 158.89734435081482 176
1677114691207 160.3222885131836 177
1677114691459 160.57723665237427 178
1677114692887 162.006413936615 179
1677114693120 162.24428391456604 180
1677114694559 163.67132925987244 181
1677114694871 163.9902184009552 182
1677114696270 165.38511323928833 183
1677114696519 165.6363844871521 184
1677114697900 167.00619792938232 185
1677114698153 167.26701140403748 186
1677114699580 168.6967146396637 187
1677114699811 168.930419921875 188
1677114701172 170.28721237182617 189
1677114701436 170.54743576049805 190
1677114702899 172.01269388198853 191
1677114703143 172.26034927368164 192
1677114704642 173.75830841064453 193
1677114704901 174.01618719100952 194
1677114706309 175.42545247077942 195
1677114706553 175.6699459552765 196
1677114707979 177.09914636611938 197
1677114708217 177.3331549167633 198
1677114709678 178.78617072105408 199
1677114709939 179.04438877105713 200
1677114711555 180.66320252418518 201
1677114711820 180.93351292610168 202
1677114713425 182.53687524795532 203
1677114713681 182.79210352897644 204
1677114715343 184.45730566978455 205
1677114715591 184.70794558525085 206
1677114717025 186.14323496818542 207
1677114717269 186.38931369781494 208
1677114718691 187.80517196655273 209
1677114718938 188.0512511730194 210
1677114720392 189.5079641342163 211
1677114720641 189.754478931427 212
1677114722104 191.2192394733429 213
1677114722351 191.4722318649292 214
1677114723825 192.93717098236084 215
1677114724078 193.1901867389679 216
1677114725503 194.61701726913452 217
1677114725744 194.86256742477417 218
1677114727170 196.28927397727966 219
1677114727412 196.52835726737976 220
1677114728897 198.01145434379578 221
1677114729145 198.26232028007507 222
1677114730649 199.76336407661438 223
1677114730896 200.0126359462738 224
1677114732325 201.44303441047668 225
1677114732579 201.6942434310913 226
1677114734109 203.21711444854736 227
1677114734371 203.4800844192505 228
1677114735931 205.0411560535431 229
1677114736199 205.30684399604797 230
1677114737825 206.92492508888245 231
1677114738109 207.22003984451294 232
1677114739764 208.87155199050903 233
1677114740029 209.13599133491516 234
1677114741598 210.70441031455994 235
1677114741864 210.9744803905487 236
1677114743529 212.64044189453125 237
1677114743800 212.90833473205566 238
1677114745357 214.46453261375427 239
1677114745620 214.72994589805603 240
1677114747196 216.30624532699585 241
1677114747457 216.5694808959961 242
1677114749034 218.1401388645172 243
1677114749359 218.4685287475586 244
1677114750994 220.1014382839203 245
1677114751270 220.37830877304077 246
1677114752889 221.99594068527222 247
1677114753161 222.26999163627625 248
1677114754835 223.94234609603882 249
1677114755118 224.22634649276733 250
1677114756666 225.77427625656128 251
1677114756940 226.04650688171387 252
1677114758509 227.6123731136322 253
1677114758774 227.88647150993347 254
1677114760356 229.46780133247375 255
1677114760623 229.7332706451416 256
1677114762206 231.3121361732483 257
1677114762470 231.57808375358582 258
1677114764103 233.2062439918518 259
1677114764466 233.57479643821716 260
1677114766067 235.17297387123108 261
1677114766342 235.45022130012512 262
1677114767947 237.05298352241516 263
1677114768213 237.3225657939911 264
1677114769790 238.8973846435547 265
1677114770085 239.18024587631226 266
1677114771680 240.78761386871338 267
1677114771991 241.09919214248657 268
1677114773535 242.64443802833557 269
1677114773809 242.9162037372589 270
1677114775490 244.59722471237183 271
1677114775767 244.86920356750488 272
1677114777367 246.47426199913025 273
1677114777644 246.75227570533752 274
1677114779244 248.3514907360077 275
1677114779501 248.61329007148743 276
1677114781074 250.17896723747253 277
1677114781358 250.45915341377258 278
1677114782961 252.0669584274292 279
1677114783271 252.38005089759827 280
1677114784854 253.9564173221588 281
1677114785207 254.31111478805542 282
1677114786800 255.90339708328247 283
1677114787067 256.1765751838684 284
1677114788669 257.7693054676056 285
1677114788939 258.0482017993927 286
1677114790506 259.61238169670105 287
1677114790775 259.879426240921 288
1677114792424 261.5303113460541 289
1677114792693 261.79718255996704 290
1677114794265 263.37235951423645 291
1677114794531 263.6423439979553 292
1677114796199 265.29945635795593 293
1677114796458 265.56713485717773 294
1677114798045 267.1520907878876 295
1677114798305 267.415075302124 296
1677114799854 268.9616267681122 297
1677114800159 269.2679727077484 298
1677114801776 270.87913966178894 299
1677114802072 271.1754791736603 300
1677114802334 271.4399778842926 301
