1677114536188 1677114536.0 1
1677114536454 1677114536.0 2
1677114537996 1677114537.0 3
1677114538226 1677114538.0 4
1677114539782 1677114539.0 5
1677114540013 1677114539.0 6
1677114541457 1677114541.0 7
1677114541707 1677114541.0 8
1677114543109 1677114543.0 9
1677114543343 1677114543.0 10
1677114544790 1677114544.0 11
1677114545018 1677114544.0 12
1677114546464 1677114546.0 13
1677114546698 1677114546.0 14
1677114548105 1677114548.0 15
1677114548412 1677114548.0 16
1677114549885 1677114549.0 17
1677114550125 1677114550.0 18
1677114551580 1677114551.0 19
1677114551817 1677114551.0 20
1677114553307 1677114553.0 21
1677114553534 1677114553.0 22
1677114555019 1677114554.0 23
1677114555269 1677114555.0 24
1677114556797 1677114556.0 25
1677114557046 1677114556.0 26
1677114558529 1677114558.0 27
1677114558777 1677114558.0 28
1677114560255 1677114560.0 29
1677114560512 1677114560.0 30
1677114562128 1677114562.0 31
1677114562385 1677114562.0 32
1677114564007 1677114563.0 33
1677114564289 1677114564.0 34
1677114565861 1677114565.0 35
1677114566097 1677114566.0 36
1677114567643 1677114567.0 37
1677114568018 1677114567.0 38
1677114569562 1677114569.0 39
1677114569820 1677114569.0 40
1677114571278 1677114571.0 41
1677114571533 1677114571.0 42
1677114573007 1677114572.0 43
1677114573264 1677114573.0 44
1677114574746 1677114574.0 45
1677114575051 1677114574.0 46
1677114576777 1677114576.0 47
1677114577027 1677114576.0 48
1677114578537 1677114578.0 49
1677114578805 1677114578.0 50
1677114580310 1677114580.0 51
1677114580567 1677114580.0 52
1677114582087 1677114582.0 53
1677114582356 1677114582.0 54
1677114583878 1677114583.0 55
1677114584139 1677114584.0 56
1677114585745 1677114585.0 57
1677114585997 1677114585.0 58
1677114587514 1677114587.0 59
1677114587768 1677114587.0 60
1677114589275 1677114589.0 61
1677114589549 1677114589.0 62
1677114591200 1677114591.0 63
1677114591479 1677114591.0 64
1677114593150 1677114593.0 65
1677114593405 1677114593.0 66
1677114595146 1677114595.0 67
1677114595451 1677114595.0 68
1677114596971 1677114596.0 69
1677114597218 1677114597.0 70
1677114598859 1677114598.0 71
1677114599122 1677114599.0 72
1677114600576 1677114600.0 73
1677114600822 1677114600.0 74
1677114602390 1677114602.0 75
1677114602665 1677114602.0 76
1677114604169 1677114604.0 77
1677114604411 1677114604.0 78
1677114605885 1677114605.0 79
1677114606132 1677114606.0 80
1677114607618 1677114607.0 81
1677114607913 1677114607.0 82
1677114609429 1677114609.0 83
1677114609667 1677114609.0 84
1677114611075 1677114611.0 85
1677114611324 1677114611.0 86
1677114612844 1677114612.0 87
1677114613089 1677114613.0 88
1677114614569 1677114614.0 89
1677114614829 1677114614.0 90
1677114616398 1677114616.0 91
1677114616686 1677114616.0 92
1677114618425 1677114618.0 93
1677114618709 1677114618.0 94
1677114620136 1677114620.0 95
1677114620390 1677114620.0 96
1677114621964 1677114621.0 97
1677114622227 1677114622.0 98
1677114623797 1677114623.0 99
1677114624055 1677114624.0 100
1677114625652 1677114625.0 101
1677114625885 1677114625.0 102
1677114627309 1677114627.0 103
1677114627542 1677114627.0 104
1677114629068 1677114629.0 105
1677114629313 1677114629.0 106
1677114630703 1677114630.0 107
1677114630932 1677114630.0 108
1677114632361 1677114632.0 109
1677114632592 1677114632.0 110
1677114634016 1677114633.0 111
1677114634247 1677114634.0 112
1677114635603 1677114635.0 113
1677114635836 1677114635.0 114
1677114637315 1677114637.0 115
1677114637561 1677114637.0 116
1677114639012 1677114638.0 117
1677114639252 1677114639.0 118
1677114640624 1677114640.0 119
1677114640856 1677114640.0 120
1677114642260 1677114642.0 121
1677114642501 1677114642.0 122
1677114644081 1677114644.0 123
1677114644347 1677114644.0 124
1677114645919 1677114645.0 125
1677114646246 1677114646.0 126
1677114647854 1677114647.0 127
1677114648084 1677114648.0 128
1677114649484 1677114649.0 129
1677114649732 1677114649.0 130
1677114651329 1677114651.0 131
1677114651592 1677114651.0 132
1677114653170 1677114653.0 133
1677114653441 1677114653.0 134
1677114655087 1677114655.0 135
1677114655393 1677114655.0 136
1677114656844 1677114656.0 137
1677114657162 1677114657.0 138
1677114658547 1677114658.0 139
1677114658787 1677114658.0 140
1677114660227 1677114660.0 141
1677114660466 1677114660.0 142
1677114661901 1677114661.0 143
1677114662143 1677114662.0 144
1677114663583 1677114663.0 145
1677114663859 1677114663.0 146
1677114665297 1677114665.0 147
1677114665540 1677114665.0 148
1677114667036 1677114666.0 149
1677114667273 1677114667.0 150
1677114668704 1677114668.0 151
1677114668955 1677114668.0 152
1677114670352 1677114670.0 153
1677114670598 1677114670.0 154
1677114672033 1677114671.0 155
1677114672273 1677114672.0 156
1677114673665 1677114673.0 157
1677114673916 1677114673.0 158
1677114675325 1677114675.0 159
1677114675644 1677114675.0 160
1677114677114 1677114677.0 161
1677114677349 1677114677.0 162
1677114678742 1677114678.0 163
1677114678987 1677114678.0 164
1677114680469 1677114680.0 165
1677114680725 1677114680.0 166
1677114682364 1677114682.0 167
1677114682631 1677114682.0 168
1677114684250 1677114684.0 169
1677114684507 1677114684.0 170
1677114686184 1677114686.0 171
1677114686437 1677114686.0 172
1677114687877 1677114687.0 173
1677114688119 1677114688.0 174
1677114689528 1677114689.0 175
1677114689775 1677114689.0 176
1677114691205 1677114691.0 177
1677114691456 1677114691.0 178
1677114692885 1677114692.0 179
1677114693120 1677114693.0 180
1677114694558 1677114694.0 181
1677114694870 1677114694.0 182
1677114696268 1677114696.0 183
1677114696517 1677114696.0 184
1677114697897 1677114697.0 185
1677114698153 1677114698.0 186
1677114699578 1677114699.0 187
1677114699809 1677114699.0 188
1677114701171 1677114701.0 189
1677114701435 1677114701.0 190
1677114702897 1677114702.0 191
1677114703141 1677114703.0 192
1677114704641 1677114704.0 193
1677114704899 1677114704.0 194
1677114706308 1677114706.0 195
1677114706551 1677114706.0 196
1677114707977 1677114707.0 197
1677114708215 1677114708.0 198
1677114709677 1677114709.0 199
1677114709936 1677114709.0 200
1677114711554 1677114711.0 201
1677114711818 1677114711.0 202
1677114713424 1677114713.0 203
1677114713680 1677114713.0 204
1677114715342 1677114715.0 205
1677114715590 1677114715.0 206
1677114717024 1677114716.0 207
1677114717267 1677114717.0 208
1677114718690 1677114718.0 209
1677114718937 1677114718.0 210
1677114720391 1677114720.0 211
1677114720639 1677114720.0 212
1677114722103 1677114722.0 213
1677114722350 1677114722.0 214
1677114723823 1677114723.0 215
1677114724077 1677114724.0 216
1677114725501 1677114725.0 217
1677114725743 1677114725.0 218
1677114727169 1677114727.0 219
1677114727410 1677114727.0 220
1677114728895 1677114728.0 221
1677114729145 1677114729.0 222
1677114730648 1677114730.0 223
1677114730894 1677114730.0 224
1677114732323 1677114732.0 225
1677114732578 1677114732.0 226
1677114734106 1677114734.0 227
1677114734370 1677114734.0 228
1677114735930 1677114735.0 229
1677114736198 1677114736.0 230
1677114737823 1677114737.0 231
1677114738108 1677114738.0 232
1677114739762 1677114739.0 233
1677114740026 1677114739.0 234
1677114741596 1677114741.0 235
1677114741862 1677114741.0 236
1677114743528 1677114743.0 237
1677114743798 1677114743.0 238
1677114745355 1677114745.0 239
1677114745619 1677114745.0 240
1677114747195 1677114747.0 241
1677114747455 1677114747.0 242
1677114749033 1677114748.0 243
1677114749357 1677114749.0 244
1677114750992 1677114750.0 245
1677114751269 1677114751.0 246
1677114752886 1677114752.0 247
1677114753159 1677114753.0 248
1677114754833 1677114754.0 249
1677114755116 1677114755.0 250
1677114756665 1677114756.0 251
1677114756938 1677114756.0 252
1677114758507 1677114758.0 253
1677114758773 1677114758.0 254
1677114760355 1677114760.0 255
1677114760622 1677114760.0 256
1677114762204 1677114762.0 257
1677114762469 1677114762.0 258
1677114764102 1677114764.0 259
1677114764464 1677114764.0 260
1677114766065 1677114766.0 261
1677114766340 1677114766.0 262
1677114767946 1677114767.0 263
1677114768211 1677114768.0 264
1677114769787 1677114769.0 265
1677114770083 1677114770.0 266
1677114771678 1677114771.0 267
1677114771989 1677114771.0 268
1677114773534 1677114773.0 269
1677114773808 1677114773.0 270
1677114775489 1677114775.0 271
1677114775765 1677114775.0 272
1677114777365 1677114777.0 273
1677114777642 1677114777.0 274
1677114779243 1677114779.0 275
1677114779500 1677114779.0 276
1677114781072 1677114781.0 277
1677114781356 1677114781.0 278
1677114782959 1677114782.0 279
1677114783269 1677114783.0 280
1677114784852 1677114784.0 281
1677114785205 1677114785.0 282
1677114786798 1677114786.0 283
1677114787065 1677114787.0 284
1677114788667 1677114788.0 285
1677114788937 1677114788.0 286
1677114790504 1677114790.0 287
1677114790774 1677114790.0 288
1677114792422 1677114792.0 289
1677114792691 1677114792.0 290
1677114794263 1677114794.0 291
1677114794530 1677114794.0 292
1677114796197 1677114796.0 293
1677114796457 1677114796.0 294
1677114798043 1677114797.0 295
1677114798303 1677114798.0 296
1677114799852 1677114799.0 297
1677114800158 1677114800.0 298
1677114801775 1677114801.0 299
1677114802070 1677114802.0 300
1677114802331 1677114802.0 301
