1677114536198 0.004948616027832031 1
1677114536465 0.004948616027832031 2
1677114538006 0.004948616027832031 3
1677114538236 0.004948616027832031 4
1677114539791 0.004948616027832031 5
1677114540023 0.004948616027832031 6
1677114541466 0.004948616027832031 7
1677114541716 0.004948616027832031 8
1677114543117 0.004948616027832031 9
1677114543351 0.004948616027832031 10
1677114544798 0.004948616027832031 11
1677114545029 0.004948616027832031 12
1677114546473 0.004948616027832031 13
1677114546708 0.004948616027832031 14
1677114548113 0.004948616027832031 15
1677114548421 0.004948616027832031 16
1677114549895 0.004948616027832031 17
1677114550134 0.004948616027832031 18
1677114551591 0.004948616027832031 19
1677114551825 0.004948616027832031 20
1677114553316 0.004948616027832031 21
1677114553541 0.004948616027832031 22
1677114555029 0.004948616027832031 23
1677114555277 0.004948616027832031 24
1677114556807 0.004948616027832031 25
1677114557057 0.004948616027832031 26
1677114558540 0.004948616027832031 27
1677114558787 0.004948616027832031 28
1677114560272 0.004948616027832031 29
1677114560521 0.004948616027832031 30
1677114562138 0.004948616027832031 31
1677114562395 0.004948616027832031 32
1677114564017 0.004948616027832031 33
1677114564299 0.004948616027832031 34
1677114565871 0.004948616027832031 35
1677114566106 0.004948616027832031 36
1677114567655 0.004948616027832031 37
1677114568027 0.004948616027832031 38
1677114569572 0.004948616027832031 39
1677114569830 0.004948616027832031 40
1677114571287 0.004948616027832031 41
1677114571543 0.004948616027832031 42
1677114573017 0.004948616027832031 43
1677114573275 0.004948616027832031 44
1677114574755 0.004948616027832031 45
1677114575061 0.004948616027832031 46
1677114576785 0.004948616027832031 47
1677114577036 0.004948616027832031 48
1677114578546 0.004948616027832031 49
1677114578815 0.004948616027832031 50
1677114580319 0.004948616027832031 51
1677114580576 0.004948616027832031 52
1677114582096 0.004948616027832031 53
1677114582365 0.004948616027832031 54
1677114583887 0.004948616027832031 55
1677114584149 0.004948616027832031 56
1677114585753 0.004948616027832031 57
1677114586005 0.004948616027832031 58
1677114587524 0.004948616027832031 59
1677114587777 0.004948616027832031 60
1677114589284 0.004948616027832031 61
1677114589559 0.004948616027832031 62
1677114591209 0.004948616027832031 63
1677114591489 0.004948616027832031 64
1677114593160 0.004948616027832031 65
1677114593414 0.004948616027832031 66
1677114595157 0.004948616027832031 67
1677114595462 0.004948616027832031 68
1677114596980 0.004948616027832031 69
1677114597228 0.004948616027832031 70
1677114598870 0.004948616027832031 71
1677114599131 0.004948616027832031 72
1677114600585 0.004948616027832031 73
1677114600831 0.004948616027832031 74
1677114602400 0.004948616027832031 75
1677114602676 0.004948616027832031 76
1677114604179 0.004948616027832031 77
1677114604420 0.004948616027832031 78
1677114605895 0.004948616027832031 79
1677114606140 0.004948616027832031 80
1677114607637 0.004948616027832031 81
1677114607922 0.004948616027832031 82
1677114609439 0.004948616027832031 83
1677114609676 0.004948616027832031 84
1677114611084 0.004948616027832031 85
1677114611334 0.004948616027832031 86
1677114612853 0.004948616027832031 87
1677114613099 0.004948616027832031 88
1677114614577 0.004948616027832031 89
1677114614840 0.004948616027832031 90
1677114616410 0.004948616027832031 91
1677114616695 0.004948616027832031 92
1677114618436 0.004948616027832031 93
1677114618718 0.004948616027832031 94
1677114620144 0.004948616027832031 95
1677114620400 0.004948616027832031 96
1677114621973 0.004948616027832031 97
1677114622235 0.004948616027832031 98
1677114623807 0.004948616027832031 99
1677114624064 0.004948616027832031 100
1677114625661 0.004948616027832031 101
1677114625894 0.004948616027832031 102
1677114627317 0.004948616027832031 103
1677114627552 0.004948616027832031 104
1677114629078 0.004948616027832031 105
1677114629322 0.004948616027832031 106
1677114630711 0.004948616027832031 107
1677114630940 0.004948616027832031 108
1677114632369 0.004948616027832031 109
1677114632601 0.004948616027832031 110
1677114634024 0.004948616027832031 111
1677114634255 0.004948616027832031 112
1677114635612 0.004948616027832031 113
1677114635844 0.004948616027832031 114
1677114637323 0.004948616027832031 115
1677114637571 0.004948616027832031 116
1677114639021 0.004948616027832031 117
1677114639259 0.004948616027832031 118
1677114640633 0.004948616027832031 119
1677114640864 0.004948616027832031 120
1677114642267 0.004948616027832031 121
1677114642510 0.004948616027832031 122
1677114644093 0.004948616027832031 123
1677114644356 0.004948616027832031 124
1677114645930 0.004948616027832031 125
1677114646258 0.004948616027832031 126
1677114647862 0.004948616027832031 127
1677114648094 0.004948616027832031 128
1677114649493 0.004948616027832031 129
1677114649741 0.004948616027832031 130
1677114651339 0.004948616027832031 131
1677114651600 0.004948616027832031 132
1677114653180 0.004948616027832031 133
1677114653450 0.004948616027832031 134
1677114655097 0.004948616027832031 135
1677114655402 0.004948616027832031 136
1677114656852 0.004948616027832031 137
1677114657171 0.004948616027832031 138
1677114658556 0.004948616027832031 139
1677114658795 0.004948616027832031 140
1677114660236 0.004948616027832031 141
1677114660475 0.004948616027832031 142
1677114661910 0.004948616027832031 143
1677114662153 0.004948616027832031 144
1677114663591 0.004948616027832031 145
1677114663867 0.004948616027832031 146
1677114665307 0.004948616027832031 147
1677114665550 0.004948616027832031 148
1677114667045 0.004948616027832031 149
1677114667281 0.004948616027832031 150
1677114668713 0.004948616027832031 151
1677114668963 0.004948616027832031 152
1677114670360 0.004948616027832031 153
1677114670607 0.004948616027832031 154
1677114672043 0.004948616027832031 155
1677114672281 0.004948616027832031 156
1677114673673 0.004948616027832031 157
1677114673924 0.004948616027832031 158
1677114675333 0.004948616027832031 159
1677114675653 0.004948616027832031 160
1677114677123 0.004948616027832031 161
1677114677357 0.004948616027832031 162
1677114678750 0.004948616027832031 163
1677114678997 0.004948616027832031 164
1677114680477 0.004948616027832031 165
1677114680734 0.004948616027832031 166
1677114682379 0.004948616027832031 167
1677114682641 0.004948616027832031 168
1677114684259 0.004948616027832031 169
1677114684516 0.004948616027832031 170
1677114686193 0.004948616027832031 171
1677114686445 0.004948616027832031 172
1677114687885 0.004948616027832031 173
1677114688127 0.004948616027832031 174
1677114689537 0.004948616027832031 175
1677114689784 0.004948616027832031 176
1677114691214 0.004948616027832031 177
1677114691465 0.004948616027832031 178
1677114692894 0.004948616027832031 179
1677114693127 0.004948616027832031 180
1677114694566 0.004948616027832031 181
1677114694878 0.004948616027832031 182
1677114696277 0.004948616027832031 183
1677114696526 0.004948616027832031 184
1677114697907 0.004948616027832031 185
1677114698161 0.004948616027832031 186
1677114699586 0.004948616027832031 187
1677114699817 0.004948616027832031 188
1677114701180 0.004948616027832031 189
1677114701445 0.004948616027832031 190
1677114702907 0.004948616027832031 191
1677114703149 0.004948616027832031 192
1677114704650 0.004948616027832031 193
1677114704907 0.004948616027832031 194
1677114706317 0.004948616027832031 195
1677114706560 0.004948616027832031 196
1677114707986 0.004948616027832031 197
1677114708225 0.004948616027832031 198
1677114709685 0.004948616027832031 199
1677114709945 0.004948616027832031 200
1677114711563 0.004948616027832031 201
1677114711827 0.004948616027832031 202
1677114713433 0.004948616027832031 203
1677114713689 0.004948616027832031 204
1677114715349 0.004948616027832031 205
1677114715599 0.004948616027832031 206
1677114717032 0.004948616027832031 207
1677114717276 0.004948616027832031 208
1677114718698 0.004948616027832031 209
1677114718945 0.004948616027832031 210
1677114720399 0.004948616027832031 211
1677114720647 0.004948616027832031 212
1677114722113 0.004948616027832031 213
1677114722358 0.004948616027832031 214
1677114723833 0.004948616027832031 215
1677114724087 0.004948616027832031 216
1677114725511 0.004948616027832031 217
1677114725751 0.004948616027832031 218
1677114727176 0.004948616027832031 219
1677114727420 0.004948616027832031 220
1677114728904 0.004948616027832031 221
1677114729153 0.004948616027832031 222
1677114730657 0.004948616027832031 223
1677114730903 0.004948616027832031 224
1677114732332 0.004948616027832031 225
1677114732587 0.004948616027832031 226
1677114734116 0.004948616027832031 227
1677114734380 0.004948616027832031 228
1677114735939 0.004948616027832031 229
1677114736207 0.004948616027832031 230
1677114737832 0.004948616027832031 231
1677114738117 0.004948616027832031 232
1677114739772 0.004948616027832031 233
1677114740037 0.004948616027832031 234
1677114741605 0.004948616027832031 235
1677114741872 0.004948616027832031 236
1677114743536 0.004948616027832031 237
1677114743807 0.004948616027832031 238
1677114745364 0.004948616027832031 239
1677114745629 0.004948616027832031 240
1677114747203 0.004948616027832031 241
1677114747465 0.004948616027832031 242
1677114749043 0.004948616027832031 243
1677114749365 0.004948616027832031 244
1677114751002 0.004948616027832031 245
1677114751277 0.004948616027832031 246
1677114752895 0.004948616027832031 247
1677114753169 0.004948616027832031 248
1677114754843 0.004948616027832031 249
1677114755125 0.004948616027832031 250
1677114756675 0.004948616027832031 251
1677114756947 0.004948616027832031 252
1677114758516 0.004948616027832031 253
1677114758782 0.004948616027832031 254
1677114760363 0.004948616027832031 255
1677114760632 0.004948616027832031 256
1677114762215 0.004948616027832031 257
1677114762478 0.004948616027832031 258
1677114764111 0.004948616027832031 259
1677114764474 0.004948616027832031 260
1677114766075 0.004948616027832031 261
1677114766352 0.004948616027832031 262
1677114767955 0.004948616027832031 263
1677114768220 0.004948616027832031 264
1677114769797 0.004948616027832031 265
1677114770094 0.004948616027832031 266
1677114771688 0.004948616027832031 267
1677114771997 0.004948616027832031 268
1677114773543 0.004948616027832031 269
1677114773817 0.004948616027832031 270
1677114775499 0.004948616027832031 271
1677114775775 0.004948616027832031 272
1677114777375 0.004948616027832031 273
1677114777651 0.004948616027832031 274
1677114779251 0.004948616027832031 275
1677114779508 0.004948616027832031 276
1677114781083 0.004948616027832031 277
1677114781369 0.004948616027832031 278
1677114782971 0.004948616027832031 279
1677114783280 0.004948616027832031 280
1677114784862 0.004948616027832031 281
1677114785215 0.004948616027832031 282
1677114786808 0.004948616027832031 283
1677114787077 0.004948616027832031 284
1677114788677 0.004948616027832031 285
1677114788947 0.004948616027832031 286
1677114790515 0.004948616027832031 287
1677114790784 0.004948616027832031 288
1677114792435 0.004948616027832031 289
1677114792700 0.004948616027832031 290
1677114794272 0.004948616027832031 291
1677114794539 0.004948616027832031 292
1677114796207 0.004948616027832031 293
1677114796465 0.004948616027832031 294
1677114798051 0.004948616027832031 295
1677114798312 0.004948616027832031 296
1677114799863 0.004948616027832031 297
1677114800166 0.004948616027832031 298
1677114801784 0.004948616027832031 299
1677114802080 0.004948616027832031 300
1677114802341 0.004948616027832031 301
