1680270104469 1.0 1
1680270104613 2.0 2
1680270105542 3.0 3
1680270105675 4.0 4
1680270106480 5.0 5
1680270106613 6.0 6
1680270107418 7.0 7
1680270107558 8.0 8
1680270108425 9.0 9
1680270108557 10.0 10
1680270109459 11.0 11
1680270109589 12.0 12
1680270110437 13.0 13
1680270110571 14.0 14
1680270111542 15.0 15
1680270111691 16.0 16
1680270112634 17.0 17
1680270112784 18.0 18
1680270113707 19.0 19
1680270113859 20.0 20
1680270114733 21.0 21
1680270114885 22.0 22
1680270115783 23.0 23
1680270116002 24.0 24
1680270116827 25.0 25
1680270116962 26.0 26
1680270117772 27.0 27
1680270117909 28.0 28
1680270118814 29.0 29
1680270118949 30.0 30
1680270119783 31.0 31
1680270119925 32.0 32
1680270120765 33.0 33
1680270120905 34.0 34
1680270121728 35.0 35
1680270121859 36.0 36
1680270122803 37.0 37
1680270122941 38.0 38
1680270123761 39.0 39
1680270123896 40.0 40
1680270124746 41.0 41
1680270124895 42.0 42
1680270125829 43.0 43
1680270125965 44.0 44
1680270126772 45.0 45
1680270126908 46.0 46
1680270127732 47.0 47
1680270127882 48.0 48
1680270128685 49.0 49
1680270128818 50.0 50
1680270129698 51.0 51
1680270129834 52.0 52
1680270130663 53.0 53
1680270130806 54.0 54
1680270131615 55.0 55
1680270131751 56.0 56
1680270132688 57.0 57
1680270132833 58.0 58
1680270133677 59.0 59
1680270133816 60.0 60
1680270134669 61.0 61
1680270134814 62.0 62
1680270135669 63.0 63
1680270135812 64.0 64
1680270136722 65.0 65
1680270136859 66.0 66
1680270137684 67.0 67
1680270137838 68.0 68
1680270138735 69.0 69
1680270138876 70.0 70
1680270139710 71.0 71
1680270139852 72.0 72
1680270140715 73.0 73
1680270140890 74.0 74
1680270141777 75.0 75
1680270141930 76.0 76
1680270142878 77.0 77
1680270143121 78.0 78
1680270144029 79.0 79
1680270144183 80.0 80
1680270145063 81.0 81
1680270145217 82.0 82
1680270146204 83.0 83
1680270146353 84.0 84
1680270147191 85.0 85
1680270147386 86.0 86
1680270148249 87.0 87
1680270148389 88.0 88
1680270149221 89.0 89
1680270149362 90.0 90
1680270150309 91.0 91
1680270150451 92.0 92
1680270151282 93.0 93
1680270151422 94.0 94
1680270152266 95.0 95
1680270152412 96.0 96
1680270153345 97.0 97
1680270153487 98.0 98
1680270154300 99.0 99
1680270154441 100.0 100
1680270155269 101.0 101
1680270155411 102.0 102
1680270156240 103.0 103
1680270156382 104.0 104
1680270157307 105.0 105
1680270157458 106.0 106
1680270158306 107.0 107
1680270158442 108.0 108
1680270159295 109.0 109
1680270159449 110.0 110
1680270160397 111.0 111
1680270160541 112.0 112
1680270161392 113.0 113
1680270161540 114.0 114
1680270162530 115.0 115
1680270162686 116.0 116
1680270163555 117.0 117
1680270163697 118.0 118
1680270164623 119.0 119
1680270164769 120.0 120
1680270165615 121.0 121
1680270165752 122.0 122
1680270166661 123.0 123
1680270166802 124.0 124
1680270167619 125.0 125
1680270167764 126.0 126
1680270168585 127.0 127
1680270168726 128.0 128
1680270169531 129.0 129
1680270169672 130.0 130
1680270170596 131.0 131
1680270170748 132.0 132
1680270171566 133.0 133
1680270171707 134.0 134
1680270172619 135.0 135
1680270172790 136.0 136
1680270173887 137.0 137
1680270174077 138.0 138
1680270175008 139.0 139
1680270175172 140.0 140
1680270176071 141.0 141
1680270176223 142.0 142
1680270177105 143.0 143
1680270177272 144.0 144
1680270178200 145.0 145
1680270178345 146.0 146
1680270179190 147.0 147
1680270179334 148.0 148
1680270180187 149.0 149
1680270180330 150.0 150
1680270181239 151.0 151
1680270181386 152.0 152
1680270182212 153.0 153
1680270182359 154.0 154
1680270183220 155.0 155
1680270183358 156.0 156
1680270184200 157.0 157
1680270184348 158.0 158
1680270185266 159.0 159
1680270185419 160.0 160
1680270186270 161.0 161
1680270186413 162.0 162
1680270187253 163.0 163
1680270187398 164.0 164
1680270188348 165.0 165
1680270188495 166.0 166
1680270189356 167.0 167
1680270189507 168.0 168
1680270190365 169.0 169
1680270190517 170.0 170
1680270191341 171.0 171
1680270191486 172.0 172
1680270192386 173.0 173
1680270192540 174.0 174
1680270193377 175.0 175
1680270193524 176.0 176
1680270194445 177.0 177
1680270194594 178.0 178
1680270195438 179.0 179
1680270195586 180.0 180
1680270196405 181.0 181
1680270196544 182.0 182
1680270197376 183.0 183
1680270197523 184.0 184
1680270198430 185.0 185
1680270198664 186.0 186
1680270199597 187.0 187
1680270199794 188.0 188
1680270200843 189.0 189
1680270201037 190.0 190
1680270202044 191.0 191
1680270202202 192.0 192
1680270203114 193.0 193
1680270203302 194.0 194
1680270204289 195.0 195
1680270204454 196.0 196
1680270205394 197.0 197
1680270205555 198.0 198
1680270206548 199.0 199
1680270206699 200.0 200
1680270207525 201.0 201
1680270207680 202.0 202
1680270208526 203.0 203
1680270208752 204.0 204
1680270209724 205.0 205
1680270209876 206.0 206
1680270210782 207.0 207
1680270210954 208.0 208
1680270211899 209.0 209
1680270212095 210.0 210
1680270213036 211.0 211
1680270213185 212.0 212
1680270214149 213.0 213
1680270214312 214.0 214
1680270215177 215.0 215
1680270215329 216.0 216
1680270216236 217.0 217
1680270216404 218.0 218
1680270217385 219.0 219
1680270217547 220.0 220
1680270218387 221.0 221
1680270218532 222.0 222
1680270219382 223.0 223
1680270219568 224.0 224
1680270220420 225.0 225
1680270220574 226.0 226
1680270221476 227.0 227
1680270221624 228.0 228
1680270222492 229.0 229
1680270222645 230.0 230
1680270223632 231.0 231
1680270223778 232.0 232
1680270224616 233.0 233
1680270224773 234.0 234
1680270225655 235.0 235
1680270225800 236.0 236
1680270226645 237.0 237
1680270226794 238.0 238
1680270227646 239.0 239
1680270227903 240.0 240
1680270228750 241.0 241
1680270228897 242.0 242
1680270229722 243.0 243
1680270229881 244.0 244
1680270230786 245.0 245
1680270230932 246.0 246
1680270231769 247.0 247
1680270231929 248.0 248
1680270232834 249.0 249
1680270233002 250.0 250
1680270233927 251.0 251
1680270234094 252.0 252
1680270235103 253.0 253
1680270235282 254.0 254
1680270236230 255.0 255
1680270236393 256.0 256
1680270237253 257.0 257
1680270237399 258.0 258
1680270238317 259.0 259
1680270238464 260.0 260
1680270239343 261.0 261
1680270239501 262.0 262
1680270240346 263.0 263
1680270240503 264.0 264
1680270241334 265.0 265
1680270241482 266.0 266
1680270242386 267.0 267
1680270242542 268.0 268
1680270243381 269.0 269
1680270243529 270.0 270
1680270244387 271.0 271
1680270244537 272.0 272
1680270245449 273.0 273
1680270245607 274.0 274
1680270246436 275.0 275
1680270246593 276.0 276
1680270247442 277.0 277
1680270247598 278.0 278
1680270248467 279.0 279
1680270248619 280.0 280
1680270249545 281.0 281
1680270249704 282.0 282
1680270250584 283.0 283
1680270250737 284.0 284
1680270251659 285.0 285
1680270251812 286.0 286
1680270252664 287.0 287
1680270252819 288.0 288
1680270253673 289.0 289
1680270253823 290.0 290
1680270254698 291.0 291
1680270254852 292.0 292
1680270255792 293.0 293
1680270255947 294.0 294
1680270256772 295.0 295
1680270256920 296.0 296
1680270257766 297.0 297
1680270257916 298.0 298
1680270258821 299.0 299
1680270258971 300.0 300
1680270259086 301.0 301
