1680270104459 1.0 1
1680270104603 2.0 2
1680270105530 3.0 3
1680270105665 4.0 4
1680270106469 5.0 5
1680270106603 6.0 6
1680270107409 7.0 7
1680270107547 8.0 8
1680270108416 9.0 9
1680270108548 10.0 10
1680270109450 11.0 11
1680270109579 12.0 12
1680270110428 13.0 13
1680270110562 14.0 14
1680270111531 15.0 15
1680270111680 16.0 16
1680270112625 17.0 17
1680270112773 18.0 18
1680270113693 19.0 19
1680270113850 20.0 20
1680270114723 21.0 21
1680270114876 22.0 22
1680270115773 23.0 23
1680270115990 24.0 24
1680270116817 25.0 25
1680270116950 26.0 26
1680270117762 27.0 27
1680270117900 28.0 28
1680270118806 29.0 29
1680270118940 30.0 30
1680270119766 31.0 31
1680270119915 32.0 32
1680270120755 33.0 33
1680270120895 34.0 34
1680270121719 35.0 35
1680270121851 36.0 36
1680270122792 37.0 37
1680270122931 38.0 38
1680270123752 39.0 39
1680270123887 40.0 40
1680270124737 41.0 41
1680270124886 42.0 42
1680270125819 43.0 43
1680270125957 44.0 44
1680270126763 45.0 45
1680270126897 46.0 46
1680270127722 47.0 47
1680270127873 48.0 48
1680270128676 49.0 49
1680270128809 50.0 50
1680270129689 51.0 51
1680270129825 52.0 52
1680270130655 53.0 53
1680270130797 54.0 54
1680270131604 55.0 55
1680270131741 56.0 56
1680270132679 57.0 57
1680270132824 58.0 58
1680270133665 59.0 59
1680270133807 60.0 60
1680270134659 61.0 61
1680270134804 62.0 62
1680270135658 63.0 63
1680270135803 64.0 64
1680270136712 65.0 65
1680270136850 66.0 66
1680270137674 67.0 67
1680270137829 68.0 68
1680270138726 69.0 69
1680270138867 70.0 70
1680270139700 71.0 71
1680270139842 72.0 72
1680270140705 73.0 73
1680270140876 74.0 74
1680270141764 75.0 75
1680270141920 76.0 76
1680270142867 77.0 77
1680270143110 78.0 78
1680270144019 79.0 79
1680270144173 80.0 80
1680270145052 81.0 81
1680270145206 82.0 82
1680270146194 83.0 83
1680270146344 84.0 84
1680270147181 85.0 85
1680270147377 86.0 86
1680270148240 87.0 87
1680270148379 88.0 88
1680270149212 89.0 89
1680270149354 90.0 90
1680270150298 91.0 91
1680270150442 92.0 92
1680270151273 93.0 93
1680270151412 94.0 94
1680270152257 95.0 95
1680270152402 96.0 96
1680270153336 97.0 97
1680270153477 98.0 98
1680270154292 99.0 99
1680270154432 100.0 100
1680270155259 101.0 101
1680270155402 102.0 102
1680270156229 103.0 103
1680270156371 104.0 104
1680270157297 105.0 105
1680270157447 106.0 106
1680270158296 107.0 107
1680270158433 108.0 108
1680270159286 109.0 109
1680270159439 110.0 110
1680270160387 111.0 111
1680270160532 112.0 112
1680270161381 113.0 113
1680270161530 114.0 114
1680270162519 115.0 115
1680270162676 116.0 116
1680270163545 117.0 117
1680270163686 118.0 118
1680270164613 119.0 119
1680270164759 120.0 120
1680270165605 121.0 121
1680270165742 122.0 122
1680270166651 123.0 123
1680270166792 124.0 124
1680270167607 125.0 125
1680270167755 126.0 126
1680270168576 127.0 127
1680270168717 128.0 128
1680270169522 129.0 129
1680270169663 130.0 130
1680270170587 131.0 131
1680270170738 132.0 132
1680270171557 133.0 133
1680270171697 134.0 134
1680270172606 135.0 135
1680270172776 136.0 136
1680270173874 137.0 137
1680270174067 138.0 138
1680270174997 139.0 139
1680270175161 140.0 140
1680270176061 141.0 141
1680270176213 142.0 142
1680270177096 143.0 143
1680270177262 144.0 144
1680270178191 145.0 145
1680270178335 146.0 146
1680270179181 147.0 147
1680270179325 148.0 148
1680270180176 149.0 149
1680270180321 150.0 150
1680270181230 151.0 151
1680270181377 152.0 152
1680270182203 153.0 153
1680270182347 154.0 154
1680270183210 155.0 155
1680270183349 156.0 156
1680270184190 157.0 157
1680270184338 158.0 158
1680270185257 159.0 159
1680270185410 160.0 160
1680270186260 161.0 161
1680270186403 162.0 162
1680270187243 163.0 163
1680270187389 164.0 164
1680270188338 165.0 165
1680270188485 166.0 166
1680270189346 167.0 167
1680270189496 168.0 168
1680270190357 169.0 169
1680270190507 170.0 170
1680270191332 171.0 171
1680270191476 172.0 172
1680270192376 173.0 173
1680270192530 174.0 174
1680270193368 175.0 175
1680270193514 176.0 176
1680270194436 177.0 177
1680270194584 178.0 178
1680270195428 179.0 179
1680270195576 180.0 180
1680270196395 181.0 181
1680270196536 182.0 182
1680270197367 183.0 183
1680270197514 184.0 184
1680270198419 185.0 185
1680270198654 186.0 186
1680270199581 187.0 187
1680270199782 188.0 188
1680270200829 189.0 189
1680270201024 190.0 190
1680270202033 191.0 191
1680270202191 192.0 192
1680270203103 193.0 193
1680270203289 194.0 194
1680270204276 195.0 195
1680270204441 196.0 196
1680270205383 197.0 197
1680270205545 198.0 198
1680270206538 199.0 199
1680270206691 200.0 200
1680270207515 201.0 201
1680270207670 202.0 202
1680270208516 203.0 203
1680270208741 204.0 204
1680270209715 205.0 205
1680270209867 206.0 206
1680270210772 207.0 207
1680270210939 208.0 208
1680270211889 209.0 209
1680270212083 210.0 210
1680270213026 211.0 211
1680270213176 212.0 212
1680270214138 213.0 213
1680270214302 214.0 214
1680270215167 215.0 215
1680270215319 216.0 216
1680270216225 217.0 217
1680270216391 218.0 218
1680270217376 219.0 219
1680270217536 220.0 220
1680270218378 221.0 221
1680270218522 222.0 222
1680270219371 223.0 223
1680270219559 224.0 224
1680270220410 225.0 225
1680270220564 226.0 226
1680270221466 227.0 227
1680270221614 228.0 228
1680270222482 229.0 229
1680270222636 230.0 230
1680270223624 231.0 231
1680270223769 232.0 232
1680270224607 233.0 233
1680270224763 234.0 234
1680270225645 235.0 235
1680270225790 236.0 236
1680270226636 237.0 237
1680270226784 238.0 238
1680270227636 239.0 239
1680270227893 240.0 240
1680270228740 241.0 241
1680270228886 242.0 242
1680270229713 243.0 243
1680270229872 244.0 244
1680270230776 245.0 245
1680270230924 246.0 246
1680270231759 247.0 247
1680270231920 248.0 248
1680270232822 249.0 249
1680270232993 250.0 250
1680270233917 251.0 251
1680270234084 252.0 252
1680270235092 253.0 253
1680270235272 254.0 254
1680270236221 255.0 255
1680270236383 256.0 256
1680270237244 257.0 257
1680270237390 258.0 258
1680270238307 259.0 259
1680270238454 260.0 260
1680270239332 261.0 261
1680270239492 262.0 262
1680270240337 263.0 263
1680270240494 264.0 264
1680270241323 265.0 265
1680270241472 266.0 266
1680270242376 267.0 267
1680270242532 268.0 268
1680270243372 269.0 269
1680270243520 270.0 270
1680270244376 271.0 271
1680270244528 272.0 272
1680270245440 273.0 273
1680270245598 274.0 274
1680270246427 275.0 275
1680270246583 276.0 276
1680270247432 277.0 277
1680270247589 278.0 278
1680270248458 279.0 279
1680270248609 280.0 280
1680270249535 281.0 281
1680270249693 282.0 282
1680270250575 283.0 283
1680270250728 284.0 284
1680270251649 285.0 285
1680270251801 286.0 286
1680270252654 287.0 287
1680270252809 288.0 288
1680270253663 289.0 289
1680270253814 290.0 290
1680270254688 291.0 291
1680270254842 292.0 292
1680270255783 293.0 293
1680270255937 294.0 294
1680270256763 295.0 295
1680270256910 296.0 296
1680270257757 297.0 297
1680270257906 298.0 298
1680270258811 299.0 299
1680270258963 300.0 300
1680270259076 301.0 301
