1680269819441 17468.0 1
1680269819603 17468.0 2
1680269820538 17468.0 3
1680269820689 17468.0 4
1680269821553 17468.0 5
1680269821707 17468.0 6
1680269822554 17468.0 7
1680269822699 17468.0 8
1680269823557 17468.0 9
1680269823702 17468.0 10
1680269824570 17468.0 11
1680269824726 17468.0 12
1680269825705 17468.0 13
1680269825862 17468.0 14
1680269826730 17468.0 15
1680269826884 17468.0 16
1680269827732 17468.0 17
1680269827880 17468.0 18
1680269828726 17468.0 19
1680269828873 17468.0 20
1680269829814 17468.0 21
1680269829964 17468.0 22
1680269830759 17468.0 23
1680269830918 17468.0 24
1680269831779 17468.0 25
1680269831943 17468.0 26
1680269832775 17468.0 27
1680269832922 17468.0 28
1680269833802 17468.0 29
1680269833955 17468.0 30
1680269834931 17468.0 31
1680269835103 17468.0 32
1680269835973 17468.0 33
1680269836132 17468.0 34
1680269837036 17468.0 35
1680269837195 17468.0 36
1680269838044 17468.0 37
1680269838194 17468.0 38
1680269839122 17468.0 39
1680269839280 17468.0 40
1680269840129 17468.0 41
1680269840283 17468.0 42
1680269841134 17468.0 43
1680269841289 17468.0 44
1680269842202 17468.0 45
1680269842364 17468.0 46
1680269843274 17468.0 47
1680269843440 17468.0 48
1680269844419 17468.0 49
1680269844585 17468.0 50
1680269845484 17468.0 51
1680269845667 17468.0 52
1680269846601 17468.0 53
1680269846758 17468.0 54
1680269847610 17468.0 55
1680269847765 17468.0 56
1680269848692 17468.0 57
1680269848845 17468.0 58
1680269849719 17468.0 59
1680269849868 17468.0 60
1680269850720 17468.0 61
1680269850871 17468.0 62
1680269851745 17468.0 63
1680269851914 17468.0 64
1680269852765 17468.0 65
1680269852919 17468.0 66
1680269853848 17468.0 67
1680269854002 17468.0 68
1680269854855 17468.0 69
1680269855004 17468.0 70
1680269855847 17468.0 71
1680269856026 17468.0 72
1680269856871 17468.0 73
1680269857022 17468.0 74
1680269857893 17468.0 75
1680269858135 17468.0 76
1680269858976 17468.0 77
1680269859130 17468.0 78
1680269860028 17468.0 79
1680269860197 17468.0 80
1680269861029 17468.0 81
1680269861184 17468.0 82
1680269862058 17468.0 83
1680269862217 17468.0 84
1680269863085 17468.0 85
1680269863348 17468.0 86
1680269864219 17468.0 87
1680269864375 17468.0 88
1680269865249 17468.0 89
1680269865401 17468.0 90
1680269866249 17468.0 91
1680269866404 17468.0 92
1680269867295 17468.0 93
1680269867454 17468.0 94
1680269868420 17468.0 95
1680269868603 17468.0 96
1680269869493 17468.0 97
1680269869650 17468.0 98
1680269870530 17468.0 99
1680269870697 17468.0 100
1680269871641 17468.0 101
1680269871830 17468.0 102
1680269872764 17468.0 103
1680269873023 17468.0 104
1680269873974 17468.0 105
1680269874171 17468.0 106
1680269875118 17468.0 107
1680269875285 17468.0 108
1680269876160 17468.0 109
1680269876316 17468.0 110
1680269877216 17468.0 111
1680269877379 17468.0 112
1680269878308 17468.0 113
1680269878463 17468.0 114
1680269879337 17468.0 115
1680269879502 17468.0 116
1680269880386 17468.0 117
1680269880542 17468.0 118
1680269881395 17468.0 119
1680269881565 17468.0 120
1680269882434 17468.0 121
1680269882593 17468.0 122
1680269883538 17468.0 123
1680269883703 17468.0 124
1680269884577 17468.0 125
1680269884733 17468.0 126
1680269885604 17468.0 127
1680269885758 17468.0 128
1680269886667 17468.0 129
1680269886836 17468.0 130
1680269887704 17468.0 131
1680269887861 17468.0 132
1680269888800 17468.0 133
1680269888955 17468.0 134
1680269889821 17468.0 135
1680269889982 17468.0 136
1680269890814 17468.0 137
1680269890965 17468.0 138
1680269891842 17468.0 139
1680269892010 17468.0 140
1680269892865 17468.0 141
1680269893102 17468.0 142
1680269893959 17468.0 143
1680269894118 17468.0 144
1680269894982 17468.0 145
1680269895137 17468.0 146
1680269896027 17468.0 147
1680269896184 17468.0 148
1680269897075 17468.0 149
1680269897233 17468.0 150
1680269898185 17468.0 151
1680269898340 17468.0 152
1680269899216 17468.0 153
1680269899383 17468.0 154
1680269900270 17468.0 155
1680269900429 17468.0 156
1680269901314 17468.0 157
1680269901484 17468.0 158
1680269902390 17468.0 159
1680269902564 17468.0 160
1680269903570 17468.0 161
1680269903748 17468.0 162
1680269904703 17468.0 163
1680269904889 17468.0 164
1680269905763 17468.0 165
1680269905942 17468.0 166
1680269906844 17468.0 167
1680269907007 17468.0 168
1680269907875 17468.0 169
1680269908113 17468.0 170
1680269909005 17468.0 171
1680269909183 17468.0 172
1680269910071 17468.0 173
1680269910229 17468.0 174
1680269911103 17468.0 175
1680269911290 17468.0 176
1680269912184 17468.0 177
1680269912344 17468.0 178
1680269913275 17468.0 179
1680269913434 17468.0 180
1680269914339 17468.0 181
1680269914523 17468.0 182
1680269915379 17468.0 183
1680269915554 17468.0 184
1680269916412 17468.0 185
1680269916580 17468.0 186
1680269917445 17468.0 187
1680269917599 17468.0 188
1680269918525 17468.0 189
1680269918688 17468.0 190
1680269919595 17468.0 191
1680269919772 17468.0 192
1680269920597 17468.0 193
1680269920758 17468.0 194
1680269921638 17468.0 195
1680269921811 17468.0 196
1680269922686 17468.0 197
1680269922925 17468.0 198
1680269923798 17468.0 199
1680269923962 17468.0 200
1680269924837 17468.0 201
1680269925026 17468.0 202
1680269925895 17468.0 203
1680269926057 17468.0 204
1680269926967 17468.0 205
1680269927136 17468.0 206
1680269927995 17468.0 207
1680269928230 17468.0 208
1680269929087 17468.0 209
1680269929252 17468.0 210
1680269930103 17468.0 211
1680269930282 17468.0 212
1680269931139 17468.0 213
1680269931315 17468.0 214
1680269932252 17468.0 215
1680269932429 17468.0 216
1680269933420 17468.0 217
1680269933598 17468.0 218
1680269934540 17468.0 219
1680269934718 17468.0 220
1680269935595 17468.0 221
1680269935793 17468.0 222
1680269936700 17468.0 223
1680269936870 17468.0 224
1680269937750 17468.0 225
1680269937911 17468.0 226
1680269938873 17468.0 227
1680269939044 17468.0 228
1680269939936 17468.0 229
1680269940100 17468.0 230
1680269940949 17468.0 231
1680269941113 17468.0 232
1680269942009 17468.0 233
1680269942170 17468.0 234
1680269943025 17468.0 235
1680269943278 17468.0 236
1680269944149 17468.0 237
1680269944321 17468.0 238
1680269945166 17468.0 239
1680269945323 17468.0 240
1680269946193 17468.0 241
1680269946365 17468.0 242
1680269947268 17468.0 243
1680269947432 17468.0 244
1680269948402 17468.0 245
1680269948564 17468.0 246
1680269949441 17468.0 247
1680269949604 17468.0 248
1680269950460 17468.0 249
1680269950612 17468.0 250
1680269951499 17468.0 251
1680269951678 17468.0 252
1680269952578 17468.0 253
1680269952831 17468.0 254
1680269953712 17468.0 255
1680269953901 17468.0 256
1680269954785 17468.0 257
1680269954954 17468.0 258
1680269955845 17468.0 259
1680269956006 17468.0 260
1680269956882 17468.0 261
1680269957051 17468.0 262
1680269958045 17468.0 263
1680269958217 17468.0 264
1680269959125 17468.0 265
1680269959327 17468.0 266
1680269960263 17468.0 267
1680269960412 17468.0 268
1680269961389 17468.0 269
1680269961579 17468.0 270
1680269962528 17468.0 271
1680269962723 17468.0 272
1680269963809 17468.0 273
1680269963985 17468.0 274
1680269964925 17468.0 275
1680269965102 17468.0 276
1680269965969 17468.0 277
1680269966134 17468.0 278
1680269967033 17468.0 279
1680269967197 17468.0 280
1680269968140 17468.0 281
1680269968341 17468.0 282
1680269969235 17468.0 283
1680269969416 17468.0 284
1680269970283 17468.0 285
1680269970459 17468.0 286
1680269971325 17468.0 287
1680269971495 17468.0 288
1680269972403 17468.0 289
1680269972573 17468.0 290
1680269973532 17468.0 291
1680269973700 17468.0 292
1680269974636 17468.0 293
1680269974800 17468.0 294
1680269975694 17468.0 295
1680269975877 17468.0 296
1680269976763 17468.0 297
1680269976932 17468.0 298
1680269977888 17468.0 299
1680269978051 17468.0 300
1680269978924 17468.0 301
1680269979106 17468.0 302
1680269980033 17468.0 303
1680269980204 17468.0 304
1680269981038 17468.0 305
1680269981222 17468.0 306
1680269982116 17468.0 307
1680269982289 17468.0 308
1680269983266 17468.0 309
1680269983431 17468.0 310
1680269984319 17468.0 311
1680269984491 17468.0 312
1680269985367 17468.0 313
1680269985532 17468.0 314
1680269986433 17468.0 315
1680269986639 17468.0 316
1680269987610 17468.0 317
1680269987777 17468.0 318
1680269988676 17468.0 319
1680269988849 17468.0 320
1680269989759 17468.0 321
1680269989930 17468.0 322
1680269990808 17468.0 323
1680269990979 17468.0 324
1680269991891 17468.0 325
1680269992175 17468.0 326
1680269993064 17468.0 327
1680269993229 17468.0 328
1680269994092 17468.0 329
1680269994265 17468.0 330
1680269995133 17468.0 331
1680269995304 17468.0 332
1680269996126 17468.0 333
1680269996290 17468.0 334
1680269997280 17468.0 335
1680269997474 17468.0 336
1680269998365 17468.0 337
1680269998538 17468.0 338
1680269999469 17468.0 339
1680269999634 17468.0 340
1680270000528 17468.0 341
1680270000705 17468.0 342
1680270001630 17468.0 343
1680270001818 17468.0 344
1680270002784 17468.0 345
1680270002965 17468.0 346
1680270003867 17468.0 347
1680270004042 17468.0 348
1680270004968 17468.0 349
1680270005153 17468.0 350
1680270006028 17468.0 351
1680270006208 17468.0 352
1680270007206 17468.0 353
1680270007384 17468.0 354
1680270008258 17468.0 355
1680270008443 17468.0 356
1680270009345 17468.0 357
1680270009517 17468.0 358
1680270010415 17468.0 359
1680270010546 17468.0 360
1680270011434 17468.0 361
1680270011612 17468.0 362
1680270012596 17468.0 363
1680270012763 17468.0 364
1680270013662 17468.0 365
1680270013850 17468.0 366
1680270014748 17468.0 367
1680270014915 17468.0 368
1680270015795 17468.0 369
1680270015966 17468.0 370
1680270016855 17468.0 371
1680270017115 17468.0 372
1680270018020 17468.0 373
1680270018193 17468.0 374
1680270019149 17468.0 375
1680270019349 17468.0 376
1680270020259 17468.0 377
1680270020433 17468.0 378
1680270021312 17468.0 379
1680270021510 17468.0 380
1680270022472 17468.0 381
1680270022748 17468.0 382
1680270023720 17468.0 383
1680270023909 17468.0 384
1680270024858 17468.0 385
1680270025076 17468.0 386
1680270025998 17468.0 387
1680270026178 17468.0 388
1680270027069 17468.0 389
1680270027241 17468.0 390
1680270028236 17468.0 391
1680270028409 17468.0 392
1680270029309 17468.0 393
1680270029483 17468.0 394
1680270030399 17468.0 395
1680270030586 17468.0 396
1680270031473 17468.0 397
1680270031650 17468.0 398
1680270032514 17468.0 399
1680270032782 17468.0 400
1680270033018 17468.0 401
