1680269819444 4.200708389282227 1
1680269819605 4.332541465759277 2
1680269820540 5.26871657371521 3
1680269820692 5.423848628997803 4
1680269821556 6.286970853805542 5
1680269821709 6.4418041706085205 6
1680269822557 7.285738229751587 7
1680269822702 7.435673236846924 8
1680269823559 8.281217813491821 9
1680269823704 8.437795162200928 10
1680269824573 9.304674863815308 11
1680269824728 9.45352053642273 12
1680269825707 10.438438653945923 13
1680269825864 10.595797061920166 14
1680269826732 11.462657451629639 15
1680269826886 11.61454701423645 16
1680269827734 12.459028005599976 17
1680269827882 12.6128511428833 18
1680269828728 13.458517789840698 19
1680269828875 13.607608079910278 20
1680269829817 14.545682907104492 21
1680269829966 14.696960687637329 22
1680269830761 15.5206458568573 23
1680269830921 15.639536142349243 24
1680269831782 16.50849938392639 25
1680269831944 16.673460721969604 26
1680269832777 17.49980878829956 27
1680269832925 17.652803659439087 28
1680269833804 18.52887988090515 29
1680269833958 18.684568881988525 30
1680269834934 19.66485095024109 31
1680269835105 19.816128969192505 32
1680269835975 20.701903581619263 33
1680269836135 20.855918645858765 34
1680269837038 21.759902715682983 35
1680269837197 21.92480492591858 36
1680269838045 22.774792432785034 37
1680269838196 22.92472767829895 38
1680269839124 23.847647428512573 39
1680269839283 24.009047508239746 40
1680269840131 24.859915733337402 41
1680269840285 25.013411283493042 42
1680269841136 25.863527297973633 43
1680269841291 26.01904535293579 44
1680269842204 26.92557120323181 45
1680269842367 27.093814849853516 46
1680269843277 27.993157625198364 47
1680269843442 28.165639877319336 48
1680269844421 29.14488911628723 49
1680269844589 29.30986452102661 50
1680269845486 30.203863620758057 51
1680269845669 30.390931129455566 52
1680269846604 31.32736039161682 53
1680269846759 31.490590572357178 54
1680269847613 32.34264922142029 55
1680269847767 32.49589967727661 56
1680269848694 33.42376923561096 57
1680269848847 33.57554888725281 58
1680269849722 34.44322896003723 59
1680269849870 34.598992109298706 60
1680269850722 35.45224618911743 61
1680269850873 35.60360646247864 62
1680269851747 36.47166323661804 63
1680269851916 36.62971758842468 64
1680269852767 37.49486231803894 65
1680269852922 37.6489474773407 66
1680269853850 38.57769417762756 67
1680269854004 38.73147535324097 68
1680269854858 39.585612297058105 69
1680269855006 39.73572587966919 70
1680269855849 40.57712483406067 71
1680269856028 40.75465440750122 72
1680269856874 41.60301351547241 73
1680269857024 41.74999785423279 74
1680269857896 42.620301246643066 75
1680269858137 42.860846519470215 76
1680269858979 43.70558285713196 77
1680269859132 43.859946966171265 78
1680269860031 44.759639739990234 79
1680269860199 44.924747943878174 80
1680269861031 45.78979015350342 81
1680269861186 45.91222882270813 82
1680269862061 46.78589677810669 83
1680269862220 46.94381928443909 84
1680269863088 47.81469106674194 85
1680269863350 48.07582354545593 86
1680269864221 48.94802761077881 87
1680269864377 49.10481667518616 88
1680269865252 49.97909593582153 89
1680269865404 50.12883400917053 90
1680269866252 50.980679750442505 91
1680269866406 51.134663343429565 92
1680269867298 52.02082681655884 93
1680269867456 52.18105745315552 94
1680269868422 53.14490509033203 95
1680269868605 53.321666955947876 96
1680269869495 54.21801471710205 97
1680269869654 54.37589645385742 98
1680269870533 55.25545811653137 99
1680269870699 55.41934657096863 100
1680269871643 56.34864568710327 101
1680269871832 56.54376244544983 102
1680269872767 57.48370599746704 103
1680269873026 57.74154472351074 104
1680269873977 58.6920530796051 105
1680269874173 58.88806772232056 106
1680269875121 59.83497977256775 107
1680269875286 60.004828214645386 108
1680269876162 60.921828746795654 109
1680269876319 61.04194116592407 110
1680269877218 61.940059661865234 111
1680269877381 62.1025390625 112
1680269878311 63.03173017501831 113
1680269878465 63.18977332115173 114
1680269879340 64.04938411712646 115
1680269879504 64.22473549842834 116
1680269880388 65.10689210891724 117
1680269880545 65.26870560646057 118
1680269881397 66.11948156356812 119
1680269881568 66.27975535392761 120
1680269882436 67.16060662269592 121
1680269882596 67.31900954246521 122
1680269883540 68.26367259025574 123
1680269883706 68.4285683631897 124
1680269884579 69.30377531051636 125
1680269884735 69.46108722686768 126
1680269885605 70.33081340789795 127
1680269885761 70.48318791389465 128
1680269886670 71.37392663955688 129
1680269886839 71.55567288398743 130
1680269887706 72.42361307144165 131
1680269887864 72.58856916427612 132
1680269888803 73.52570486068726 133
1680269888958 73.6806287765503 134
1680269889824 74.54673957824707 135
1680269889984 74.70988535881042 136
1680269890816 75.57481479644775 137
1680269890969 75.69292497634888 138
1680269891845 76.56351733207703 139
1680269892012 76.72941565513611 140
1680269892867 77.59041547775269 141
1680269893104 77.82672309875488 142
1680269893961 78.68464016914368 143
1680269894120 78.84395217895508 144
1680269894984 79.70877027511597 145
1680269895140 79.86329102516174 146
1680269896030 80.7514808177948 147
1680269896187 80.90890431404114 148
1680269897077 81.79052591323853 149
1680269897235 81.95776772499084 150
1680269898187 82.90691614151001 151
1680269898342 83.06745648384094 152
1680269899219 83.94046783447266 153
1680269899386 84.104984998703 154
1680269900272 84.99164414405823 155
1680269900431 85.15334939956665 156
1680269901317 86.02784371376038 157
1680269901487 86.20390939712524 158
1680269902393 87.10800170898438 159
1680269902566 87.28175568580627 160
1680269903572 88.29071617126465 161
1680269903751 88.46293306350708 162
1680269904705 89.4225435256958 163
1680269904892 89.60343956947327 164
1680269905765 90.51910424232483 165
1680269905945 90.65702080726624 166
1680269906847 91.56184506416321 167
1680269907009 91.73177242279053 168
1680269907877 92.59672570228577 169
1680269908116 92.83292365074158 170
1680269909007 93.72023415565491 171
1680269909187 93.90353536605835 172
1680269910073 94.79249024391174 173
1680269910232 94.95350432395935 174
1680269911104 95.82555389404297 175
1680269911292 96.00850987434387 176
1680269912186 96.90977144241333 177
1680269912347 97.06779384613037 178
1680269913277 98.00279474258423 179
1680269913436 98.15763759613037 180
1680269914342 99.05581068992615 181
1680269914525 99.23792600631714 182
1680269915381 100.10283851623535 183
1680269915557 100.27582573890686 184
1680269916415 101.13789653778076 185
1680269916582 101.29964280128479 186
1680269917447 102.16874265670776 187
1680269917602 102.3239426612854 188
1680269918527 103.24696564674377 189
1680269918690 103.40986800193787 190
1680269919597 104.31282258033752 191
1680269919775 104.49406480789185 192
1680269920599 105.35284972190857 193
1680269920760 105.47953987121582 194
1680269921640 106.36246371269226 195
1680269921813 106.53253316879272 196
1680269922688 107.40874075889587 197
1680269922928 107.6479480266571 198
1680269923800 108.52065086364746 199
1680269923965 108.68268156051636 200
1680269924839 109.56297421455383 201
1680269925028 109.75099015235901 202
1680269925898 110.6195740699768 203
1680269926059 110.77958631515503 204
1680269926969 111.68385481834412 205
1680269927138 111.85851907730103 206
1680269927998 112.71655058860779 207
1680269928234 112.95404720306396 208
1680269929090 113.80858874320984 209
1680269929254 113.97349405288696 210
1680269930105 114.82487964630127 211
1680269930285 115.00403308868408 212
1680269931141 115.85327410697937 213
1680269931318 116.03190493583679 214
1680269932254 116.96926546096802 215
1680269932432 117.14690780639648 216
1680269933423 118.13548755645752 217
1680269933600 118.31220507621765 218
1680269934542 119.24750137329102 219
1680269934720 119.4355788230896 220
1680269935597 120.35173845291138 221
1680269935796 120.50978946685791 222
1680269936703 121.41853952407837 223
1680269936872 121.58721804618835 224
1680269937754 122.47341394424438 225
1680269937913 122.633225440979 226
1680269938875 123.59486937522888 227
1680269939046 123.76044821739197 228
1680269939938 124.65465474128723 229
1680269940102 124.82376194000244 230
1680269940951 125.67094802856445 231
1680269941115 125.83470797538757 232
1680269942012 126.72711944580078 233
1680269942173 126.89218497276306 234
1680269943027 127.74466729164124 235
1680269943280 127.99664330482483 236
1680269944151 128.86898183822632 237
1680269944324 129.04184103012085 238
1680269945168 129.88884830474854 239
1680269945325 130.0477204322815 240
1680269946195 130.91567397117615 241
1680269946368 131.08344841003418 242
1680269947270 131.9858672618866 243
1680269947435 132.1508755683899 244
1680269948404 133.12464380264282 245
1680269948566 133.28593611717224 246
1680269949443 134.1580033302307 247
1680269949606 134.3246672153473 248
1680269950463 135.18194770812988 249
1680269950614 135.35552287101746 250
1680269951502 136.21457362174988 251
1680269951680 136.39260840415955 252
1680269952581 137.2932960987091 253
1680269952833 137.54867434501648 254
1680269953714 138.42569231987 255
1680269953903 138.6174647808075 256
1680269954787 139.50574946403503 257
1680269954956 139.67140364646912 258
1680269955847 140.56150579452515 259
1680269956009 140.72787809371948 260
1680269956884 141.60290241241455 261
1680269957054 141.77199864387512 262
1680269958047 142.76150012016296 263
1680269958219 142.93111062049866 264
1680269959127 143.8397979736328 265
1680269959329 144.03385615348816 266
1680269960266 144.97694873809814 267
1680269960415 145.16472506523132 268
1680269961392 146.10047125816345 269
1680269961582 146.2914276123047 270
1680269962530 147.2378032207489 271
1680269962725 147.43112921714783 272
1680269963811 148.51993131637573 273
1680269963988 148.69794392585754 274
1680269964927 149.6392674446106 275
1680269965104 149.81709933280945 276
1680269965973 150.72738695144653 277
1680269966137 150.8525390625 278
1680269967035 151.7417697906494 279
1680269967199 151.9159231185913 280
1680269968143 152.86154055595398 281
1680269968344 153.0520555973053 282
1680269969237 153.94881534576416 283
1680269969418 154.1269452571869 284
1680269970285 154.99855947494507 285
1680269970463 155.17592930793762 286
1680269971327 156.04347848892212 287
1680269971497 156.21365237236023 288
1680269972406 157.11878371238708 289
1680269972575 157.28903794288635 290
1680269973534 158.25055074691772 291
1680269973702 158.42047691345215 292
1680269974638 159.3537266254425 293
1680269974803 159.52112770080566 294
1680269975696 160.41198134422302 295
1680269975878 160.59563636779785 296
1680269976765 161.4848177433014 297
1680269976934 161.64759755134583 298
1680269977890 162.60817313194275 299
1680269978054 162.77064609527588 300
1680269978926 163.64344954490662 301
1680269979108 163.813636302948 302
1680269980035 164.740660905838 303
1680269980206 164.91551280021667 304
1680269981039 165.79396986961365 305
1680269981225 165.9324233531952 306
1680269982118 166.8274450302124 307
1680269982292 166.99776887893677 308
1680269983268 167.97591495513916 309
1680269983432 168.1519432067871 310
1680269984321 169.03504180908203 311
1680269984493 169.20959758758545 312
1680269985369 170.0845410823822 313
1680269985534 170.24869322776794 314
1680269986436 171.14388370513916 315
1680269986641 171.34759259223938 316
1680269987612 172.32882118225098 317
1680269987779 172.49552011489868 318
1680269988679 173.39125609397888 319
1680269988851 173.5654594898224 320
1680269989761 174.47770404815674 321
1680269989933 174.64545798301697 322
1680269990810 175.52503657341003 323
1680269990981 175.69348049163818 324
1680269991894 176.5988450050354 325
1680269992179 176.889732837677 326
1680269993066 177.78006386756897 327
1680269993231 177.94665241241455 328
1680269994093 178.80677676200867 329
1680269994268 178.97861552238464 330
1680269995135 179.85033535957336 331
1680269995306 180.0246021747589 332
1680269996129 180.88165760040283 333
1680269996293 181.01053380966187 334
1680269997283 181.99862337112427 335
1680269997476 182.1926770210266 336
1680269998368 183.07897543907166 337
1680269998540 183.25187277793884 338
1680269999471 184.18153166770935 339
1680269999637 184.35108160972595 340
1680270000530 185.24482798576355 341
1680270000707 185.4213616847992 342
1680270001632 186.33791851997375 343
1680270001820 186.52176356315613 344
1680270002787 187.50185084342957 345
1680270002968 187.67786574363708 346
1680270003869 188.5738878250122 347
1680270004044 188.75074315071106 348
1680270004971 189.66575384140015 349
1680270005155 189.86392045021057 350
1680270006029 190.73926496505737 351
1680270006210 190.91587948799133 352
1680270007208 191.9194610118866 353
1680270007386 192.09241700172424 354
1680270008261 192.97711968421936 355
1680270008445 193.1586651802063 356
1680270009347 194.06077456474304 357
1680270009519 194.23460865020752 358
1680270010417 195.12248277664185 359
1680270010550 195.30188059806824 360
1680270011436 196.14728093147278 361
1680270011614 196.32592511177063 362
1680270012598 197.30755853652954 363
1680270012765 197.47993087768555 364
1680270013665 198.37690496444702 365
1680270013852 198.5637171268463 366
1680270014750 199.46457052230835 367
1680270014917 199.6304955482483 368
1680270015798 200.51305150985718 369
1680270015969 200.68548369407654 370
1680270016857 201.57153058052063 371
1680270017118 201.82961416244507 372
1680270018022 202.73553109169006 373
1680270018195 202.90232801437378 374
1680270019151 203.86061549186707 375
1680270019352 204.05956721305847 376
1680270020262 204.97195553779602 377
1680270020435 205.14878034591675 378
1680270021315 206.01794028282166 379
1680270021512 206.2108006477356 380
1680270022475 207.18199110031128 381
1680270022751 207.45725893974304 382
1680270023723 208.4279911518097 383
1680270023911 208.61347889900208 384
1680270024860 209.56572484970093 385
1680270025079 209.78705406188965 386
1680270026000 210.75083374977112 387
1680270026180 210.8878834247589 388
1680270027071 211.78882360458374 389
1680270027243 211.95655941963196 390
1680270028238 212.94988679885864 391
1680270028413 213.12305116653442 392
1680270029311 214.02587962150574 393
1680270029485 214.1958773136139 394
1680270030402 215.10949301719666 395
1680270030588 215.29552912712097 396
1680270031475 216.18870067596436 397
1680270031653 216.35577630996704 398
1680270032516 217.26466846466064 399
1680270032785 217.4925980567932 400
1680270033020 217.63893604278564 401
