1680269819429 4.200708389282227 1
1680269819591 0.13183307647705078 2
1680269820526 0.9361751079559326 3
1680269820677 0.15513205528259277 4
1680269821540 0.8631222248077393 5
1680269821696 0.15483331680297852 6
1680269822541 0.8439340591430664 7
1680269822688 0.14993500709533691 8
1680269823545 0.8455445766448975 9
1680269823690 0.15657734870910645 10
1680269824558 0.8668797016143799 11
1680269824715 0.14884567260742188 12
1680269825694 0.9849181175231934 13
1680269825851 0.15735840797424316 14
1680269826717 0.8668603897094727 15
1680269826872 0.15188956260681152 16
1680269827712 0.8444809913635254 17
1680269827869 0.1538231372833252 18
1680269828713 0.8456666469573975 19
1680269828862 0.14909029006958008 20
1680269829802 0.9380748271942139 21
1680269829952 0.15127778053283691 22
1680269830748 0.8236851692199707 23
1680269830896 0.11889028549194336 24
1680269831767 0.8689632415771484 25
1680269831931 0.1649613380432129 26
1680269832756 0.826348066329956 27
1680269832910 0.15299487113952637 28
1680269833790 0.8760762214660645 29
1680269833942 0.15568900108337402 30
1680269834919 0.9802820682525635 31
1680269835092 0.15127801895141602 32
1680269835961 0.8857746124267578 33
1680269836114 0.15401506423950195 34
1680269837024 0.9039840698242188 35
1680269837182 0.1649022102355957 36
1680269838031 0.8499875068664551 37
1680269838183 0.14993524551391602 38
1680269839108 0.922919750213623 39
1680269839270 0.16140007972717285 40
1680269840117 0.8508682250976562 41
1680269840271 0.15349555015563965 42
1680269841123 0.8501160144805908 43
1680269841277 0.1555180549621582 44
1680269842190 0.9065258502960205 45
1680269842352 0.1682436466217041 46
1680269843263 0.8993427753448486 47
1680269843427 0.17248225212097168 48
1680269844406 0.9792492389678955 49
1680269844572 0.16497540473937988 50
1680269845469 0.8939990997314453 51
1680269845657 0.18706750869750977 52
1680269846589 0.9364292621612549 53
1680269846747 0.16323018074035645 54
1680269847599 0.8520586490631104 55
1680269847752 0.15325045585632324 56
1680269848681 0.9278695583343506 57
1680269848834 0.1517796516418457 58
1680269849707 0.8676800727844238 59
1680269849856 0.1557631492614746 60
1680269850708 0.8532540798187256 61
1680269850861 0.15136027336120605 62
1680269851732 0.8680567741394043 63
1680269851900 0.15805435180664062 64
1680269852753 0.8651447296142578 65
1680269852908 0.1540851593017578 66
1680269853835 0.9287467002868652 67
1680269853991 0.15378117561340332 68
1680269854844 0.8541369438171387 69
1680269854992 0.15011358261108398 70
1680269855836 0.8413989543914795 71
1680269856014 0.17752957344055176 72
1680269856860 0.8483591079711914 73
1680269857010 0.14698433876037598 74
1680269857882 0.8703033924102783 75
1680269858124 0.24054527282714844 76
1680269858965 0.8447363376617432 77
1680269859118 0.15436410903930664 78
1680269860018 0.8996927738189697 79
1680269860187 0.16510820388793945 80
1680269861017 0.8650422096252441 81
1680269861173 0.12243866920471191 82
1680269862048 0.8736679553985596 83
1680269862205 0.15792250633239746 84
1680269863073 0.8708717823028564 85
1680269863337 0.26113247871398926 86
1680269864208 0.872204065322876 87
1680269864364 0.15678906440734863 88
1680269865239 0.874279260635376 89
1680269865390 0.14973807334899902 90
1680269866239 0.8518457412719727 91
1680269866393 0.15398359298706055 92
1680269867283 0.8861634731292725 93
1680269867442 0.1602306365966797 94
1680269868408 0.9638476371765137 95
1680269868590 0.17676186561584473 96
1680269869482 0.8963477611541748 97
1680269869638 0.1578817367553711 98
1680269870517 0.8795616626739502 99
1680269870685 0.16388845443725586 100
1680269871629 0.9292991161346436 101
1680269871814 0.19511675834655762 102
1680269872753 0.9399435520172119 103
1680269873011 0.25783872604370117 104
1680269873963 0.9505083560943604 105
1680269874159 0.1960146427154541 106
1680269875105 0.9469120502471924 107
1680269875272 0.16984844207763672 108
1680269876149 0.9170005321502686 109
1680269876305 0.12011241912841797 110
1680269877205 0.8981184959411621 111
1680269877367 0.16247940063476562 112
1680269878297 0.9291911125183105 113
1680269878452 0.15804314613342285 114
1680269879326 0.8596107959747314 115
1680269879490 0.17535138130187988 116
1680269880374 0.8821566104888916 117
1680269880531 0.16181349754333496 118
1680269881384 0.850775957107544 119
1680269881549 0.16027379035949707 120
1680269882423 0.8808512687683105 121
1680269882582 0.1584029197692871 122
1680269883527 0.9446630477905273 123
1680269883690 0.16489577293395996 124
1680269884564 0.8752069473266602 125
1680269884722 0.15731191635131836 126
1680269885593 0.8697261810302734 127
1680269885746 0.1523745059967041 128
1680269886654 0.8907387256622314 129
1680269886824 0.181746244430542 130
1680269887693 0.8679401874542236 131
1680269887849 0.16495609283447266 132
1680269888789 0.9371356964111328 133
1680269888944 0.1549239158630371 134
1680269889811 0.8661108016967773 135
1680269889971 0.1631457805633545 136
1680269890803 0.8649294376373291 137
1680269890954 0.11811017990112305 138
1680269891830 0.8705923557281494 139
1680269891998 0.16589832305908203 140
1680269892853 0.8609998226165771 141
1680269893090 0.23630762100219727 142
1680269893947 0.857917070388794 143
1680269894106 0.15931200981140137 144
1680269894969 0.8648180961608887 145
1680269895126 0.15452075004577637 146
1680269896016 0.8881897926330566 147
1680269896173 0.1574234962463379 148
1680269897062 0.8816215991973877 149
1680269897222 0.16724181175231934 150
1680269898173 0.949148416519165 151
1680269898327 0.16054034233093262 152
1680269899205 0.8730113506317139 153
1680269899371 0.16451716423034668 154
1680269900255 0.8866591453552246 155
1680269900417 0.16170525550842285 156
1680269901300 0.8744943141937256 157
1680269901472 0.17606568336486816 158
1680269902377 0.9040923118591309 159
1680269902552 0.17375397682189941 160
1680269903559 1.008960485458374 161
1680269903736 0.17221689224243164 162
1680269904691 0.9596104621887207 163
1680269904878 0.18089604377746582 164
1680269905751 0.9156646728515625 165
1680269905928 0.13791656494140625 166
1680269906831 0.9048242568969727 167
1680269906995 0.16992735862731934 168
1680269907862 0.8649532794952393 169
1680269908101 0.23619794845581055 170
1680269908992 0.8873105049133301 171
1680269909171 0.18330121040344238 172
1680269910060 0.8889548778533936 173
1680269910218 0.16101408004760742 174
1680269911091 0.8720495700836182 175
1680269911278 0.18295598030090332 176
1680269912173 0.901261568069458 177
1680269912331 0.15802240371704102 178
1680269913264 0.9350008964538574 179
1680269913420 0.15484285354614258 180
1680269914327 0.8981730937957764 181
1680269914508 0.1821153163909912 182
1680269915366 0.8649125099182129 183
1680269915541 0.1729872226715088 184
1680269916401 0.8620707988739014 185
1680269916565 0.16174626350402832 186
1680269917433 0.8690998554229736 187
1680269917589 0.15520000457763672 188
1680269918513 0.923022985458374 189
1680269918676 0.1629023551940918 190
1680269919578 0.9029545783996582 191
1680269919760 0.1812422275543213 192
1680269920586 0.8587849140167236 193
1680269920746 0.12669014930725098 194
1680269921626 0.8829238414764404 195
1680269921800 0.17006945610046387 196
1680269922675 0.8762075901031494 197
1680269922912 0.23920726776123047 198
1680269923787 0.8727028369903564 199
1680269923950 0.16203069686889648 200
1680269924826 0.8802926540374756 201
1680269925015 0.18801593780517578 202
1680269925884 0.8685839176177979 203
1680269926046 0.16001224517822266 204
1680269926953 0.9042685031890869 205
1680269927125 0.17466425895690918 206
1680269927984 0.8580315113067627 207
1680269928219 0.23749661445617676 208
1680269929076 0.854541540145874 209
1680269929240 0.16490530967712402 210
1680269930091 0.8513855934143066 211
1680269930272 0.1791534423828125 212
1680269931126 0.8492410182952881 213
1680269931303 0.17863082885742188 214
1680269932240 0.9373605251312256 215
1680269932417 0.1776423454284668 216
1680269933407 0.9885797500610352 217
1680269933586 0.17671751976013184 218
1680269934528 0.9352962970733643 219
1680269934706 0.18807744979858398 220
1680269935584 0.9161596298217773 221
1680269935780 0.1580510139465332 222
1680269936688 0.908750057220459 223
1680269936857 0.16867852210998535 224
1680269937739 0.8861958980560303 225
1680269937899 0.15981149673461914 226
1680269938861 0.9616439342498779 227
1680269939032 0.16557884216308594 228
1680269939924 0.8942065238952637 229
1680269940089 0.16910719871520996 230
1680269940938 0.8471860885620117 231
1680269941103 0.16375994682312012 232
1680269941995 0.892411470413208 233
1680269942159 0.16506552696228027 234
1680269943014 0.8524823188781738 235
1680269943266 0.25197601318359375 236
1680269944137 0.8723385334014893 237
1680269944309 0.17285919189453125 238
1680269945153 0.8470072746276855 239
1680269945312 0.15887212753295898 240
1680269946182 0.8679535388946533 241
1680269946354 0.16777443885803223 242
1680269947256 0.902418851852417 243
1680269947419 0.1650083065032959 244
1680269948391 0.9737682342529297 245
1680269948552 0.16129231452941895 246
1680269949430 0.8720672130584717 247
1680269949591 0.16666388511657715 248
1680269950448 0.8572804927825928 249
1680269950600 0.17357516288757324 250
1680269951487 0.8590507507324219 251
1680269951664 0.17803478240966797 252
1680269952566 0.9006876945495605 253
1680269952819 0.25537824630737305 254
1680269953699 0.8770179748535156 255
1680269953890 0.1917724609375 256
1680269954774 0.8882846832275391 257
1680269954943 0.16565418243408203 258
1680269955831 0.8901021480560303 259
1680269955994 0.16637229919433594 260
1680269956870 0.8750243186950684 261
1680269957040 0.1690962314605713 262
1680269958033 0.9895014762878418 263
1680269958203 0.16961050033569336 264
1680269959113 0.9086873531341553 265
1680269959313 0.19405817985534668 266
1680269960252 0.9430925846099854 267
1680269960398 0.1877763271331787 268
1680269961374 0.9357461929321289 269
1680269961568 0.19095635414123535 270
1680269962514 0.9463756084442139 271
1680269962709 0.19332599639892578 272
1680269963796 1.0888020992279053 273
1680269963974 0.17801260948181152 274
1680269964914 0.9413235187530518 275
1680269965090 0.17783188819885254 276
1680269965959 0.910287618637085 277
1680269966123 0.1251521110534668 278
1680269967021 0.8892307281494141 279
1680269967184 0.17415332794189453 280
1680269968129 0.9456174373626709 281
1680269968330 0.19051504135131836 282
1680269969223 0.8967597484588623 283
1680269969404 0.1781299114227295 284
1680269970272 0.8716142177581787 285
1680269970448 0.1773698329925537 286
1680269971313 0.8675491809844971 287
1680269971484 0.17017388343811035 288
1680269972392 0.9051313400268555 289
1680269972562 0.17025423049926758 290
1680269973521 0.9615128040313721 291
1680269973688 0.16992616653442383 292
1680269974625 0.9332497119903564 293
1680269974789 0.16740107536315918 294
1680269975682 0.8908536434173584 295
1680269975865 0.1836550235748291 296
1680269976752 0.88918137550354 297
1680269976921 0.1627798080444336 298
1680269977877 0.9605755805969238 299
1680269978040 0.16247296333312988 300
1680269978913 0.8728034496307373 301
1680269979093 0.17018675804138184 302
1680269980021 0.9270246028900146 303
1680269980193 0.1748518943786621 304
1680269981025 0.8784570693969727 305
1680269981211 0.13845348358154297 306
1680269982104 0.8950216770172119 307
1680269982278 0.17032384872436523 308
1680269983255 0.9781460762023926 309
1680269983420 0.17602825164794922 310
1680269984306 0.8830986022949219 311
1680269984479 0.17455577850341797 312
1680269985355 0.8749434947967529 313
1680269985521 0.1641521453857422 314
1680269986422 0.8951904773712158 315
1680269986627 0.20370888710021973 316
1680269987599 0.9812285900115967 317
1680269987766 0.16669893264770508 318
1680269988663 0.8957359790802002 319
1680269988838 0.17420339584350586 320
1680269989748 0.9122445583343506 321
1680269989919 0.1677539348602295 322
1680269990795 0.8795785903930664 323
1680269990967 0.16844391822814941 324
1680269991877 0.9053645133972168 325
1680269992163 0.29088783264160156 326
1680269993053 0.8903310298919678 327
1680269993218 0.16658854484558105 328
1680269994080 0.8601243495941162 329
1680269994254 0.17183876037597656 330
1680269995121 0.8717198371887207 331
1680269995292 0.17426681518554688 332
1680269996115 0.8570554256439209 333
1680269996280 0.1288762092590332 334
1680269997268 0.9880895614624023 335
1680269997461 0.19405364990234375 336
1680269998355 0.886298418045044 337
1680269998527 0.1728973388671875 338
1680269999455 0.9296588897705078 339
1680269999623 0.16954994201660156 340
1680270000516 0.8937463760375977 341
1680270000693 0.17653369903564453 342
1680270001616 0.9165568351745605 343
1680270001806 0.18384504318237305 344
1680270002773 0.9800872802734375 345
1680270002953 0.17601490020751953 346
1680270003856 0.8960220813751221 347
1680270004030 0.17685532569885254 348
1680270004956 0.9150106906890869 349
1680270005141 0.1981666088104248 350
1680270006016 0.8753445148468018 351
1680270006192 0.17661452293395996 352
1680270007194 1.0035815238952637 353
1680270007372 0.17295598983764648 354
1680270008247 0.8847026824951172 355
1680270008432 0.18154549598693848 356
1680270009334 0.9021093845367432 357
1680270009505 0.17383408546447754 358
1680270010404 0.8878741264343262 359
1680270010535 0.1793978214263916 360
1680270011423 0.845400333404541 361
1680270011601 0.17864418029785156 362
1680270012583 0.9816334247589111 363
1680270012752 0.17237234115600586 364
1680270013652 0.8969740867614746 365
1680270013838 0.186812162399292 366
1680270014736 0.9008533954620361 367
1680270014903 0.1659250259399414 368
1680270015783 0.8825559616088867 369
1680270015955 0.17243218421936035 370
1680270016842 0.8860468864440918 371
1680270017104 0.2580835819244385 372
1680270018008 0.9059169292449951 373
1680270018179 0.16679692268371582 374
1680270019137 0.9582874774932861 375
1680270019337 0.19895172119140625 376
1680270020246 0.9123883247375488 377
1680270020422 0.17682480812072754 378
1680270021300 0.8691599369049072 379
1680270021497 0.19286036491394043 380
1680270022460 0.9711904525756836 381
1680270022735 0.2752678394317627 382
1680270023707 0.9707322120666504 383
1680270023896 0.1854877471923828 384
1680270024845 0.9522459506988525 385
1680270025064 0.2213292121887207 386
1680270025986 0.9637796878814697 387
1680270026164 0.13704967498779297 388
1680270027058 0.9009401798248291 389
1680270027229 0.16773581504821777 390
1680270028222 0.9933273792266846 391
1680270028397 0.17316436767578125 392
1680270029297 0.9028284549713135 393
1680270029472 0.1699976921081543 394
1680270030386 0.9136157035827637 395
1680270030573 0.1860361099243164 396
1680270031461 0.8931715488433838 397
1680270031637 0.16707563400268555 398
1680270032502 0.9088921546936035 399
1680270032770 0.22792959213256836 400
1680270033005 0.14633798599243164 401
