1679853859405 0.0 1
1679853859522 0.0 2
1679853860007 0.0 3
1679853860200 0.0 4
1679853860687 0.0 5
1679853860805 0.0 6
1679853861338 0.0 7
1679853861457 0.0 8
1679853861985 0.0 9
1679853862107 0.0 10
1679853862630 0.0 11
1679853862762 0.0 12
1679853863329 0.0 13
1679853863451 0.0 14
1679853863940 0.0 15
1679853864055 0.0 16
1679853864547 0.0 17
1679853864682 0.0 18
1679853865196 0.0 19
1679853865313 0.0 20
1679853865839 0.0 21
1679853865960 0.0 22
1679853866460 0.0 23
1679853866581 0.0 24
1679853867087 0.0 25
1679853867204 0.0 26
1679853867699 0.0 27
1679853867814 0.0 28
1679853868386 0.0 29
1679853868509 0.0 30
1679853868983 0.0 31
1679853869097 0.0 32
1679853869591 0.0 33
1679853869707 0.0 34
1679853870204 0.0 35
1679853870333 0.0 36
1679853870844 0.0 37
1679853871055 0.0 38
1679853871567 0.0 39
1679853871695 0.0 40
1679853872189 0.0 41
1679853872307 0.0 42
1679853872794 0.0 43
1679853872914 0.0 44
1679853873405 0.0 45
1679853873530 0.0 46
1679853874025 0.0 47
1679853874145 0.0 48
1679853874620 0.0 49
1679853874738 0.0 50
1679853875223 0.0 51
1679853875341 0.0 52
1679853875876 0.0 53
1679853876007 0.0 54
1679853876613 0.0 55
1679853876736 0.0 56
1679853877258 0.0 57
1679853877381 0.0 58
1679853877916 0.0 59
1679853878040 0.0 60
1679853878547 0.0 61
1679853878664 0.0 62
1679853879246 0.0 63
1679853879384 0.0 64
1679853879988 0.0 65
1679853880112 0.0 66
1679853880631 0.0 67
1679853880785 0.0 68
1679853881360 0.0 69
1679853881519 0.0 70
1679853882066 0.0 71
1679853882191 0.0 72
1679853882724 0.0 73
1679853882846 0.0 74
1679853883342 0.0 75
1679853883476 0.0 76
1679853883997 0.0 77
1679853884130 0.0 78
1679853884631 0.0 79
1679853884748 0.0 80
1679853885359 0.0 81
1679853885481 0.0 82
1679853886003 0.0 83
1679853886135 0.0 84
1679853886659 0.0 85
1679853886790 0.0 86
1679853887282 0.0 87
1679853887402 0.0 88
1679853887995 0.0 89
1679853888119 0.0 90
1679853888607 0.0 91
1679853888730 0.0 92
1679853889211 0.0 93
1679853889330 0.0 94
1679853889826 0.0 95
1679853889944 0.0 96
1679853890453 0.0 97
1679853890580 0.0 98
1679853891128 0.0 99
1679853891264 0.0 100
1679853891834 0.0 101
1679853891968 0.0 102
1679853892567 0.0 103
1679853892704 0.0 104
1679853893335 0.0 105
1679853893560 0.0 106
1679853894115 0.0 107
1679853894257 0.0 108
1679853894801 0.0 109
1679853894926 0.0 110
1679853895468 0.0 111
1679853895613 0.0 112
1679853896179 0.0 113
1679853896321 0.0 114
1679853896934 0.0 115
1679853897066 0.0 116
1679853897572 0.0 117
1679853897700 0.0 118
1679853898343 0.0 119
1679853898506 0.0 120
1679853899064 0.0 121
1679853899199 0.0 122
1679853899716 0.0 123
1679853899837 0.0 124
1679853900365 0.0 125
1679853900499 0.0 126
1679853901013 0.0 127
1679853901151 0.0 128
1679853901659 0.0 129
1679853901782 0.0 130
1679853902293 0.0 131
1679853902505 0.0 132
1679853903060 0.0 133
1679853903224 0.0 134
1679853903785 0.0 135
1679853903917 0.0 136
1679853904445 0.0 137
1679853904575 0.0 138
1679853905070 0.0 139
1679853905195 0.0 140
1679853905765 0.0 141
1679853905887 0.0 142
1679853906380 0.0 143
1679853906504 0.0 144
1679853907007 0.0 145
1679853907129 0.0 146
1679853907620 0.0 147
1679853907750 0.0 148
1679853908250 0.0 149
1679853908394 0.0 150
1679853908914 0.0 151
1679853909037 0.0 152
1679853909531 0.0 153
1679853909655 0.0 154
1679853910146 0.0 155
1679853910267 0.0 156
1679853910840 0.0 157
1679853910968 0.0 158
1679853911457 0.0 159
1679853911580 0.0 160
1679853912105 0.0 161
1679853912240 0.0 162
1679853912834 0.0 163
1679853912993 0.0 164
1679853913667 0.0 165
1679853913820 0.0 166
1679853914414 0.0 167
1679853914575 0.0 168
1679853915151 0.0 169
1679853915293 0.0 170
1679853915837 0.0 171
1679853915962 0.0 172
1679853916455 0.0 173
1679853916581 0.0 174
1679853917084 0.0 175
1679853917210 0.0 176
1679853917709 0.0 177
1679853917841 0.0 178
1679853918352 0.0 179
1679853918478 0.0 180
1679853918992 0.0 181
1679853919122 0.0 182
1679853919718 0.0 183
1679853919861 0.0 184
1679853920399 0.0 185
1679853920537 0.0 186
1679853921050 0.0 187
1679853921188 0.0 188
1679853921712 0.0 189
1679853921847 0.0 190
1679853922543 0.0 191
1679853922706 0.0 192
1679853923327 0.0 193
1679853923472 0.0 194
1679853924034 0.0 195
1679853924179 0.0 196
1679853924735 0.0 197
1679853924881 0.0 198
1679853925478 0.0 199
1679853925632 0.0 200
1679853926205 0.0 201
1679853926364 0.0 202
1679853926933 0.0 203
1679853927089 0.0 204
1679853927681 0.0 205
1679853927831 0.0 206
1679853928420 0.0 207
1679853928569 0.0 208
1679853929229 0.0 209
1679853929389 0.0 210
1679853929997 0.0 211
1679853930161 0.0 212
1679853930772 0.0 213
1679853930926 0.0 214
1679853931500 0.0 215
1679853931665 0.0 216
1679853932368 0.0 217
1679853932523 0.0 218
1679853933106 0.0 219
1679853933253 0.0 220
1679853933851 0.0 221
1679853933996 0.0 222
1679853934602 0.0 223
1679853934762 0.0 224
1679853935364 0.0 225
1679853935534 0.0 226
1679853936118 0.0 227
1679853936274 0.0 228
1679853936879 0.0 229
1679853937035 0.0 230
1679853937628 0.0 231
1679853937794 0.0 232
1679853938469 0.0 233
1679853938619 0.0 234
1679853939208 0.0 235
1679853939364 0.0 236
1679853939977 0.0 237
1679853940135 0.0 238
1679853940736 0.0 239
1679853940886 0.0 240
1679853941482 0.0 241
1679853941719 0.0 242
1679853942307 0.0 243
1679853942459 0.0 244
1679853943046 0.0 245
1679853943203 0.0 246
1679853943790 0.0 247
1679853943945 0.0 248
1679853944546 0.0 249
1679853944703 0.0 250
1679853945300 0.0 251
1679853945449 0.0 252
1679853946048 0.0 253
1679853946222 0.0 254
1679853946833 0.0 255
1679853946985 0.0 256
1679853947587 0.0 257
1679853947740 0.0 258
1679853948434 0.0 259
1679853948591 0.0 260
1679853949177 0.0 261
1679853949331 0.0 262
1679853949934 0.0 263
1679853950096 0.0 264
1679853950691 0.0 265
1679853950848 0.0 266
1679853951572 0.0 267
1679853951727 0.0 268
1679853952311 0.0 269
1679853952473 0.0 270
1679853953054 0.0 271
1679853953217 0.0 272
1679853953810 0.0 273
1679853953956 0.0 274
1679853954552 0.0 275
1679853954716 0.0 276
1679853955326 0.0 277
1679853955488 0.0 278
1679853956066 0.0 279
1679853956229 0.0 280
1679853956846 0.0 281
1679853957002 0.0 282
1679853957572 0.0 283
1679853957726 0.0 284
1679853958401 0.0 285
1679853958550 0.0 286
1679853959151 0.0 287
1679853959302 0.0 288
1679853959901 0.0 289
1679853960060 0.0 290
1679853960668 0.0 291
1679853960823 0.0 292
1679853961417 0.0 293
1679853961656 0.0 294
1679853962215 0.0 295
1679853962370 0.0 296
1679853962940 0.0 297
1679853963089 0.0 298
1679853963671 0.0 299
1679853963824 0.0 300
1679853963942 0.0 301
