1679857270703 0.0 1
1679857270835 0.0 2
1679857271283 0.0 3
1679857271394 0.0 4
1679857271816 0.0 5
1679857271913 0.0 6
1679857272305 0.0 7
1679857272413 0.0 8
1679857272823 0.0 9
1679857272921 0.0 10
1679857273301 0.0 11
1679857273398 0.0 12
1679857273791 0.0 13
1679857273892 0.0 14
1679857274383 0.0 15
1679857274486 0.0 16
1679857274886 0.0 17
1679857274989 0.0 18
1679857275379 0.0 19
1679857275475 0.0 20
1679857275869 0.0 21
1679857275992 0.0 22
1679857276370 0.0 23
1679857276471 0.0 24
1679857276876 0.0 25
1679857276975 0.0 26
1679857277389 0.0 27
1679857277496 0.0 28
1679857277904 0.0 29
1679857277998 0.0 30
1679857278382 0.0 31
1679857278473 0.0 32
1679857278908 0.0 33
1679857279000 0.0 34
1679857279371 0.0 35
1679857279465 0.0 36
1679857279870 0.0 37
1679857279970 0.0 38
1679857280368 0.0 39
1679857280459 0.0 40
1679857280840 0.0 41
1679857280932 0.0 42
1679857281339 0.0 43
1679857281440 0.0 44
1679857281824 0.0 45
1679857281921 0.0 46
1679857282302 0.0 47
1679857282408 0.0 48
1679857282820 0.0 49
1679857282928 0.0 50
1679857283404 0.0 51
1679857283501 0.0 52
1679857283903 0.0 53
1679857284003 0.0 54
1679857284395 0.0 55
1679857284496 0.0 56
1679857284901 0.0 57
1679857285004 0.0 58
1679857285405 0.0 59
1679857285509 0.0 60
1679857285902 0.0 61
1679857286006 0.0 62
1679857286432 0.0 63
1679857286536 0.0 64
1679857286930 0.0 65
1679857287034 0.0 66
1679857287434 0.0 67
1679857287537 0.0 68
1679857287922 0.0 69
1679857288015 0.0 70
1679857288375 0.0 71
1679857288467 0.0 72
1679857288818 0.0 73
1679857288912 0.0 74
1679857289301 0.0 75
1679857289392 0.0 76
1679857289767 0.0 77
1679857289864 0.0 78
1679857290248 0.0 79
1679857290347 0.0 80
1679857290727 0.0 81
1679857290820 0.0 82
1679857291209 0.0 83
1679857291333 0.0 84
1679857291723 0.0 85
1679857291817 0.0 86
1679857292182 0.0 87
1679857292363 0.0 88
1679857292834 0.0 89
1679857292937 0.0 90
1679857293341 0.0 91
1679857293435 0.0 92
1679857293854 0.0 93
1679857293969 0.0 94
1679857294390 0.0 95
1679857294501 0.0 96
1679857294905 0.0 97
1679857295005 0.0 98
1679857295386 0.0 99
1679857295481 0.0 100
1679857295866 0.0 101
1679857295970 0.0 102
1679857296385 0.0 103
1679857296498 0.0 104
1679857296858 0.0 105
1679857296961 0.0 106
1679857297351 0.0 107
1679857297451 0.0 108
1679857297855 0.0 109
1679857297953 0.0 110
1679857298284 0.0 111
1679857298389 0.0 112
1679857298773 0.0 113
1679857298866 0.0 114
1679857299226 0.0 115
1679857299321 0.0 116
1679857299693 0.0 117
1679857299788 0.0 118
1679857300154 0.0 119
1679857300250 0.0 120
1679857300630 0.0 121
1679857300743 0.0 122
1679857301109 0.0 123
1679857301203 0.0 124
1679857301690 0.0 125
1679857301788 0.0 126
1679857302177 0.0 127
1679857302271 0.0 128
1679857302659 0.0 129
1679857302759 0.0 130
1679857303154 0.0 131
1679857303250 0.0 132
1679857303608 0.0 133
1679857303702 0.0 134
1679857304081 0.0 135
1679857304177 0.0 136
1679857304564 0.0 137
1679857304669 0.0 138
1679857305061 0.0 139
1679857305157 0.0 140
1679857305555 0.0 141
1679857305655 0.0 142
1679857306019 0.0 143
1679857306134 0.0 144
1679857306552 0.0 145
1679857306648 0.0 146
1679857307017 0.0 147
1679857307136 0.0 148
1679857307536 0.0 149
1679857307641 0.0 150
1679857308038 0.0 151
1679857308138 0.0 152
1679857308515 0.0 153
1679857308610 0.0 154
1679857308979 0.0 155
1679857309079 0.0 156
1679857309454 0.0 157
1679857309551 0.0 158
1679857309936 0.0 159
1679857310036 0.0 160
1679857310505 0.0 161
1679857310603 0.0 162
1679857310984 0.0 163
1679857311082 0.0 164
1679857311511 0.0 165
1679857311625 0.0 166
1679857312052 0.0 167
1679857312176 0.0 168
1679857312599 0.0 169
1679857312716 0.0 170
1679857313117 0.0 171
1679857313227 0.0 172
1679857313623 0.0 173
1679857313747 0.0 174
1679857314148 0.0 175
1679857314263 0.0 176
1679857314664 0.0 177
1679857314789 0.0 178
1679857315188 0.0 179
1679857315301 0.0 180
1679857315709 0.0 181
1679857315817 0.0 182
1679857316230 0.0 183
1679857316344 0.0 184
1679857316724 0.0 185
1679857316827 0.0 186
1679857317210 0.0 187
1679857317320 0.0 188
1679857317735 0.0 189
1679857317836 0.0 190
1679857318215 0.0 191
1679857318317 0.0 192
1679857318697 0.0 193
1679857318797 0.0 194
1679857319168 0.0 195
1679857319265 0.0 196
1679857319718 0.0 197
1679857319820 0.0 198
1679857320208 0.0 199
1679857320311 0.0 200
1679857320692 0.0 201
1679857320798 0.0 202
1679857321207 0.0 203
1679857321320 0.0 204
1679857321697 0.0 205
1679857321807 0.0 206
1679857322202 0.0 207
1679857322309 0.0 208
1679857322731 0.0 209
1679857322838 0.0 210
1679857323220 0.0 211
1679857323326 0.0 212
1679857323746 0.0 213
1679857323845 0.0 214
1679857324221 0.0 215
1679857324324 0.0 216
1679857324708 0.0 217
1679857324807 0.0 218
1679857325219 0.0 219
1679857325322 0.0 220
1679857325696 0.0 221
1679857325796 0.0 222
1679857326166 0.0 223
1679857326266 0.0 224
1679857326642 0.0 225
1679857326747 0.0 226
1679857327147 0.0 227
1679857327246 0.0 228
1679857327650 0.0 229
1679857327774 0.0 230
1679857328155 0.0 231
1679857328254 0.0 232
1679857328619 0.0 233
1679857328795 0.0 234
1679857329160 0.0 235
1679857329261 0.0 236
1679857329626 0.0 237
1679857329729 0.0 238
1679857330113 0.0 239
1679857330214 0.0 240
1679857330580 0.0 241
1679857330680 0.0 242
1679857331055 0.0 243
1679857331162 0.0 244
1679857331534 0.0 245
1679857331634 0.0 246
1679857332022 0.0 247
1679857332123 0.0 248
1679857332529 0.0 249
1679857332639 0.0 250
1679857333025 0.0 251
1679857333155 0.0 252
1679857333535 0.0 253
1679857333636 0.0 254
1679857334010 0.0 255
1679857334112 0.0 256
1679857334484 0.0 257
1679857334591 0.0 258
1679857334969 0.0 259
1679857335073 0.0 260
1679857335456 0.0 261
1679857335559 0.0 262
1679857335934 0.0 263
1679857336038 0.0 264
1679857336416 0.0 265
1679857336521 0.0 266
1679857336885 0.0 267
1679857336990 0.0 268
1679857337378 0.0 269
1679857337489 0.0 270
1679857337977 0.0 271
1679857338079 0.0 272
1679857338479 0.0 273
1679857338582 0.0 274
1679857338958 0.0 275
1679857339061 0.0 276
1679857339439 0.0 277
1679857339545 0.0 278
1679857339935 0.0 279
1679857340055 0.0 280
1679857340455 0.0 281
1679857340559 0.0 282
1679857340933 0.0 283
1679857341040 0.0 284
1679857341408 0.0 285
1679857341520 0.0 286
1679857341954 0.0 287
1679857342075 0.0 288
1679857342523 0.0 289
1679857342643 0.0 290
1679857343068 0.0 291
1679857343188 0.0 292
1679857343634 0.0 293
1679857343751 0.0 294
1679857344178 0.0 295
1679857344291 0.0 296
1679857344702 0.0 297
1679857344816 0.0 298
1679857345229 0.0 299
1679857345347 0.0 300
1679857345447 0.0 301
