1679857270717 1.0 1
1679857270849 2.0 2
1679857271298 3.0 3
1679857271408 4.0 4
1679857271830 5.0 5
1679857271926 6.0 6
1679857272318 7.0 7
1679857272426 8.0 8
1679857272836 9.0 9
1679857272935 10.0 10
1679857273313 11.0 11
1679857273410 12.0 12
1679857273803 13.0 13
1679857273906 14.0 14
1679857274397 15.0 15
1679857274499 16.0 16
1679857274899 17.0 17
1679857275002 18.0 18
1679857275392 19.0 19
1679857275487 20.0 20
1679857275888 21.0 21
1679857276005 22.0 22
1679857276385 23.0 23
1679857276484 24.0 24
1679857276891 25.0 25
1679857276987 26.0 26
1679857277403 27.0 27
1679857277509 28.0 28
1679857277917 29.0 29
1679857278011 30.0 30
1679857278394 31.0 31
1679857278485 32.0 32
1679857278921 33.0 33
1679857279012 34.0 34
1679857279383 35.0 35
1679857279478 36.0 36
1679857279883 37.0 37
1679857279983 38.0 38
1679857280379 39.0 39
1679857280470 40.0 40
1679857280852 41.0 41
1679857280944 42.0 42
1679857281353 43.0 43
1679857281453 44.0 44
1679857281835 45.0 45
1679857281933 46.0 46
1679857282314 47.0 47
1679857282426 48.0 48
1679857282836 49.0 49
1679857282944 50.0 50
1679857283417 51.0 51
1679857283513 52.0 52
1679857283914 53.0 53
1679857284016 54.0 54
1679857284407 55.0 55
1679857284509 56.0 56
1679857284914 57.0 57
1679857285016 58.0 58
1679857285419 59.0 59
1679857285523 60.0 60
1679857285915 61.0 61
1679857286019 62.0 62
1679857286446 63.0 63
1679857286548 64.0 64
1679857286943 65.0 65
1679857287048 66.0 66
1679857287447 67.0 67
1679857287551 68.0 68
1679857287934 69.0 69
1679857288026 70.0 70
1679857288388 71.0 71
1679857288480 72.0 72
1679857288829 73.0 73
1679857288924 74.0 74
1679857289313 75.0 75
1679857289405 76.0 76
1679857289779 77.0 77
1679857289876 78.0 78
1679857290260 79.0 79
1679857290359 80.0 80
1679857290739 81.0 81
1679857290834 82.0 82
1679857291221 83.0 83
1679857291350 84.0 84
1679857291735 85.0 85
1679857291830 86.0 86
1679857292194 87.0 87
1679857292375 88.0 88
1679857292848 89.0 89
1679857292949 90.0 90
1679857293354 91.0 91
1679857293447 92.0 92
1679857293868 93.0 93
1679857293983 94.0 94
1679857294401 95.0 95
1679857294513 96.0 96
1679857294917 97.0 97
1679857295016 98.0 98
1679857295399 99.0 99
1679857295494 100.0 100
1679857295879 101.0 101
1679857295983 102.0 102
1679857296398 103.0 103
1679857296514 104.0 104
1679857296870 105.0 105
1679857296976 106.0 106
1679857297363 107.0 107
1679857297466 108.0 108
1679857297868 109.0 109
1679857297965 110.0 110
1679857298295 111.0 111
1679857298401 112.0 112
1679857298785 113.0 113
1679857298878 114.0 114
1679857299239 115.0 115
1679857299333 116.0 116
1679857299704 117.0 117
1679857299800 118.0 118
1679857300166 119.0 119
1679857300263 120.0 120
1679857300652 121.0 121
1679857300755 122.0 122
1679857301120 123.0 123
1679857301215 124.0 124
1679857301701 125.0 125
1679857301801 126.0 126
1679857302189 127.0 127
1679857302285 128.0 128
1679857302672 129.0 129
1679857302771 130.0 130
1679857303165 131.0 131
1679857303262 132.0 132
1679857303619 133.0 133
1679857303714 134.0 134
1679857304093 135.0 135
1679857304189 136.0 136
1679857304578 137.0 137
1679857304681 138.0 138
1679857305074 139.0 139
1679857305168 140.0 140
1679857305568 141.0 141
1679857305667 142.0 142
1679857306030 143.0 143
1679857306147 144.0 144
1679857306563 145.0 145
1679857306660 146.0 146
1679857307028 147.0 147
1679857307154 148.0 148
1679857307550 149.0 149
1679857307653 150.0 150
1679857308050 151.0 151
1679857308151 152.0 152
1679857308526 153.0 153
1679857308622 154.0 154
1679857308991 155.0 155
1679857309091 156.0 156
1679857309468 157.0 157
1679857309563 158.0 158
1679857309950 159.0 159
1679857310048 160.0 160
1679857310519 161.0 161
1679857310616 162.0 162
1679857310996 163.0 163
1679857311095 164.0 164
1679857311524 165.0 165
1679857311639 166.0 166
1679857312070 167.0 167
1679857312190 168.0 168
1679857312613 169.0 169
1679857312729 170.0 170
1679857313129 171.0 171
1679857313241 172.0 172
1679857313638 173.0 173
1679857313759 174.0 174
1679857314162 175.0 175
1679857314275 176.0 176
1679857314677 177.0 177
1679857314800 178.0 178
1679857315202 179.0 179
1679857315314 180.0 180
1679857315723 181.0 181
1679857315833 182.0 182
1679857316244 183.0 183
1679857316356 184.0 184
1679857316736 185.0 185
1679857316840 186.0 186
1679857317222 187.0 187
1679857317342 188.0 188
1679857317747 189.0 189
1679857317849 190.0 190
1679857318226 191.0 191
1679857318331 192.0 192
1679857318709 193.0 193
1679857318809 194.0 194
1679857319179 195.0 195
1679857319278 196.0 196
1679857319733 197.0 197
1679857319833 198.0 198
1679857320220 199.0 199
1679857320322 200.0 200
1679857320704 201.0 201
1679857320810 202.0 202
1679857321221 203.0 203
1679857321334 204.0 204
1679857321714 205.0 205
1679857321819 206.0 206
1679857322214 207.0 207
1679857322321 208.0 208
1679857322746 209.0 209
1679857322850 210.0 210
1679857323232 211.0 211
1679857323343 212.0 212
1679857323759 213.0 213
1679857323857 214.0 214
1679857324232 215.0 215
1679857324340 216.0 216
1679857324720 217.0 217
1679857324819 218.0 218
1679857325231 219.0 219
1679857325335 220.0 220
1679857325708 221.0 221
1679857325809 222.0 222
1679857326178 223.0 223
1679857326278 224.0 224
1679857326655 225.0 225
1679857326760 226.0 226
1679857327159 227.0 227
1679857327259 228.0 228
1679857327662 229.0 229
1679857327786 230.0 230
1679857328166 231.0 231
1679857328266 232.0 232
1679857328631 233.0 233
1679857328806 234.0 234
1679857329172 235.0 235
1679857329274 236.0 236
1679857329638 237.0 237
1679857329740 238.0 238
1679857330126 239.0 239
1679857330226 240.0 240
1679857330592 241.0 241
1679857330692 242.0 242
1679857331067 243.0 243
1679857331174 244.0 244
1679857331547 245.0 245
1679857331646 246.0 246
1679857332034 247.0 247
1679857332135 248.0 248
1679857332545 249.0 249
1679857332652 250.0 250
1679857333037 251.0 251
1679857333167 252.0 252
1679857333547 253.0 253
1679857333649 254.0 254
1679857334023 255.0 255
1679857334124 256.0 256
1679857334497 257.0 257
1679857334603 258.0 258
1679857334981 259.0 259
1679857335086 260.0 260
1679857335468 261.0 261
1679857335573 262.0 262
1679857335949 263.0 263
1679857336049 264.0 264
1679857336428 265.0 265
1679857336532 266.0 266
1679857336898 267.0 267
1679857337002 268.0 268
1679857337391 269.0 269
1679857337503 270.0 270
1679857337989 271.0 271
1679857338092 272.0 272
1679857338491 273.0 273
1679857338594 274.0 274
1679857338971 275.0 275
1679857339074 276.0 276
1679857339453 277.0 277
1679857339557 278.0 278
1679857339950 279.0 279
1679857340072 280.0 280
1679857340467 281.0 281
1679857340572 282.0 282
1679857340946 283.0 283
1679857341052 284.0 284
1679857341420 285.0 285
1679857341533 286.0 286
1679857341966 287.0 287
1679857342088 288.0 288
1679857342536 289.0 289
1679857342656 290.0 290
1679857343081 291.0 291
1679857343202 292.0 292
1679857343647 293.0 293
1679857343764 294.0 294
1679857344190 295.0 295
1679857344304 296.0 296
1679857344714 297.0 297
1679857344829 298.0 298
1679857345243 299.0 299
1679857345360 300.0 300
1679857345459 301.0 301
