1679857270699 66.00178707959533 1
1679857271279 41.92465199781823 3
1679857271812 40.50868191892001 5
1679857272301 40.485541388160826 7
1679857272819 40.47500914604964 9
1679857273297 40.44732185851313 11
1679857273787 40.35168859122742 13
1679857274378 39.461877986927725 15
1679857274881 36.152091440388574 17
1679857275374 32.96081224023163 19
1679857275865 29.958102996773466 21
1679857276366 27.975439237024705 23
1679857276873 25.315623664197116 25
1679857277384 24.506650626227028 27
1679857277899 22.233419700648913 29
1679857278378 20.167451212196152 31
1679857278903 20.057195121554308 33
1679857279368 19.450784779583234 35
1679857279867 18.849808160916922 37
1679857280363 17.323010565538688 39
1679857280836 18.11190190027003 41
1679857281335 16.809521776242164 43
1679857281820 15.700798060692241 45
1679857282298 15.274093065278311 47
1679857282815 14.519933659054455 49
1679857283400 13.490225469510172 51
1679857283899 13.122424804608439 53
1679857284392 13.908639569850783 55
1679857284897 12.55729748193876 57
1679857285401 12.601230563359763 59
1679857285898 12.879944930463669 61
1679857286428 12.310542702716043 63
1679857286927 11.426482283307275 65
1679857287431 11.475615630866333 67
1679857287919 10.112053563145981 69
1679857288372 10.464084135394845 71
1679857288814 9.751238287298174 73
1679857289297 8.891687417236223 75
1679857289763 9.01213698263613 77
1679857290244 8.391786790758834 79
1679857290724 9.456081216117054 81
1679857291205 9.266751315391948 83
1679857291720 7.623343599316164 85
1679857292178 7.451755091481052 87
1679857292830 7.701630347256834 89
1679857293337 7.603731133983131 91
1679857293849 7.270272411089487 93
1679857294386 6.419990480337324 95
1679857294901 6.174453489273941 97
1679857295384 6.536824339041438 99
1679857295861 5.707104354695335 101
1679857296382 6.521080866996488 103
1679857296852 5.964004709642374 105
1679857297346 6.603762935974437 107
1679857297852 6.020013813280689 109
1679857298280 5.176368485831226 111
1679857298769 5.39255953115091 113
1679857299223 4.892415107717168 115
1679857299690 4.724045970238141 117
1679857300150 4.883662988278944 119
1679857300624 4.758179533172766 121
1679857301105 6.195511763659989 123
1679857301686 4.905015357706008 125
1679857302173 4.159047645073069 127
1679857302654 4.647153184368615 129
1679857303151 3.9583575868441856 131
1679857303604 4.128787254669506 133
1679857304078 4.101706799818444 135
1679857304561 3.6968344788065433 137
1679857305058 3.8316394206361655 139
1679857305551 8.64487321718575 141
1679857306015 4.545777498749254 143
1679857306548 3.702944041698502 145
1679857307013 3.3939286934485295 147
1679857307533 4.934678609630605 149
1679857308034 3.482549988214628 151
1679857308511 3.2846456478914448 153
1679857308975 3.2026830551331935 155
1679857309450 3.0114592240882043 157
1679857309932 2.9271519252673333 159
1679857310501 3.281929251649425 161
1679857310980 2.981927757065531 163
1679857311506 2.7468930407509284 165
1679857312047 2.793432265406857 167
1679857312595 2.5618651506608425 169
1679857313113 2.725123070270492 171
1679857313620 2.929080663443847 173
1679857314144 2.532568764274808 175
1679857314660 2.521447026894294 177
1679857315184 2.6367678001342867 179
1679857315705 2.6702377690758317 181
1679857316226 2.6698034443797636 183
1679857316720 2.592640108951015 185
1679857317207 2.3628907484917647 187
1679857317732 2.4643157245581633 189
1679857318211 2.3808796597680075 191
1679857318693 2.4653780835280146 193
1679857319163 2.430544119918902 195
1679857319714 2.351466989290735 197
1679857320204 2.705304424420951 199
1679857320688 2.178819371916881 201
1679857321204 2.2343766900233035 203
1679857321694 2.2592403966939925 205
1679857322198 2.079946920414663 207
1679857322727 2.279131846436153 209
1679857323216 2.217830153347503 211
1679857323742 2.293214116648277 213
1679857324216 2.194913965679821 215
1679857324703 2.0702570156729903 217
1679857325215 2.066056982346767 219
1679857325692 2.1499667779975193 221
1679857326163 2.084294390184274 223
1679857326639 2.0855312778542077 225
1679857327143 1.9520348369354616 227
1679857327646 1.8856106380930424 229
1679857328150 2.348518065055623 231
1679857328616 1.931572157278374 233
1679857329157 2.0285142342249554 235
1679857329622 1.9544106033902506 237
1679857330110 2.112743912480244 239
1679857330577 1.7667032557859734 241
1679857331051 1.7411477493189778 243
1679857331530 1.7759609621011738 245
1679857332018 1.9164133472557925 247
1679857332524 1.7169468843875153 249
1679857333021 1.826919634231014 251
1679857333532 1.810267864648954 253
1679857334007 1.7245469522393841 255
1679857334481 1.7455124705154867 257
1679857334965 1.725173529606821 259
1679857335452 1.7213032837255837 261
1679857335931 1.707240492733443 263
1679857336412 1.6529930834531372 265
1679857336882 1.6952724333254168 267
1679857337374 1.6507536898931692 269
1679857337974 1.641640793227161 271
1679857338474 1.6174011314059376 273
1679857338954 1.603741394094029 275
1679857339436 1.8849894817011343 277
1679857339931 1.6080729021515459 279
1679857340451 1.5191858337744941 281
1679857340930 1.5296769001117436 283
1679857341404 1.600287796281574 285
1679857341950 1.5582734249004635 287
1679857342519 1.7220379331980757 289
1679857343064 1.5660016490593682 291
1679857343630 1.5824819409167827 293
1679857344174 1.6793383216199067 295
1679857344698 1.626915127172783 297
1679857345224 1.5160912481768762 299
