1679773721674 18.904565572738647 1
1679773721900 0.2105395793914795 2
1679773723223 1.3279469013214111 3
1679773723420 0.195204496383667 4
1679773724659 1.2394461631774902 5
1679773724865 0.20212531089782715 6
1679773726129 1.2593731880187988 7
1679773726332 0.20793843269348145 8
1679773727669 1.339141607284546 9
1679773727892 0.22195124626159668 10
1679773729130 1.23781156539917 11
1679773729329 0.19916439056396484 12
1679773730503 1.1749274730682373 13
1679773730702 0.19613075256347656 14
1679773731926 1.2269020080566406 15
1679773732199 0.2708582878112793 16
1679773733478 1.2750895023345947 17
1679773733719 0.24098825454711914 18
1679773735059 1.338376522064209 19
1679773735279 0.21847033500671387 20
1679773736600 1.3202998638153076 21
1679773736914 0.3167440891265869 22
1679773738204 1.293104648590088 23
1679773738402 0.200087308883667 24
1679773739674 1.273818016052246 25
1679773739906 0.22816061973571777 26
1679773741166 1.2595007419586182 27
1679773741375 0.20950937271118164 28
1679773742705 1.328770399093628 29
1679773742942 0.238311767578125 30
1679773744186 1.2427821159362793 31
1679773744414 0.2290647029876709 32
1679773745702 1.2910068035125732 33
1679773745910 0.20213794708251953 34
1679773747275 1.360766887664795 35
1679773747473 0.2049398422241211 36
1679773748737 1.2589232921600342 37
1679773748959 0.22106432914733887 38
1679773750194 1.2408347129821777 39
1679773750406 0.21423053741455078 40
1679773751701 1.289116382598877 41
1679773751915 0.2109384536743164 42
1679773753105 1.1949326992034912 43
1679773753313 0.20485568046569824 44
1679773754575 1.267359972000122 45
1679773754812 0.23673772811889648 46
1679773756021 1.2112038135528564 47
1679773756230 0.20607900619506836 48
1679773757584 1.3406689167022705 49
1679773757819 0.2447984218597412 50
1679773759122 1.3041281700134277 51
1679773759322 0.2022244930267334 52
1679773760595 1.2733149528503418 53
1679773760805 0.20896172523498535 54
1679773762228 1.4190037250518799 55
1679773762460 0.2286379337310791 56
1679773763787 1.3343608379364014 57
1679773764045 0.2549431324005127 58
1679773765352 1.3058819770812988 59
1679773765568 0.2168140411376953 60
1679773766885 1.3177094459533691 61
1679773767173 0.292468786239624 62
1679773768441 1.2677807807922363 63
1679773768649 0.20787811279296875 64
1679773769904 1.2562949657440186 65
1679773770116 0.2109670639038086 66
1679773771342 1.2258810997009277 67
1679773771631 0.28598952293395996 68
1679773772890 1.2550103664398193 69
1679773773083 0.20110821723937988 70
1679773774309 1.2219736576080322 71
1679773774512 0.203965425491333 72
1679773775798 1.287435531616211 73
1679773776006 0.20660400390625 74
1679773777330 1.325922966003418 75
1679773777552 0.21393418312072754 76
1679773778818 1.273280382156372 77
1679773779029 0.20985817909240723 78
1679773780336 1.2999849319458008 79
1679773780535 0.20510029792785645 80
1679773781878 1.3430428504943848 81
1679773782088 0.2110884189605713 82
1679773783347 1.257718563079834 83
1679773783548 0.20302653312683105 84
1679773784817 1.268167495727539 85
1679773785039 0.22288990020751953 86
1679773786349 1.3081989288330078 87
1679773786554 0.2056732177734375 88
1679773787749 1.1960699558258057 89
1679773787956 0.20304250717163086 90
1679773789190 1.2379403114318848 91
1679773789386 0.19484257698059082 92
1679773790589 1.2021877765655518 93
1679773790795 0.20901846885681152 94
1679773792083 1.2864127159118652 95
1679773792276 0.19465351104736328 96
1679773793603 1.3218533992767334 97
1679773793866 0.25806403160095215 98
1679773795196 1.3268694877624512 99
1679773795422 0.22885751724243164 100
1679773796828 1.4091298580169678 101
1679773797050 0.22301506996154785 102
1679773798337 1.2901341915130615 103
1679773798540 0.20375871658325195 104
1679773799813 1.2712056636810303 105
1679773800033 0.2129220962524414 106
1679773801303 1.2775287628173828 107
1679773801591 0.28780174255371094 108
1679773802840 1.247293472290039 109
1679773803090 0.24553680419921875 110
1679773804383 1.300041913986206 111
1679773804594 0.20864105224609375 112
1679773805863 1.2712318897247314 113
1679773806080 0.21615171432495117 114
1679773807442 1.3623032569885254 115
1679773807655 0.2116398811340332 116
1679773808930 1.278226613998413 117
1679773809151 0.22110772132873535 118
1679773810408 1.2575147151947021 119
1679773810602 0.19251537322998047 120
1679773811886 1.2836132049560547 121
1679773812089 0.20293021202087402 122
1679773813261 1.1743979454040527 123
1679773813456 0.1935274600982666 124
1679773814709 1.251183271408081 125
1679773814936 0.22680044174194336 126
1679773816349 1.4050710201263428 127
1679773816577 0.2289869785308838 128
1679773817961 1.3810274600982666 129
1679773818196 0.24208569526672363 130
1679773819581 1.3849601745605469 131
1679773819796 0.2129964828491211 132
1679773821091 1.3028264045715332 133
1679773821317 0.21701550483703613 134
1679773822745 1.4285972118377686 135
1679773822971 0.2243938446044922 136
1679773824310 1.339033842086792 137
1679773824541 0.22814393043518066 138
1679773825888 1.3407807350158691 139
1679773826117 0.2371835708618164 140
1679773827448 1.3379130363464355 141
1679773827656 0.20583248138427734 142
1679773828947 1.2829713821411133 143
1679773829165 0.22631502151489258 144
1679773830405 1.2418675422668457 145
1679773830607 0.2019209861755371 146
1679773831851 1.2433571815490723 147
1679773832141 0.2916684150695801 148
1679773833358 1.210289478302002 149
1679773833574 0.2198927402496338 150
1679773834842 1.2657999992370605 151
1679773835078 0.23609590530395508 152
1679773836331 1.254256010055542 153
1679773836543 0.21178507804870605 154
1679773837905 1.3570637702941895 155
1679773838117 0.21790170669555664 156
1679773839364 1.2489261627197266 157
1679773839573 0.20706510543823242 158
1679773840848 1.2772672176361084 159
1679773841057 0.206709623336792 160
1679773842462 1.4014129638671875 161
1679773842710 0.21370959281921387 162
1679773843972 1.3018748760223389 163
1679773844192 0.21905803680419922 164
1679773845456 1.2599852085113525 165
1679773845661 0.2058122158050537 166
1679773847024 1.3640410900115967 167
1679773847240 0.21412992477416992 168
1679773848517 1.2798666954040527 169
1679773848732 0.21642637252807617 170
1679773849983 1.2516264915466309 171
1679773850205 0.22001361846923828 172
1679773851444 1.2370872497558594 173
1679773851750 0.29792284965515137 174
1679773853066 1.324538230895996 175
1679773853285 0.2163691520690918 176
1679773854626 1.3400084972381592 177
1679773854850 0.22432518005371094 178
1679773856209 1.3608689308166504 179
1679773856485 0.2701683044433594 180
1679773857845 1.3636329174041748 181
1679773858055 0.21497750282287598 182
1679773859326 1.2673871517181396 183
1679773859545 0.22270655632019043 184
1679773860836 1.288020372390747 185
1679773861049 0.21616888046264648 186
1679773862427 1.3777172565460205 187
1679773862649 0.2233266830444336 188
1679773863931 1.2801084518432617 189
1679773864151 0.21812868118286133 190
1679773865446 1.2950255870819092 191
1679773865660 0.2144765853881836 192
1679773866938 1.2811007499694824 193
1679773867242 0.301755428314209 194
1679773868515 1.2680389881134033 195
1679773868741 0.2251262664794922 196
1679773870019 1.2829124927520752 197
1679773870252 0.22473812103271484 198
1679773871494 1.25254487991333 199
1679773871740 0.2456808090209961 200
1679773873032 1.288163661956787 201
1679773873271 0.23088884353637695 202
1679773874541 1.2810077667236328 203
1679773874757 0.21511030197143555 204
1679773876030 1.2738642692565918 205
1679773876254 0.21403169631958008 206
1679773877633 1.3889081478118896 207
1679773877856 0.21706748008728027 208
1679773879132 1.280060052871704 209
1679773879363 0.23303818702697754 210
1679773880639 1.2750914096832275 211
1679773880872 0.23412585258483887 212
1679773882278 1.3888468742370605 213
1679773882531 0.2639336585998535 214
1679773883934 1.4028575420379639 215
1679773884176 0.2431325912475586 216
1679773885551 1.3688549995422363 217
1679773885786 0.23633360862731934 218
1679773887216 1.4299678802490234 219
1679773887432 0.22389769554138184 220
1679773888811 1.3794724941253662 221
1679773889032 0.21941471099853516 222
1679773890285 1.2559442520141602 223
1679773890492 0.2034904956817627 224
1679773891746 1.258547306060791 225
1679773891952 0.20708346366882324 226
1679773893253 1.29685640335083 227
1679773893453 0.20321416854858398 228
1679773894757 1.2990391254425049 229
1679773894991 0.23626041412353516 230
1679773896302 1.3064956665039062 231
1679773896533 0.236619234085083 232
1679773897841 1.3015437126159668 233
1679773898179 0.3411881923675537 234
1679773899466 1.2877449989318848 235
1679773899676 0.21200966835021973 236
1679773900962 1.2828776836395264 237
1679773901178 0.21902227401733398 238
1679773902456 1.2792255878448486 239
1679773902758 0.2988460063934326 240
1679773904050 1.2917087078094482 241
1679773904294 0.24524879455566406 242
1679773905575 1.2820844650268555 243
1679773905794 0.21743345260620117 244
1679773907110 1.317439317703247 245
1679773907332 0.22102117538452148 246
1679773908707 1.370173692703247 247
1679773908948 0.2397758960723877 248
1679773910201 1.2611899375915527 249
1679773910429 0.22777056694030762 250
1679773911681 1.2530016899108887 251
1679773911890 0.20202851295471191 252
1679773913299 1.4019050598144531 253
1679773913543 0.2430565357208252 254
1679773914892 1.352034330368042 255
1679773915129 0.23797178268432617 256
1679773916488 1.3609955310821533 257
1679773916741 0.24900507926940918 258
1679773918140 1.4042375087738037 259
1679773918363 0.22631049156188965 260
1679773919662 1.299464464187622 261
1679773919884 0.21707844734191895 262
1679773921161 1.2819957733154297 263
1679773921383 0.22185063362121582 264
1679773922682 1.2962126731872559 265
1679773922929 0.23195314407348633 266
1679773924283 1.3699672222137451 267
1679773924543 0.26009035110473633 268
1679773925863 1.3199729919433594 269
1679773926113 0.24383211135864258 270
1679773927408 1.3051426410675049 271
1679773927630 0.21981310844421387 272
1679773929024 1.3921501636505127 273
1679773929243 0.22088289260864258 274
1679773930494 1.249016523361206 275
1679773930716 0.22225522994995117 276
1679773931992 1.279686450958252 277
1679773932199 0.20512056350708008 278
1679773933434 1.23716139793396 279
1679773933732 0.2938406467437744 280
1679773935072 1.3439176082611084 281
1679773935297 0.21897625923156738 282
1679773936623 1.327089548110962 283
1679773936880 0.25401830673217773 284
1679773938194 1.3170361518859863 285
1679773938494 0.30452966690063477 286
1679773939785 1.287346601486206 287
1679773940017 0.22606825828552246 288
1679773941301 1.288329839706421 289
1679773941521 0.2246394157409668 290
1679773942903 1.3701748847961426 291
1679773943154 0.2479550838470459 292
1679773944631 1.4839842319488525 293
1679773944877 0.24010658264160156 294
1679773946257 1.3837237358093262 295
1679773946498 0.2440931797027588 296
1679773947813 1.3223960399627686 297
1679773948039 0.22360491752624512 298
1679773949416 1.377295732498169 299
1679773949632 0.21573996543884277 300
1679773949777 0.13988566398620605 301
