1679773721684 18.904565572738647 1
1679773721910 19.115105152130127 2
1679773723232 20.443052053451538 3
1679773723428 20.638256549835205 4
1679773724668 21.877702713012695 5
1679773724876 22.079828023910522 6
1679773726136 23.33920121192932 7
1679773726340 23.547139644622803 8
1679773727678 24.88628125190735 9
1679773727900 25.108232498168945 10
1679773729138 26.346044063568115 11
1679773729337 26.54520845413208 12
1679773730512 27.720135927200317 13
1679773730710 27.916266679763794 14
1679773731934 29.143168687820435 15
1679773732207 29.414026975631714 16
1679773733494 30.68911647796631 17
1679773733728 30.930104732513428 18
1679773735068 32.26848125457764 19
1679773735289 32.48695158958435 20
1679773736618 33.80725145339966 21
1679773736922 34.123995542526245 22
1679773738212 35.41710019111633 23
1679773738411 35.6171875 24
1679773739683 36.891005516052246 25
1679773739914 37.119166135787964 26
1679773741182 38.37866687774658 27
1679773741384 38.588176250457764 28
1679773742713 39.91694664955139 29
1679773742950 40.15525841712952 30
1679773744194 41.398040533065796 31
1679773744424 41.62710523605347 32
1679773745710 42.91811203956604 33
1679773745919 43.12024998664856 34
1679773747283 44.481016874313354 35
1679773747481 44.685956716537476 36
1679773748745 45.94488000869751 37
1679773748970 46.16594433784485 38
1679773750202 47.406779050827026 39
1679773750414 47.62100958824158 40
1679773751710 48.910125970840454 41
1679773751923 49.12106442451477 42
1679773753114 50.31599712371826 43
1679773753323 50.52085280418396 44
1679773754583 51.78821277618408 45
1679773754821 52.02495050430298 46
1679773756031 53.236154317855835 47
1679773756240 53.4422333240509 48
1679773757592 54.782902240753174 49
1679773757827 55.027700662612915 50
1679773759130 56.33182883262634 51
1679773759330 56.534053325653076 52
1679773760605 57.80736827850342 53
1679773760813 58.0163300037384 54
1679773762236 59.43533372879028 55
1679773762471 59.66397166252136 56
1679773763797 60.998332500457764 57
1679773764054 61.253275632858276 58
1679773765360 62.559157609939575 59
1679773765577 62.77597165107727 60
1679773766894 64.09368109703064 61
1679773767181 64.38614988327026 62
1679773768448 65.6539306640625 63
1679773768657 65.86180877685547 64
1679773769912 67.11810374259949 65
1679773770125 67.3290708065033 66
1679773771351 68.55495190620422 67
1679773771639 68.84094142913818 68
1679773772898 70.095951795578 69
1679773773091 70.29706001281738 70
1679773774319 71.51903367042542 71
1679773774520 71.72299909591675 72
1679773775807 73.01043462753296 73
1679773776014 73.21703863143921 74
1679773777338 74.54296159744263 75
1679773777562 74.75689578056335 76
1679773778825 76.03017616271973 77
1679773779037 76.24003434181213 78
1679773780344 77.54001927375793 79
1679773780543 77.74511957168579 80
1679773781887 79.08816242218018 81
1679773782097 79.29925084114075 82
1679773783355 80.55696940422058 83
1679773783557 80.75999593734741 84
1679773784825 82.02816343307495 85
1679773785048 82.25105333328247 86
1679773786358 83.55925226211548 87
1679773786562 83.76492547988892 88
1679773787756 84.96099543571472 89
1679773787964 85.16403794288635 90
1679773789198 86.40197825431824 91
1679773789394 86.59682083129883 92
1679773790597 87.79900860786438 93
1679773790803 88.00802707672119 94
1679773792093 89.29443979263306 95
1679773792283 89.48909330368042 96
1679773793613 90.81094670295715 97
1679773793879 91.0690107345581 98
1679773795204 92.39588022232056 99
1679773795430 92.62473773956299 100
1679773796838 94.03386759757996 101
1679773797061 94.2568826675415 102
1679773798345 95.54701685905457 103
1679773798548 95.75077557563782 104
1679773799822 97.02198123931885 105
1679773800042 97.23490333557129 106
1679773801312 98.51243209838867 107
1679773801599 98.80023384094238 108
1679773802850 100.04752731323242 109
1679773803098 100.29306411743164 110
1679773804391 101.59310603141785 111
1679773804602 101.80174708366394 112
1679773805873 103.07297897338867 113
1679773806088 103.28913068771362 114
1679773807451 104.65143394470215 115
1679773807663 104.86307382583618 116
1679773808939 106.1413004398346 117
1679773809159 106.36240816116333 118
1679773810416 107.61992287635803 119
1679773810610 107.81243824958801 120
1679773811895 109.09605145454407 121
1679773812097 109.29898166656494 122
1679773813268 110.473379611969 123
1679773813464 110.66690707206726 124
1679773814717 111.91809034347534 125
1679773814945 112.14489078521729 126
1679773816358 113.54996180534363 127
1679773816586 113.77894878387451 128
1679773817970 115.15997624397278 129
1679773818205 115.4020619392395 130
1679773819589 116.78702211380005 131
1679773819804 117.00001859664917 132
1679773821101 118.3028450012207 133
1679773821327 118.51986050605774 134
1679773822754 119.94845771789551 135
1679773822980 120.1728515625 136
1679773824320 121.51188540458679 137
1679773824549 121.74002933502197 138
1679773825896 123.08081007003784 139
1679773826126 123.31799364089966 140
1679773827457 124.6559066772461 141
1679773827665 124.86173915863037 142
1679773828955 126.14471054077148 143
1679773829174 126.37102556228638 144
1679773830412 127.61289310455322 145
1679773830616 127.81481409072876 146
1679773831861 129.05817127227783 147
1679773832149 129.3498396873474 148
1679773833367 130.5601291656494 149
1679773833583 130.78002190589905 150
1679773834849 132.0458219051361 151
1679773835087 132.28191781044006 152
1679773836341 133.5361738204956 153
1679773836552 133.7479588985443 154
1679773837912 135.1050226688385 155
1679773838125 135.32292437553406 156
1679773839373 136.57185053825378 157
1679773839582 136.77891564369202 158
1679773840855 138.05618286132812 159
1679773841065 138.26289248466492 160
1679773842470 139.6643054485321 161
1679773842721 139.87801504135132 162
1679773843981 141.17988991737366 163
1679773844200 141.39894795417786 164
1679773845464 142.6589331626892 165
1679773845669 142.86474537849426 166
1679773847031 144.22878646850586 167
1679773847248 144.44291639328003 168
1679773848529 145.72278308868408 169
1679773848741 145.93920946121216 170
1679773849991 147.1908359527588 171
1679773850213 147.41084957122803 172
1679773851453 148.6479368209839 173
1679773851759 148.94585967063904 174
1679773853074 150.27039790153503 175
1679773853295 150.48676705360413 176
1679773854635 151.82677555084229 177
1679773854859 152.051100730896 178
1679773856217 153.41196966171265 179
1679773856494 153.682137966156 180
1679773857854 155.04577088356018 181
1679773858062 155.26074838638306 182
1679773859336 156.5281355381012 183
1679773859553 156.7508420944214 184
1679773860845 158.03886246681213 185
1679773861057 158.25503134727478 186
1679773862435 159.6327486038208 187
1679773862658 159.85607528686523 188
1679773863940 161.1361837387085 189
1679773864160 161.35431241989136 190
1679773865454 162.64933800697327 191
1679773865668 162.86381459236145 192
1679773866948 164.14491534233093 193
1679773867250 164.44667077064514 194
1679773868523 165.71470975875854 195
1679773868749 165.93983602523804 196
1679773870027 167.2227485179901 197
1679773870261 167.44748663902283 198
1679773871503 168.70003151893616 199
1679773871749 168.94571232795715 200
1679773873042 170.23387598991394 201
1679773873281 170.46476483345032 202
1679773874549 171.74577260017395 203
1679773874765 171.96088290214539 204
1679773876039 173.23474717140198 205
1679773876262 173.44877886772156 206
1679773877641 174.83768701553345 207
1679773877864 175.05475449562073 208
1679773879141 176.33481454849243 209
1679773879371 176.5678527355194 210
1679773880647 177.84294414520264 211
1679773880880 178.07706999778748 212
1679773882288 179.46591687202454 213
1679773882540 179.7298505306244 214
1679773883943 181.13270807266235 215
1679773884186 181.3758406639099 216
1679773885560 182.74469566345215 217
1679773885795 182.98102927207947 218
1679773887224 184.4109971523285 219
1679773887440 184.63489484786987 220
1679773888821 186.01436734199524 221
1679773889041 186.23378205299377 222
1679773890293 187.48972630500793 223
1679773890500 187.6932168006897 224
1679773891754 188.9517641067505 225
1679773891960 189.1588475704193 226
1679773893260 190.45570397377014 227
1679773893460 190.65891814231873 228
1679773894766 191.95795726776123 229
1679773894999 192.19421768188477 230
1679773896311 193.50071334838867 231
1679773896543 193.73733258247375 232
1679773897850 195.03887629508972 233
1679773898186 195.38006448745728 234
1679773899475 196.66780948638916 235
1679773899684 196.87981915473938 236
1679773900970 198.1626968383789 237
1679773901187 198.38171911239624 238
1679773902464 199.6609447002411 239
1679773902766 199.95979070663452 240
1679773904058 201.25149941444397 241
1679773904303 201.49674820899963 242
1679773905583 202.7788326740265 243
1679773905802 202.9962661266327 244
1679773907119 204.31370544433594 245
1679773907340 204.53472661972046 246
1679773908718 205.9049003124237 247
1679773908957 206.1446762084961 248
1679773910209 207.40586614608765 249
1679773910437 207.63363671302795 250
1679773911689 208.88663840293884 251
1679773911899 209.08866691589355 252
1679773913309 210.490571975708 253
1679773913553 210.73362851142883 254
1679773914901 212.08566284179688 255
1679773915139 212.3236346244812 256
1679773916500 213.68463015556335 257
1679773916750 213.93363523483276 258
1679773918149 215.33787274360657 259
1679773918374 215.56418323516846 260
1679773919671 216.86364769935608 261
1679773919893 217.080726146698 262
1679773921170 218.36272192001343 263
1679773921392 218.58457255363464 264
1679773922692 219.8807852268219 265
1679773922942 220.11273837089539 266
1679773924292 221.48270559310913 267
1679773924553 221.74279594421387 268
1679773925873 223.06276893615723 269
1679773926124 223.30660104751587 270
1679773927418 224.61174368858337 271
1679773927638 224.8315567970276 272
1679773929032 226.2237069606781 273
1679773929252 226.44458985328674 274
1679773930503 227.69360637664795 275
1679773930724 227.9158616065979 276
1679773932000 229.19554805755615 277
1679773932207 229.40066862106323 278
1679773933443 230.6378300189972 279
1679773933739 230.93167066574097 280
1679773935080 232.27558827400208 281
1679773935306 232.49456453323364 282
1679773936631 233.8216540813446 283
1679773936890 234.07567238807678 284
1679773938203 235.39270853996277 285
1679773938504 235.6972382068634 286
1679773939794 236.9845848083496 287
1679773940028 237.21065306663513 288
1679773941308 238.49898290634155 289
1679773941529 238.72362232208252 290
1679773942912 240.09379720687866 291
1679773943164 240.3417522907257 292
1679773944639 241.82573652267456 293
1679773944890 242.06584310531616 294
1679773946265 243.4495668411255 295
1679773946506 243.69366002082825 296
1679773947822 245.01605606079102 297
1679773948047 245.23966097831726 298
1679773949426 246.61695671081543 299
1679773949642 246.83269667625427 300
1679773949785 246.97258234024048 301
