1679773721685 0.0 1
1679773721911 0.0 2
1679773723232 0.0 3
1679773723430 0.0 4
1679773724670 0.0 5
1679773724878 0.0 6
1679773726138 0.0 7
1679773726342 0.0 8
1679773727679 0.0 9
1679773727902 0.0 10
1679773729139 0.0 11
1679773729338 0.0 12
1679773730513 0.0 13
1679773730712 0.0 14
1679773731936 0.0 15
1679773732208 0.0 16
1679773733495 0.0 17
1679773733729 0.0 18
1679773735070 0.0 19
1679773735290 0.0 20
1679773736619 0.0 21
1679773736924 0.0 22
1679773738213 0.0 23
1679773738412 0.0 24
1679773739685 0.0 25
1679773739915 0.0 26
1679773741185 0.0 27
1679773741386 0.0 28
1679773742714 0.0 29
1679773742952 0.0 30
1679773744196 0.0 31
1679773744426 0.0 32
1679773745712 0.0 33
1679773745920 0.0 34
1679773747285 0.0 35
1679773747482 0.0 36
1679773748747 0.0 37
1679773748972 0.0 38
1679773750203 0.0 39
1679773750415 0.0 40
1679773751711 0.0 41
1679773751924 0.0 42
1679773753115 0.0 43
1679773753325 0.0 44
1679773754585 0.0 45
1679773754822 0.0 46
1679773756032 0.0 47
1679773756242 0.0 48
1679773757594 0.0 49
1679773757828 0.0 50
1679773759132 0.0 51
1679773759332 0.0 52
1679773760606 0.0 53
1679773760814 0.0 54
1679773762238 0.0 55
1679773762472 0.0 56
1679773763799 0.0 57
1679773764056 0.0 58
1679773765361 0.0 59
1679773765579 0.0 60
1679773766896 0.0 61
1679773767183 0.0 62
1679773768449 0.0 63
1679773768659 0.0 64
1679773769912 0.0 65
1679773770126 0.0 66
1679773771353 0.0 67
1679773771640 0.0 68
1679773772900 0.0 69
1679773773093 0.0 70
1679773774321 0.0 71
1679773774522 0.0 72
1679773775809 0.0 73
1679773776015 0.0 74
1679773777341 0.0 75
1679773777563 0.0 76
1679773778827 0.0 77
1679773779038 0.0 78
1679773780345 0.0 79
1679773780544 0.0 80
1679773781888 0.0 81
1679773782098 0.0 82
1679773783356 0.0 83
1679773783558 0.0 84
1679773784826 0.0 85
1679773785050 0.0 86
1679773786359 0.0 87
1679773786563 0.0 88
1679773787758 0.0 89
1679773787965 0.0 90
1679773789199 0.0 91
1679773789395 0.0 92
1679773790599 0.0 93
1679773790804 0.0 94
1679773792094 0.0 95
1679773792285 0.0 96
1679773793615 0.0 97
1679773793881 0.0 98
1679773795206 0.0 99
1679773795431 0.0 100
1679773796840 0.0 101
1679773797063 0.0 102
1679773798347 0.0 103
1679773798549 0.0 104
1679773799823 0.0 105
1679773800043 0.0 106
1679773801313 0.0 107
1679773801600 0.0 108
1679773802851 0.0 109
1679773803100 0.0 110
1679773804393 0.0 111
1679773804603 0.0 112
1679773805875 0.0 113
1679773806089 0.0 114
1679773807453 0.0 115
1679773807665 0.0 116
1679773808941 0.0 117
1679773809160 0.0 118
1679773810417 0.0 119
1679773810611 0.0 120
1679773811896 0.0 121
1679773812098 0.0 122
1679773813270 0.0 123
1679773813465 0.0 124
1679773814719 0.0 125
1679773814946 0.0 126
1679773816359 0.0 127
1679773816588 0.0 128
1679773817972 0.0 129
1679773818206 0.0 130
1679773819591 0.0 131
1679773819805 0.0 132
1679773821102 0.0 133
1679773821329 0.0 134
1679773822756 0.0 135
1679773822981 0.0 136
1679773824321 0.0 137
1679773824551 0.0 138
1679773825897 0.0 139
1679773826128 0.0 140
1679773827458 0.0 141
1679773827667 0.0 142
1679773828957 0.0 143
1679773829175 0.0 144
1679773830415 0.0 145
1679773830617 0.0 146
1679773831862 0.0 147
1679773832151 0.0 148
1679773833368 0.0 149
1679773833584 0.0 150
1679773834851 0.0 151
1679773835088 0.0 152
1679773836342 0.0 153
1679773836554 0.0 154
1679773837914 0.0 155
1679773838126 0.0 156
1679773839374 0.0 157
1679773839582 0.0 158
1679773840857 0.0 159
1679773841066 0.0 160
1679773842471 0.0 161
1679773842722 0.0 162
1679773843982 0.0 163
1679773844202 0.0 164
1679773845465 0.0 165
1679773845670 0.0 166
1679773847032 0.0 167
1679773847249 0.0 168
1679773848531 0.0 169
1679773848742 0.0 170
1679773849993 0.0 171
1679773850215 0.0 172
1679773851455 0.0 173
1679773851761 0.0 174
1679773853076 0.0 175
1679773853296 0.0 176
1679773854637 0.0 177
1679773854860 0.0 178
1679773856219 0.0 179
1679773856495 0.0 180
1679773857856 0.0 181
1679773858064 0.0 182
1679773859338 0.0 183
1679773859556 0.0 184
1679773860847 0.0 185
1679773861059 0.0 186
1679773862436 0.0 187
1679773862660 0.0 188
1679773863941 0.0 189
1679773864162 0.0 190
1679773865455 0.0 191
1679773865670 0.0 192
1679773866949 0.0 193
1679773867252 0.0 194
1679773868524 0.0 195
1679773868751 0.0 196
1679773870028 0.0 197
1679773870262 0.0 198
1679773871504 0.0 199
1679773871751 0.0 200
1679773873043 0.0 201
1679773873284 0.0 202
1679773874551 0.0 203
1679773874766 0.0 204
1679773876040 0.0 205
1679773876263 0.0 206
1679773877642 0.0 207
1679773877866 0.0 208
1679773879142 0.0 209
1679773879372 0.0 210
1679773880648 0.0 211
1679773880882 0.0 212
1679773882290 0.0 213
1679773882542 0.0 214
1679773883944 0.0 215
1679773884188 0.0 216
1679773885562 0.0 217
1679773885796 0.0 218
1679773887225 0.0 219
1679773887441 0.0 220
1679773888822 0.0 221
1679773889043 0.0 222
1679773890295 0.0 223
1679773890502 0.0 224
1679773891756 0.0 225
1679773891961 0.0 226
1679773893261 0.0 227
1679773893461 0.0 228
1679773894768 0.0 229
1679773895000 0.0 230
1679773896312 0.0 231
1679773896545 0.0 232
1679773897851 0.0 233
1679773898188 0.0 234
1679773899476 0.0 235
1679773899686 0.0 236
1679773900971 0.0 237
1679773901188 0.0 238
1679773902466 0.0 239
1679773902767 0.0 240
1679773904059 0.0 241
1679773904304 0.0 242
1679773905585 0.0 243
1679773905803 0.0 244
1679773907120 0.0 245
1679773907342 0.0 246
1679773908720 0.0 247
1679773908959 0.0 248
1679773910211 0.0 249
1679773910439 0.0 250
1679773911691 0.0 251
1679773911900 0.0 252
1679773913311 0.0 253
1679773913555 0.0 254
1679773914903 0.0 255
1679773915140 0.0 256
1679773916501 0.0 257
1679773916752 0.0 258
1679773918150 0.0 259
1679773918377 0.0 260
1679773919672 0.0 261
1679773919894 0.0 262
1679773921172 0.0 263
1679773921393 0.0 264
1679773922693 0.0 265
1679773922943 0.0 266
1679773924293 0.0 267
1679773924554 0.0 268
1679773925874 0.0 269
1679773926125 0.0 270
1679773927419 0.0 271
1679773927640 0.0 272
1679773929033 0.0 273
1679773929253 0.0 274
1679773930504 0.0 275
1679773930726 0.0 276
1679773932002 0.0 277
1679773932209 0.0 278
1679773933445 0.0 279
1679773933741 0.0 280
1679773935082 0.0 281
1679773935307 0.0 282
1679773936632 0.0 283
1679773936892 0.0 284
1679773938204 0.0 285
1679773938506 0.0 286
1679773939795 0.0 287
1679773940029 0.0 288
1679773941310 0.0 289
1679773941530 0.0 290
1679773942913 0.0 291
1679773943166 0.0 292
1679773944641 0.0 293
1679773944892 0.0 294
1679773946266 0.0 295
1679773946508 0.0 296
1679773947825 0.0 297
1679773948048 0.0 298
1679773949427 0.0 299
1679773949642 0.0 300
1679773949787 0.0 301
