1679773721689 0.003920316696166992 1
1679773721914 0.003920316696166992 2
1679773723236 0.003920316696166992 3
1679773723433 0.003920316696166992 4
1679773724672 0.003920316696166992 5
1679773724880 0.003920316696166992 6
1679773726141 0.003920316696166992 7
1679773726344 0.003920316696166992 8
1679773727682 0.003920316696166992 9
1679773727904 0.003920316696166992 10
1679773729142 0.003920316696166992 11
1679773729341 0.003920316696166992 12
1679773730516 0.003920316696166992 13
1679773730714 0.003920316696166992 14
1679773731938 0.003920316696166992 15
1679773732212 0.003920316696166992 16
1679773733498 0.003920316696166992 17
1679773733731 0.003920316696166992 18
1679773735072 0.003920316696166992 19
1679773735292 0.003920316696166992 20
1679773736623 0.003920316696166992 21
1679773736927 0.003920316696166992 22
1679773738216 0.003920316696166992 23
1679773738415 0.003920316696166992 24
1679773739688 0.003920316696166992 25
1679773739918 0.003920316696166992 26
1679773741188 0.003920316696166992 27
1679773741388 0.003920316696166992 28
1679773742717 0.003920316696166992 29
1679773742954 0.003920316696166992 30
1679773744198 0.003920316696166992 31
1679773744429 0.003920316696166992 32
1679773745714 0.003920316696166992 33
1679773745923 0.003920316696166992 34
1679773747287 0.003920316696166992 35
1679773747485 0.003920316696166992 36
1679773748749 0.003920316696166992 37
1679773748975 0.003920316696166992 38
1679773750206 0.003920316696166992 39
1679773750418 0.003920316696166992 40
1679773751714 0.003920316696166992 41
1679773751927 0.003920316696166992 42
1679773753118 0.003920316696166992 43
1679773753328 0.003920316696166992 44
1679773754588 0.003920316696166992 45
1679773754825 0.003920316696166992 46
1679773756034 0.003920316696166992 47
1679773756246 0.003920316696166992 48
1679773757596 0.003920316696166992 49
1679773757831 0.003920316696166992 50
1679773759134 0.003920316696166992 51
1679773759335 0.003920316696166992 52
1679773760609 0.003920316696166992 53
1679773760817 0.003920316696166992 54
1679773762241 0.003920316696166992 55
1679773762476 0.003920316696166992 56
1679773763802 0.003920316696166992 57
1679773764057 0.003920316696166992 58
1679773765365 0.003920316696166992 59
1679773765582 0.003920316696166992 60
1679773766898 0.003920316696166992 61
1679773767186 0.003920316696166992 62
1679773768452 0.003920316696166992 63
1679773768661 0.003920316696166992 64
1679773769916 0.003920316696166992 65
1679773770129 0.003920316696166992 66
1679773771357 0.003920316696166992 67
1679773771644 0.003920316696166992 68
1679773772902 0.003920316696166992 69
1679773773095 0.003920316696166992 70
1679773774323 0.003920316696166992 71
1679773774524 0.003920316696166992 72
1679773775812 0.003920316696166992 73
1679773776019 0.003920316696166992 74
1679773777343 0.003920316696166992 75
1679773777565 0.003920316696166992 76
1679773778829 0.003920316696166992 77
1679773779041 0.003920316696166992 78
1679773780348 0.003920316696166992 79
1679773780547 0.003920316696166992 80
1679773781891 0.003920316696166992 81
1679773782101 0.003920316696166992 82
1679773783358 0.003920316696166992 83
1679773783562 0.003920316696166992 84
1679773784828 0.003920316696166992 85
1679773785052 0.003920316696166992 86
1679773786362 0.003920316696166992 87
1679773786566 0.003920316696166992 88
1679773787760 0.003920316696166992 89
1679773787968 0.003920316696166992 90
1679773789202 0.003920316696166992 91
1679773789398 0.003920316696166992 92
1679773790601 0.003920316696166992 93
1679773790807 0.003920316696166992 94
1679773792097 0.003920316696166992 95
1679773792288 0.003920316696166992 96
1679773793618 0.003920316696166992 97
1679773793885 0.003920316696166992 98
1679773795209 0.003920316696166992 99
1679773795434 0.003920316696166992 100
1679773796843 0.003920316696166992 101
1679773797065 0.003920316696166992 102
1679773798349 0.003920316696166992 103
1679773798552 0.003920316696166992 104
1679773799826 0.003920316696166992 105
1679773800046 0.003920316696166992 106
1679773801315 0.003920316696166992 107
1679773801603 0.003920316696166992 108
1679773802854 0.003920316696166992 109
1679773803103 0.003920316696166992 110
1679773804395 0.003920316696166992 111
1679773804606 0.003920316696166992 112
1679773805878 0.003920316696166992 113
1679773806092 0.003920316696166992 114
1679773807455 0.003920316696166992 115
1679773807668 0.003920316696166992 116
1679773808943 0.003920316696166992 117
1679773809163 0.003920316696166992 118
1679773810420 0.003920316696166992 119
1679773810614 0.003920316696166992 120
1679773811899 0.003920316696166992 121
1679773812101 0.003920316696166992 122
1679773813272 0.003920316696166992 123
1679773813468 0.003920316696166992 124
1679773814723 0.003920316696166992 125
1679773814950 0.003920316696166992 126
1679773816362 0.003920316696166992 127
1679773816593 0.003920316696166992 128
1679773817975 0.003920316696166992 129
1679773818210 0.003920316696166992 130
1679773819593 0.003920316696166992 131
1679773819808 0.003920316696166992 132
1679773821106 0.003920316696166992 133
1679773821332 0.003920316696166992 134
1679773822759 0.003920316696166992 135
1679773822984 0.003920316696166992 136
1679773824324 0.003920316696166992 137
1679773824554 0.003920316696166992 138
1679773825900 0.003920316696166992 139
1679773826131 0.003920316696166992 140
1679773827460 0.003920316696166992 141
1679773827670 0.003920316696166992 142
1679773828959 0.003920316696166992 143
1679773829178 0.003920316696166992 144
1679773830417 0.003920316696166992 145
1679773830620 0.003920316696166992 146
1679773831865 0.003920316696166992 147
1679773832154 0.003920316696166992 148
1679773833371 0.003920316696166992 149
1679773833587 0.003920316696166992 150
1679773834853 0.003920316696166992 151
1679773835091 0.003920316696166992 152
1679773836344 0.003920316696166992 153
1679773836556 0.003920316696166992 154
1679773837916 0.003920316696166992 155
1679773838129 0.003920316696166992 156
1679773839377 0.003920316696166992 157
1679773839585 0.003920316696166992 158
1679773840860 0.003920316696166992 159
1679773841069 0.003920316696166992 160
1679773842474 0.003920316696166992 161
1679773842725 0.003920316696166992 162
1679773843985 0.003920316696166992 163
1679773844204 0.003920316696166992 164
1679773845468 0.003920316696166992 165
1679773845673 0.003920316696166992 166
1679773847036 0.003920316696166992 167
1679773847252 0.003920316696166992 168
1679773848534 0.003920316696166992 169
1679773848745 0.003920316696166992 170
1679773849995 0.003920316696166992 171
1679773850218 0.003920316696166992 172
1679773851458 0.003920316696166992 173
1679773851764 0.003920316696166992 174
1679773853080 0.003920316696166992 175
1679773853300 0.003920316696166992 176
1679773854639 0.003920316696166992 177
1679773854863 0.003920316696166992 178
1679773856222 0.003920316696166992 179
1679773856497 0.003920316696166992 180
1679773857858 0.003920316696166992 181
1679773858066 0.003920316696166992 182
1679773859340 0.003920316696166992 183
1679773859558 0.003920316696166992 184
1679773860850 0.003920316696166992 185
1679773861062 0.003920316696166992 186
1679773862439 0.003920316696166992 187
1679773862663 0.003920316696166992 188
1679773863944 0.003920316696166992 189
1679773864164 0.003920316696166992 190
1679773865459 0.003920316696166992 191
1679773865672 0.003920316696166992 192
1679773866952 0.003920316696166992 193
1679773867254 0.003920316696166992 194
1679773868527 0.003920316696166992 195
1679773868754 0.003920316696166992 196
1679773870031 0.003920316696166992 197
1679773870264 0.003920316696166992 198
1679773871507 0.003920316696166992 199
1679773871754 0.003920316696166992 200
1679773873046 0.003920316696166992 201
1679773873287 0.003920316696166992 202
1679773874553 0.003920316696166992 203
1679773874769 0.003920316696166992 204
1679773876043 0.003920316696166992 205
1679773876266 0.003920316696166992 206
1679773877645 0.003920316696166992 207
1679773877869 0.003920316696166992 208
1679773879145 0.003920316696166992 209
1679773879375 0.003920316696166992 210
1679773880651 0.003920316696166992 211
1679773880884 0.003920316696166992 212
1679773882293 0.003920316696166992 213
1679773882545 0.003920316696166992 214
1679773883946 0.003920316696166992 215
1679773884191 0.003920316696166992 216
1679773885564 0.003920316696166992 217
1679773885799 0.003920316696166992 218
1679773887228 0.003920316696166992 219
1679773887444 0.003920316696166992 220
1679773888826 0.003920316696166992 221
1679773889045 0.003920316696166992 222
1679773890297 0.003920316696166992 223
1679773890504 0.003920316696166992 224
1679773891759 0.003920316696166992 225
1679773891964 0.003920316696166992 226
1679773893264 0.003920316696166992 227
1679773893465 0.003920316696166992 228
1679773894770 0.003920316696166992 229
1679773895004 0.003920316696166992 230
1679773896315 0.003920316696166992 231
1679773896547 0.003920316696166992 232
1679773897855 0.003920316696166992 233
1679773898190 0.003920316696166992 234
1679773899478 0.003920316696166992 235
1679773899689 0.003920316696166992 236
1679773900974 0.003920316696166992 237
1679773901191 0.003920316696166992 238
1679773902469 0.003920316696166992 239
1679773902770 0.003920316696166992 240
1679773904062 0.003920316696166992 241
1679773904307 0.003920316696166992 242
1679773905587 0.003920316696166992 243
1679773905806 0.003920316696166992 244
1679773907123 0.003920316696166992 245
1679773907344 0.003920316696166992 246
1679773908723 0.003920316696166992 247
1679773908962 0.003920316696166992 248
1679773910213 0.003920316696166992 249
1679773910442 0.003920316696166992 250
1679773911693 0.003920316696166992 251
1679773911903 0.003920316696166992 252
1679773913314 0.003920316696166992 253
1679773913558 0.003920316696166992 254
1679773914906 0.003920316696166992 255
1679773915143 0.003920316696166992 256
1679773916504 0.003920316696166992 257
1679773916755 0.003920316696166992 258
1679773918154 0.003920316696166992 259
1679773918379 0.003920316696166992 260
1679773919675 0.003920316696166992 261
1679773919897 0.003920316696166992 262
1679773921174 0.003920316696166992 263
1679773921396 0.003920316696166992 264
1679773922697 0.003920316696166992 265
1679773922947 0.003920316696166992 266
1679773924296 0.003920316696166992 267
1679773924556 0.003920316696166992 268
1679773925877 0.003920316696166992 269
1679773926128 0.003920316696166992 270
1679773927422 0.003920316696166992 271
1679773927643 0.003920316696166992 272
1679773929036 0.003920316696166992 273
1679773929255 0.003920316696166992 274
1679773930507 0.003920316696166992 275
1679773930728 0.003920316696166992 276
1679773932005 0.003920316696166992 277
1679773932211 0.003920316696166992 278
1679773933448 0.003920316696166992 279
1679773933744 0.003920316696166992 280
1679773935084 0.003920316696166992 281
1679773935310 0.003920316696166992 282
1679773936635 0.003920316696166992 283
1679773936894 0.003920316696166992 284
1679773938207 0.003920316696166992 285
1679773938509 0.003920316696166992 286
1679773939797 0.003920316696166992 287
1679773940034 0.003920316696166992 288
1679773941313 0.003920316696166992 289
1679773941533 0.003920316696166992 290
1679773942916 0.003920316696166992 291
1679773943168 0.003920316696166992 292
1679773944644 0.003920316696166992 293
1679773944895 0.003920316696166992 294
1679773946269 0.003920316696166992 295
1679773946511 0.003920316696166992 296
1679773947828 0.003920316696166992 297
1679773948051 0.003920316696166992 298
1679773949430 0.003920316696166992 299
1679773949645 0.003920316696166992 300
1679773949790 0.003920316696166992 301
