1677100694852 0.0 1
1677100695087 0.0 2
1677100696754 0.0 3
1677100696992 0.0 4
1677100698613 0.0 5
1677100698827 0.0 6
1677100700467 0.0 7
1677100700703 0.0 8
1677100702637 0.0 9
1677100702872 0.0 10
1677100704764 0.0 11
1677100705009 0.0 12
1677100706787 0.0 13
1677100707021 0.0 14
1677100708697 0.0 15
1677100708915 0.0 16
1677100710690 0.0 17
1677100710908 0.0 18
1677100712596 0.0 19
1677100712821 0.0 20
1677100714546 0.0 21
1677100714765 0.0 22
1677100716415 0.0 23
1677100716640 0.0 24
1677100718282 0.0 25
1677100718506 0.0 26
1677100720207 0.0 27
1677100720432 0.0 28
1677100722136 0.0 29
1677100722365 0.0 30
1677100724019 0.0 31
1677100724258 0.0 32
1677100725897 0.0 33
1677100726125 0.0 34
1677100727805 0.0 35
1677100728030 0.0 36
1677100729758 0.0 37
1677100729983 0.0 38
1677100731622 0.0 39
1677100731864 0.0 40
1677100733631 0.0 41
1677100733877 0.0 42
1677100735754 0.0 43
1677100736002 0.0 44
1677100737907 0.0 45
1677100738141 0.0 46
1677100739799 0.0 47
1677100740040 0.0 48
1677100741831 0.0 49
1677100742069 0.0 50
1677100743749 0.0 51
1677100743978 0.0 52
1677100745704 0.0 53
1677100745937 0.0 54
1677100747649 0.0 55
1677100747871 0.0 56
1677100749547 0.0 57
1677100749771 0.0 58
1677100751485 0.0 59
1677100751727 0.0 60
1677100753468 0.0 61
1677100753721 0.0 62
1677100755394 0.0 63
1677100755619 0.0 64
1677100757343 0.0 65
1677100757580 0.0 66
1677100759292 0.0 67
1677100759529 0.0 68
1677100761315 0.0 69
1677100761565 0.0 70
1677100763537 0.0 71
1677100763782 0.0 72
1677100765687 0.0 73
1677100765912 0.0 74
1677100767597 0.0 75
1677100767843 0.0 76
1677100769535 0.0 77
1677100769772 0.0 78
1677100771475 0.0 79
1677100771715 0.0 80
1677100773431 0.0 81
1677100773659 0.0 82
1677100775369 0.0 83
1677100775606 0.0 84
1677100777302 0.0 85
1677100777531 0.0 86
1677100779298 0.0 87
1677100779541 0.0 88
1677100781192 0.0 89
1677100781420 0.0 90
1677100783086 0.0 91
1677100783321 0.0 92
1677100785022 0.0 93
1677100785250 0.0 94
1677100786954 0.0 95
1677100787201 0.0 96
1677100788862 0.0 97
1677100789100 0.0 98
1677100790833 0.0 99
1677100791067 0.0 100
1677100793032 0.0 101
1677100793314 0.0 102
1677100795231 0.0 103
1677100795484 0.0 104
1677100797295 0.0 105
1677100797529 0.0 106
1677100799364 0.0 107
1677100799611 0.0 108
1677100801507 0.0 109
1677100801764 0.0 110
1677100803590 0.0 111
1677100803828 0.0 112
1677100805574 0.0 113
1677100805844 0.0 114
1677100807635 0.0 115
1677100807890 0.0 116
1677100809639 0.0 117
1677100809872 0.0 118
1677100811624 0.0 119
1677100811877 0.0 120
1677100813595 0.0 121
1677100813824 0.0 122
1677100815564 0.0 123
1677100815787 0.0 124
1677100817566 0.0 125
1677100817796 0.0 126
1677100819438 0.0 127
1677100819684 0.0 128
1677100821422 0.0 129
1677100821659 0.0 130
1677100823453 0.0 131
1677100823681 0.0 132
1677100825560 0.0 133
1677100825800 0.0 134
1677100827629 0.0 135
1677100827882 0.0 136
1677100829629 0.0 137
1677100829910 0.0 138
1677100831856 0.0 139
1677100832108 0.0 140
1677100833972 0.0 141
1677100834211 0.0 142
1677100836035 0.0 143
1677100836295 0.0 144
1677100838127 0.0 145
1677100838357 0.0 146
1677100840236 0.0 147
1677100840465 0.0 148
1677100842232 0.0 149
1677100842476 0.0 150
1677100844274 0.0 151
1677100844512 0.0 152
1677100846233 0.0 153
1677100846488 0.0 154
1677100848185 0.0 155
1677100848415 0.0 156
1677100850199 0.0 157
1677100850436 0.0 158
1677100852383 0.0 159
1677100852618 0.0 160
1677100854411 0.0 161
1677100854669 0.0 162
1677100856623 0.0 163
1677100856879 0.0 164
1677100858651 0.0 165
1677100858885 0.0 166
1677100860618 0.0 167
1677100860852 0.0 168
1677100862634 0.0 169
1677100862865 0.0 170
1677100864590 0.0 171
1677100864826 0.0 172
1677100866513 0.0 173
1677100866772 0.0 174
1677100868496 0.0 175
1677100868729 0.0 176
1677100870464 0.0 177
1677100870709 0.0 178
1677100872454 0.0 179
1677100872689 0.0 180
1677100874413 0.0 181
1677100874660 0.0 182
1677100876625 0.0 183
1677100876920 0.0 184
1677100878691 0.0 185
1677100878920 0.0 186
1677100880687 0.0 187
1677100880924 0.0 188
1677100882810 0.0 189
1677100883061 0.0 190
1677100884960 0.0 191
1677100885222 0.0 192
1677100887040 0.0 193
1677100887276 0.0 194
1677100889071 0.0 195
1677100889317 0.0 196
1677100891065 0.0 197
1677100891301 0.0 198
1677100893071 0.0 199
1677100893305 0.0 200
1677100895073 0.0 201
1677100895307 0.0 202
1677100897054 0.0 203
1677100897290 0.0 204
1677100898967 0.0 205
1677100899216 0.0 206
1677100900935 0.0 207
1677100901171 0.0 208
1677100902902 0.0 209
1677100903165 0.0 210
1677100904911 0.0 211
1677100905149 0.0 212
1677100906904 0.0 213
1677100907146 0.0 214
1677100908853 0.0 215
1677100909092 0.0 216
1677100910909 0.0 217
1677100911166 0.0 218
1677100913063 0.0 219
1677100913313 0.0 220
1677100915194 0.0 221
1677100915460 0.0 222
1677100917225 0.0 223
1677100917462 0.0 224
1677100919212 0.0 225
1677100919462 0.0 226
1677100921271 0.0 227
1677100921518 0.0 228
1677100923346 0.0 229
1677100923586 0.0 230
1677100925516 0.0 231
1677100925747 0.0 232
1677100927580 0.0 233
1677100927831 0.0 234
1677100929678 0.0 235
1677100929933 0.0 236
1677100931659 0.0 237
1677100931903 0.0 238
1677100933617 0.0 239
1677100933862 0.0 240
1677100935624 0.0 241
1677100935875 0.0 242
1677100937604 0.0 243
1677100937855 0.0 244
1677100939601 0.0 245
1677100939842 0.0 246
1677100941746 0.0 247
1677100942013 0.0 248
1677100943996 0.0 249
1677100944265 0.0 250
1677100946150 0.0 251
1677100946397 0.0 252
1677100948127 0.0 253
1677100948397 0.0 254
1677100950145 0.0 255
1677100950401 0.0 256
1677100952137 0.0 257
1677100952384 0.0 258
1677100954161 0.0 259
1677100954408 0.0 260
1677100956127 0.0 261
1677100956373 0.0 262
1677100958081 0.0 263
1677100958327 0.0 264
1677100960240 0.0 265
1677100960496 0.0 266
1677100962287 0.0 267
1677100962530 0.0 268
1677100964325 0.0 269
1677100964590 0.0 270
1677100966407 0.0 271
1677100966651 0.0 272
1677100968575 0.0 273
1677100968820 0.0 274
1677100970703 0.0 275
1677100970967 0.0 276
1677100972955 0.0 277
1677100973238 0.0 278
1677100975165 0.0 279
1677100975421 0.0 280
1677100977152 0.0 281
1677100977417 0.0 282
1677100979241 0.0 283
1677100979512 0.0 284
1677100981304 0.0 285
1677100981546 0.0 286
1677100983331 0.0 287
1677100983635 0.0 288
1677100985417 0.0 289
1677100985687 0.0 290
1677100987412 0.0 291
1677100987657 0.0 292
1677100989437 0.0 293
1677100989690 0.0 294
1677100991411 0.0 295
1677100991656 0.0 296
1677100993433 0.0 297
1677100993674 0.0 298
1677100995405 0.0 299
1677100995666 0.0 300
1677100995904 0.0 301
