1677100694870 1.0 1
1677100695095 2.0 2
1677100696763 3.0 3
1677100697003 4.0 4
1677100698621 5.0 5
1677100698835 6.0 6
1677100700477 7.0 7
1677100700714 8.0 8
1677100702647 9.0 9
1677100702882 10.0 10
1677100704774 11.0 11
1677100705018 12.0 12
1677100706798 13.0 13
1677100707031 14.0 14
1677100708707 15.0 15
1677100708926 16.0 16
1677100710699 17.0 17
1677100710917 18.0 18
1677100712606 19.0 19
1677100712831 20.0 20
1677100714554 21.0 21
1677100714773 22.0 22
1677100716424 23.0 23
1677100716649 24.0 24
1677100718290 25.0 25
1677100718515 26.0 26
1677100720217 27.0 27
1677100720442 28.0 28
1677100722153 29.0 29
1677100722373 30.0 30
1677100724030 31.0 31
1677100724266 32.0 32
1677100725906 33.0 33
1677100726134 34.0 34
1677100727814 35.0 35
1677100728039 36.0 36
1677100729768 37.0 37
1677100729991 38.0 38
1677100731633 39.0 39
1677100731873 40.0 40
1677100733641 41.0 41
1677100733887 42.0 42
1677100735764 43.0 43
1677100736012 44.0 44
1677100737917 45.0 45
1677100738149 46.0 46
1677100739808 47.0 47
1677100740049 48.0 48
1677100741842 49.0 49
1677100742080 50.0 50
1677100743759 51.0 51
1677100743986 52.0 52
1677100745713 53.0 53
1677100745947 54.0 54
1677100747657 55.0 55
1677100747879 56.0 56
1677100749557 57.0 57
1677100749780 58.0 58
1677100751495 59.0 59
1677100751737 60.0 60
1677100753477 61.0 61
1677100753731 62.0 62
1677100755402 63.0 63
1677100755627 64.0 64
1677100757352 65.0 65
1677100757590 66.0 66
1677100759301 67.0 67
1677100759538 68.0 68
1677100761326 69.0 69
1677100761574 70.0 70
1677100763545 71.0 71
1677100763792 72.0 72
1677100765697 73.0 73
1677100765921 74.0 74
1677100767607 75.0 75
1677100767853 76.0 76
1677100769544 77.0 77
1677100769780 78.0 78
1677100771484 79.0 79
1677100771724 80.0 80
1677100773440 81.0 81
1677100773667 82.0 82
1677100775379 83.0 83
1677100775615 84.0 84
1677100777312 85.0 85
1677100777540 86.0 86
1677100779307 87.0 87
1677100779550 88.0 88
1677100781201 89.0 89
1677100781427 90.0 90
1677100783095 91.0 91
1677100783332 92.0 92
1677100785031 93.0 93
1677100785259 94.0 94
1677100786964 95.0 95
1677100787210 96.0 96
1677100788871 97.0 97
1677100789110 98.0 98
1677100790842 99.0 99
1677100791077 100.0 100
1677100793042 101.0 101
1677100793325 102.0 102
1677100795244 103.0 103
1677100795493 104.0 104
1677100797305 105.0 105
1677100797538 106.0 106
1677100799374 107.0 107
1677100799620 108.0 108
1677100801516 109.0 109
1677100801773 110.0 110
1677100803601 111.0 111
1677100803836 112.0 112
1677100805586 113.0 113
1677100805855 114.0 114
1677100807644 115.0 115
1677100807899 116.0 116
1677100809648 117.0 117
1677100809881 118.0 118
1677100811633 119.0 119
1677100811885 120.0 120
1677100813604 121.0 121
1677100813832 122.0 122
1677100815572 123.0 123
1677100815797 124.0 124
1677100817576 125.0 125
1677100817804 126.0 126
1677100819450 127.0 127
1677100819695 128.0 128
1677100821432 129.0 129
1677100821667 130.0 130
1677100823462 131.0 131
1677100823690 132.0 132
1677100825568 133.0 133
1677100825811 134.0 134
1677100827637 135.0 135
1677100827890 136.0 136
1677100829641 137.0 137
1677100829919 138.0 138
1677100831866 139.0 139
1677100832117 140.0 140
1677100833981 141.0 141
1677100834220 142.0 142
1677100836045 143.0 143
1677100836304 144.0 144
1677100838136 145.0 145
1677100838365 146.0 146
1677100840245 147.0 147
1677100840474 148.0 148
1677100842243 149.0 149
1677100842485 150.0 150
1677100844282 151.0 151
1677100844521 152.0 152
1677100846243 153.0 153
1677100846498 154.0 154
1677100848195 155.0 155
1677100848424 156.0 156
1677100850208 157.0 157
1677100850445 158.0 158
1677100852393 159.0 159
1677100852630 160.0 160
1677100854421 161.0 161
1677100854681 162.0 162
1677100856634 163.0 163
1677100856889 164.0 164
1677100858659 165.0 165
1677100858894 166.0 166
1677100860627 167.0 167
1677100860861 168.0 168
1677100862642 169.0 169
1677100862874 170.0 170
1677100864599 171.0 171
1677100864835 172.0 172
1677100866522 173.0 173
1677100866780 174.0 174
1677100868505 175.0 175
1677100868739 176.0 176
1677100870474 177.0 177
1677100870717 178.0 178
1677100872463 179.0 179
1677100872698 180.0 180
1677100874421 181.0 181
1677100874668 182.0 182
1677100876635 183.0 183
1677100876930 184.0 184
1677100878700 185.0 185
1677100878930 186.0 186
1677100880695 187.0 187
1677100880933 188.0 188
1677100882819 189.0 189
1677100883070 190.0 190
1677100884969 191.0 191
1677100885232 192.0 192
1677100887049 193.0 193
1677100887284 194.0 194
1677100889079 195.0 195
1677100889327 196.0 196
1677100891074 197.0 197
1677100891310 198.0 198
1677100893080 199.0 199
1677100893313 200.0 200
1677100895081 201.0 201
1677100895316 202.0 202
1677100897063 203.0 203
1677100897299 204.0 204
1677100898976 205.0 205
1677100899225 206.0 206
1677100900944 207.0 207
1677100901180 208.0 208
1677100902912 209.0 209
1677100903174 210.0 210
1677100904921 211.0 211
1677100905158 212.0 212
1677100906915 213.0 213
1677100907155 214.0 214
1677100908861 215.0 215
1677100909101 216.0 216
1677100910917 217.0 217
1677100911175 218.0 218
1677100913073 219.0 219
1677100913322 220.0 220
1677100915203 221.0 221
1677100915467 222.0 222
1677100917233 223.0 223
1677100917471 224.0 224
1677100919219 225.0 225
1677100919474 226.0 226
1677100921280 227.0 227
1677100921527 228.0 228
1677100923356 229.0 229
1677100923595 230.0 230
1677100925525 231.0 231
1677100925756 232.0 232
1677100927589 233.0 233
1677100927840 234.0 234
1677100929686 235.0 235
1677100929942 236.0 236
1677100931668 237.0 237
1677100931913 238.0 238
1677100933627 239.0 239
1677100933871 240.0 240
1677100935634 241.0 241
1677100935885 242.0 242
1677100937613 243.0 243
1677100937864 244.0 244
1677100939610 245.0 245
1677100939852 246.0 246
1677100941755 247.0 247
1677100942024 248.0 248
1677100944004 249.0 249
1677100944273 250.0 250
1677100946160 251.0 251
1677100946406 252.0 252
1677100948137 253.0 253
1677100948407 254.0 254
1677100950153 255.0 255
1677100950410 256.0 256
1677100952146 257.0 257
1677100952394 258.0 258
1677100954172 259.0 259
1677100954417 260.0 260
1677100956135 261.0 261
1677100956384 262.0 262
1677100958089 263.0 263
1677100958336 264.0 264
1677100960249 265.0 265
1677100960505 266.0 266
1677100962297 267.0 267
1677100962539 268.0 268
1677100964334 269.0 269
1677100964599 270.0 270
1677100966416 271.0 271
1677100966662 272.0 272
1677100968584 273.0 273
1677100968830 274.0 274
1677100970713 275.0 275
1677100970977 276.0 276
1677100972968 277.0 277
1677100973247 278.0 278
1677100975174 279.0 279
1677100975431 280.0 280
1677100977161 281.0 281
1677100977427 282.0 282
1677100979250 283.0 283
1677100979521 284.0 284
1677100981313 285.0 285
1677100981557 286.0 286
1677100983342 287.0 287
1677100983647 288.0 288
1677100985427 289.0 289
1677100985697 290.0 290
1677100987420 291.0 291
1677100987667 292.0 292
1677100989446 293.0 293
1677100989699 294.0 294
1677100991420 295.0 295
1677100991664 296.0 296
1677100993442 297.0 297
1677100993684 298.0 298
1677100995414 299.0 299
1677100995675 300.0 300
1677100995914 301.0 301
