1677100694865 10028.0 1
1677100695092 10028.0 2
1677100696759 10028.0 3
1677100696997 10028.0 4
1677100698618 10028.0 5
1677100698832 10028.0 6
1677100700473 10028.0 7
1677100700710 10028.0 8
1677100702642 10028.0 9
1677100702877 10028.0 10
1677100704770 10028.0 11
1677100705014 10028.0 12
1677100706793 10028.0 13
1677100707026 10028.0 14
1677100708703 10028.0 15
1677100708922 10028.0 16
1677100710694 10028.0 17
1677100710914 10028.0 18
1677100712601 10028.0 19
1677100712826 10028.0 20
1677100714551 10028.0 21
1677100714770 10028.0 22
1677100716420 10028.0 23
1677100716645 10028.0 24
1677100718286 10028.0 25
1677100718511 10028.0 26
1677100720214 10028.0 27
1677100720436 10028.0 28
1677100722141 10028.0 29
1677100722370 10028.0 30
1677100724025 10028.0 31
1677100724263 10028.0 32
1677100725902 10028.0 33
1677100726130 10028.0 34
1677100727811 10028.0 35
1677100728034 10028.0 36
1677100729763 10028.0 37
1677100729988 10028.0 38
1677100731628 10028.0 39
1677100731869 10028.0 40
1677100733636 10028.0 41
1677100733883 10028.0 42
1677100735760 10028.0 43
1677100736007 10028.0 44
1677100737913 10028.0 45
1677100738146 10028.0 46
1677100739804 10028.0 47
1677100740044 10028.0 48
1677100741836 10028.0 49
1677100742075 10028.0 50
1677100743755 10028.0 51
1677100743983 10028.0 52
1677100745709 10028.0 53
1677100745943 10028.0 54
1677100747653 10028.0 55
1677100747875 10028.0 56
1677100749553 10028.0 57
1677100749776 10028.0 58
1677100751491 10028.0 59
1677100751733 10028.0 60
1677100753473 10028.0 61
1677100753727 10028.0 62
1677100755399 10028.0 63
1677100755624 10028.0 64
1677100757348 10028.0 65
1677100757585 10028.0 66
1677100759296 10028.0 67
1677100759534 10028.0 68
1677100761321 10028.0 69
1677100761570 10028.0 70
1677100763541 10028.0 71
1677100763788 10028.0 72
1677100765693 10028.0 73
1677100765917 10028.0 74
1677100767602 10028.0 75
1677100767847 10028.0 76
1677100769540 10028.0 77
1677100769777 10028.0 78
1677100771480 10028.0 79
1677100771720 10028.0 80
1677100773435 10028.0 81
1677100773663 10028.0 82
1677100775374 10028.0 83
1677100775611 10028.0 84
1677100777307 10028.0 85
1677100777535 10028.0 86
1677100779303 10028.0 87
1677100779546 10028.0 88
1677100781197 10028.0 89
1677100781423 10028.0 90
1677100783091 10028.0 91
1677100783327 10028.0 92
1677100785028 10028.0 93
1677100785255 10028.0 94
1677100786961 10028.0 95
1677100787205 10028.0 96
1677100788867 10028.0 97
1677100789106 10028.0 98
1677100790838 10028.0 99
1677100791074 10028.0 100
1677100793038 10028.0 101
1677100793321 10028.0 102
1677100795239 10028.0 103
1677100795490 10028.0 104
1677100797301 10028.0 105
1677100797534 10028.0 106
1677100799370 10028.0 107
1677100799616 10028.0 108
1677100801513 10028.0 109
1677100801769 10028.0 110
1677100803597 10028.0 111
1677100803833 10028.0 112
1677100805581 10028.0 113
1677100805851 10028.0 114
1677100807640 10028.0 115
1677100807895 10028.0 116
1677100809644 10028.0 117
1677100809877 10028.0 118
1677100811629 10028.0 119
1677100811881 10028.0 120
1677100813601 10028.0 121
1677100813830 10028.0 122
1677100815569 10028.0 123
1677100815792 10028.0 124
1677100817572 10028.0 125
1677100817801 10028.0 126
1677100819444 10028.0 127
1677100819691 10028.0 128
1677100821429 10028.0 129
1677100821664 10028.0 130
1677100823459 10028.0 131
1677100823685 10028.0 132
1677100825564 10028.0 133
1677100825805 10028.0 134
1677100827633 10028.0 135
1677100827886 10028.0 136
1677100829635 10028.0 137
1677100829914 10028.0 138
1677100831862 10028.0 139
1677100832114 10028.0 140
1677100833977 10028.0 141
1677100834216 10028.0 142
1677100836041 10028.0 143
1677100836300 10028.0 144
1677100838132 10028.0 145
1677100838362 10028.0 146
1677100840243 10028.0 147
1677100840470 10028.0 148
1677100842239 10028.0 149
1677100842481 10028.0 150
1677100844279 10028.0 151
1677100844517 10028.0 152
1677100846239 10028.0 153
1677100846494 10028.0 154
1677100848191 10028.0 155
1677100848420 10028.0 156
1677100850205 10028.0 157
1677100850441 10028.0 158
1677100852389 10028.0 159
1677100852624 10028.0 160
1677100854417 10028.0 161
1677100854677 10028.0 162
1677100856629 10028.0 163
1677100856884 10028.0 164
1677100858656 10028.0 165
1677100858891 10028.0 166
1677100860623 10028.0 167
1677100860858 10028.0 168
1677100862639 10028.0 169
1677100862871 10028.0 170
1677100864595 10028.0 171
1677100864831 10028.0 172
1677100866518 10028.0 173
1677100866777 10028.0 174
1677100868501 10028.0 175
1677100868734 10028.0 176
1677100870470 10028.0 177
1677100870713 10028.0 178
1677100872459 10028.0 179
1677100872695 10028.0 180
1677100874418 10028.0 181
1677100874664 10028.0 182
1677100876630 10028.0 183
1677100876925 10028.0 184
1677100878696 10028.0 185
1677100878925 10028.0 186
1677100880691 10028.0 187
1677100880929 10028.0 188
1677100882814 10028.0 189
1677100883067 10028.0 190
1677100884965 10028.0 191
1677100885229 10028.0 192
1677100887045 10028.0 193
1677100887280 10028.0 194
1677100889076 10028.0 195
1677100889323 10028.0 196
1677100891070 10028.0 197
1677100891305 10028.0 198
1677100893077 10028.0 199
1677100893310 10028.0 200
1677100895077 10028.0 201
1677100895313 10028.0 202
1677100897060 10028.0 203
1677100897295 10028.0 204
1677100898972 10028.0 205
1677100899222 10028.0 206
1677100900940 10028.0 207
1677100901176 10028.0 208
1677100902908 10028.0 209
1677100903170 10028.0 210
1677100904916 10028.0 211
1677100905154 10028.0 212
1677100906910 10028.0 213
1677100907151 10028.0 214
1677100908858 10028.0 215
1677100909097 10028.0 216
1677100910914 10028.0 217
1677100911173 10028.0 218
1677100913069 10028.0 219
1677100913318 10028.0 220
1677100915200 10028.0 221
1677100915464 10028.0 222
1677100917229 10028.0 223
1677100917467 10028.0 224
1677100919216 10028.0 225
1677100919468 10028.0 226
1677100921276 10028.0 227
1677100921524 10028.0 228
1677100923352 10028.0 229
1677100923592 10028.0 230
1677100925521 10028.0 231
1677100925752 10028.0 232
1677100927585 10028.0 233
1677100927836 10028.0 234
1677100929682 10028.0 235
1677100929938 10028.0 236
1677100931664 10028.0 237
1677100931909 10028.0 238
1677100933623 10028.0 239
1677100933866 10028.0 240
1677100935630 10028.0 241
1677100935881 10028.0 242
1677100937610 10028.0 243
1677100937860 10028.0 244
1677100939606 10028.0 245
1677100939847 10028.0 246
1677100941751 10028.0 247
1677100942018 10028.0 248
1677100944000 10028.0 249
1677100944269 10028.0 250
1677100946155 10028.0 251
1677100946401 10028.0 252
1677100948132 10028.0 253
1677100948402 10028.0 254
1677100950150 10028.0 255
1677100950407 10028.0 256
1677100952142 10028.0 257
1677100952391 10028.0 258
1677100954167 10028.0 259
1677100954413 10028.0 260
1677100956132 10028.0 261
1677100956379 10028.0 262
1677100958085 10028.0 263
1677100958332 10028.0 264
1677100960245 10028.0 265
1677100960501 10028.0 266
1677100962293 10028.0 267
1677100962534 10028.0 268
1677100964331 10028.0 269
1677100964596 10028.0 270
1677100966412 10028.0 271
1677100966657 10028.0 272
1677100968580 10028.0 273
1677100968826 10028.0 274
1677100970709 10028.0 275
1677100970973 10028.0 276
1677100972963 10028.0 277
1677100973244 10028.0 278
1677100975170 10028.0 279
1677100975427 10028.0 280
1677100977157 10028.0 281
1677100977422 10028.0 282
1677100979247 10028.0 283
1677100979516 10028.0 284
1677100981309 10028.0 285
1677100981553 10028.0 286
1677100983336 10028.0 287
1677100983643 10028.0 288
1677100985422 10028.0 289
1677100985693 10028.0 290
1677100987417 10028.0 291
1677100987662 10028.0 292
1677100989443 10028.0 293
1677100989695 10028.0 294
1677100991415 10028.0 295
1677100991661 10028.0 296
1677100993438 10028.0 297
1677100993679 10028.0 298
1677100995411 10028.0 299
1677100995671 10028.0 300
1677100995911 10028.0 301
