1677100694862 1677100694.0 1
1677100695089 1677100695.0 2
1677100696756 1677100696.0 3
1677100696994 1677100696.0 4
1677100698616 1677100698.0 5
1677100698830 1677100698.0 6
1677100700471 1677100700.0 7
1677100700706 1677100700.0 8
1677100702639 1677100702.0 9
1677100702875 1677100702.0 10
1677100704768 1677100704.0 11
1677100705012 1677100704.0 12
1677100706790 1677100706.0 13
1677100707024 1677100706.0 14
1677100708700 1677100708.0 15
1677100708919 1677100708.0 16
1677100710692 1677100710.0 17
1677100710911 1677100710.0 18
1677100712599 1677100712.0 19
1677100712824 1677100712.0 20
1677100714549 1677100714.0 21
1677100714766 1677100714.0 22
1677100716417 1677100716.0 23
1677100716642 1677100716.0 24
1677100718283 1677100718.0 25
1677100718509 1677100718.0 26
1677100720212 1677100720.0 27
1677100720433 1677100720.0 28
1677100722140 1677100722.0 29
1677100722367 1677100722.0 30
1677100724022 1677100723.0 31
1677100724261 1677100724.0 32
1677100725900 1677100725.0 33
1677100726128 1677100726.0 34
1677100727809 1677100727.0 35
1677100728031 1677100727.0 36
1677100729761 1677100729.0 37
1677100729985 1677100729.0 38
1677100731626 1677100731.0 39
1677100731866 1677100731.0 40
1677100733634 1677100733.0 41
1677100733879 1677100733.0 42
1677100735757 1677100735.0 43
1677100736005 1677100735.0 44
1677100737910 1677100737.0 45
1677100738144 1677100738.0 46
1677100739801 1677100739.0 47
1677100740042 1677100739.0 48
1677100741834 1677100741.0 49
1677100742072 1677100742.0 50
1677100743752 1677100743.0 51
1677100743980 1677100743.0 52
1677100745707 1677100745.0 53
1677100745940 1677100745.0 54
1677100747651 1677100747.0 55
1677100747873 1677100747.0 56
1677100749550 1677100749.0 57
1677100749774 1677100749.0 58
1677100751489 1677100751.0 59
1677100751731 1677100751.0 60
1677100753471 1677100753.0 61
1677100753724 1677100753.0 62
1677100755397 1677100755.0 63
1677100755621 1677100755.0 64
1677100757345 1677100757.0 65
1677100757582 1677100757.0 66
1677100759293 1677100759.0 67
1677100759532 1677100759.0 68
1677100761318 1677100761.0 69
1677100761566 1677100761.0 70
1677100763540 1677100763.0 71
1677100763785 1677100763.0 72
1677100765690 1677100765.0 73
1677100765915 1677100765.0 74
1677100767599 1677100767.0 75
1677100767845 1677100767.0 76
1677100769538 1677100769.0 77
1677100769774 1677100769.0 78
1677100771477 1677100771.0 79
1677100771717 1677100771.0 80
1677100773433 1677100773.0 81
1677100773661 1677100773.0 82
1677100775371 1677100775.0 83
1677100775608 1677100775.0 84
1677100777304 1677100777.0 85
1677100777532 1677100777.0 86
1677100779300 1677100779.0 87
1677100779544 1677100779.0 88
1677100781194 1677100781.0 89
1677100781422 1677100781.0 90
1677100783089 1677100783.0 91
1677100783325 1677100783.0 92
1677100785025 1677100784.0 93
1677100785252 1677100785.0 94
1677100786957 1677100786.0 95
1677100787204 1677100787.0 96
1677100788864 1677100788.0 97
1677100789104 1677100789.0 98
1677100790835 1677100790.0 99
1677100791071 1677100791.0 100
1677100793035 1677100792.0 101
1677100793317 1677100793.0 102
1677100795234 1677100795.0 103
1677100795486 1677100795.0 104
1677100797299 1677100797.0 105
1677100797532 1677100797.0 106
1677100799366 1677100799.0 107
1677100799614 1677100799.0 108
1677100801510 1677100801.0 109
1677100801767 1677100801.0 110
1677100803593 1677100803.0 111
1677100803831 1677100803.0 112
1677100805577 1677100805.0 113
1677100805847 1677100805.0 114
1677100807637 1677100807.0 115
1677100807893 1677100807.0 116
1677100809642 1677100809.0 117
1677100809875 1677100809.0 118
1677100811626 1677100811.0 119
1677100811879 1677100811.0 120
1677100813598 1677100813.0 121
1677100813826 1677100813.0 122
1677100815567 1677100815.0 123
1677100815790 1677100815.0 124
1677100817570 1677100817.0 125
1677100817799 1677100817.0 126
1677100819441 1677100819.0 127
1677100819686 1677100819.0 128
1677100821425 1677100821.0 129
1677100821661 1677100821.0 130
1677100823456 1677100823.0 131
1677100823684 1677100823.0 132
1677100825562 1677100825.0 133
1677100825803 1677100825.0 134
1677100827632 1677100827.0 135
1677100827884 1677100827.0 136
1677100829632 1677100829.0 137
1677100829912 1677100829.0 138
1677100831859 1677100831.0 139
1677100832111 1677100832.0 140
1677100833975 1677100833.0 141
1677100834213 1677100834.0 142
1677100836038 1677100835.0 143
1677100836297 1677100836.0 144
1677100838130 1677100838.0 145
1677100838359 1677100838.0 146
1677100840240 1677100840.0 147
1677100840467 1677100840.0 148
1677100842235 1677100842.0 149
1677100842480 1677100842.0 150
1677100844276 1677100844.0 151
1677100844514 1677100844.0 152
1677100846236 1677100846.0 153
1677100846491 1677100846.0 154
1677100848189 1677100848.0 155
1677100848418 1677100848.0 156
1677100850202 1677100850.0 157
1677100850439 1677100850.0 158
1677100852385 1677100852.0 159
1677100852622 1677100852.0 160
1677100854415 1677100854.0 161
1677100854673 1677100854.0 162
1677100856626 1677100856.0 163
1677100856882 1677100856.0 164
1677100858653 1677100858.0 165
1677100858888 1677100858.0 166
1677100860620 1677100860.0 167
1677100860855 1677100860.0 168
1677100862636 1677100862.0 169
1677100862868 1677100862.0 170
1677100864593 1677100864.0 171
1677100864829 1677100864.0 172
1677100866515 1677100866.0 173
1677100866774 1677100866.0 174
1677100868498 1677100868.0 175
1677100868732 1677100868.0 176
1677100870467 1677100870.0 177
1677100870711 1677100870.0 178
1677100872457 1677100872.0 179
1677100872692 1677100872.0 180
1677100874416 1677100874.0 181
1677100874662 1677100874.0 182
1677100876628 1677100876.0 183
1677100876923 1677100876.0 184
1677100878693 1677100878.0 185
1677100878923 1677100878.0 186
1677100880689 1677100880.0 187
1677100880926 1677100880.0 188
1677100882812 1677100882.0 189
1677100883064 1677100883.0 190
1677100884963 1677100884.0 191
1677100885224 1677100885.0 192
1677100887042 1677100886.0 193
1677100887278 1677100887.0 194
1677100889074 1677100889.0 195
1677100889320 1677100889.0 196
1677100891067 1677100891.0 197
1677100891304 1677100891.0 198
1677100893074 1677100893.0 199
1677100893307 1677100893.0 200
1677100895075 1677100895.0 201
1677100895310 1677100895.0 202
1677100897056 1677100897.0 203
1677100897293 1677100897.0 204
1677100898970 1677100898.0 205
1677100899219 1677100899.0 206
1677100900938 1677100900.0 207
1677100901174 1677100901.0 208
1677100902905 1677100902.0 209
1677100903167 1677100903.0 210
1677100904914 1677100904.0 211
1677100905152 1677100905.0 212
1677100906907 1677100906.0 213
1677100907148 1677100907.0 214
1677100908855 1677100908.0 215
1677100909095 1677100909.0 216
1677100910911 1677100910.0 217
1677100911170 1677100911.0 218
1677100913066 1677100913.0 219
1677100913316 1677100913.0 220
1677100915196 1677100915.0 221
1677100915461 1677100915.0 222
1677100917227 1677100917.0 223
1677100917464 1677100917.0 224
1677100919214 1677100919.0 225
1677100919465 1677100919.0 226
1677100921273 1677100921.0 227
1677100921521 1677100921.0 228
1677100923348 1677100923.0 229
1677100923589 1677100923.0 230
1677100925518 1677100925.0 231
1677100925749 1677100925.0 232
1677100927583 1677100927.0 233
1677100927834 1677100927.0 234
1677100929680 1677100929.0 235
1677100929935 1677100929.0 236
1677100931662 1677100931.0 237
1677100931906 1677100931.0 238
1677100933620 1677100933.0 239
1677100933865 1677100933.0 240
1677100935627 1677100935.0 241
1677100935879 1677100935.0 242
1677100937606 1677100937.0 243
1677100937858 1677100937.0 244
1677100939604 1677100939.0 245
1677100939845 1677100939.0 246
1677100941748 1677100941.0 247
1677100942015 1677100941.0 248
1677100943998 1677100943.0 249
1677100944267 1677100944.0 250
1677100946153 1677100946.0 251
1677100946399 1677100946.0 252
1677100948130 1677100948.0 253
1677100948400 1677100948.0 254
1677100950147 1677100950.0 255
1677100950404 1677100950.0 256
1677100952139 1677100952.0 257
1677100952387 1677100952.0 258
1677100954163 1677100954.0 259
1677100954410 1677100954.0 260
1677100956129 1677100956.0 261
1677100956375 1677100956.0 262
1677100958083 1677100958.0 263
1677100958330 1677100958.0 264
1677100960242 1677100960.0 265
1677100960498 1677100960.0 266
1677100962290 1677100962.0 267
1677100962532 1677100962.0 268
1677100964327 1677100964.0 269
1677100964593 1677100964.0 270
1677100966410 1677100966.0 271
1677100966654 1677100966.0 272
1677100968577 1677100968.0 273
1677100968823 1677100968.0 274
1677100970705 1677100970.0 275
1677100970970 1677100970.0 276
1677100972960 1677100972.0 277
1677100973241 1677100973.0 278
1677100975167 1677100975.0 279
1677100975424 1677100975.0 280
1677100977155 1677100977.0 281
1677100977420 1677100977.0 282
1677100979244 1677100979.0 283
1677100979514 1677100979.0 284
1677100981307 1677100981.0 285
1677100981550 1677100981.0 286
1677100983333 1677100983.0 287
1677100983640 1677100983.0 288
1677100985419 1677100985.0 289
1677100985690 1677100985.0 290
1677100987414 1677100987.0 291
1677100987661 1677100987.0 292
1677100989441 1677100989.0 293
1677100989693 1677100989.0 294
1677100991413 1677100991.0 295
1677100991658 1677100991.0 296
1677100993435 1677100993.0 297
1677100993677 1677100993.0 298
1677100995407 1677100995.0 299
1677100995669 1677100995.0 300
1677100995907 1677100995.0 301
