1677100694871 0.0029296875 1
1677100695096 0.0029296875 2
1677100696764 0.0029296875 3
1677100697005 0.0029296875 4
1677100698623 0.0029296875 5
1677100698837 0.0029296875 6
1677100700479 0.0029296875 7
1677100700715 0.0029296875 8
1677100702648 0.0029296875 9
1677100702883 0.0029296875 10
1677100704776 0.0029296875 11
1677100705020 0.0029296875 12
1677100706799 0.0029296875 13
1677100707032 0.0029296875 14
1677100708708 0.0029296875 15
1677100708927 0.0029296875 16
1677100710700 0.0029296875 17
1677100710919 0.0029296875 18
1677100712608 0.0029296875 19
1677100712832 0.0029296875 20
1677100714556 0.0029296875 21
1677100714775 0.0029296875 22
1677100716425 0.0029296875 23
1677100716650 0.0029296875 24
1677100718291 0.0029296875 25
1677100718516 0.0029296875 26
1677100720219 0.0029296875 27
1677100720443 0.0029296875 28
1677100722154 0.0029296875 29
1677100722375 0.0029296875 30
1677100724031 0.0029296875 31
1677100724267 0.0029296875 32
1677100725907 0.0029296875 33
1677100726135 0.0029296875 34
1677100727815 0.0029296875 35
1677100728040 0.0029296875 36
1677100729769 0.0029296875 37
1677100729993 0.0029296875 38
1677100731634 0.0029296875 39
1677100731875 0.0029296875 40
1677100733642 0.0029296875 41
1677100733889 0.0029296875 42
1677100735765 0.0029296875 43
1677100736014 0.0029296875 44
1677100737918 0.0029296875 45
1677100738151 0.0029296875 46
1677100739809 0.0029296875 47
1677100740050 0.0029296875 48
1677100741843 0.0029296875 49
1677100742081 0.0029296875 50
1677100743760 0.0029296875 51
1677100743988 0.0029296875 52
1677100745714 0.0029296875 53
1677100745948 0.0029296875 54
1677100747659 0.0029296875 55
1677100747881 0.0029296875 56
1677100749559 0.0029296875 57
1677100749781 0.0029296875 58
1677100751495 0.0029296875 59
1677100751738 0.0029296875 60
1677100753479 0.0029296875 61
1677100753732 0.0029296875 62
1677100755404 0.0029296875 63
1677100755629 0.0029296875 64
1677100757354 0.0029296875 65
1677100757590 0.0029296875 66
1677100759302 0.0029296875 67
1677100759540 0.0029296875 68
1677100761327 0.0029296875 69
1677100761576 0.0029296875 70
1677100763546 0.0029296875 71
1677100763793 0.0029296875 72
1677100765698 0.0029296875 73
1677100765922 0.0029296875 74
1677100767609 0.0029296875 75
1677100767854 0.0029296875 76
1677100769545 0.0029296875 77
1677100769781 0.0029296875 78
1677100771485 0.0029296875 79
1677100771725 0.0029296875 80
1677100773441 0.0029296875 81
1677100773668 0.0029296875 82
1677100775380 0.0029296875 83
1677100775617 0.0029296875 84
1677100777312 0.0029296875 85
1677100777540 0.0029296875 86
1677100779308 0.0029296875 87
1677100779551 0.0029296875 88
1677100781202 0.0029296875 89
1677100781429 0.0029296875 90
1677100783096 0.0029296875 91
1677100783334 0.0029296875 92
1677100785033 0.0029296875 93
1677100785260 0.0029296875 94
1677100786965 0.0029296875 95
1677100787212 0.0029296875 96
1677100788872 0.0029296875 97
1677100789111 0.0029296875 98
1677100790843 0.0029296875 99
1677100791079 0.0029296875 100
1677100793043 0.0029296875 101
1677100793326 0.0029296875 102
1677100795245 0.0029296875 103
1677100795494 0.0029296875 104
1677100797306 0.0029296875 105
1677100797540 0.0029296875 106
1677100799375 0.0029296875 107
1677100799622 0.0029296875 108
1677100801517 0.0029296875 109
1677100801774 0.0029296875 110
1677100803603 0.0029296875 111
1677100803839 0.0029296875 112
1677100805588 0.0029296875 113
1677100805856 0.0029296875 114
1677100807645 0.0029296875 115
1677100807901 0.0029296875 116
1677100809649 0.0029296875 117
1677100809882 0.0029296875 118
1677100811635 0.0029296875 119
1677100811887 0.0029296875 120
1677100813605 0.0029296875 121
1677100813833 0.0029296875 122
1677100815574 0.0029296875 123
1677100815797 0.0029296875 124
1677100817577 0.0029296875 125
1677100817806 0.0029296875 126
1677100819451 0.0029296875 127
1677100819696 0.0029296875 128
1677100821433 0.0029296875 129
1677100821668 0.0029296875 130
1677100823463 0.0029296875 131
1677100823691 0.0029296875 132
1677100825569 0.0029296875 133
1677100825812 0.0029296875 134
1677100827639 0.0029296875 135
1677100827891 0.0029296875 136
1677100829642 0.0029296875 137
1677100829920 0.0029296875 138
1677100831867 0.0029296875 139
1677100832119 0.0029296875 140
1677100833983 0.0029296875 141
1677100834221 0.0029296875 142
1677100836046 0.0029296875 143
1677100836305 0.0029296875 144
1677100838137 0.0029296875 145
1677100838367 0.0029296875 146
1677100840247 0.0029296875 147
1677100840475 0.0029296875 148
1677100842244 0.0029296875 149
1677100842487 0.0029296875 150
1677100844284 0.0029296875 151
1677100844522 0.0029296875 152
1677100846244 0.0029296875 153
1677100846499 0.0029296875 154
1677100848196 0.0029296875 155
1677100848425 0.0029296875 156
1677100850210 0.0029296875 157
1677100850446 0.0029296875 158
1677100852394 0.0029296875 159
1677100852631 0.0029296875 160
1677100854423 0.0029296875 161
1677100854682 0.0029296875 162
1677100856635 0.0029296875 163
1677100856890 0.0029296875 164
1677100858661 0.0029296875 165
1677100858895 0.0029296875 166
1677100860628 0.0029296875 167
1677100860863 0.0029296875 168
1677100862643 0.0029296875 169
1677100862875 0.0029296875 170
1677100864600 0.0029296875 171
1677100864837 0.0029296875 172
1677100866523 0.0029296875 173
1677100866782 0.0029296875 174
1677100868506 0.0029296875 175
1677100868740 0.0029296875 176
1677100870476 0.0029296875 177
1677100870719 0.0029296875 178
1677100872464 0.0029296875 179
1677100872699 0.0029296875 180
1677100874423 0.0029296875 181
1677100874669 0.0029296875 182
1677100876637 0.0029296875 183
1677100876932 0.0029296875 184
1677100878701 0.0029296875 185
1677100878930 0.0029296875 186
1677100880697 0.0029296875 187
1677100880934 0.0029296875 188
1677100882820 0.0029296875 189
1677100883072 0.0029296875 190
1677100884971 0.0029296875 191
1677100885233 0.0029296875 192
1677100887050 0.0029296875 193
1677100887285 0.0029296875 194
1677100889081 0.0029296875 195
1677100889329 0.0029296875 196
1677100891075 0.0029296875 197
1677100891311 0.0029296875 198
1677100893081 0.0029296875 199
1677100893315 0.0029296875 200
1677100895082 0.0029296875 201
1677100895317 0.0029296875 202
1677100897064 0.0029296875 203
1677100897300 0.0029296875 204
1677100898977 0.0029296875 205
1677100899227 0.0029296875 206
1677100900945 0.0029296875 207
1677100901182 0.0029296875 208
1677100902913 0.0029296875 209
1677100903175 0.0029296875 210
1677100904923 0.0029296875 211
1677100905159 0.0029296875 212
1677100906916 0.0029296875 213
1677100907156 0.0029296875 214
1677100908863 0.0029296875 215
1677100909102 0.0029296875 216
1677100910920 0.0029296875 217
1677100911177 0.0029296875 218
1677100913074 0.0029296875 219
1677100913324 0.0029296875 220
1677100915204 0.0029296875 221
1677100915469 0.0029296875 222
1677100917234 0.0029296875 223
1677100917473 0.0029296875 224
1677100919221 0.0029296875 225
1677100919475 0.0029296875 226
1677100921282 0.0029296875 227
1677100921529 0.0029296875 228
1677100923358 0.0029296875 229
1677100923596 0.0029296875 230
1677100925526 0.0029296875 231
1677100925757 0.0029296875 232
1677100927590 0.0029296875 233
1677100927841 0.0029296875 234
1677100929687 0.0029296875 235
1677100929943 0.0029296875 236
1677100931670 0.0029296875 237
1677100931914 0.0029296875 238
1677100933628 0.0029296875 239
1677100933872 0.0029296875 240
1677100935635 0.0029296875 241
1677100935886 0.0029296875 242
1677100937615 0.0029296875 243
1677100937865 0.0029296875 244
1677100939611 0.0029296875 245
1677100939854 0.0029296875 246
1677100941756 0.0029296875 247
1677100942025 0.0029296875 248
1677100944005 0.0029296875 249
1677100944275 0.0029296875 250
1677100946161 0.0029296875 251
1677100946407 0.0029296875 252
1677100948137 0.0029296875 253
1677100948408 0.0029296875 254
1677100950155 0.0029296875 255
1677100950412 0.0029296875 256
1677100952147 0.0029296875 257
1677100952395 0.0029296875 258
1677100954174 0.0029296875 259
1677100954417 0.0029296875 260
1677100956138 0.0029296875 261
1677100956385 0.0029296875 262
1677100958090 0.0029296875 263
1677100958337 0.0029296875 264
1677100960250 0.0029296875 265
1677100960508 0.0029296875 266
1677100962298 0.0029296875 267
1677100962540 0.0029296875 268
1677100964337 0.0029296875 269
1677100964600 0.0029296875 270
1677100966417 0.0029296875 271
1677100966664 0.0029296875 272
1677100968585 0.0029296875 273
1677100968832 0.0029296875 274
1677100970714 0.0029296875 275
1677100970979 0.0029296875 276
1677100972970 0.0029296875 277
1677100973249 0.0029296875 278
1677100975175 0.0029296875 279
1677100975433 0.0029296875 280
1677100977163 0.0029296875 281
1677100977428 0.0029296875 282
1677100979252 0.0029296875 283
1677100979522 0.0029296875 284
1677100981314 0.0029296875 285
1677100981559 0.0029296875 286
1677100983343 0.0029296875 287
1677100983649 0.0029296875 288
1677100985429 0.0029296875 289
1677100985699 0.0029296875 290
1677100987421 0.0029296875 291
1677100987668 0.0029296875 292
1677100989448 0.0029296875 293
1677100989701 0.0029296875 294
1677100991421 0.0029296875 295
1677100991665 0.0029296875 296
1677100993443 0.0029296875 297
1677100993685 0.0029296875 298
1677100995415 0.0029296875 299
1677100995676 0.0029296875 300
1677100995916 0.0029296875 301
