1677117715504 1.0 1
1677117715739 2.0 2
1677117717509 3.0 3
1677117717742 4.0 4
1677117719533 5.0 5
1677117719767 6.0 6
1677117721536 7.0 7
1677117721770 8.0 8
1677117723573 9.0 9
1677117723804 10.0 10
1677117725553 11.0 11
1677117725785 12.0 12
1677117727535 13.0 13
1677117727778 14.0 14
1677117729536 15.0 15
1677117729768 16.0 16
1677117731588 17.0 17
1677117731848 18.0 18
1677117733653 19.0 19
1677117733891 20.0 20
1677117735695 21.0 21
1677117735931 22.0 22
1677117737710 23.0 23
1677117737945 24.0 24
1677117739696 25.0 25
1677117739939 26.0 26
1677117741723 27.0 27
1677117741960 28.0 28
1677117743728 29.0 29
1677117743966 30.0 30
1677117745711 31.0 31
1677117745948 32.0 32
1677117747712 33.0 33
1677117747953 34.0 34
1677117749729 35.0 35
1677117749964 36.0 36
1677117751752 37.0 37
1677117751994 38.0 38
1677117753775 39.0 39
1677117754010 40.0 40
1677117755762 41.0 41
1677117756000 42.0 42
1677117757720 43.0 43
1677117757962 44.0 44
1677117759770 45.0 45
1677117760007 46.0 46
1677117761820 47.0 47
1677117762061 48.0 48
1677117763851 49.0 49
1677117764098 50.0 50
1677117765873 51.0 51
1677117766112 52.0 52
1677117767929 53.0 53
1677117768166 54.0 54
1677117769998 55.0 55
1677117770238 56.0 56
1677117772006 57.0 57
1677117772243 58.0 58
1677117773997 59.0 59
1677117774236 60.0 60
1677117776019 61.0 61
1677117776257 62.0 62
1677117778079 63.0 63
1677117778317 64.0 64
1677117780098 65.0 65
1677117780340 66.0 66
1677117782119 67.0 67
1677117782362 68.0 68
1677117784137 69.0 69
1677117784373 70.0 70
1677117786133 71.0 71
1677117786376 72.0 72
1677117788150 73.0 73
1677117788385 74.0 74
1677117790147 75.0 75
1677117790388 76.0 76
1677117792164 77.0 77
1677117792412 78.0 78
1677117794194 79.0 79
1677117794441 80.0 80
1677117796221 81.0 81
1677117796481 82.0 82
1677117798274 83.0 83
1677117798515 84.0 84
1677117800301 85.0 85
1677117800547 86.0 86
1677117802331 87.0 87
1677117802573 88.0 88
1677117804324 89.0 89
1677117804574 90.0 90
1677117806404 91.0 91
1677117806650 92.0 92
1677117808430 93.0 93
1677117808671 94.0 94
1677117810447 95.0 95
1677117810691 96.0 96
1677117812484 97.0 97
1677117812730 98.0 98
1677117814496 99.0 99
1677117814738 100.0 100
1677117816562 101.0 101
1677117816799 102.0 102
1677117818590 103.0 103
1677117818830 104.0 104
1677117820604 105.0 105
1677117820841 106.0 106
1677117822645 107.0 107
1677117822891 108.0 108
1677117824687 109.0 109
1677117824950 110.0 110
1677117826718 111.0 111
1677117826960 112.0 112
1677117828738 113.0 113
1677117828977 114.0 114
1677117830742 115.0 115
1677117830982 116.0 116
1677117832728 117.0 117
1677117832971 118.0 118
1677117834794 119.0 119
1677117835041 120.0 120
1677117837001 121.0 121
1677117837491 122.0 122
1677117839933 123.0 123
1677117840201 124.0 124
1677117842051 125.0 125
1677117842303 126.0 126
1677117844224 127.0 127
1677117844485 128.0 128
1677117846399 129.0 129
1677117846613 130.0 130
1677117848451 131.0 131
1677117848696 132.0 132
1677117850463 133.0 133
1677117850705 134.0 134
1677117852468 135.0 135
1677117852714 136.0 136
1677117854471 137.0 137
1677117854715 138.0 138
1677117856514 139.0 139
1677117856757 140.0 140
1677117858535 141.0 141
1677117858797 142.0 142
1677117860640 143.0 143
1677117860890 144.0 144
1677117862705 145.0 145
1677117862951 146.0 146
1677117864767 147.0 147
1677117865010 148.0 148
1677117866815 149.0 149
1677117867067 150.0 150
1677117868885 151.0 151
1677117869139 152.0 152
1677117870917 153.0 153
1677117871168 154.0 154
1677117872943 155.0 155
1677117873188 156.0 156
1677117874989 157.0 157
1677117875230 158.0 158
1677117877027 159.0 159
1677117877273 160.0 160
1677117879060 161.0 161
1677117879305 162.0 162
1677117881078 163.0 163
1677117881320 164.0 164
1677117883129 165.0 165
1677117883373 166.0 166
1677117885139 167.0 167
1677117885386 168.0 168
1677117887274 169.0 169
1677117887519 170.0 170
1677117889281 171.0 171
1677117889523 172.0 172
1677117891298 173.0 173
1677117891547 174.0 174
1677117893289 175.0 175
1677117893535 176.0 176
1677117895309 177.0 177
1677117895551 178.0 178
1677117897367 179.0 179
1677117897621 180.0 180
1677117899410 181.0 181
1677117899656 182.0 182
1677117901419 183.0 183
1677117901663 184.0 184
1677117903437 185.0 185
1677117903683 186.0 186
1677117905463 187.0 187
1677117905711 188.0 188
1677117907543 189.0 189
1677117907790 190.0 190
1677117909641 191.0 191
1677117909889 192.0 192
1677117911702 193.0 193
1677117911947 194.0 194
1677117913846 195.0 195
1677117914106 196.0 196
1677117915900 197.0 197
1677117916148 198.0 198
1677117917911 199.0 199
1677117918157 200.0 200
1677117919942 201.0 201
1677117920191 202.0 202
1677117921958 203.0 203
1677117922206 204.0 204
1677117924027 205.0 205
1677117924279 206.0 206
1677117926060 207.0 207
1677117926306 208.0 208
1677117928108 209.0 209
1677117928356 210.0 210
1677117930150 211.0 211
1677117930395 212.0 212
1677117932180 213.0 213
1677117932427 214.0 214
1677117934181 215.0 215
1677117934430 216.0 216
1677117936192 217.0 217
1677117936435 218.0 218
1677117938225 219.0 219
1677117938476 220.0 220
1677117940228 221.0 221
1677117940481 222.0 222
1677117942243 223.0 223
1677117942489 224.0 224
1677117944291 225.0 225
1677117944545 226.0 226
1677117946366 227.0 227
1677117946617 228.0 228
1677117948418 229.0 229
1677117948672 230.0 230
1677117950439 231.0 231
1677117950693 232.0 232
1677117952431 233.0 233
1677117952686 234.0 234
1677117954479 235.0 235
1677117954729 236.0 236
1677117956605 237.0 237
1677117956855 238.0 238
1677117958682 239.0 239
1677117958936 240.0 240
1677117960740 241.0 241
1677117960988 242.0 242
1677117962797 243.0 243
1677117963051 244.0 244
1677117964890 245.0 245
1677117965145 246.0 246
1677117966913 247.0 247
1677117967160 248.0 248
1677117968933 249.0 249
1677117969186 250.0 250
1677117970956 251.0 251
1677117971217 252.0 252
1677117973009 253.0 253
1677117973263 254.0 254
1677117975110 255.0 255
1677117975360 256.0 256
1677117977153 257.0 257
1677117977406 258.0 258
1677117979192 259.0 259
1677117979441 260.0 260
1677117981211 261.0 261
1677117981460 262.0 262
1677117983221 263.0 263
1677117983466 264.0 264
1677117985241 265.0 265
1677117985491 266.0 266
1677117987303 267.0 267
1677117987553 268.0 268
1677117989323 269.0 269
1677117989581 270.0 270
1677117991383 271.0 271
1677117991632 272.0 272
1677117993438 273.0 273
1677117993691 274.0 274
1677117995468 275.0 275
1677117995721 276.0 276
1677117997465 277.0 277
1677117997715 278.0 278
1677117999484 279.0 279
1677117999735 280.0 280
1677118001520 281.0 281
1677118001789 282.0 282
1677118003579 283.0 283
1677118003831 284.0 284
1677118005640 285.0 285
1677118005892 286.0 286
1677118007693 287.0 287
1677118007943 288.0 288
1677118009738 289.0 289
1677118009985 290.0 290
1677118011811 291.0 291
1677118012062 292.0 292
1677118013869 293.0 293
1677118014114 294.0 294
1677118015887 295.0 295
1677118016137 296.0 296
1677118017968 297.0 297
1677118018221 298.0 298
1677118020016 299.0 299
1677118020271 300.0 300
1677118020541 301.0 301
