1677117715499 27796.0 1
1677117715735 27796.0 2
1677117717505 27796.0 3
1677117717738 27796.0 4
1677117719530 27796.0 5
1677117719763 27796.0 6
1677117721531 27796.0 7
1677117721765 27796.0 8
1677117723569 27796.0 9
1677117723799 27796.0 10
1677117725549 27796.0 11
1677117725781 27796.0 12
1677117727531 27796.0 13
1677117727774 27796.0 14
1677117729532 27796.0 15
1677117729764 27796.0 16
1677117731584 27796.0 17
1677117731844 27796.0 18
1677117733649 27796.0 19
1677117733886 27796.0 20
1677117735691 27796.0 21
1677117735926 27796.0 22
1677117737705 27796.0 23
1677117737941 27796.0 24
1677117739692 27796.0 25
1677117739934 27796.0 26
1677117741719 27796.0 27
1677117741956 27796.0 28
1677117743724 27796.0 29
1677117743960 27796.0 30
1677117745707 27796.0 31
1677117745944 27796.0 32
1677117747708 27796.0 33
1677117747949 27796.0 34
1677117749725 27796.0 35
1677117749959 27796.0 36
1677117751748 27796.0 37
1677117751990 27796.0 38
1677117753771 27796.0 39
1677117754006 27796.0 40
1677117755758 27796.0 41
1677117755996 27796.0 42
1677117757716 27796.0 43
1677117757958 27796.0 44
1677117759765 27796.0 45
1677117760003 27796.0 46
1677117761816 27796.0 47
1677117762057 27796.0 48
1677117763848 27796.0 49
1677117764095 27796.0 50
1677117765869 27796.0 51
1677117766108 27796.0 52
1677117767925 27796.0 53
1677117768162 27796.0 54
1677117769994 27796.0 55
1677117770234 27796.0 56
1677117772001 27796.0 57
1677117772239 27796.0 58
1677117773993 27796.0 59
1677117774232 27796.0 60
1677117776015 27796.0 61
1677117776253 27796.0 62
1677117778074 27796.0 63
1677117778313 27796.0 64
1677117780094 27796.0 65
1677117780336 27796.0 66
1677117782115 27796.0 67
1677117782359 27796.0 68
1677117784133 27796.0 69
1677117784369 27796.0 70
1677117786129 27796.0 71
1677117786373 27796.0 72
1677117788146 27796.0 73
1677117788381 27796.0 74
1677117790142 27796.0 75
1677117790384 27796.0 76
1677117792160 27796.0 77
1677117792407 27796.0 78
1677117794190 27796.0 79
1677117794437 27796.0 80
1677117796217 27796.0 81
1677117796478 27796.0 82
1677117798268 27796.0 83
1677117798511 27796.0 84
1677117800298 27796.0 85
1677117800543 27796.0 86
1677117802326 27796.0 87
1677117802569 27796.0 88
1677117804320 27796.0 89
1677117804570 27796.0 90
1677117806399 27796.0 91
1677117806646 27796.0 92
1677117808426 27796.0 93
1677117808667 27796.0 94
1677117810443 27796.0 95
1677117810687 27796.0 96
1677117812481 27796.0 97
1677117812726 27796.0 98
1677117814492 27796.0 99
1677117814734 27796.0 100
1677117816558 27796.0 101
1677117816795 27796.0 102
1677117818585 27796.0 103
1677117818826 27796.0 104
1677117820599 27796.0 105
1677117820837 27796.0 106
1677117822641 27796.0 107
1677117822887 27796.0 108
1677117824683 27796.0 109
1677117824946 27796.0 110
1677117826714 27796.0 111
1677117826956 27796.0 112
1677117828734 27796.0 113
1677117828973 27796.0 114
1677117830738 27796.0 115
1677117830978 27796.0 116
1677117832724 27796.0 117
1677117832967 27796.0 118
1677117834790 27796.0 119
1677117835036 27796.0 120
1677117836997 27796.0 121
1677117837481 27796.0 122
1677117839930 27796.0 123
1677117840196 27796.0 124
1677117842045 27796.0 125
1677117842299 27796.0 126
1677117844220 27796.0 127
1677117844481 27796.0 128
1677117846395 27796.0 129
1677117846610 27796.0 130
1677117848446 27796.0 131
1677117848692 27796.0 132
1677117850459 27796.0 133
1677117850700 27796.0 134
1677117852464 27796.0 135
1677117852709 27796.0 136
1677117854466 27796.0 137
1677117854711 27796.0 138
1677117856510 27796.0 139
1677117856751 27796.0 140
1677117858530 27796.0 141
1677117858792 27796.0 142
1677117860635 27796.0 143
1677117860885 27796.0 144
1677117862701 27796.0 145
1677117862947 27796.0 146
1677117864763 27796.0 147
1677117865006 27796.0 148
1677117866810 27796.0 149
1677117867063 27796.0 150
1677117868881 27796.0 151
1677117869135 27796.0 152
1677117870913 27796.0 153
1677117871164 27796.0 154
1677117872940 27796.0 155
1677117873184 27796.0 156
1677117874984 27796.0 157
1677117875226 27796.0 158
1677117877023 27796.0 159
1677117877269 27796.0 160
1677117879056 27796.0 161
1677117879300 27796.0 162
1677117881074 27796.0 163
1677117881315 27796.0 164
1677117883124 27796.0 165
1677117883369 27796.0 166
1677117885135 27796.0 167
1677117885382 27796.0 168
1677117887270 27796.0 169
1677117887515 27796.0 170
1677117889277 27796.0 171
1677117889519 27796.0 172
1677117891295 27796.0 173
1677117891543 27796.0 174
1677117893286 27796.0 175
1677117893531 27796.0 176
1677117895305 27796.0 177
1677117895547 27796.0 178
1677117897363 27796.0 179
1677117897617 27796.0 180
1677117899406 27796.0 181
1677117899652 27796.0 182
1677117901416 27796.0 183
1677117901659 27796.0 184
1677117903433 27796.0 185
1677117903679 27796.0 186
1677117905458 27796.0 187
1677117905707 27796.0 188
1677117907538 27796.0 189
1677117907785 27796.0 190
1677117909637 27796.0 191
1677117909884 27796.0 192
1677117911697 27796.0 193
1677117911943 27796.0 194
1677117913842 27796.0 195
1677117914101 27796.0 196
1677117915896 27796.0 197
1677117916143 27796.0 198
1677117917908 27796.0 199
1677117918152 27796.0 200
1677117919938 27796.0 201
1677117920187 27796.0 202
1677117921954 27796.0 203
1677117922202 27796.0 204
1677117924023 27796.0 205
1677117924275 27796.0 206
1677117926056 27796.0 207
1677117926302 27796.0 208
1677117928104 27796.0 209
1677117928352 27796.0 210
1677117930146 27796.0 211
1677117930391 27796.0 212
1677117932176 27796.0 213
1677117932423 27796.0 214
1677117934177 27796.0 215
1677117934426 27796.0 216
1677117936188 27796.0 217
1677117936431 27796.0 218
1677117938221 27796.0 219
1677117938473 27796.0 220
1677117940224 27796.0 221
1677117940476 27796.0 222
1677117942239 27796.0 223
1677117942485 27796.0 224
1677117944287 27796.0 225
1677117944541 27796.0 226
1677117946362 27796.0 227
1677117946613 27796.0 228
1677117948414 27796.0 229
1677117948667 27796.0 230
1677117950434 27796.0 231
1677117950689 27796.0 232
1677117952426 27796.0 233
1677117952681 27796.0 234
1677117954475 27796.0 235
1677117954725 27796.0 236
1677117956600 27796.0 237
1677117956851 27796.0 238
1677117958670 27796.0 239
1677117958932 27796.0 240
1677117960736 27796.0 241
1677117960984 27796.0 242
1677117962794 27796.0 243
1677117963046 27796.0 244
1677117964886 27796.0 245
1677117965141 27796.0 246
1677117966908 27796.0 247
1677117967156 27796.0 248
1677117968929 27796.0 249
1677117969182 27796.0 250
1677117970952 27796.0 251
1677117971214 27796.0 252
1677117973006 27796.0 253
1677117973259 27796.0 254
1677117975106 27796.0 255
1677117975356 27796.0 256
1677117977149 27796.0 257
1677117977402 27796.0 258
1677117979189 27796.0 259
1677117979437 27796.0 260
1677117981207 27796.0 261
1677117981457 27796.0 262
1677117983216 27796.0 263
1677117983461 27796.0 264
1677117985236 27796.0 265
1677117985486 27796.0 266
1677117987299 27796.0 267
1677117987549 27796.0 268
1677117989318 27796.0 269
1677117989577 27796.0 270
1677117991379 27796.0 271
1677117991628 27796.0 272
1677117993434 27796.0 273
1677117993687 27796.0 274
1677117995464 27796.0 275
1677117995718 27796.0 276
1677117997461 27796.0 277
1677117997711 27796.0 278
1677117999480 27796.0 279
1677117999730 27796.0 280
1677118001516 27796.0 281
1677118001784 27796.0 282
1677118003575 27796.0 283
1677118003828 27796.0 284
1677118005636 27796.0 285
1677118005888 27796.0 286
1677118007689 27796.0 287
1677118007939 27796.0 288
1677118009733 27796.0 289
1677118009981 27796.0 290
1677118011807 27796.0 291
1677118012058 27796.0 292
1677118013865 27796.0 293
1677118014109 27796.0 294
1677118015883 27796.0 295
1677118016133 27796.0 296
1677118017964 27796.0 297
1677118018217 27796.0 298
1677118020012 27796.0 299
1677118020266 27796.0 300
1677118020537 27796.0 301
