1677117715496 1677117715.0 1
1677117715732 1677117715.0 2
1677117717503 1677117717.0 3
1677117717735 1677117717.0 4
1677117719527 1677117719.0 5
1677117719760 1677117719.0 6
1677117721529 1677117721.0 7
1677117721763 1677117721.0 8
1677117723566 1677117723.0 9
1677117723798 1677117723.0 10
1677117725547 1677117725.0 11
1677117725778 1677117725.0 12
1677117727529 1677117727.0 13
1677117727771 1677117727.0 14
1677117729529 1677117729.0 15
1677117729762 1677117729.0 16
1677117731582 1677117731.0 17
1677117731839 1677117731.0 18
1677117733646 1677117733.0 19
1677117733884 1677117733.0 20
1677117735681 1677117735.0 21
1677117735924 1677117735.0 22
1677117737702 1677117737.0 23
1677117737939 1677117737.0 24
1677117739690 1677117739.0 25
1677117739932 1677117739.0 26
1677117741716 1677117741.0 27
1677117741953 1677117741.0 28
1677117743721 1677117743.0 29
1677117743956 1677117743.0 30
1677117745705 1677117745.0 31
1677117745941 1677117745.0 32
1677117747705 1677117747.0 33
1677117747946 1677117747.0 34
1677117749722 1677117749.0 35
1677117749958 1677117749.0 36
1677117751745 1677117751.0 37
1677117751987 1677117751.0 38
1677117753768 1677117753.0 39
1677117754004 1677117753.0 40
1677117755754 1677117755.0 41
1677117755993 1677117755.0 42
1677117757713 1677117757.0 43
1677117757955 1677117757.0 44
1677117759762 1677117759.0 45
1677117760000 1677117759.0 46
1677117761813 1677117761.0 47
1677117762054 1677117762.0 48
1677117763846 1677117763.0 49
1677117764093 1677117764.0 50
1677117765867 1677117765.0 51
1677117766106 1677117766.0 52
1677117767923 1677117767.0 53
1677117768159 1677117768.0 54
1677117769991 1677117769.0 55
1677117770231 1677117770.0 56
1677117771999 1677117771.0 57
1677117772236 1677117772.0 58
1677117773991 1677117773.0 59
1677117774229 1677117774.0 60
1677117776011 1677117775.0 61
1677117776251 1677117776.0 62
1677117778072 1677117778.0 63
1677117778310 1677117778.0 64
1677117780091 1677117780.0 65
1677117780334 1677117780.0 66
1677117782112 1677117782.0 67
1677117782356 1677117782.0 68
1677117784131 1677117784.0 69
1677117784367 1677117784.0 70
1677117786126 1677117786.0 71
1677117786370 1677117786.0 72
1677117788143 1677117788.0 73
1677117788379 1677117788.0 74
1677117790140 1677117790.0 75
1677117790381 1677117790.0 76
1677117792157 1677117792.0 77
1677117792404 1677117792.0 78
1677117794187 1677117794.0 79
1677117794435 1677117794.0 80
1677117796214 1677117796.0 81
1677117796474 1677117796.0 82
1677117798265 1677117798.0 83
1677117798509 1677117798.0 84
1677117800295 1677117800.0 85
1677117800540 1677117800.0 86
1677117802323 1677117802.0 87
1677117802566 1677117802.0 88
1677117804318 1677117804.0 89
1677117804567 1677117804.0 90
1677117806397 1677117806.0 91
1677117806644 1677117806.0 92
1677117808423 1677117808.0 93
1677117808665 1677117808.0 94
1677117810440 1677117810.0 95
1677117810684 1677117810.0 96
1677117812477 1677117812.0 97
1677117812723 1677117812.0 98
1677117814490 1677117814.0 99
1677117814731 1677117814.0 100
1677117816555 1677117816.0 101
1677117816792 1677117816.0 102
1677117818582 1677117818.0 103
1677117818824 1677117818.0 104
1677117820596 1677117820.0 105
1677117820834 1677117820.0 106
1677117822639 1677117822.0 107
1677117822885 1677117822.0 108
1677117824680 1677117824.0 109
1677117824943 1677117824.0 110
1677117826711 1677117826.0 111
1677117826953 1677117826.0 112
1677117828731 1677117828.0 113
1677117828971 1677117828.0 114
1677117830735 1677117830.0 115
1677117830976 1677117830.0 116
1677117832722 1677117832.0 117
1677117832964 1677117832.0 118
1677117834787 1677117834.0 119
1677117835032 1677117834.0 120
1677117836993 1677117836.0 121
1677117837475 1677117837.0 122
1677117839927 1677117839.0 123
1677117840194 1677117840.0 124
1677117842042 1677117841.0 125
1677117842296 1677117842.0 126
1677117844218 1677117844.0 127
1677117844478 1677117844.0 128
1677117846392 1677117846.0 129
1677117846607 1677117846.0 130
1677117848443 1677117848.0 131
1677117848690 1677117848.0 132
1677117850456 1677117850.0 133
1677117850697 1677117850.0 134
1677117852462 1677117852.0 135
1677117852707 1677117852.0 136
1677117854463 1677117854.0 137
1677117854709 1677117854.0 138
1677117856507 1677117856.0 139
1677117856749 1677117856.0 140
1677117858528 1677117858.0 141
1677117858790 1677117858.0 142
1677117860631 1677117860.0 143
1677117860883 1677117860.0 144
1677117862698 1677117862.0 145
1677117862945 1677117862.0 146
1677117864759 1677117864.0 147
1677117865004 1677117864.0 148
1677117866808 1677117866.0 149
1677117867060 1677117867.0 150
1677117868879 1677117868.0 151
1677117869132 1677117869.0 152
1677117870911 1677117870.0 153
1677117871162 1677117871.0 154
1677117872937 1677117872.0 155
1677117873181 1677117873.0 156
1677117874982 1677117874.0 157
1677117875223 1677117875.0 158
1677117877020 1677117877.0 159
1677117877267 1677117877.0 160
1677117879053 1677117879.0 161
1677117879298 1677117879.0 162
1677117881071 1677117881.0 163
1677117881312 1677117881.0 164
1677117883121 1677117883.0 165
1677117883367 1677117883.0 166
1677117885132 1677117885.0 167
1677117885379 1677117885.0 168
1677117887267 1677117887.0 169
1677117887512 1677117887.0 170
1677117889274 1677117889.0 171
1677117889516 1677117889.0 172
1677117891291 1677117891.0 173
1677117891540 1677117891.0 174
1677117893283 1677117893.0 175
1677117893528 1677117893.0 176
1677117895302 1677117895.0 177
1677117895545 1677117895.0 178
1677117897360 1677117897.0 179
1677117897614 1677117897.0 180
1677117899403 1677117899.0 181
1677117899649 1677117899.0 182
1677117901413 1677117901.0 183
1677117901657 1677117901.0 184
1677117903430 1677117903.0 185
1677117903677 1677117903.0 186
1677117905456 1677117905.0 187
1677117905704 1677117905.0 188
1677117907535 1677117907.0 189
1677117907782 1677117907.0 190
1677117909633 1677117909.0 191
1677117909881 1677117909.0 192
1677117911695 1677117911.0 193
1677117911941 1677117911.0 194
1677117913839 1677117913.0 195
1677117914099 1677117914.0 196
1677117915893 1677117915.0 197
1677117916139 1677117916.0 198
1677117917905 1677117917.0 199
1677117918150 1677117918.0 200
1677117919936 1677117919.0 201
1677117920184 1677117920.0 202
1677117921951 1677117921.0 203
1677117922199 1677117922.0 204
1677117924020 1677117923.0 205
1677117924271 1677117924.0 206
1677117926053 1677117926.0 207
1677117926299 1677117926.0 208
1677117928101 1677117928.0 209
1677117928350 1677117928.0 210
1677117930143 1677117930.0 211
1677117930387 1677117930.0 212
1677117932173 1677117932.0 213
1677117932421 1677117932.0 214
1677117934174 1677117934.0 215
1677117934423 1677117934.0 216
1677117936186 1677117936.0 217
1677117936428 1677117936.0 218
1677117938218 1677117938.0 219
1677117938470 1677117938.0 220
1677117940221 1677117940.0 221
1677117940474 1677117940.0 222
1677117942237 1677117942.0 223
1677117942483 1677117942.0 224
1677117944284 1677117944.0 225
1677117944539 1677117944.0 226
1677117946360 1677117946.0 227
1677117946610 1677117946.0 228
1677117948411 1677117948.0 229
1677117948665 1677117948.0 230
1677117950431 1677117950.0 231
1677117950687 1677117950.0 232
1677117952424 1677117952.0 233
1677117952679 1677117952.0 234
1677117954472 1677117954.0 235
1677117954724 1677117954.0 236
1677117956598 1677117956.0 237
1677117956848 1677117956.0 238
1677117958668 1677117958.0 239
1677117958930 1677117958.0 240
1677117960733 1677117960.0 241
1677117960981 1677117960.0 242
1677117962790 1677117962.0 243
1677117963045 1677117962.0 244
1677117964883 1677117964.0 245
1677117965138 1677117965.0 246
1677117966905 1677117966.0 247
1677117967154 1677117967.0 248
1677117968925 1677117968.0 249
1677117969179 1677117969.0 250
1677117970950 1677117970.0 251
1677117971211 1677117971.0 252
1677117973003 1677117972.0 253
1677117973257 1677117973.0 254
1677117975102 1677117975.0 255
1677117975353 1677117975.0 256
1677117977146 1677117977.0 257
1677117977399 1677117977.0 258
1677117979186 1677117979.0 259
1677117979434 1677117979.0 260
1677117981204 1677117981.0 261
1677117981454 1677117981.0 262
1677117983214 1677117983.0 263
1677117983459 1677117983.0 264
1677117985234 1677117985.0 265
1677117985483 1677117985.0 266
1677117987297 1677117987.0 267
1677117987546 1677117987.0 268
1677117989315 1677117989.0 269
1677117989575 1677117989.0 270
1677117991376 1677117991.0 271
1677117991625 1677117991.0 272
1677117993431 1677117993.0 273
1677117993684 1677117993.0 274
1677117995461 1677117995.0 275
1677117995715 1677117995.0 276
1677117997459 1677117997.0 277
1677117997709 1677117997.0 278
1677117999477 1677117999.0 279
1677117999728 1677117999.0 280
1677118001513 1677118001.0 281
1677118001781 1677118001.0 282
1677118003573 1677118003.0 283
1677118003825 1677118003.0 284
1677118005633 1677118005.0 285
1677118005886 1677118005.0 286
1677118007687 1677118007.0 287
1677118007936 1677118007.0 288
1677118009730 1677118009.0 289
1677118009979 1677118009.0 290
1677118011804 1677118011.0 291
1677118012056 1677118012.0 292
1677118013862 1677118013.0 293
1677118014107 1677118014.0 294
1677118015881 1677118015.0 295
1677118016131 1677118016.0 296
1677118017962 1677118017.0 297
1677118018215 1677118018.0 298
1677118020008 1677118019.0 299
1677118020264 1677118020.0 300
1677118020534 1677118020.0 301
