1677117715498 4.622071743011475 1
1677117715733 4.840321063995361 2
1677117717504 6.608694553375244 3
1677117717736 6.840089559555054 4
1677117719528 8.63301682472229 5
1677117719761 8.86600923538208 6
1677117721530 10.635024309158325 7
1677117721764 10.87213134765625 8
1677117723568 12.67309284210205 9
1677117723799 12.903297185897827 10
1677117725548 14.65116262435913 11
1677117725780 14.8860445022583 12
1677117727530 16.660666704177856 13
1677117727773 16.8766987323761 14
1677117729531 18.63407254219055 15
1677117729763 18.867154359817505 16
1677117731583 20.67818522453308 17
1677117731841 20.944044589996338 18
1677117733648 22.75204110145569 19
1677117733885 22.989243030548096 20
1677117735690 24.786083936691284 21
1677117735925 25.029122591018677 22
1677117737703 26.80520009994507 23
1677117737940 27.043059587478638 24
1677117739691 28.79640483856201 25
1677117739933 29.03722381591797 26
1677117741717 30.840216398239136 27
1677117741955 31.056244134902954 28
1677117743723 32.82413411140442 29
1677117743958 33.06114363670349 30
1677117745706 34.805992126464844 31
1677117745943 35.04641652107239 32
1677117747706 36.808345317840576 33
1677117747947 37.04299807548523 34
1677117749723 38.81817889213562 35
1677117749959 39.05914902687073 36
1677117751747 40.84913349151611 37
1677117751989 41.09129095077515 38
1677117753770 42.87321424484253 39
1677117754005 43.1086208820343 40
1677117755756 44.858400106430054 41
1677117755994 45.093684911727905 42
1677117757715 46.844160318374634 43
1677117757957 47.057307958602905 44
1677117759764 48.86705660820007 45
1677117760002 49.104100465774536 46
1677117761814 50.91703939437866 47
1677117762056 51.157166957855225 48
1677117763847 52.949187994003296 49
1677117764094 53.19419264793396 50
1677117765868 54.96828365325928 51
1677117766107 55.20704174041748 52
1677117767924 57.02321147918701 53
1677117768161 57.26204514503479 54
1677117769993 59.09104609489441 55
1677117770232 59.33333086967468 56
1677117772000 61.13015580177307 57
1677117772237 61.33819508552551 58
1677117773992 63.09319829940796 59
1677117774231 63.33033013343811 60
1677117776014 65.10603952407837 61
1677117776252 65.3540289402008 62
1677117778073 67.17287683486938 63
1677117778312 67.41331028938293 64
1677117780093 69.19404244422913 65
1677117780335 69.43507599830627 66
1677117782113 71.21400785446167 67
1677117782358 71.45516967773438 68
1677117784132 73.22612142562866 69
1677117784368 73.46911454200745 70
1677117786128 75.22520923614502 71
1677117786371 75.46721005439758 72
1677117788144 77.27355098724365 73
1677117788380 77.48300552368164 74
1677117790141 79.2390775680542 75
1677117790382 79.48290657997131 76
1677117792159 81.25864553451538 77
1677117792405 81.504141330719 78
1677117794189 83.28916668891907 79
1677117794436 83.53596544265747 80
1677117796216 85.31400609016418 81
1677117796475 85.57598948478699 82
1677117798267 87.36816453933716 83
1677117798510 87.60606217384338 84
1677117800297 89.3959710597992 85
1677117800542 89.6400957107544 86
1677117802325 91.4540491104126 87
1677117802567 91.66742777824402 88
1677117804319 93.41537261009216 89
1677117804568 93.65598559379578 90
1677117806398 95.49662280082703 91
1677117806645 95.74007177352905 92
1677117808425 97.52502584457397 93
1677117808666 97.76495862007141 94
1677117810441 99.53717303276062 95
1677117810686 99.78404998779297 96
1677117812478 101.57605457305908 97
1677117812724 101.82299566268921 98
1677117814491 103.58909916877747 99
1677117814732 103.83232522010803 100
1677117816556 105.65114951133728 101
1677117816793 105.89888668060303 102
1677117818584 107.6810896396637 103
1677117818825 107.92504382133484 104
1677117820598 109.69600510597229 105
1677117820835 109.93381214141846 106
1677117822640 111.73963665962219 107
1677117822886 111.9841377735138 108
1677117824682 113.77318024635315 109
1677117824944 114.04162883758545 110
1677117826712 115.80962038040161 111
1677117826954 116.05199980735779 112
1677117828733 117.8290593624115 113
1677117828972 118.06810283660889 114
1677117830737 119.83512330055237 115
1677117830977 120.07773661613464 116
1677117832723 121.85084629058838 117
1677117832965 122.06393265724182 118
1677117834789 123.88408017158508 119
1677117835033 124.1299979686737 120
1677117836995 126.08743953704834 121
1677117837478 126.50061202049255 122
1677117839928 129.0222179889679 123
1677117840195 129.29007625579834 124
1677117842043 131.13657116889954 125
1677117842297 131.39307713508606 126
1677117844219 133.31086826324463 127
1677117844479 133.57378149032593 128
1677117846393 135.48900818824768 129
1677117846608 135.73603868484497 130
1677117848445 137.53499603271484 131
1677117848691 137.78720998764038 132
1677117850457 139.54716730117798 133
1677117850699 139.7949275970459 134
1677117852463 141.5595920085907 135
1677117852708 141.80501580238342 136
1677117854464 143.56060361862183 137
1677117854710 143.80606651306152 138
1677117856509 145.6049702167511 139
1677117856750 145.84599113464355 140
1677117858529 147.6249716281891 141
1677117858791 147.88663721084595 142
1677117860633 149.72925996780396 143
1677117860884 149.978577375412 144
1677117862699 151.82598662376404 145
1677117862946 152.04003167152405 146
1677117864761 153.85367441177368 147
1677117865005 154.1001591682434 148
1677117866809 155.90395402908325 149
1677117867062 156.15535879135132 150
1677117868880 157.97707653045654 151
1677117869134 158.22661995887756 152
1677117870912 160.0081353187561 153
1677117871163 160.25729751586914 154
1677117872938 162.03718280792236 155
1677117873182 162.28001022338867 156
1677117874983 164.08007144927979 157
1677117875224 164.32106971740723 158
1677117877022 166.14908289909363 159
1677117877268 166.36495232582092 160
1677117879055 168.14813494682312 161
1677117879300 168.3972237110138 162
1677117881073 170.16712474822998 163
1677117881314 170.40917658805847 164
1677117883123 172.2201521396637 165
1677117883368 172.46314692497253 166
1677117885134 174.22809648513794 167
1677117885380 174.4742341041565 168
1677117887269 176.36730647087097 169
1677117887512 176.60737991333008 170
1677117889276 178.37024211883545 171
1677117889518 178.61222410202026 172
1677117891293 180.38713693618774 173
1677117891541 180.6335575580597 174
1677117893285 182.41209530830383 175
1677117893529 182.6253147125244 176
1677117895303 184.3961672782898 177
1677117895546 184.64003133773804 178
1677117897362 186.4541778564453 179
1677117897616 186.70811247825623 180
1677117899405 188.50198245048523 181
1677117899650 188.743497133255 182
1677117901415 190.5059552192688 183
1677117901658 190.7532193660736 184
1677117903431 192.5271213054657 185
1677117903678 192.77209401130676 186
1677117905457 194.5508508682251 187
1677117905706 194.80104970932007 188
1677117907536 196.66348266601562 189
1677117907783 196.8770751953125 190
1677117909634 198.72825145721436 191
1677117909883 198.97664189338684 192
1677117911695 200.78908777236938 193
1677117911942 201.0351004600525 194
1677117913841 202.93315649032593 195
1677117914100 203.19491982460022 196
1677117915894 204.9859368801117 197
1677117916141 205.23495602607727 198
1677117917906 207.00016808509827 199
1677117918151 207.24595141410828 200
1677117919937 209.03211665153503 201
1677117920185 209.27755975723267 202
1677117921953 211.07912135124207 203
1677117922199 211.29417848587036 204
1677117924021 213.1159369945526 205
1677117924273 213.36506986618042 206
1677117926055 215.1485788822174 207
1677117926301 215.39290595054626 208
1677117928102 217.1930284500122 209
1677117928351 217.4439182281494 210
1677117930145 219.23602151870728 211
1677117930389 219.48054957389832 212
1677117932175 221.26920366287231 213
1677117932422 221.51492524147034 214
1677117934175 223.26813769340515 215
1677117934425 223.5170931816101 216
1677117936187 225.28005027770996 217
1677117936430 225.52099657058716 218
1677117938219 227.34496474266052 219
1677117938471 227.5613191127777 220
1677117940223 229.31392359733582 221
1677117940475 229.56707525253296 222
1677117942238 231.3282516002655 223
1677117942484 231.57317638397217 224
1677117944286 233.37120413780212 225
1677117944539 233.62496542930603 226
1677117946361 235.44591569900513 227
1677117946611 235.69881939888 228
1677117948412 237.50198888778687 229
1677117948666 237.75194883346558 230
1677117950432 239.52000951766968 231
1677117950688 239.77391052246094 232
1677117952425 241.55294966697693 233
1677117952680 241.76695656776428 234
1677117954474 243.5600142478943 235
1677117954725 243.8151490688324 236
1677117956599 245.681156873703 237
1677117956849 245.93591332435608 238
1677117958669 247.75413870811462 239
1677117958931 248.02049565315247 240
1677117960735 249.8220088481903 241
1677117960983 250.07005143165588 242
1677117962791 251.8771402835846 243
1677117963046 252.13196444511414 244
1677117964884 253.97105169296265 245
1677117965140 254.22720336914062 246
1677117966907 256.03346610069275 247
1677117967155 256.2429678440094 248
1677117968927 258.01128602027893 249
1677117969180 258.26593589782715 250
1677117970951 260.03599762916565 251
1677117971213 260.29594588279724 252
1677117973005 262.09200978279114 253
1677117973258 262.3429832458496 254
1677117975104 264.1885676383972 255
1677117975355 264.4415137767792 256
1677117977148 266.2329785823822 257
1677117977401 266.48725605010986 258
1677117979188 268.2734353542328 259
1677117979436 268.5272636413574 260
1677117981205 270.29388332366943 261
1677117981455 270.54591393470764 262
1677117983215 272.3410449028015 263
1677117983460 272.55199456214905 264
1677117985235 274.32494139671326 265
1677117985484 274.57530450820923 266
1677117987298 276.38758873939514 267
1677117987548 276.6366686820984 268
1677117989316 278.40605115890503 269
1677117989576 278.6671829223633 270
1677117991377 280.4671742916107 271
1677117991627 280.71853947639465 272
1677117993432 282.5219419002533 273
1677117993686 282.7751977443695 274
1677117995463 284.5539891719818 275
1677117995717 284.8059494495392 276
1677117997460 286.58419466018677 277
1677117997710 286.8010449409485 278
1677117999479 288.57023882865906 279
1677117999729 288.8191783428192 280
1677118001514 290.607253074646 281
1677118001783 290.8739125728607 282
1677118003574 292.666118144989 283
1677118003827 292.9154713153839 284
1677118005635 294.7258632183075 285
1677118005886 294.97095561027527 286
1677118007688 296.7790777683258 287
1677118007937 297.02727127075195 288
1677118009732 298.8204002380371 289
1677118009980 299.0715169906616 290
1677118011805 300.93065214157104 291
1677118012057 301.14492535591125 292
1677118013864 302.95178627967834 293
1677118014108 303.2022616863251 294
1677118015882 304.9700565338135 295
1677118016132 305.2220072746277 296
1677118017963 307.05012249946594 297
1677118018216 307.3048975467682 298
1677118020009 309.1004981994629 299
1677118020265 309.3538718223572 300
1677118020535 309.6158890724182 301
