1677117715505 0.0039064884185791016 1
1677117715740 0.0039064884185791016 2
1677117717511 0.0039064884185791016 3
1677117717743 0.0039064884185791016 4
1677117719535 0.0039064884185791016 5
1677117719768 0.0039064884185791016 6
1677117721537 0.0039064884185791016 7
1677117721771 0.0039064884185791016 8
1677117723574 0.0039064884185791016 9
1677117723806 0.0039064884185791016 10
1677117725554 0.0039064884185791016 11
1677117725786 0.0039064884185791016 12
1677117727536 0.0039064884185791016 13
1677117727779 0.0039064884185791016 14
1677117729537 0.0039064884185791016 15
1677117729770 0.0039064884185791016 16
1677117731590 0.0039064884185791016 17
1677117731849 0.0039064884185791016 18
1677117733655 0.0039064884185791016 19
1677117733892 0.0039064884185791016 20
1677117735696 0.0039064884185791016 21
1677117735932 0.0039064884185791016 22
1677117737711 0.0039064884185791016 23
1677117737946 0.0039064884185791016 24
1677117739698 0.0039064884185791016 25
1677117739940 0.0039064884185791016 26
1677117741724 0.0039064884185791016 27
1677117741961 0.0039064884185791016 28
1677117743729 0.0039064884185791016 29
1677117743967 0.0039064884185791016 30
1677117745713 0.0039064884185791016 31
1677117745949 0.0039064884185791016 32
1677117747713 0.0039064884185791016 33
1677117747955 0.0039064884185791016 34
1677117749730 0.0039064884185791016 35
1677117749965 0.0039064884185791016 36
1677117751753 0.0039064884185791016 37
1677117751995 0.0039064884185791016 38
1677117753776 0.0039064884185791016 39
1677117754012 0.0039064884185791016 40
1677117755763 0.0039064884185791016 41
1677117756001 0.0039064884185791016 42
1677117757722 0.0039064884185791016 43
1677117757963 0.0039064884185791016 44
1677117759771 0.0039064884185791016 45
1677117760008 0.0039064884185791016 46
1677117761821 0.0039064884185791016 47
1677117762062 0.0039064884185791016 48
1677117763854 0.0039064884185791016 49
1677117764099 0.0039064884185791016 50
1677117765875 0.0039064884185791016 51
1677117766113 0.0039064884185791016 52
1677117767930 0.0039064884185791016 53
1677117768168 0.0039064884185791016 54
1677117770000 0.0039064884185791016 55
1677117770239 0.0039064884185791016 56
1677117772006 0.0039064884185791016 57
1677117772244 0.0039064884185791016 58
1677117773999 0.0039064884185791016 59
1677117774238 0.0039064884185791016 60
1677117776020 0.0039064884185791016 61
1677117776259 0.0039064884185791016 62
1677117778080 0.0039064884185791016 63
1677117778318 0.0039064884185791016 64
1677117780099 0.0039064884185791016 65
1677117780341 0.0039064884185791016 66
1677117782121 0.0039064884185791016 67
1677117782364 0.0039064884185791016 68
1677117784139 0.0039064884185791016 69
1677117784374 0.0039064884185791016 70
1677117786134 0.0039064884185791016 71
1677117786377 0.0039064884185791016 72
1677117788151 0.0039064884185791016 73
1677117788387 0.0039064884185791016 74
1677117790148 0.0039064884185791016 75
1677117790389 0.0039064884185791016 76
1677117792165 0.0039064884185791016 77
1677117792413 0.0039064884185791016 78
1677117794195 0.0039064884185791016 79
1677117794442 0.0039064884185791016 80
1677117796222 0.0039064884185791016 81
1677117796482 0.0039064884185791016 82
1677117798275 0.0039064884185791016 83
1677117798516 0.0039064884185791016 84
1677117800303 0.0039064884185791016 85
1677117800549 0.0039064884185791016 86
1677117802332 0.0039064884185791016 87
1677117802574 0.0039064884185791016 88
1677117804325 0.0039064884185791016 89
1677117804575 0.0039064884185791016 90
1677117806405 0.0039064884185791016 91
1677117806651 0.0039064884185791016 92
1677117808431 0.0039064884185791016 93
1677117808673 0.0039064884185791016 94
1677117810448 0.0039064884185791016 95
1677117810693 0.0039064884185791016 96
1677117812486 0.0039064884185791016 97
1677117812730 0.0039064884185791016 98
1677117814498 0.0039064884185791016 99
1677117814739 0.0039064884185791016 100
1677117816563 0.0039064884185791016 101
1677117816800 0.0039064884185791016 102
1677117818590 0.0039064884185791016 103
1677117818831 0.0039064884185791016 104
1677117820605 0.0039064884185791016 105
1677117820842 0.0039064884185791016 106
1677117822647 0.0039064884185791016 107
1677117822893 0.0039064884185791016 108
1677117824688 0.0039064884185791016 109
1677117824951 0.0039064884185791016 110
1677117826719 0.0039064884185791016 111
1677117826961 0.0039064884185791016 112
1677117828740 0.0039064884185791016 113
1677117828979 0.0039064884185791016 114
1677117830743 0.0039064884185791016 115
1677117830984 0.0039064884185791016 116
1677117832730 0.0039064884185791016 117
1677117832972 0.0039064884185791016 118
1677117834795 0.0039064884185791016 119
1677117835042 0.0039064884185791016 120
1677117837002 0.0039064884185791016 121
1677117837493 0.0039064884185791016 122
1677117839935 0.0039064884185791016 123
1677117840201 0.0039064884185791016 124
1677117842052 0.0039064884185791016 125
1677117842305 0.0039064884185791016 126
1677117844226 0.0039064884185791016 127
1677117844486 0.0039064884185791016 128
1677117846400 0.0039064884185791016 129
1677117846615 0.0039064884185791016 130
1677117848452 0.0039064884185791016 131
1677117848697 0.0039064884185791016 132
1677117850464 0.0039064884185791016 133
1677117850706 0.0039064884185791016 134
1677117852470 0.0039064884185791016 135
1677117852715 0.0039064884185791016 136
1677117854472 0.0039064884185791016 137
1677117854717 0.0039064884185791016 138
1677117856515 0.0039064884185791016 139
1677117856758 0.0039064884185791016 140
1677117858536 0.0039064884185791016 141
1677117858798 0.0039064884185791016 142
1677117860641 0.0039064884185791016 143
1677117860891 0.0039064884185791016 144
1677117862706 0.0039064884185791016 145
1677117862953 0.0039064884185791016 146
1677117864768 0.0039064884185791016 147
1677117865012 0.0039064884185791016 148
1677117866816 0.0039064884185791016 149
1677117867068 0.0039064884185791016 150
1677117868887 0.0039064884185791016 151
1677117869141 0.0039064884185791016 152
1677117870919 0.0039064884185791016 153
1677117871171 0.0039064884185791016 154
1677117872945 0.0039064884185791016 155
1677117873190 0.0039064884185791016 156
1677117874990 0.0039064884185791016 157
1677117875231 0.0039064884185791016 158
1677117877029 0.0039064884185791016 159
1677117877275 0.0039064884185791016 160
1677117879061 0.0039064884185791016 161
1677117879307 0.0039064884185791016 162
1677117881079 0.0039064884185791016 163
1677117881321 0.0039064884185791016 164
1677117883130 0.0039064884185791016 165
1677117883374 0.0039064884185791016 166
1677117885141 0.0039064884185791016 167
1677117885387 0.0039064884185791016 168
1677117887276 0.0039064884185791016 169
1677117887520 0.0039064884185791016 170
1677117889282 0.0039064884185791016 171
1677117889525 0.0039064884185791016 172
1677117891299 0.0039064884185791016 173
1677117891548 0.0039064884185791016 174
1677117893292 0.0039064884185791016 175
1677117893536 0.0039064884185791016 176
1677117895310 0.0039064884185791016 177
1677117895552 0.0039064884185791016 178
1677117897369 0.0039064884185791016 179
1677117897622 0.0039064884185791016 180
1677117899411 0.0039064884185791016 181
1677117899657 0.0039064884185791016 182
1677117901421 0.0039064884185791016 183
1677117901665 0.0039064884185791016 184
1677117903439 0.0039064884185791016 185
1677117903685 0.0039064884185791016 186
1677117905465 0.0039064884185791016 187
1677117905712 0.0039064884185791016 188
1677117907544 0.0039064884185791016 189
1677117907791 0.0039064884185791016 190
1677117909642 0.0039064884185791016 191
1677117909890 0.0039064884185791016 192
1677117911704 0.0039064884185791016 193
1677117911949 0.0039064884185791016 194
1677117913847 0.0039064884185791016 195
1677117914108 0.0039064884185791016 196
1677117915901 0.0039064884185791016 197
1677117916149 0.0039064884185791016 198
1677117917913 0.0039064884185791016 199
1677117918158 0.0039064884185791016 200
1677117919944 0.0039064884185791016 201
1677117920192 0.0039064884185791016 202
1677117921959 0.0039064884185791016 203
1677117922208 0.0039064884185791016 204
1677117924028 0.0039064884185791016 205
1677117924280 0.0039064884185791016 206
1677117926061 0.0039064884185791016 207
1677117926307 0.0039064884185791016 208
1677117928109 0.0039064884185791016 209
1677117928358 0.0039064884185791016 210
1677117930151 0.0039064884185791016 211
1677117930396 0.0039064884185791016 212
1677117932181 0.0039064884185791016 213
1677117932429 0.0039064884185791016 214
1677117934183 0.0039064884185791016 215
1677117934431 0.0039064884185791016 216
1677117936193 0.0039064884185791016 217
1677117936437 0.0039064884185791016 218
1677117938226 0.0039064884185791016 219
1677117938477 0.0039064884185791016 220
1677117940229 0.0039064884185791016 221
1677117940482 0.0039064884185791016 222
1677117942244 0.0039064884185791016 223
1677117942491 0.0039064884185791016 224
1677117944292 0.0039064884185791016 225
1677117944546 0.0039064884185791016 226
1677117946367 0.0039064884185791016 227
1677117946618 0.0039064884185791016 228
1677117948419 0.0039064884185791016 229
1677117948673 0.0039064884185791016 230
1677117950441 0.0039064884185791016 231
1677117950695 0.0039064884185791016 232
1677117952432 0.0039064884185791016 233
1677117952687 0.0039064884185791016 234
1677117954480 0.0039064884185791016 235
1677117954731 0.0039064884185791016 236
1677117956606 0.0039064884185791016 237
1677117956856 0.0039064884185791016 238
1677117958683 0.0039064884185791016 239
1677117958938 0.0039064884185791016 240
1677117960741 0.0039064884185791016 241
1677117960989 0.0039064884185791016 242
1677117962798 0.0039064884185791016 243
1677117963052 0.0039064884185791016 244
1677117964891 0.0039064884185791016 245
1677117965147 0.0039064884185791016 246
1677117966914 0.0039064884185791016 247
1677117967162 0.0039064884185791016 248
1677117968934 0.0039064884185791016 249
1677117969187 0.0039064884185791016 250
1677117970958 0.0039064884185791016 251
1677117971219 0.0039064884185791016 252
1677117973011 0.0039064884185791016 253
1677117973265 0.0039064884185791016 254
1677117975111 0.0039064884185791016 255
1677117975361 0.0039064884185791016 256
1677117977154 0.0039064884185791016 257
1677117977408 0.0039064884185791016 258
1677117979194 0.0039064884185791016 259
1677117979443 0.0039064884185791016 260
1677117981212 0.0039064884185791016 261
1677117981461 0.0039064884185791016 262
1677117983222 0.0039064884185791016 263
1677117983468 0.0039064884185791016 264
1677117985242 0.0039064884185791016 265
1677117985492 0.0039064884185791016 266
1677117987305 0.0039064884185791016 267
1677117987554 0.0039064884185791016 268
1677117989324 0.0039064884185791016 269
1677117989583 0.0039064884185791016 270
1677117991384 0.0039064884185791016 271
1677117991633 0.0039064884185791016 272
1677117993439 0.0039064884185791016 273
1677117993692 0.0039064884185791016 274
1677117995469 0.0039064884185791016 275
1677117995723 0.0039064884185791016 276
1677117997467 0.0039064884185791016 277
1677117997717 0.0039064884185791016 278
1677117999485 0.0039064884185791016 279
1677117999737 0.0039064884185791016 280
1677118001521 0.0039064884185791016 281
1677118001790 0.0039064884185791016 282
1677118003581 0.0039064884185791016 283
1677118003833 0.0039064884185791016 284
1677118005641 0.0039064884185791016 285
1677118005893 0.0039064884185791016 286
1677118007694 0.0039064884185791016 287
1677118007944 0.0039064884185791016 288
1677118009739 0.0039064884185791016 289
1677118009987 0.0039064884185791016 290
1677118011812 0.0039064884185791016 291
1677118012064 0.0039064884185791016 292
1677118013871 0.0039064884185791016 293
1677118014115 0.0039064884185791016 294
1677118015889 0.0039064884185791016 295
1677118016139 0.0039064884185791016 296
1677118017970 0.0039064884185791016 297
1677118018223 0.0039064884185791016 298
1677118020018 0.0039064884185791016 299
1677118020272 0.0039064884185791016 300
1677118020543 0.0039064884185791016 301
