1679698979319 3.2544476985931396 1
1679698979582 3.4961822032928467 2
1679698980671 4.580872535705566 3
1679698980850 4.768874168395996 4
1679698981767 5.68300986289978 5
1679698981931 5.851017713546753 6
1679698982896 6.840511083602905 7
1679698983164 7.082994699478149 8
1679698984083 7.998052358627319 9
1679698984261 8.174613237380981 10
1679698985221 9.141981840133667 11
1679698985385 9.30513310432434 12
1679698986354 10.270775318145752 13
1679698986594 10.50898003578186 14
1679698987610 11.52099323272705 15
1679698987797 11.707419633865356 16
1679698988759 12.673932790756226 17
1679698988927 12.842325210571289 18
1679698989877 13.79658317565918 19
1679698990110 14.029515027999878 20
1679698991122 15.016989469528198 21
1679698991298 15.217246294021606 22
1679698992201 16.12201166152954 23
1679698992354 16.27560257911682 24
1679698993244 17.16230273246765 25
1679698993490 17.408188819885254 26
1679698994443 18.357073545455933 27
1679698994615 18.52607774734497 28
1679698995465 19.413068771362305 29
1679698995622 19.538419246673584 30
1679698996511 20.428048133850098 31
1679698996747 20.668017625808716 32
1679698997664 21.584609031677246 33
1679698997821 21.740920066833496 34
1679698998751 22.67092990875244 35
1679698998910 22.82707715034485 36
1679698999814 23.73046326637268 37
1679699000043 23.961997032165527 38
1679699000926 24.84509038925171 39
1679699001087 25.005393266677856 40
1679699001988 25.9057879447937 41
1679699002160 26.07503318786621 42
1679699003059 26.968011617660522 43
1679699003304 27.222925662994385 44
1679699004195 28.112292528152466 45
1679699004372 28.286114931106567 46
1679699005332 29.246052742004395 47
1679699005496 29.409142017364502 48
1679699006422 30.339473247528076 49
1679699006663 30.57989740371704 50
1679699007624 31.540153980255127 51
1679699007795 31.71128225326538 52
1679699008731 32.64712357521057 53
1679699008903 32.81507992744446 54
1679699009910 33.826886892318726 55
1679699010125 34.07045793533325 56
1679699011079 35.02507138252258 57
1679699011244 35.15993690490723 58
1679699012237 36.15194296836853 59
1679699012402 36.31754469871521 60
1679699013328 37.24068856239319 61
1679699013588 37.49910759925842 62
1679699014544 38.444085359573364 63
1679699014738 38.64605212211609 64
1679699015758 39.65995478630066 65
1679699015953 39.857017278671265 66
1679699016955 40.858280420303345 67
1679699017207 41.122933864593506 68
1679699018131 42.042184829711914 69
1679699018301 42.214436054229736 70
1679699019274 43.18833661079407 71
1679699019456 43.36899471282959 72
1679699020452 44.36992287635803 73
1679699020708 44.62077736854553 74
1679699021696 45.60512065887451 75
1679699021867 45.80945134162903 76
1679699022937 46.84287238121033 77
1679699023105 47.01976728439331 78
1679699024051 47.96363091468811 79
1679699024310 48.22359251976013 80
1679699025291 49.203983545303345 81
1679699025461 49.37287735939026 82
1679699026372 50.287994623184204 83
1679699026531 50.4450261592865 84
1679699027439 51.350523710250854 85
1679699027675 51.59193515777588 86
1679699028596 52.509164810180664 87
1679699028764 52.67560005187988 88
1679699029715 53.62554740905762 89
1679699029883 53.79711651802063 90
1679699030854 54.76702570915222 91
1679699031139 55.050941705703735 92
1679699032092 56.00184941291809 93
1679699032267 56.18195629119873 94
1679699033213 57.12199330329895 95
1679699033392 57.301865100860596 96
1679699034348 58.2610297203064 97
1679699034613 58.518972873687744 98
1679699035572 59.48405051231384 99
1679699035741 59.65502858161926 100
1679699036676 60.586182832717896 101
1679699036844 60.757954120635986 102
1679699037812 61.721781969070435 103
1679699038060 61.97405004501343 104
1679699038977 62.88943815231323 105
1679699039143 63.057000160217285 106
1679699040068 64.0109794139862 107
1679699040238 64.149897813797 108
1679699041175 65.08500385284424 109
1679699041503 65.39412808418274 110
1679699042489 66.39804434776306 111
1679699042666 66.57086944580078 112
1679699043603 67.51455187797546 113
1679699043768 67.68070602416992 114
1679699044721 68.63596224784851 115
1679699044963 68.87684941291809 116
1679699045903 69.81678509712219 117
1679699046073 69.9839928150177 118
1679699047063 70.9719066619873 119
1679699047232 71.14644193649292 120
1679699048195 72.10989236831665 121
1679699048445 72.35403084754944 122
1679699049419 73.32795286178589 123
1679699049596 73.49886584281921 124
1679699050546 74.45693945884705 125
1679699050713 74.626455783844 126
1679699051661 75.56576919555664 127
1679699051924 75.83034753799438 128
1679699052922 76.79873895645142 129
1679699053114 77.01771879196167 130
1679699054056 77.96283769607544 131
1679699054237 78.14541220664978 132
1679699055159 79.10386991500854 133
1679699055405 79.3178641796112 134
1679699056330 80.23973631858826 135
1679699056494 80.40691256523132 136
1679699057445 81.35287737846375 137
1679699057612 81.5240113735199 138
1679699058552 82.45789337158203 139
1679699058812 82.72494649887085 140
1679699059867 83.76681518554688 141
1679699060052 83.96284651756287 142
1679699061056 84.95723295211792 143
1679699061229 85.13477826118469 144
1679699062261 86.17064070701599 145
1679699062517 86.42981171607971 146
1679699063618 87.50972986221313 147
1679699063836 87.72958302497864 148
1679699065007 88.89787244796753 149
1679699065232 89.12641310691833 150
1679699066220 90.12288904190063 151
1679699066485 90.39275860786438 152
1679699067488 91.39179968833923 153
1679699067663 91.57282423973083 154
1679699068588 92.49716091156006 155
1679699068784 92.67356991767883 156
1679699069907 93.7969799041748 157
1679699070167 94.10506010055542 158
1679699071321 95.20770382881165 159
1679699071536 95.41887331008911 160
1679699072699 96.59282732009888 161
1679699072892 96.7909574508667 162
1679699073963 97.8609778881073 163
1679699074237 98.14311385154724 164
1679699075271 99.17595386505127 165
1679699075460 99.36784672737122 166
1679699076503 100.39872455596924 167
1679699076701 100.59593558311462 168
1679699077735 101.62802219390869 169
1679699078002 101.90393161773682 170
1679699078950 102.85508036613464 171
1679699079125 103.03289198875427 172
1679699080119 104.02189445495605 173
1679699080295 104.2017982006073 174
1679699081332 105.23978924751282 175
1679699081593 105.49589014053345 176
1679699082584 106.48787999153137 177
1679699082754 106.66296577453613 178
1679699083746 107.64980006217957 179
1679699083927 107.8358564376831 180
1679699084921 108.82685708999634 181
1679699085149 109.09276914596558 182
1679699086104 110.00980997085571 183
1679699086290 110.1939902305603 184
1679699087256 111.16487574577332 185
1679699087437 111.341965675354 186
1679699088418 112.31883764266968 187
1679699088700 112.59400606155396 188
1679699089731 113.63396549224854 189
1679699089909 113.81489729881287 190
1679699090882 114.78076004981995 191
1679699091076 114.97960638999939 192
1679699092093 115.99738621711731 193
1679699092364 116.26207423210144 194
1679699093383 117.2872326374054 195
1679699093571 117.471750497818 196
1679699094583 118.48539018630981 197
1679699094771 118.67181944847107 198
1679699095759 119.66344475746155 199
1679699096022 119.92877316474915 200
1679699097040 120.93706607818604 201
1679699097243 121.14592361450195 202
1679699098205 122.11186742782593 203
1679699098385 122.28834915161133 204
1679699099334 123.23488521575928 205
1679699099610 123.51104688644409 206
1679699100557 124.5003011226654 207
1679699100789 124.68697881698608 208
1679699101762 125.66188287734985 209
1679699101952 125.85516667366028 210
1679699102930 126.83389234542847 211
1679699103190 127.09491872787476 212
1679699104153 128.0580279827118 213
1679699104333 128.23879885673523 214
1679699105298 129.20393228530884 215
1679699105482 129.38470602035522 216
1679699106467 130.36777782440186 217
1679699106729 130.63028168678284 218
1679699107741 131.64584112167358 219
1679699107927 131.82976984977722 220
1679699108901 132.80830335617065 221
1679699109084 132.98678636550903 222
1679699110124 134.02602529525757 223
1679699110388 134.29167008399963 224
1679699111512 135.41172122955322 225
1679699111712 135.61445808410645 226
1679699112779 136.68174171447754 227
1679699112965 136.87169313430786 228
1679699113995 137.89708161354065 229
1679699114258 138.1637146472931 230
1679699115199 139.14022731781006 231
1679699115432 139.3320505619049 232
1679699116501 140.40397429466248 233
1679699116694 140.59182405471802 234
1679699117689 141.5867795944214 235
1679699118018 141.89776134490967 236
1679699119166 143.0570104122162 237
1679699119388 143.27598214149475 238
1679699120401 144.30468130111694 239
1679699120576 144.4805085659027 240
1679699121589 145.48680138587952 241
1679699121874 145.7707052230835 242
1679699123090 146.9702422618866 243
1679699123328 147.21796894073486 244
1679699124519 148.40878701210022 245
1679699124758 148.64537239074707 246
1679699125835 149.728750705719 247
1679699126137 150.0327708721161 248
1679699127164 151.0643663406372 249
1679699127338 151.24268865585327 250
1679699128319 152.2171540260315 251
1679699128511 152.4109194278717 252
1679699129589 153.48586797714233 253
1679699129856 153.76262784004211 254
1679699130796 154.7377278804779 255
1679699130982 154.88071489334106 256
1679699132068 155.96455788612366 257
1679699132269 156.16199374198914 258
1679699133264 157.16822624206543 259
1679699133521 157.42484283447266 260
1679699134503 158.40581703186035 261
1679699134692 158.5916519165039 262
1679699135676 159.57959604263306 263
1679699135858 159.76281762123108 264
1679699136883 160.77405619621277 265
1679699137164 161.0589497089386 266
1679699138124 162.03049993515015 267
1679699138313 162.2159881591797 268
1679699139279 163.17858958244324 269
1679699139481 163.3804624080658 270
1679699140465 164.36776089668274 271
1679699140728 164.6317069530487 272
1679699141718 165.61985421180725 273
1679699141918 165.81788897514343 274
1679699142946 166.8486897945404 275
1679699143130 167.0292308330536 276
1679699144121 168.0226218700409 277
1679699144400 168.30014944076538 278
1679699145396 169.3372359275818 279
1679699145591 169.49015831947327 280
1679699146583 170.47976756095886 281
1679699146769 170.6688506603241 282
1679699147861 171.75963425636292 283
1679699148146 172.03916788101196 284
1679699149189 173.08047080039978 285
1679699149403 173.29654669761658 286
1679699150418 174.31775331497192 287
1679699150600 174.5006411075592 288
1679699151583 175.48365116119385 289
1679699151875 175.77063512802124 290
1679699153029 176.9178273677826 291
1679699153245 177.13917541503906 292
1679699154298 178.18770718574524 293
1679699154527 178.4067907333374 294
1679699155706 179.59263396263123 295
1679699155989 179.88670086860657 296
1679699157079 180.9736611843109 297
1679699157281 181.1739490032196 298
1679699158277 182.17478346824646 299
1679699158470 182.36624836921692 300
1679699158592 182.49603533744812 301
