1679775968551 1.0 1
1679775968742 2.0 2
1679775969800 3.0 3
1679775969983 4.0 4
1679775970907 5.0 5
1679775971093 6.0 6
1679775972030 7.0 7
1679775972199 8.0 8
1679775973193 9.0 9
1679775973373 10.0 10
1679775974306 11.0 11
1679775974508 12.0 12
1679775975554 13.0 13
1679775975736 14.0 14
1679775976706 15.0 15
1679775977001 16.0 16
1679775978001 17.0 17
1679775978182 18.0 18
1679775979152 19.0 19
1679775979341 20.0 20
1679775980364 21.0 21
1679775980632 22.0 22
1679775981587 23.0 23
1679775981768 24.0 24
1679775982807 25.0 25
1679775983005 26.0 26
1679775984046 27.0 27
1679775984255 28.0 28
1679775985366 29.0 29
1679775985569 30.0 30
1679775986603 31.0 31
1679775986798 32.0 32
1679775987837 33.0 33
1679775988041 34.0 34
1679775989116 35.0 35
1679775989303 36.0 36
1679775990264 37.0 37
1679775990440 38.0 38
1679775991397 39.0 39
1679775991570 40.0 40
1679775992580 41.0 41
1679775992783 42.0 42
1679775993763 43.0 43
1679775993954 44.0 44
1679775994930 45.0 45
1679775995121 46.0 46
1679775996084 47.0 47
1679775996292 48.0 48
1679775997382 49.0 49
1679775997566 50.0 50
1679775998552 51.0 51
1679775998744 52.0 52
1679775999740 53.0 53
1679775999934 54.0 54
1679776000982 55.0 55
1679776001170 56.0 56
1679776002187 57.0 57
1679776002369 58.0 58
1679776003347 59.0 59
1679776003544 60.0 60
1679776004510 61.0 61
1679776004792 62.0 62
1679776005822 63.0 63
1679776006026 64.0 64
1679776007006 65.0 65
1679776007219 66.0 66
1679776008196 67.0 67
1679776008461 68.0 68
1679776009416 69.0 69
1679776009619 70.0 70
1679776010574 71.0 71
1679776010754 72.0 72
1679776011671 73.0 73
1679776011849 74.0 74
1679776012924 75.0 75
1679776013128 76.0 76
1679776014154 77.0 77
1679776014360 78.0 78
1679776015402 79.0 79
1679776015611 80.0 80
1679776016795 81.0 81
1679776017001 82.0 82
1679776018010 83.0 83
1679776018216 84.0 84
1679776019229 85.0 85
1679776019436 86.0 86
1679776020493 87.0 87
1679776020693 88.0 88
1679776021705 89.0 89
1679776021898 90.0 90
1679776022882 91.0 91
1679776023070 92.0 92
1679776024141 93.0 93
1679776024329 94.0 94
1679776025377 95.0 95
1679776025564 96.0 96
1679776026573 97.0 97
1679776026762 98.0 98
1679776027732 99.0 99
1679776027923 100.0 100
1679776028995 101.0 101
1679776029194 102.0 102
1679776030141 103.0 103
1679776030316 104.0 104
1679776031242 105.0 105
1679776031427 106.0 106
1679776032372 107.0 107
1679776032640 108.0 108
1679776033571 109.0 109
1679776033756 110.0 110
1679776034729 111.0 111
1679776034937 112.0 112
1679776035943 113.0 113
1679776036147 114.0 114
1679776037228 115.0 115
1679776037451 116.0 116
1679776038444 117.0 117
1679776038643 118.0 118
1679776039623 119.0 119
1679776039815 120.0 120
1679776040904 121.0 121
1679776041099 122.0 122
1679776042151 123.0 123
1679776042370 124.0 124
1679776043428 125.0 125
1679776043631 126.0 126
1679776044771 127.0 127
1679776044973 128.0 128
1679776046082 129.0 129
1679776046298 130.0 130
1679776047290 131.0 131
1679776047472 132.0 132
1679776048446 133.0 133
1679776048628 134.0 134
1679776049659 135.0 135
1679776049843 136.0 136
1679776050788 137.0 137
1679776050985 138.0 138
1679776051934 139.0 139
1679776052125 140.0 140
1679776053122 141.0 141
1679776053319 142.0 142
1679776054308 143.0 143
1679776054497 144.0 144
1679776055490 145.0 145
1679776055682 146.0 146
1679776056666 147.0 147
1679776056975 148.0 148
1679776057952 149.0 149
1679776058143 150.0 150
1679776059139 151.0 151
1679776059326 152.0 152
1679776060310 153.0 153
1679776060493 154.0 154
1679776061545 155.0 155
1679776061734 156.0 156
1679776062728 157.0 157
1679776062918 158.0 158
1679776063911 159.0 159
1679776064125 160.0 160
1679776065212 161.0 161
1679776065404 162.0 162
1679776066380 163.0 163
1679776066570 164.0 164
1679776067544 165.0 165
1679776067761 166.0 166
1679776068869 167.0 167
1679776069066 168.0 168
1679776070075 169.0 169
1679776070264 170.0 170
1679776071227 171.0 171
1679776071406 172.0 172
1679776072340 173.0 173
1679776072668 174.0 174
1679776073700 175.0 175
1679776073906 176.0 176
1679776074924 177.0 177
1679776075150 178.0 178
1679776076194 179.0 179
1679776076402 180.0 180
1679776077533 181.0 181
1679776077731 182.0 182
1679776078738 183.0 183
1679776078934 184.0 184
1679776079913 185.0 185
1679776080106 186.0 186
1679776081169 187.0 187
1679776081359 188.0 188
1679776082344 189.0 189
1679776082536 190.0 190
1679776083521 191.0 191
1679776083732 192.0 192
1679776084769 193.0 193
1679776085051 194.0 194
1679776086045 195.0 195
1679776086257 196.0 196
1679776087289 197.0 197
1679776087490 198.0 198
1679776088464 199.0 199
1679776088660 200.0 200
1679776089780 201.0 201
1679776089985 202.0 202
1679776090945 203.0 203
1679776091143 204.0 204
1679776092137 205.0 205
1679776092327 206.0 206
1679776093354 207.0 207
1679776093542 208.0 208
1679776094496 209.0 209
1679776094706 210.0 210
1679776095697 211.0 211
1679776095893 212.0 212
1679776096950 213.0 213
1679776097157 214.0 214
1679776098150 215.0 215
1679776098346 216.0 216
1679776099328 217.0 217
1679776099524 218.0 218
1679776100547 219.0 219
1679776100747 220.0 220
1679776101854 221.0 221
1679776102077 222.0 222
1679776103193 223.0 223
1679776103401 224.0 224
1679776104470 225.0 225
1679776104693 226.0 226
1679776105847 227.0 227
1679776106057 228.0 228
1679776107051 229.0 229
1679776107244 230.0 230
1679776108243 231.0 231
1679776108439 232.0 232
1679776109437 233.0 233
1679776109717 234.0 234
1679776110710 235.0 235
1679776110900 236.0 236
1679776111859 237.0 237
1679776112051 238.0 238
1679776112996 239.0 239
1679776113310 240.0 240
1679776114283 241.0 241
1679776114477 242.0 242
1679776115483 243.0 243
1679776115698 244.0 244
1679776116670 245.0 245
1679776116868 246.0 246
1679776117974 247.0 247
1679776118179 248.0 248
1679776119188 249.0 249
1679776119388 250.0 250
1679776120397 251.0 251
1679776120596 252.0 252
1679776121686 253.0 253
1679776121901 254.0 254
1679776122902 255.0 255
1679776123108 256.0 256
1679776124098 257.0 257
1679776124314 258.0 258
1679776125472 259.0 259
1679776125678 260.0 260
1679776126722 261.0 261
1679776126936 262.0 262
1679776127946 263.0 263
1679776128154 264.0 264
1679776129139 265.0 265
1679776129361 266.0 266
1679776130418 267.0 267
1679776130609 268.0 268
1679776131595 269.0 269
1679776131802 270.0 270
1679776132897 271.0 271
1679776133128 272.0 272
1679776134245 273.0 273
1679776134484 274.0 274
1679776135531 275.0 275
1679776135759 276.0 276
1679776136800 277.0 277
1679776137026 278.0 278
1679776138066 279.0 279
1679776138353 280.0 280
1679776139357 281.0 281
1679776139571 282.0 282
1679776140604 283.0 283
1679776140814 284.0 284
1679776141815 285.0 285
1679776142128 286.0 286
1679776143130 287.0 287
1679776143324 288.0 288
1679776144318 289.0 289
1679776144526 290.0 290
1679776145580 291.0 291
1679776145795 292.0 292
1679776146893 293.0 293
1679776147110 294.0 294
1679776148134 295.0 295
1679776148333 296.0 296
1679776149338 297.0 297
1679776149542 298.0 298
1679776150608 299.0 299
1679776150805 300.0 300
1679776150937 301.0 301
