1679775968548 19.239371061325073 1
1679775968739 19.415419816970825 2
1679775969797 20.474565982818604 3
1679775969981 20.655685663223267 4
1679775970904 21.58262586593628 5
1679775971089 21.760568857192993 6
1679775972026 22.695455074310303 7
1679775972195 22.874659776687622 8
1679775973190 23.864830017089844 9
1679775973370 24.043604373931885 10
1679775974302 24.982473134994507 11
1679775974502 25.1723313331604 12
1679775975550 26.218343019485474 13
1679775975733 26.40846014022827 14
1679775976703 27.379337310791016 15
1679775976998 27.66954278945923 16
1679775977997 28.672741889953613 17
1679775978179 28.85676336288452 18
1679775979149 29.824278831481934 19
1679775979338 30.012398958206177 20
1679775980361 31.027304887771606 21
1679775980628 31.302403926849365 22
1679775981585 32.257407903671265 23
1679775981765 32.43876075744629 24
1679775982803 33.472832441329956 25
1679775983000 33.669458627700806 26
1679775984043 34.7043399810791 27
1679775984249 34.918519496917725 28
1679775985364 36.034584760665894 29
1679775985564 36.23135805130005 30
1679775986601 37.27360916137695 31
1679775986795 37.4645676612854 32
1679775987833 38.502395153045654 33
1679775988037 38.70238709449768 34
1679775989113 39.7749457359314 35
1679775989299 39.97043490409851 36
1679775990261 40.92248225212097 37
1679775990438 41.11037731170654 38
1679775991394 42.067615270614624 39
1679775991567 42.24238133430481 40
1679775992576 43.24122428894043 41
1679775992780 43.44373083114624 42
1679775993761 44.429181814193726 43
1679775993951 44.61992311477661 44
1679775994927 45.5926468372345 45
1679775995116 45.786882400512695 46
1679775996081 46.75367593765259 47
1679775996290 46.95403456687927 48
1679775997380 48.05079388618469 49
1679775997563 48.234580755233765 50
1679775998550 49.2240195274353 51
1679775998740 49.409422159194946 52
1679775999736 50.40351724624634 53
1679775999930 50.594072580337524 54
1679776000979 51.653629541397095 55
1679776001167 51.83555722236633 56
1679776002184 52.85458993911743 57
1679776002366 53.039355993270874 58
1679776003345 54.01931405067444 59
1679776003542 54.20757246017456 60
1679776004507 55.178471326828 61
1679776004789 55.45846605300903 62
1679776005819 56.48448157310486 63
1679776006023 56.68363833427429 64
1679776007002 57.67024612426758 65
1679776007216 57.86839199066162 66
1679776008194 58.86531591415405 67
1679776008458 59.131415605545044 68
1679776009413 60.08358931541443 69
1679776009616 60.2815420627594 70
1679776010571 61.237722635269165 71
1679776010752 61.42567181587219 72
1679776011668 62.34063529968262 73
1679776011847 62.51952314376831 74
1679776012921 63.58663272857666 75
1679776013126 63.7873318195343 76
1679776014150 64.81030821800232 77
1679776014356 65.02136373519897 78
1679776015399 66.06214332580566 79
1679776015608 66.26750159263611 80
1679776016792 67.45768332481384 81
1679776016999 67.66532516479492 82
1679776018005 68.67153263092041 83
1679776018212 68.8774733543396 84
1679776019227 69.88840770721436 85
1679776019431 70.09640336036682 86
1679776020490 71.1609959602356 87
1679776020690 71.35758304595947 88
1679776021702 72.36853694915771 89
1679776021895 72.56242036819458 90
1679776022878 73.54761409759521 91
1679776023066 73.73454141616821 92
1679776024138 74.80531430244446 93
1679776024325 74.99422407150269 94
1679776025374 76.04442501068115 95
1679776025561 76.23032736778259 96
1679776026570 77.23751592636108 97
1679776026759 77.42943835258484 98
1679776027729 78.39982175827026 99
1679776027922 78.58662605285645 100
1679776028993 79.6625771522522 101
1679776029191 79.85532903671265 102
1679776030138 80.8103358745575 103
1679776030314 80.98761916160583 104
1679776031240 81.90761232376099 105
1679776031424 82.09135723114014 106
1679776032369 83.04030990600586 107
1679776032637 83.30716919898987 108
1679776033568 84.23840117454529 109
1679776033752 84.42027473449707 110
1679776034725 85.39346694946289 111
1679776034933 85.59565162658691 112
1679776035940 86.6055052280426 113
1679776036142 86.80176115036011 114
1679776037225 87.88439226150513 115
1679776037446 88.1014187335968 116
1679776038442 89.10592651367188 117
1679776038641 89.3036789894104 118
1679776039620 90.28635239601135 119
1679776039812 90.48072624206543 120
1679776040900 91.56036281585693 121
1679776041097 91.75929045677185 122
1679776042149 92.80916857719421 123
1679776042367 93.0303635597229 124
1679776043423 94.0825982093811 125
1679776043626 94.28737664222717 126
1679776044768 95.43267583847046 127
1679776044970 95.63352823257446 128
1679776046078 96.7344331741333 129
1679776046295 96.95147252082825 130
1679776047286 97.95231175422668 131
1679776047469 98.13835597038269 132
1679776048444 99.1134934425354 133
1679776048626 99.29346513748169 134
1679776049655 100.32346725463867 135
1679776049841 100.51124715805054 136
1679776050785 101.4484977722168 137
1679776050982 101.64960670471191 138
1679776051931 102.5969181060791 139
1679776052122 102.79159188270569 140
1679776053119 103.78633546829224 141
1679776053315 103.97876906394958 142
1679776054304 104.97036099433899 143
1679776054494 105.1604220867157 144
1679776055487 106.15366792678833 145
1679776055679 106.34487652778625 146
1679776056663 107.3323621749878 147
1679776056971 107.63350296020508 148
1679776057949 108.60560965538025 149
1679776058141 108.80859684944153 150
1679776059136 109.79540228843689 151
1679776059323 109.99242615699768 152
1679776060307 110.974356174469 153
1679776060490 111.15932250022888 154
1679776061542 112.21225905418396 155
1679776061731 112.39630055427551 156
1679776062725 113.38945579528809 157
1679776062916 113.57728934288025 158
1679776063909 114.5682623386383 159
1679776064121 114.77847075462341 160
1679776065210 115.87556219100952 161
1679776065401 116.06540536880493 162
1679776066377 117.03660202026367 163
1679776066566 117.23342800140381 164
1679776067540 118.20542216300964 165
1679776067758 118.41647577285767 166
1679776068866 119.53006768226624 167
1679776069062 119.71993637084961 168
1679776070073 120.73927903175354 169
1679776070261 120.92739868164062 170
1679776071223 121.89055967330933 171
1679776071403 122.07219004631042 172
1679776072338 122.99435305595398 173
1679776072665 123.31515145301819 174
1679776073696 124.3573808670044 175
1679776073902 124.55926251411438 176
1679776074921 125.57872438430786 177
1679776075147 125.80237126350403 178
1679776076192 126.85025238990784 179
1679776076399 127.05736494064331 180
1679776077530 128.18924117088318 181
1679776077728 128.39113521575928 182
1679776078735 129.39918875694275 183
1679776078932 129.59337735176086 184
1679776079910 130.57459568977356 185
1679776080103 130.76526546478271 186
1679776081166 131.8315405845642 187
1679776081356 132.02139830589294 188
1679776082342 133.0033917427063 189
1679776082532 133.1977837085724 190
1679776083518 134.1804473400116 191
1679776083729 134.38845562934875 192
1679776084766 135.4315881729126 193
1679776085048 135.71237325668335 194
1679776086043 136.70710039138794 195
1679776086254 136.90715503692627 196
1679776087286 137.94774889945984 197
1679776087486 138.1493136882782 198
1679776088460 139.12577867507935 199
1679776088658 139.31924295425415 200
1679776089776 140.43460035324097 201
1679776089982 140.64220666885376 202
1679776090942 141.60117387771606 203
1679776091140 141.79998660087585 204
1679776092133 142.80128812789917 205
1679776092324 142.98646306991577 206
1679776093350 144.01526522636414 207
1679776093540 144.20216178894043 208
1679776094494 145.15458154678345 209
1679776094704 145.3603320121765 210
1679776095694 146.3525288105011 211
1679776095891 146.54928421974182 212
1679776096948 147.61378741264343 213
1679776097154 147.81325840950012 214
1679776098147 148.81004548072815 215
1679776098344 149.00725865364075 216
1679776099325 149.98553276062012 217
1679776099521 150.18549394607544 218
1679776100544 151.2046196460724 219
1679776100744 151.40429043769836 220
1679776101850 152.49527740478516 221
1679776102074 152.73216772079468 222
1679776103190 153.84604024887085 223
1679776103397 154.05524969100952 224
1679776104466 155.11624312400818 225
1679776104689 155.3422429561615 226
1679776105843 156.5002269744873 227
1679776106054 156.70815873146057 228
1679776107049 157.7114143371582 229
1679776107242 157.90502905845642 230
1679776108240 158.90018963813782 231
1679776108436 159.09702253341675 232
1679776109434 160.09624814987183 233
1679776109714 160.37526559829712 234
1679776110707 161.370370388031 235
1679776110897 161.55731010437012 236
1679776111856 162.51613426208496 237
1679776112047 162.70813131332397 238
1679776112993 163.65242266654968 239
1679776113307 163.95334362983704 240
1679776114280 164.94610238075256 241
1679776114473 165.13616752624512 242
1679776115481 166.14453172683716 243
1679776115696 166.35114884376526 244
1679776116667 167.33121943473816 245
1679776116865 167.53024983406067 246
1679776117971 168.62350273132324 247
1679776118176 168.83535528182983 248
1679776119184 169.84819340705872 249
1679776119384 170.0423765182495 250
1679776120394 171.0476689338684 251
1679776120592 171.25331830978394 252
1679776121682 172.3452503681183 253
1679776121897 172.55032014846802 254
1679776122899 173.5572669506073 255
1679776123106 173.76280522346497 256
1679776124094 174.75519967079163 257
1679776124310 174.96614527702332 258
1679776125469 176.12817549705505 259
1679776125675 176.33209252357483 260
1679776126718 177.37450861930847 261
1679776126933 177.58999943733215 262
1679776127943 178.6010777950287 263
1679776128150 178.81212449073792 264
1679776129135 179.79427027702332 265
1679776129358 180.01210498809814 266
1679776130416 181.07833576202393 267
1679776130606 181.26715564727783 268
1679776131592 182.25543093681335 269
1679776131799 182.4534831047058 270
1679776132894 183.53910160064697 271
1679776133126 183.775239944458 272
1679776134242 184.89571142196655 273
1679776134479 185.12433910369873 274
1679776135528 186.17740988731384 275
1679776135757 186.39815211296082 276
1679776136797 187.44867086410522 277
1679776137023 187.67523980140686 278
1679776138063 188.7228548526764 279
1679776138350 189.0092158317566 280
1679776139354 190.01534986495972 281
1679776139568 190.2201645374298 282
1679776140601 191.26122975349426 283
1679776140810 191.4699375629425 284
1679776141813 192.4678966999054 285
1679776142124 192.7732150554657 286
1679776143127 193.78313279151917 287
1679776143321 193.9827356338501 288
1679776144315 194.96927666664124 289
1679776144522 195.17811155319214 290
1679776145577 196.2333278656006 291
1679776145792 196.44620537757874 292
1679776146890 197.55143427848816 293
1679776147107 197.75865054130554 294
1679776148130 198.78858470916748 295
1679776148330 198.98905324935913 296
1679776149336 199.99201774597168 297
1679776149539 200.20003056526184 298
1679776150605 201.26861119270325 299
1679776150801 201.45841526985168 300
1679776150934 201.5952546596527 301
