1679775968541 1.0 1
1679775968733 2.0 2
1679775969792 3.0 3
1679775969975 4.0 4
1679775970897 5.0 5
1679775971082 6.0 6
1679775972021 7.0 7
1679775972190 8.0 8
1679775973184 9.0 9
1679775973363 10.0 10
1679775974297 11.0 11
1679775974495 12.0 12
1679775975543 13.0 13
1679775975726 14.0 14
1679775976697 15.0 15
1679775976991 16.0 16
1679775977991 17.0 17
1679775978174 18.0 18
1679775979144 19.0 19
1679775979332 20.0 20
1679775980348 21.0 21
1679775980623 22.0 22
1679775981579 23.0 23
1679775981759 24.0 24
1679775982796 25.0 25
1679775982992 26.0 26
1679775984029 27.0 27
1679775984243 28.0 28
1679775985358 29.0 29
1679775985558 30.0 30
1679775986594 31.0 31
1679775986790 32.0 32
1679775987827 33.0 33
1679775988030 34.0 34
1679775989106 35.0 35
1679775989294 36.0 36
1679775990255 37.0 37
1679775990431 38.0 38
1679775991388 39.0 39
1679775991562 40.0 40
1679775992567 41.0 41
1679775992772 42.0 42
1679775993751 43.0 43
1679775993946 44.0 44
1679775994921 45.0 45
1679775995110 46.0 46
1679775996074 47.0 47
1679775996284 48.0 48
1679775997374 49.0 49
1679775997557 50.0 50
1679775998544 51.0 51
1679775998734 52.0 52
1679775999731 53.0 53
1679775999924 54.0 54
1679776000974 55.0 55
1679776001161 56.0 56
1679776002178 57.0 57
1679776002360 58.0 58
1679776003340 59.0 59
1679776003535 60.0 60
1679776004501 61.0 61
1679776004783 62.0 62
1679776005812 63.0 63
1679776006014 64.0 64
1679776006996 65.0 65
1679776007206 66.0 66
1679776008188 67.0 67
1679776008451 68.0 68
1679776009406 69.0 69
1679776009609 70.0 70
1679776010564 71.0 71
1679776010747 72.0 72
1679776011663 73.0 73
1679776011841 74.0 74
1679776012913 75.0 75
1679776013119 76.0 76
1679776014144 77.0 77
1679776014349 78.0 78
1679776015392 79.0 79
1679776015600 80.0 80
1679776016786 81.0 81
1679776016992 82.0 82
1679776017999 83.0 83
1679776018207 84.0 84
1679776019219 85.0 85
1679776019425 86.0 86
1679776020483 87.0 87
1679776020683 88.0 88
1679776021696 89.0 89
1679776021889 90.0 90
1679776022872 91.0 91
1679776023059 92.0 92
1679776024133 93.0 93
1679776024318 94.0 94
1679776025368 95.0 95
1679776025556 96.0 96
1679776026563 97.0 97
1679776026752 98.0 98
1679776027724 99.0 99
1679776027914 100.0 100
1679776028988 101.0 101
1679776029185 102.0 102
1679776030131 103.0 103
1679776030309 104.0 104
1679776031232 105.0 105
1679776031419 106.0 106
1679776032363 107.0 107
1679776032632 108.0 108
1679776033562 109.0 109
1679776033746 110.0 110
1679776034719 111.0 111
1679776034927 112.0 112
1679776035934 113.0 113
1679776036133 114.0 114
1679776037219 115.0 115
1679776037441 116.0 116
1679776038436 117.0 117
1679776038634 118.0 118
1679776039613 119.0 119
1679776039806 120.0 120
1679776040892 121.0 121
1679776041090 122.0 122
1679776042140 123.0 123
1679776042361 124.0 124
1679776043415 125.0 125
1679776043620 126.0 126
1679776044761 127.0 127
1679776044962 128.0 128
1679776046071 129.0 129
1679776046286 130.0 130
1679776047279 131.0 131
1679776047463 132.0 132
1679776048438 133.0 133
1679776048620 134.0 134
1679776049650 135.0 135
1679776049835 136.0 136
1679776050778 137.0 137
1679776050976 138.0 138
1679776051926 139.0 139
1679776052116 140.0 140
1679776053112 141.0 141
1679776053310 142.0 142
1679776054298 143.0 143
1679776054487 144.0 144
1679776055483 145.0 145
1679776055673 146.0 146
1679776056658 147.0 147
1679776056964 148.0 148
1679776057942 149.0 149
1679776058134 150.0 150
1679776059130 151.0 151
1679776059318 152.0 152
1679776060301 153.0 153
1679776060485 154.0 154
1679776061537 155.0 155
1679776061725 156.0 156
1679776062718 157.0 157
1679776062909 158.0 158
1679776063902 159.0 159
1679776064115 160.0 160
1679776065203 161.0 161
1679776065396 162.0 162
1679776066372 163.0 163
1679776066561 164.0 164
1679776067534 165.0 165
1679776067753 166.0 166
1679776068860 167.0 167
1679776069056 168.0 168
1679776070066 169.0 169
1679776070256 170.0 170
1679776071217 171.0 171
1679776071397 172.0 172
1679776072331 173.0 173
1679776072658 174.0 174
1679776073690 175.0 175
1679776073895 176.0 176
1679776074914 177.0 177
1679776075142 178.0 178
1679776076185 179.0 179
1679776076393 180.0 180
1679776077523 181.0 181
1679776077722 182.0 182
1679776078728 183.0 183
1679776078926 184.0 184
1679776079904 185.0 185
1679776080096 186.0 186
1679776081161 187.0 187
1679776081350 188.0 188
1679776082335 189.0 189
1679776082526 190.0 190
1679776083511 191.0 191
1679776083723 192.0 192
1679776084761 193.0 193
1679776085042 194.0 194
1679776086037 195.0 195
1679776086248 196.0 196
1679776087280 197.0 197
1679776087479 198.0 198
1679776088454 199.0 199
1679776088651 200.0 200
1679776089770 201.0 201
1679776089975 202.0 202
1679776090936 203.0 203
1679776091133 204.0 204
1679776092128 205.0 205
1679776092319 206.0 206
1679776093344 207.0 207
1679776093534 208.0 208
1679776094487 209.0 209
1679776094697 210.0 210
1679776095689 211.0 211
1679776095884 212.0 212
1679776096942 213.0 213
1679776097148 214.0 214
1679776098141 215.0 215
1679776098338 216.0 216
1679776099319 217.0 217
1679776099514 218.0 218
1679776100538 219.0 219
1679776100738 220.0 220
1679776101844 221.0 221
1679776102067 222.0 222
1679776103184 223.0 223
1679776103392 224.0 224
1679776104461 225.0 225
1679776104682 226.0 226
1679776105836 227.0 227
1679776106047 228.0 228
1679776107043 229.0 229
1679776107237 230.0 230
1679776108233 231.0 231
1679776108429 232.0 232
1679776109427 233.0 233
1679776109708 234.0 234
1679776110701 235.0 235
1679776110891 236.0 236
1679776111849 237.0 237
1679776112041 238.0 238
1679776112987 239.0 239
1679776113300 240.0 240
1679776114274 241.0 241
1679776114468 242.0 242
1679776115475 243.0 243
1679776115689 244.0 244
1679776116661 245.0 245
1679776116860 246.0 246
1679776117964 247.0 247
1679776118170 248.0 248
1679776119179 249.0 249
1679776119379 250.0 250
1679776120386 251.0 251
1679776120585 252.0 252
1679776121677 253.0 253
1679776121891 254.0 254
1679776122893 255.0 255
1679776123098 256.0 256
1679776124088 257.0 257
1679776124304 258.0 258
1679776125463 259.0 259
1679776125669 260.0 260
1679776126711 261.0 261
1679776126927 262.0 262
1679776127936 263.0 263
1679776128145 264.0 264
1679776129127 265.0 265
1679776129352 266.0 266
1679776130409 267.0 267
1679776130600 268.0 268
1679776131586 269.0 269
1679776131793 270.0 270
1679776132887 271.0 271
1679776133120 272.0 272
1679776134235 273.0 273
1679776134472 274.0 274
1679776135522 275.0 275
1679776135750 276.0 276
1679776136789 277.0 277
1679776137016 278.0 278
1679776138058 279.0 279
1679776138344 280.0 280
1679776139349 281.0 281
1679776139560 282.0 282
1679776140593 283.0 283
1679776140805 284.0 284
1679776141806 285.0 285
1679776142118 286.0 286
1679776143120 287.0 287
1679776143316 288.0 288
1679776144309 289.0 289
1679776144516 290.0 290
1679776145571 291.0 291
1679776145785 292.0 292
1679776146884 293.0 293
1679776147101 294.0 294
1679776148124 295.0 295
1679776148324 296.0 296
1679776149329 297.0 297
1679776149532 298.0 298
1679776150599 299.0 299
1679776150795 300.0 300
1679776150928 301.0 301
