1679776179926 1.0 1
1679776180079 2.0 2
1679776180885 3.0 3
1679776181015 4.0 4
1679776181853 5.0 5
1679776181988 6.0 6
1679776182728 7.0 7
1679776182868 8.0 8
1679776183633 9.0 9
1679776183767 10.0 10
1679776184497 11.0 11
1679776184635 12.0 12
1679776185403 13.0 13
1679776185541 14.0 14
1679776186345 15.0 15
1679776186477 16.0 16
1679776187224 17.0 17
1679776187358 18.0 18
1679776188117 19.0 19
1679776188251 20.0 20
1679776189018 21.0 21
1679776189155 22.0 22
1679776189897 23.0 23
1679776190028 24.0 24
1679776190739 25.0 25
1679776190882 26.0 26
1679776191771 27.0 27
1679776191908 28.0 28
1679776192685 29.0 29
1679776192820 30.0 30
1679776193578 31.0 31
1679776193731 32.0 32
1679776194546 33.0 33
1679776194687 34.0 34
1679776195474 35.0 35
1679776195616 36.0 36
1679776196419 37.0 37
1679776196569 38.0 38
1679776197348 39.0 39
1679776197479 40.0 40
1679776198235 41.0 41
1679776198364 42.0 42
1679776199121 43.0 43
1679776199254 44.0 44
1679776200033 45.0 45
1679776200173 46.0 46
1679776200899 47.0 47
1679776201028 48.0 48
1679776201858 49.0 49
1679776201997 50.0 50
1679776202763 51.0 51
1679776202911 52.0 52
1679776203647 53.0 53
1679776203783 54.0 54
1679776204511 55.0 55
1679776204649 56.0 56
1679776205422 57.0 57
1679776205554 58.0 58
1679776206337 59.0 59
1679776206474 60.0 60
1679776207229 61.0 61
1679776207383 62.0 62
1679776208193 63.0 63
1679776208323 64.0 64
1679776209086 65.0 65
1679776209231 66.0 66
1679776209956 67.0 67
1679776210096 68.0 68
1679776210849 69.0 69
1679776210981 70.0 70
1679776211796 71.0 71
1679776211941 72.0 72
1679776212643 73.0 73
1679776212785 74.0 74
1679776213576 75.0 75
1679776213709 76.0 76
1679776214480 77.0 77
1679776214614 78.0 78
1679776215380 79.0 79
1679776215523 80.0 80
1679776216334 81.0 81
1679776216479 82.0 82
1679776217250 83.0 83
1679776217390 84.0 84
1679776218141 85.0 85
1679776218290 86.0 86
1679776219041 87.0 87
1679776219181 88.0 88
1679776219919 89.0 89
1679776220055 90.0 90
1679776220825 91.0 91
1679776221072 92.0 92
1679776221952 93.0 93
1679776222099 94.0 94
1679776222912 95.0 95
1679776223064 96.0 96
1679776223872 97.0 97
1679776224033 98.0 98
1679776224885 99.0 99
1679776225038 100.0 100
1679776225873 101.0 101
1679776226037 102.0 102
1679776226876 103.0 103
1679776227014 104.0 104
1679776227764 105.0 105
1679776227901 106.0 106
1679776228650 107.0 107
1679776228785 108.0 108
1679776229545 109.0 109
1679776229707 110.0 110
1679776230471 111.0 111
1679776230601 112.0 112
1679776231344 113.0 113
1679776231579 114.0 114
1679776232320 115.0 115
1679776232462 116.0 116
1679776233200 117.0 117
1679776233331 118.0 118
1679776234050 119.0 119
1679776234191 120.0 120
1679776234960 121.0 121
1679776235113 122.0 122
1679776235875 123.0 123
1679776236016 124.0 124
1679776236786 125.0 125
1679776236943 126.0 126
1679776237713 127.0 127
1679776237856 128.0 128
1679776238614 129.0 129
1679776238752 130.0 130
1679776239500 131.0 131
1679776239635 132.0 132
1679776240392 133.0 133
1679776240536 134.0 134
1679776241444 135.0 135
1679776241583 136.0 136
1679776242361 137.0 137
1679776242508 138.0 138
1679776243332 139.0 139
1679776243475 140.0 140
1679776244300 141.0 141
1679776244443 142.0 142
1679776245244 143.0 143
1679776245382 144.0 144
1679776246186 145.0 145
1679776246348 146.0 146
1679776247122 147.0 147
1679776247263 148.0 148
1679776248049 149.0 149
1679776248200 150.0 150
1679776249038 151.0 151
1679776249181 152.0 152
1679776249928 153.0 153
1679776250075 154.0 154
1679776250786 155.0 155
1679776250925 156.0 156
1679776251782 157.0 157
1679776251948 158.0 158
1679776252810 159.0 159
1679776252961 160.0 160
1679776253746 161.0 161
1679776253906 162.0 162
1679776254742 163.0 163
1679776254892 164.0 164
1679776255683 165.0 165
1679776255832 166.0 166
1679776256621 167.0 167
1679776256776 168.0 168
1679776257613 169.0 169
1679776257769 170.0 170
1679776258595 171.0 171
1679776258734 172.0 172
1679776259519 173.0 173
1679776259663 174.0 174
1679776260470 175.0 175
1679776260612 176.0 176
1679776261383 177.0 177
1679776261528 178.0 178
1679776262382 179.0 179
1679776262526 180.0 180
1679776263303 181.0 181
1679776263456 182.0 182
1679776264255 183.0 183
1679776264398 184.0 184
1679776265163 185.0 185
1679776265315 186.0 186
1679776266107 187.0 187
1679776266258 188.0 188
1679776267071 189.0 189
1679776267217 190.0 190
1679776267991 191.0 191
1679776268136 192.0 192
1679776268896 193.0 193
1679776269049 194.0 194
1679776269819 195.0 195
1679776269959 196.0 196
1679776270715 197.0 197
1679776270854 198.0 198
1679776271615 199.0 199
1679776271751 200.0 200
1679776272563 201.0 201
1679776272701 202.0 202
1679776273418 203.0 203
1679776273561 204.0 204
1679776274307 205.0 205
1679776274466 206.0 206
1679776275255 207.0 207
1679776275397 208.0 208
1679776276164 209.0 209
1679776276311 210.0 210
1679776277127 211.0 211
1679776277266 212.0 212
1679776278019 213.0 213
1679776278161 214.0 214
1679776278932 215.0 215
1679776279073 216.0 216
1679776279870 217.0 217
1679776280030 218.0 218
1679776280822 219.0 219
1679776280966 220.0 220
1679776281785 221.0 221
1679776281979 222.0 222
1679776282916 223.0 223
1679776283074 224.0 224
1679776283904 225.0 225
1679776284067 226.0 226
1679776284868 227.0 227
1679776285028 228.0 228
1679776285917 229.0 229
1679776286072 230.0 230
1679776286884 231.0 231
1679776287041 232.0 232
1679776287837 233.0 233
1679776287990 234.0 234
1679776288760 235.0 235
1679776288914 236.0 236
1679776289658 237.0 237
1679776289800 238.0 238
1679776290543 239.0 239
1679776290696 240.0 240
1679776291443 241.0 241
1679776291582 242.0 242
1679776292316 243.0 243
1679776292550 244.0 244
1679776293342 245.0 245
1679776293482 246.0 246
1679776294251 247.0 247
1679776294395 248.0 248
1679776295164 249.0 249
1679776295310 250.0 250
1679776296086 251.0 251
1679776296241 252.0 252
1679776297021 253.0 253
1679776297174 254.0 254
1679776297976 255.0 255
1679776298147 256.0 256
1679776298973 257.0 257
1679776299115 258.0 258
1679776299855 259.0 259
1679776300018 260.0 260
1679776300771 261.0 261
1679776300915 262.0 262
1679776301673 263.0 263
1679776301843 264.0 264
1679776302708 265.0 265
1679776302948 266.0 266
1679776303708 267.0 267
1679776303866 268.0 268
1679776304678 269.0 269
1679776304830 270.0 270
1679776305594 271.0 271
1679776305739 272.0 272
1679776306529 273.0 273
1679776306692 274.0 274
1679776307515 275.0 275
1679776307663 276.0 276
1679776308450 277.0 277
1679776308595 278.0 278
1679776309384 279.0 279
1679776309542 280.0 280
1679776310316 281.0 281
1679776310460 282.0 282
1679776311206 283.0 283
1679776311353 284.0 284
1679776312080 285.0 285
1679776312260 286.0 286
1679776313206 287.0 287
1679776313362 288.0 288
1679776314159 289.0 289
1679776314315 290.0 290
1679776315118 291.0 291
1679776315288 292.0 292
1679776316155 293.0 293
1679776316327 294.0 294
1679776317315 295.0 295
1679776317515 296.0 296
1679776318372 297.0 297
1679776318540 298.0 298
1679776319445 299.0 299
1679776319586 300.0 300
1679776319697 301.0 301
