1679776179925 0.0 1
1679776180077 0.0 2
1679776180884 0.0 3
1679776181014 0.0 4
1679776181852 0.0 5
1679776181985 0.0 6
1679776182727 0.0 7
1679776182867 0.0 8
1679776183631 0.0 9
1679776183766 0.0 10
1679776184496 0.0 11
1679776184632 0.0 12
1679776185401 0.0 13
1679776185539 0.0 14
1679776186344 0.0 15
1679776186476 0.0 16
1679776187223 0.0 17
1679776187357 0.0 18
1679776188116 0.0 19
1679776188249 0.0 20
1679776189016 0.0 21
1679776189154 0.0 22
1679776189895 0.0 23
1679776190027 0.0 24
1679776190738 0.0 25
1679776190880 0.0 26
1679776191770 0.0 27
1679776191906 0.0 28
1679776192683 0.0 29
1679776192818 0.0 30
1679776193576 0.0 31
1679776193729 0.0 32
1679776194545 0.0 33
1679776194685 0.0 34
1679776195473 0.0 35
1679776195615 0.0 36
1679776196417 0.0 37
1679776196567 0.0 38
1679776197346 0.0 39
1679776197478 0.0 40
1679776198234 0.0 41
1679776198363 0.0 42
1679776199119 0.0 43
1679776199253 0.0 44
1679776200030 0.0 45
1679776200172 0.0 46
1679776200898 0.0 47
1679776201027 0.0 48
1679776201857 0.0 49
1679776201995 0.0 50
1679776202762 0.0 51
1679776202909 0.0 52
1679776203645 0.0 53
1679776203781 0.0 54
1679776204509 0.0 55
1679776204647 0.0 56
1679776205420 0.0 57
1679776205552 0.0 58
1679776206336 0.0 59
1679776206472 0.0 60
1679776207226 0.0 61
1679776207382 0.0 62
1679776208191 0.0 63
1679776208322 0.0 64
1679776209084 0.0 65
1679776209229 0.0 66
1679776209955 0.0 67
1679776210095 0.0 68
1679776210847 0.0 69
1679776210979 0.0 70
1679776211794 0.0 71
1679776211939 0.0 72
1679776212642 0.0 73
1679776212783 0.0 74
1679776213575 0.0 75
1679776213708 0.0 76
1679776214479 0.0 77
1679776214612 0.0 78
1679776215378 0.0 79
1679776215522 0.0 80
1679776216332 0.0 81
1679776216477 0.0 82
1679776217248 0.0 83
1679776217388 0.0 84
1679776218139 0.0 85
1679776218288 0.0 86
1679776219040 0.0 87
1679776219179 0.0 88
1679776219917 0.0 89
1679776220053 0.0 90
1679776220823 0.0 91
1679776221070 0.0 92
1679776221949 0.0 93
1679776222098 0.0 94
1679776222910 0.0 95
1679776223062 0.0 96
1679776223870 0.0 97
1679776224032 0.0 98
1679776224881 0.0 99
1679776225036 0.0 100
1679776225872 0.0 101
1679776226035 0.0 102
1679776226874 0.0 103
1679776227013 0.0 104
1679776227762 0.0 105
1679776227899 0.0 106
1679776228648 0.0 107
1679776228783 0.0 108
1679776229543 0.0 109
1679776229705 0.0 110
1679776230470 0.0 111
1679776230599 0.0 112
1679776231343 0.0 113
1679776231578 0.0 114
1679776232318 0.0 115
1679776232460 0.0 116
1679776233198 0.0 117
1679776233330 0.0 118
1679776234049 0.0 119
1679776234189 0.0 120
1679776234958 0.0 121
1679776235111 0.0 122
1679776235874 0.0 123
1679776236014 0.0 124
1679776236784 0.0 125
1679776236941 0.0 126
1679776237711 0.0 127
1679776237854 0.0 128
1679776238612 0.0 129
1679776238750 0.0 130
1679776239497 0.0 131
1679776239634 0.0 132
1679776240391 0.0 133
1679776240534 0.0 134
1679776241443 0.0 135
1679776241582 0.0 136
1679776242360 0.0 137
1679776242506 0.0 138
1679776243330 0.0 139
1679776243473 0.0 140
1679776244298 0.0 141
1679776244441 0.0 142
1679776245242 0.0 143
1679776245382 0.0 144
1679776246184 0.0 145
1679776246346 0.0 146
1679776247121 0.0 147
1679776247261 0.0 148
1679776248045 0.0 149
1679776248198 0.0 150
1679776249037 0.0 151
1679776249180 0.0 152
1679776249927 0.0 153
1679776250074 0.0 154
1679776250785 0.0 155
1679776250924 0.0 156
1679776251780 0.0 157
1679776251947 0.0 158
1679776252807 0.0 159
1679776252959 0.0 160
1679776253744 0.0 161
1679776253904 0.0 162
1679776254738 0.0 163
1679776254890 0.0 164
1679776255681 0.0 165
1679776255830 0.0 166
1679776256619 0.0 167
1679776256774 0.0 168
1679776257611 0.0 169
1679776257767 0.0 170
1679776258594 0.0 171
1679776258733 0.0 172
1679776259517 0.0 173
1679776259661 0.0 174
1679776260469 0.0 175
1679776260611 0.0 176
1679776261381 0.0 177
1679776261526 0.0 178
1679776262381 0.0 179
1679776262524 0.0 180
1679776263301 0.0 181
1679776263455 0.0 182
1679776264254 0.0 183
1679776264396 0.0 184
1679776265161 0.0 185
1679776265313 0.0 186
1679776266106 0.0 187
1679776266256 0.0 188
1679776267069 0.0 189
1679776267215 0.0 190
1679776267990 0.0 191
1679776268135 0.0 192
1679776268895 0.0 193
1679776269047 0.0 194
1679776269818 0.0 195
1679776269958 0.0 196
1679776270714 0.0 197
1679776270853 0.0 198
1679776271614 0.0 199
1679776271750 0.0 200
1679776272562 0.0 201
1679776272700 0.0 202
1679776273416 0.0 203
1679776273559 0.0 204
1679776274307 0.0 205
1679776274464 0.0 206
1679776275253 0.0 207
1679776275395 0.0 208
1679776276162 0.0 209
1679776276309 0.0 210
1679776277125 0.0 211
1679776277265 0.0 212
1679776278017 0.0 213
1679776278160 0.0 214
1679776278930 0.0 215
1679776279072 0.0 216
1679776279869 0.0 217
1679776280029 0.0 218
1679776280820 0.0 219
1679776280963 0.0 220
1679776281783 0.0 221
1679776281977 0.0 222
1679776282915 0.0 223
1679776283073 0.0 224
1679776283902 0.0 225
1679776284065 0.0 226
1679776284867 0.0 227
1679776285027 0.0 228
1679776285915 0.0 229
1679776286071 0.0 230
1679776286883 0.0 231
1679776287039 0.0 232
1679776287835 0.0 233
1679776287988 0.0 234
1679776288759 0.0 235
1679776288913 0.0 236
1679776289657 0.0 237
1679776289798 0.0 238
1679776290541 0.0 239
1679776290695 0.0 240
1679776291441 0.0 241
1679776291580 0.0 242
1679776292314 0.0 243
1679776292548 0.0 244
1679776293341 0.0 245
1679776293480 0.0 246
1679776294249 0.0 247
1679776294394 0.0 248
1679776295163 0.0 249
1679776295308 0.0 250
1679776296085 0.0 251
1679776296240 0.0 252
1679776297019 0.0 253
1679776297172 0.0 254
1679776297973 0.0 255
1679776298146 0.0 256
1679776298972 0.0 257
1679776299114 0.0 258
1679776299854 0.0 259
1679776300016 0.0 260
1679776300769 0.0 261
1679776300914 0.0 262
1679776301671 0.0 263
1679776301841 0.0 264
1679776302706 0.0 265
1679776302947 0.0 266
1679776303706 0.0 267
1679776303864 0.0 268
1679776304677 0.0 269
1679776304829 0.0 270
1679776305593 0.0 271
1679776305737 0.0 272
1679776306526 0.0 273
1679776306690 0.0 274
1679776307513 0.0 275
1679776307662 0.0 276
1679776308449 0.0 277
1679776308593 0.0 278
1679776309383 0.0 279
1679776309540 0.0 280
1679776310315 0.0 281
1679776310458 0.0 282
1679776311205 0.0 283
1679776311351 0.0 284
1679776312078 0.0 285
1679776312258 0.0 286
1679776313204 0.0 287
1679776313360 0.0 288
1679776314158 0.0 289
1679776314313 0.0 290
1679776315117 0.0 291
1679776315286 0.0 292
1679776316153 0.0 293
1679776316325 0.0 294
1679776317313 0.0 295
1679776317514 0.0 296
1679776318370 0.0 297
1679776318538 0.0 298
1679776319444 0.0 299
1679776319584 0.0 300
1679776319696 0.0 301
