1677101559496 1.0 1
1677101559744 2.0 2
1677101561598 3.0 3
1677101561855 4.0 4
1677101563455 5.0 5
1677101563687 6.0 6
1677101565518 7.0 7
1677101565748 8.0 8
1677101567447 9.0 9
1677101567683 10.0 10
1677101569368 11.0 11
1677101569629 12.0 12
1677101571215 13.0 13
1677101571452 14.0 14
1677101573087 15.0 15
1677101573319 16.0 16
1677101575149 17.0 17
1677101575410 18.0 18
1677101577203 19.0 19
1677101577446 20.0 20
1677101579111 21.0 21
1677101579355 22.0 22
1677101581066 23.0 23
1677101581301 24.0 24
1677101582968 25.0 25
1677101583223 26.0 26
1677101584852 27.0 27
1677101585083 28.0 28
1677101586694 29.0 29
1677101586932 30.0 30
1677101588605 31.0 31
1677101588846 32.0 32
1677101590476 33.0 33
1677101590713 34.0 34
1677101592519 35.0 35
1677101592760 36.0 36
1677101594537 37.0 37
1677101594776 38.0 38
1677101596662 39.0 39
1677101596950 40.0 40
1677101598628 41.0 41
1677101598869 42.0 42
1677101600557 43.0 43
1677101600814 44.0 44
1677101602617 45.0 45
1677101602874 46.0 46
1677101604734 47.0 47
1677101605004 48.0 48
1677101606737 49.0 49
1677101606973 50.0 50
1677101608596 51.0 51
1677101608828 52.0 52
1677101610513 53.0 53
1677101610748 54.0 54
1677101612396 55.0 55
1677101612645 56.0 56
1677101614339 57.0 57
1677101614581 58.0 58
1677101616217 59.0 59
1677101616452 60.0 60
1677101618081 61.0 61
1677101618318 62.0 62
1677101619979 63.0 63
1677101620216 64.0 64
1677101621887 65.0 65
1677101622160 66.0 66
1677101623857 67.0 67
1677101624107 68.0 68
1677101625821 69.0 69
1677101626060 70.0 70
1677101627712 71.0 71
1677101627965 72.0 72
1677101629635 73.0 73
1677101629909 74.0 74
1677101631586 75.0 75
1677101631839 76.0 76
1677101633734 77.0 77
1677101634006 78.0 78
1677101635902 79.0 79
1677101636174 80.0 80
1677101637873 81.0 81
1677101638135 82.0 82
1677101639775 83.0 83
1677101640015 84.0 84
1677101641721 85.0 85
1677101641964 86.0 86
1677101643595 87.0 87
1677101643831 88.0 88
1677101645468 89.0 89
1677101645710 90.0 90
1677101647386 91.0 91
1677101647626 92.0 92
1677101649250 93.0 93
1677101649487 94.0 94
1677101651146 95.0 95
1677101651390 96.0 96
1677101653072 97.0 97
1677101653309 98.0 98
1677101654959 99.0 99
1677101655197 100.0 100
1677101656893 101.0 101
1677101657134 102.0 102
1677101658789 103.0 103
1677101659035 104.0 104
1677101660707 105.0 105
1677101660953 106.0 106
1677101662691 107.0 107
1677101662937 108.0 108
1677101664615 109.0 109
1677101664857 110.0 110
1677101666534 111.0 111
1677101666776 112.0 112
1677101668457 113.0 113
1677101668708 114.0 114
1677101670382 115.0 115
1677101670627 116.0 116
1677101672341 117.0 117
1677101672582 118.0 118
1677101674235 119.0 119
1677101674477 120.0 120
1677101676120 121.0 121
1677101676367 122.0 122
1677101677997 123.0 123
1677101678243 124.0 124
1677101679907 125.0 125
1677101680161 126.0 126
1677101681792 127.0 127
1677101682031 128.0 128
1677101683692 129.0 129
1677101683937 130.0 130
1677101685563 131.0 131
1677101685805 132.0 132
1677101687469 133.0 133
1677101687730 134.0 134
1677101689406 135.0 135
1677101689643 136.0 136
1677101691294 137.0 137
1677101691548 138.0 138
1677101693177 139.0 139
1677101693425 140.0 140
1677101695083 141.0 141
1677101695328 142.0 142
1677101697023 143.0 143
1677101697267 144.0 144
1677101698972 145.0 145
1677101699219 146.0 146
1677101700893 147.0 147
1677101701141 148.0 148
1677101702821 149.0 149
1677101703071 150.0 150
1677101704734 151.0 151
1677101704980 152.0 152
1677101706675 153.0 153
1677101706922 154.0 154
1677101708575 155.0 155
1677101708817 156.0 156
1677101710478 157.0 157
1677101710723 158.0 158
1677101712421 159.0 159
1677101712666 160.0 160
1677101714408 161.0 161
1677101714678 162.0 162
1677101716413 163.0 163
1677101716698 164.0 164
1677101718408 165.0 165
1677101718649 166.0 166
1677101720327 167.0 167
1677101720574 168.0 168
1677101722325 169.0 169
1677101722684 170.0 170
1677101724469 171.0 171
1677101724706 172.0 172
1677101726334 173.0 173
1677101726575 174.0 174
1677101728429 175.0 175
1677101728675 176.0 176
1677101730341 177.0 177
1677101730585 178.0 178
1677101732214 179.0 179
1677101732450 180.0 180
1677101734028 181.0 181
1677101734267 182.0 182
1677101735837 183.0 183
1677101736128 184.0 184
1677101737860 185.0 185
1677101738111 186.0 186
1677101739854 187.0 187
1677101740113 188.0 188
1677101741944 189.0 189
1677101742200 190.0 190
1677101744089 191.0 191
1677101744354 192.0 192
1677101746201 193.0 193
1677101746477 194.0 194
1677101748272 195.0 195
1677101748521 196.0 196
1677101750233 197.0 197
1677101750494 198.0 198
1677101752264 199.0 199
1677101752510 200.0 200
1677101754223 201.0 201
1677101754470 202.0 202
1677101756123 203.0 203
1677101756373 204.0 204
1677101758082 205.0 205
1677101758364 206.0 206
1677101760157 207.0 207
1677101760420 208.0 208
1677101762208 209.0 209
1677101762486 210.0 210
1677101764277 211.0 211
1677101764534 212.0 212
1677101766261 213.0 213
1677101766541 214.0 214
1677101768242 215.0 215
1677101768496 216.0 216
1677101770187 217.0 217
1677101770437 218.0 218
1677101772191 219.0 219
1677101772530 220.0 220
1677101774362 221.0 221
1677101774646 222.0 222
1677101776397 223.0 223
1677101776672 224.0 224
1677101778352 225.0 225
1677101778595 226.0 226
1677101780240 227.0 227
1677101780491 228.0 228
1677101782225 229.0 229
1677101782545 230.0 230
1677101784465 231.0 231
1677101784739 232.0 232
1677101786687 233.0 233
1677101786964 234.0 234
1677101788664 235.0 235
1677101788916 236.0 236
1677101790653 237.0 237
1677101790904 238.0 238
1677101792660 239.0 239
1677101792914 240.0 240
1677101794591 241.0 241
1677101794842 242.0 242
1677101796558 243.0 243
1677101796814 244.0 244
1677101798621 245.0 245
1677101798905 246.0 246
1677101800567 247.0 247
1677101800822 248.0 248
1677101802521 249.0 249
1677101802774 250.0 250
1677101804519 251.0 251
1677101804780 252.0 252
1677101806514 253.0 253
1677101806770 254.0 254
1677101808497 255.0 255
1677101808751 256.0 256
1677101810507 257.0 257
1677101810801 258.0 258
1677101812694 259.0 259
1677101812976 260.0 260
1677101814907 261.0 261
1677101815177 262.0 262
1677101816916 263.0 263
1677101817171 264.0 264
1677101818894 265.0 265
1677101819164 266.0 266
1677101820883 267.0 267
1677101821145 268.0 268
1677101822871 269.0 269
1677101823120 270.0 270
1677101824909 271.0 271
1677101825160 272.0 272
1677101826797 273.0 273
1677101827058 274.0 274
1677101828765 275.0 275
1677101829051 276.0 276
1677101830871 277.0 277
1677101831124 278.0 278
1677101832848 279.0 279
1677101833104 280.0 280
1677101834881 281.0 281
1677101835133 282.0 282
1677101836820 283.0 283
1677101837070 284.0 284
1677101838805 285.0 285
1677101839058 286.0 286
1677101840797 287.0 287
1677101841061 288.0 288
1677101843110 289.0 289
1677101843393 290.0 290
1677101845375 291.0 291
1677101845661 292.0 292
1677101847392 293.0 293
1677101847647 294.0 294
1677101849331 295.0 295
1677101849617 296.0 296
1677101851321 297.0 297
1677101851580 298.0 298
1677101853323 299.0 299
1677101853582 300.0 300
1677101853845 301.0 301
