1677101559494 0.0 1
1677101559743 0.0 2
1677101561596 0.0 3
1677101561853 0.0 4
1677101563454 0.0 5
1677101563685 0.0 6
1677101565517 0.0 7
1677101565746 0.0 8
1677101567446 0.0 9
1677101567682 0.0 10
1677101569367 0.0 11
1677101569629 0.0 12
1677101571213 0.0 13
1677101571451 0.0 14
1677101573085 0.0 15
1677101573317 0.0 16
1677101575148 0.0 17
1677101575409 0.0 18
1677101577202 0.0 19
1677101577445 0.0 20
1677101579110 0.0 21
1677101579354 0.0 22
1677101581065 0.0 23
1677101581301 0.0 24
1677101582967 0.0 25
1677101583222 0.0 26
1677101584851 0.0 27
1677101585082 0.0 28
1677101586692 0.0 29
1677101586931 0.0 30
1677101588605 0.0 31
1677101588844 0.0 32
1677101590475 0.0 33
1677101590712 0.0 34
1677101592518 0.0 35
1677101592759 0.0 36
1677101594535 0.0 37
1677101594775 0.0 38
1677101596661 0.0 39
1677101596949 0.0 40
1677101598627 0.0 41
1677101598867 0.0 42
1677101600556 0.0 43
1677101600813 0.0 44
1677101602616 0.0 45
1677101602873 0.0 46
1677101604733 0.0 47
1677101605002 0.0 48
1677101606736 0.0 49
1677101606972 0.0 50
1677101608595 0.0 51
1677101608827 0.0 52
1677101610512 0.0 53
1677101610747 0.0 54
1677101612395 0.0 55
1677101612644 0.0 56
1677101614339 0.0 57
1677101614580 0.0 58
1677101616215 0.0 59
1677101616451 0.0 60
1677101618080 0.0 61
1677101618317 0.0 62
1677101619978 0.0 63
1677101620215 0.0 64
1677101621885 0.0 65
1677101622159 0.0 66
1677101623855 0.0 67
1677101624106 0.0 68
1677101625820 0.0 69
1677101626059 0.0 70
1677101627711 0.0 71
1677101627964 0.0 72
1677101629634 0.0 73
1677101629907 0.0 74
1677101631585 0.0 75
1677101631838 0.0 76
1677101633734 0.0 77
1677101634005 0.0 78
1677101635901 0.0 79
1677101636173 0.0 80
1677101637872 0.0 81
1677101638133 0.0 82
1677101639774 0.0 83
1677101640014 0.0 84
1677101641720 0.0 85
1677101641963 0.0 86
1677101643594 0.0 87
1677101643829 0.0 88
1677101645467 0.0 89
1677101645709 0.0 90
1677101647385 0.0 91
1677101647625 0.0 92
1677101649249 0.0 93
1677101649487 0.0 94
1677101651145 0.0 95
1677101651387 0.0 96
1677101653070 0.0 97
1677101653308 0.0 98
1677101654957 0.0 99
1677101655197 0.0 100
1677101656891 0.0 101
1677101657133 0.0 102
1677101658788 0.0 103
1677101659034 0.0 104
1677101660706 0.0 105
1677101660951 0.0 106
1677101662690 0.0 107
1677101662936 0.0 108
1677101664613 0.0 109
1677101664855 0.0 110
1677101666533 0.0 111
1677101666775 0.0 112
1677101668456 0.0 113
1677101668705 0.0 114
1677101670381 0.0 115
1677101670625 0.0 116
1677101672339 0.0 117
1677101672580 0.0 118
1677101674234 0.0 119
1677101674475 0.0 120
1677101676118 0.0 121
1677101676366 0.0 122
1677101677996 0.0 123
1677101678242 0.0 124
1677101679905 0.0 125
1677101680160 0.0 126
1677101681790 0.0 127
1677101682030 0.0 128
1677101683690 0.0 129
1677101683935 0.0 130
1677101685561 0.0 131
1677101685804 0.0 132
1677101687467 0.0 133
1677101687728 0.0 134
1677101689405 0.0 135
1677101689642 0.0 136
1677101691293 0.0 137
1677101691547 0.0 138
1677101693176 0.0 139
1677101693424 0.0 140
1677101695082 0.0 141
1677101695327 0.0 142
1677101697021 0.0 143
1677101697267 0.0 144
1677101698970 0.0 145
1677101699218 0.0 146
1677101700892 0.0 147
1677101701139 0.0 148
1677101702820 0.0 149
1677101703069 0.0 150
1677101704733 0.0 151
1677101704979 0.0 152
1677101706673 0.0 153
1677101706921 0.0 154
1677101708575 0.0 155
1677101708815 0.0 156
1677101710476 0.0 157
1677101710722 0.0 158
1677101712420 0.0 159
1677101712665 0.0 160
1677101714407 0.0 161
1677101714677 0.0 162
1677101716412 0.0 163
1677101716697 0.0 164
1677101718406 0.0 165
1677101718648 0.0 166
1677101720326 0.0 167
1677101720573 0.0 168
1677101722324 0.0 169
1677101722682 0.0 170
1677101724468 0.0 171
1677101724705 0.0 172
1677101726333 0.0 173
1677101726574 0.0 174
1677101728428 0.0 175
1677101728674 0.0 176
1677101730339 0.0 177
1677101730584 0.0 178
1677101732213 0.0 179
1677101732449 0.0 180
1677101734027 0.0 181
1677101734266 0.0 182
1677101735835 0.0 183
1677101736127 0.0 184
1677101737859 0.0 185
1677101738110 0.0 186
1677101739853 0.0 187
1677101740111 0.0 188
1677101741943 0.0 189
1677101742198 0.0 190
1677101744087 0.0 191
1677101744353 0.0 192
1677101746200 0.0 193
1677101746475 0.0 194
1677101748271 0.0 195
1677101748520 0.0 196
1677101750232 0.0 197
1677101750492 0.0 198
1677101752263 0.0 199
1677101752509 0.0 200
1677101754221 0.0 201
1677101754469 0.0 202
1677101756123 0.0 203
1677101756371 0.0 204
1677101758081 0.0 205
1677101758364 0.0 206
1677101760155 0.0 207
1677101760419 0.0 208
1677101762205 0.0 209
1677101762484 0.0 210
1677101764277 0.0 211
1677101764533 0.0 212
1677101766259 0.0 213
1677101766539 0.0 214
1677101768240 0.0 215
1677101768494 0.0 216
1677101770186 0.0 217
1677101770436 0.0 218
1677101772189 0.0 219
1677101772529 0.0 220
1677101774361 0.0 221
1677101774645 0.0 222
1677101776396 0.0 223
1677101776671 0.0 224
1677101778351 0.0 225
1677101778595 0.0 226
1677101780239 0.0 227
1677101780489 0.0 228
1677101782224 0.0 229
1677101782544 0.0 230
1677101784464 0.0 231
1677101784738 0.0 232
1677101786685 0.0 233
1677101786963 0.0 234
1677101788663 0.0 235
1677101788914 0.0 236
1677101790652 0.0 237
1677101790902 0.0 238
1677101792659 0.0 239
1677101792913 0.0 240
1677101794590 0.0 241
1677101794841 0.0 242
1677101796557 0.0 243
1677101796813 0.0 244
1677101798620 0.0 245
1677101798904 0.0 246
1677101800566 0.0 247
1677101800821 0.0 248
1677101802520 0.0 249
1677101802772 0.0 250
1677101804517 0.0 251
1677101804779 0.0 252
1677101806512 0.0 253
1677101806769 0.0 254
1677101808495 0.0 255
1677101808750 0.0 256
1677101810505 0.0 257
1677101810799 0.0 258
1677101812693 0.0 259
1677101812975 0.0 260
1677101814906 0.0 261
1677101815175 0.0 262
1677101816915 0.0 263
1677101817169 0.0 264
1677101818893 0.0 265
1677101819163 0.0 266
1677101820882 0.0 267
1677101821144 0.0 268
1677101822870 0.0 269
1677101823118 0.0 270
1677101824908 0.0 271
1677101825158 0.0 272
1677101826797 0.0 273
1677101827057 0.0 274
1677101828764 0.0 275
1677101829050 0.0 276
1677101830870 0.0 277
1677101831122 0.0 278
1677101832848 0.0 279
1677101833103 0.0 280
1677101834880 0.0 281
1677101835132 0.0 282
1677101836819 0.0 283
1677101837069 0.0 284
1677101838804 0.0 285
1677101839056 0.0 286
1677101840795 0.0 287
1677101841060 0.0 288
1677101843108 0.0 289
1677101843392 0.0 290
1677101845373 0.0 291
1677101845660 0.0 292
1677101847390 0.0 293
1677101847647 0.0 294
1677101849331 0.0 295
1677101849616 0.0 296
1677101851320 0.0 297
1677101851579 0.0 298
1677101853321 0.0 299
1677101853580 0.0 300
1677101853844 0.0 301
