1677101559490 18.005296230316162 1
1677101559739 18.22602891921997 2
1677101561592 20.0789897441864 3
1677101561848 20.35743522644043 4
1677101563449 21.939366102218628 5
1677101563682 22.170956134796143 6
1677101565514 24.00217318534851 7
1677101565743 24.232913494110107 8
1677101567443 25.928154468536377 9
1677101567676 26.163129329681396 10
1677101569363 27.853242874145508 11
1677101569625 28.110957145690918 12
1677101571210 29.725154399871826 13
1677101571447 29.936105012893677 14
1677101573082 31.569166898727417 15
1677101573314 31.799939155578613 16
1677101575144 33.62722158432007 17
1677101575404 33.88596963882446 18
1677101577199 35.68726849555969 19
1677101577442 35.927189111709595 20
1677101579106 37.5861496925354 21
1677101579350 37.83715462684631 22
1677101581061 39.54619121551514 23
1677101581296 39.78321552276611 24
1677101582963 41.44632530212402 25
1677101583217 41.699904680252075 26
1677101584847 43.3330934047699 27
1677101585077 43.564008474349976 28
1677101586681 45.19611978530884 29
1677101586928 45.41526556015015 30
1677101588601 47.08898210525513 31
1677101588842 47.329386949539185 32
1677101590472 48.95400619506836 33
1677101590708 49.19285750389099 34
1677101592514 50.99718117713928 35
1677101592754 51.240750312805176 36
1677101594532 53.01710081100464 37
1677101594771 53.2583544254303 38
1677101596655 55.13271737098694 39
1677101596945 55.42285633087158 40
1677101598624 57.1120343208313 41
1677101598864 57.341081619262695 42
1677101600552 59.03502178192139 43
1677101600809 59.287333488464355 44
1677101602612 61.09057307243347 45
1677101602869 61.34847831726074 46
1677101604729 63.21022820472717 47
1677101604999 63.47491383552551 48
1677101606732 65.22024655342102 49
1677101606968 65.45511293411255 50
1677101608592 67.07301497459412 51
1677101608823 67.30791640281677 52
1677101610508 68.9952175617218 53
1677101610743 69.22910499572754 54
1677101612391 70.8642988204956 55
1677101612640 71.12425589561462 56
1677101614333 72.81889414787292 57
1677101614575 73.05903625488281 58
1677101616211 74.69662690162659 59
1677101616447 74.93313384056091 60
1677101618075 76.55986833572388 61
1677101618314 76.79832983016968 62
1677101619974 78.45823049545288 63
1677101620212 78.69684743881226 64
1677101621882 80.36506628990173 65
1677101622155 80.63829636573792 66
1677101623851 82.3318727016449 67
1677101624101 82.58035612106323 68
1677101625816 84.30247235298157 69
1677101626055 84.53697204589844 70
1677101627706 86.19031596183777 71
1677101627960 86.44300818443298 72
1677101629629 88.11486625671387 73
1677101629903 88.38516616821289 74
1677101631581 90.05902624130249 75
1677101631834 90.31283402442932 76
1677101633730 92.2063262462616 77
1677101634001 92.4779760837555 78
1677101635897 94.3760347366333 79
1677101636169 94.6448175907135 80
1677101637868 96.34939241409302 81
1677101638130 96.61331987380981 82
1677101639770 98.25501036643982 83
1677101640010 98.49299097061157 84
1677101641715 100.20147252082825 85
1677101641959 100.43990564346313 86
1677101643590 102.07494282722473 87
1677101643826 102.30912590026855 88
1677101645464 103.94394111633301 89
1677101645705 104.18650245666504 90
1677101647382 105.86711549758911 91
1677101647621 106.10415029525757 92
1677101649246 107.72611713409424 93
1677101649483 107.9674015045166 94
1677101651141 109.624995470047 95
1677101651384 109.86640405654907 96
1677101653067 111.5499176979065 97
1677101653305 111.78927159309387 98
1677101654954 113.4364423751831 99
1677101655192 113.67433905601501 100
1677101656888 115.37096953392029 101
1677101657129 115.61082148551941 102
1677101658785 117.27010798454285 103
1677101659029 117.51135587692261 104
1677101660701 119.18289971351624 105
1677101660947 119.42487573623657 106
1677101662685 121.16273355484009 107
1677101662931 121.41408920288086 108
1677101664610 123.09274101257324 109
1677101664852 123.3360641002655 110
1677101666529 125.00798964500427 111
1677101666770 125.25317096710205 112
1677101668453 126.93416905403137 113
1677101668702 127.18210959434509 114
1677101670377 128.86036491394043 115
1677101670622 129.10252380371094 116
1677101672335 130.8121693134308 117
1677101672577 131.0595908164978 118
1677101674230 132.71210479736328 119
1677101674473 132.952250957489 120
1677101676115 134.59519457817078 121
1677101676362 134.83910870552063 122
1677101677993 136.47228741645813 123
1677101678238 136.7170889377594 124
1677101679899 138.37023258209229 125
1677101680156 138.6340937614441 126
1677101681785 140.26713800430298 127
1677101682025 140.50736713409424 128
1677101683685 142.1702525615692 129
1677101683931 142.40828943252563 130
1677101685557 144.03814101219177 131
1677101685800 144.28197050094604 132
1677101687464 145.94125533103943 133
1677101687724 146.2048361301422 134
1677101689402 147.8803153038025 135
1677101689637 148.11804151535034 136
1677101691289 149.77121686935425 137
1677101691543 150.0224380493164 138
1677101693173 151.6550998687744 139
1677101693420 151.89799976348877 140
1677101695078 153.55882239341736 141
1677101695323 153.80025386810303 142
1677101697016 155.49415683746338 143
1677101697263 155.7389795780182 144
1677101698967 157.448086977005 145
1677101699213 157.6906259059906 146
1677101700888 159.37155437469482 147
1677101701135 159.611967086792 148
1677101702816 161.29503798484802 149
1677101703066 161.53988432884216 150
1677101704729 163.211177110672 151
1677101704976 163.45641469955444 152
1677101706669 165.14809370040894 153
1677101706917 165.39319229125977 154
1677101708571 167.05080723762512 155
1677101708812 167.29089450836182 156
1677101710473 168.95216274261475 157
1677101710718 169.19824719429016 158
1677101712416 170.897207736969 159
1677101712661 171.1399004459381 160
1677101714404 172.87598657608032 161
1677101714673 173.14810752868652 162
1677101716408 174.88799452781677 163
1677101716694 175.16283011436462 164
1677101718403 176.88513588905334 165
1677101718644 177.1232304573059 166
1677101720322 178.80324602127075 167
1677101720569 179.04494953155518 168
1677101722320 180.83207416534424 169
1677101722680 181.1521291732788 170
1677101724465 182.94296431541443 171
1677101724701 183.1830496788025 172
1677101726328 184.804123878479 173
1677101726570 185.04822444915771 174
1677101728424 186.90306115150452 175
1677101728669 187.1765410900116 176
1677101730336 188.81421852111816 177
1677101730577 189.0569612979889 178
1677101732209 190.69007968902588 179
1677101732445 190.92302584648132 180
1677101734023 192.5025668144226 181
1677101734262 192.74189496040344 182
1677101735831 194.34042692184448 183
1677101736122 194.58708786964417 184
1677101737854 196.33003044128418 185
1677101738105 196.58289551734924 186
1677101739847 198.32823729515076 187
1677101740108 198.57830929756165 188
1677101741939 200.41746830940247 189
1677101742195 200.67115664482117 190
1677101744083 202.55399632453918 191
1677101744349 202.81930232048035 192
1677101746195 204.66514039039612 193
1677101746470 204.94837880134583 194
1677101748267 206.74198937416077 195
1677101748516 206.99417805671692 196
1677101750229 208.70487141609192 197
1677101750488 208.9673728942871 198
1677101752259 210.7720012664795 199
1677101752505 210.98320865631104 200
1677101754218 212.69827961921692 201
1677101754465 212.94033551216125 202
1677101756119 214.59639430046082 203
1677101756366 214.84033060073853 204
1677101758076 216.55512356758118 205
1677101758360 216.8249385356903 206
1677101760151 218.62403869628906 207
1677101760414 218.8848237991333 208
1677101762199 220.65938520431519 209
1677101762481 220.95821809768677 210
1677101764273 222.74325013160706 211
1677101764530 223.00207328796387 212
1677101766256 224.76405382156372 213
1677101766535 225.0062837600708 214
1677101768237 226.71210193634033 215
1677101768491 226.96809911727905 216
1677101770182 228.6544530391693 217
1677101770433 228.90903043746948 218
1677101772185 230.65914225578308 219
1677101772525 230.9849202632904 220
1677101774357 232.83308839797974 221
1677101774641 233.11626720428467 222
1677101776392 234.86491465568542 223
1677101776666 235.13717818260193 224
1677101778347 236.8212583065033 225
1677101778591 237.0685555934906 226
1677101780235 238.7073357105255 227
1677101780485 238.95932817459106 228
1677101782219 240.68906784057617 229
1677101782540 241.0071792602539 230
1677101784461 242.93302273750305 231
1677101784733 243.2021119594574 232
1677101786681 245.1463499069214 233
1677101786960 245.431077003479 234
1677101788660 247.13615345954895 235
1677101788910 247.38520288467407 236
1677101790647 249.08652520179749 237
1677101790899 249.37397575378418 238
1677101792656 251.12899613380432 239
1677101792909 251.38527059555054 240
1677101794586 253.06513690948486 241
1677101794836 253.31105136871338 242
1677101796553 255.0281593799591 243
1677101796808 255.28010320663452 244
1677101798617 257.09137415885925 245
1677101798900 257.37226009368896 246
1677101800563 259.03296637535095 247
1677101800817 259.29116129875183 248
1677101802516 260.98886799812317 249
1677101802769 261.2383177280426 250
1677101804513 262.9871401786804 251
1677101804775 263.24986243247986 252
1677101806509 264.9852283000946 253
1677101806764 265.23697781562805 254
1677101808492 266.9642949104309 255
1677101808746 267.2203257083893 256
1677101810502 268.9625635147095 257
1677101810793 269.2594997882843 258
1677101812689 271.1572515964508 259
1677101812970 271.43604016304016 260
1677101814902 273.36505651474 261
1677101815171 273.64595246315 262
1677101816912 275.3827247619629 263
1677101817164 275.63700699806213 264
1677101818889 277.357280254364 265
1677101819160 277.63100600242615 266
1677101820878 279.3543219566345 267
1677101821139 279.6101608276367 268
1677101822865 281.3340904712677 269
1677101823114 281.5900945663452 270
1677101824904 283.3768832683563 271
1677101825155 283.62994861602783 272
1677101826792 285.29078340530396 273
1677101827053 285.5229618549347 274
1677101828761 287.23131799697876 275
1677101829045 287.5125813484192 276
1677101830866 289.335040807724 277
1677101831119 289.59318804740906 278
1677101832844 291.3161165714264 279
1677101833099 291.57021737098694 280
1677101834876 293.34823179244995 281
1677101835127 293.60210275650024 282
1677101836815 295.2888526916504 283
1677101837065 295.54110765457153 284
1677101838800 297.2703149318695 285
1677101839053 297.5221679210663 286
1677101840791 299.2672698497772 287
1677101841057 299.52194595336914 288
1677101843104 301.56924510002136 289
1677101843387 301.8481056690216 290
1677101845369 303.82978868484497 291
1677101845656 304.1163430213928 292
1677101847385 305.8563210964203 293
1677101847642 306.11502599716187 294
1677101849327 307.7989284992218 295
1677101849612 308.08612871170044 296
1677101851316 309.78990626335144 297
1677101851576 310.0444405078888 298
1677101853316 311.7891173362732 299
1677101853576 312.04802680015564 300
1677101853840 312.3050582408905 301
