1677101559497 0.00510406494140625 1
1677101559746 0.00510406494140625 2
1677101561599 0.00510406494140625 3
1677101561857 0.00510406494140625 4
1677101563457 0.00510406494140625 5
1677101563688 0.00510406494140625 6
1677101565520 0.00510406494140625 7
1677101565749 0.00510406494140625 8
1677101567449 0.00510406494140625 9
1677101567684 0.00510406494140625 10
1677101569370 0.00510406494140625 11
1677101569632 0.00510406494140625 12
1677101571216 0.00510406494140625 13
1677101571453 0.00510406494140625 14
1677101573087 0.00510406494140625 15
1677101573320 0.00510406494140625 16
1677101575151 0.00510406494140625 17
1677101575411 0.00510406494140625 18
1677101577205 0.00510406494140625 19
1677101577447 0.00510406494140625 20
1677101579113 0.00510406494140625 21
1677101579357 0.00510406494140625 22
1677101581067 0.00510406494140625 23
1677101581303 0.00510406494140625 24
1677101582970 0.00510406494140625 25
1677101583224 0.00510406494140625 26
1677101584854 0.00510406494140625 27
1677101585085 0.00510406494140625 28
1677101586695 0.00510406494140625 29
1677101586934 0.00510406494140625 30
1677101588607 0.00510406494140625 31
1677101588848 0.00510406494140625 32
1677101590477 0.00510406494140625 33
1677101590714 0.00510406494140625 34
1677101592521 0.00510406494140625 35
1677101592761 0.00510406494140625 36
1677101594538 0.00510406494140625 37
1677101594777 0.00510406494140625 38
1677101596664 0.00510406494140625 39
1677101596952 0.00510406494140625 40
1677101598630 0.00510406494140625 41
1677101598870 0.00510406494140625 42
1677101600558 0.00510406494140625 43
1677101600815 0.00510406494140625 44
1677101602619 0.00510406494140625 45
1677101602875 0.00510406494140625 46
1677101604735 0.00510406494140625 47
1677101605005 0.00510406494140625 48
1677101606740 0.00510406494140625 49
1677101606975 0.00510406494140625 50
1677101608597 0.00510406494140625 51
1677101608829 0.00510406494140625 52
1677101610514 0.00510406494140625 53
1677101610749 0.00510406494140625 54
1677101612397 0.00510406494140625 55
1677101612646 0.00510406494140625 56
1677101614341 0.00510406494140625 57
1677101614582 0.00510406494140625 58
1677101616217 0.00510406494140625 59
1677101616453 0.00510406494140625 60
1677101618082 0.00510406494140625 61
1677101618320 0.00510406494140625 62
1677101619980 0.00510406494140625 63
1677101620219 0.00510406494140625 64
1677101621888 0.00510406494140625 65
1677101622162 0.00510406494140625 66
1677101623859 0.00510406494140625 67
1677101624108 0.00510406494140625 68
1677101625822 0.00510406494140625 69
1677101626061 0.00510406494140625 70
1677101627713 0.00510406494140625 71
1677101627967 0.00510406494140625 72
1677101629636 0.00510406494140625 73
1677101629910 0.00510406494140625 74
1677101631587 0.00510406494140625 75
1677101631841 0.00510406494140625 76
1677101633736 0.00510406494140625 77
1677101634009 0.00510406494140625 78
1677101635904 0.00510406494140625 79
1677101636177 0.00510406494140625 80
1677101637874 0.00510406494140625 81
1677101638135 0.00510406494140625 82
1677101639776 0.00510406494140625 83
1677101640016 0.00510406494140625 84
1677101641722 0.00510406494140625 85
1677101641965 0.00510406494140625 86
1677101643596 0.00510406494140625 87
1677101643832 0.00510406494140625 88
1677101645470 0.00510406494140625 89
1677101645711 0.00510406494140625 90
1677101647388 0.00510406494140625 91
1677101647627 0.00510406494140625 92
1677101649251 0.00510406494140625 93
1677101649490 0.00510406494140625 94
1677101651147 0.00510406494140625 95
1677101651390 0.00510406494140625 96
1677101653073 0.00510406494140625 97
1677101653311 0.00510406494140625 98
1677101654959 0.00510406494140625 99
1677101655198 0.00510406494140625 100
1677101656894 0.00510406494140625 101
1677101657135 0.00510406494140625 102
1677101658791 0.00510406494140625 103
1677101659036 0.00510406494140625 104
1677101660708 0.00510406494140625 105
1677101660954 0.00510406494140625 106
1677101662692 0.00510406494140625 107
1677101662938 0.00510406494140625 108
1677101664616 0.00510406494140625 109
1677101664859 0.00510406494140625 110
1677101666535 0.00510406494140625 111
1677101666777 0.00510406494140625 112
1677101668459 0.00510406494140625 113
1677101668709 0.00510406494140625 114
1677101670383 0.00510406494140625 115
1677101670628 0.00510406494140625 116
1677101672342 0.00510406494140625 117
1677101672583 0.00510406494140625 118
1677101674236 0.00510406494140625 119
1677101674479 0.00510406494140625 120
1677101676122 0.00510406494140625 121
1677101676369 0.00510406494140625 122
1677101677999 0.00510406494140625 123
1677101678245 0.00510406494140625 124
1677101679908 0.00510406494140625 125
1677101680162 0.00510406494140625 126
1677101681793 0.00510406494140625 127
1677101682032 0.00510406494140625 128
1677101683694 0.00510406494140625 129
1677101683937 0.00510406494140625 130
1677101685564 0.00510406494140625 131
1677101685806 0.00510406494140625 132
1677101687470 0.00510406494140625 133
1677101687731 0.00510406494140625 134
1677101689407 0.00510406494140625 135
1677101689644 0.00510406494140625 136
1677101691295 0.00510406494140625 137
1677101691549 0.00510406494140625 138
1677101693179 0.00510406494140625 139
1677101693426 0.00510406494140625 140
1677101695084 0.00510406494140625 141
1677101695330 0.00510406494140625 142
1677101697024 0.00510406494140625 143
1677101697269 0.00510406494140625 144
1677101698973 0.00510406494140625 145
1677101699220 0.00510406494140625 146
1677101700894 0.00510406494140625 147
1677101701142 0.00510406494140625 148
1677101702823 0.00510406494140625 149
1677101703072 0.00510406494140625 150
1677101704735 0.00510406494140625 151
1677101704982 0.00510406494140625 152
1677101706676 0.00510406494140625 153
1677101706924 0.00510406494140625 154
1677101708577 0.00510406494140625 155
1677101708818 0.00510406494140625 156
1677101710479 0.00510406494140625 157
1677101710724 0.00510406494140625 158
1677101712422 0.00510406494140625 159
1677101712668 0.00510406494140625 160
1677101714410 0.00510406494140625 161
1677101714679 0.00510406494140625 162
1677101716415 0.00510406494140625 163
1677101716700 0.00510406494140625 164
1677101718409 0.00510406494140625 165
1677101718650 0.00510406494140625 166
1677101720329 0.00510406494140625 167
1677101720575 0.00510406494140625 168
1677101722327 0.00510406494140625 169
1677101722685 0.00510406494140625 170
1677101724470 0.00510406494140625 171
1677101724707 0.00510406494140625 172
1677101726335 0.00510406494140625 173
1677101726576 0.00510406494140625 174
1677101728431 0.00510406494140625 175
1677101728677 0.00510406494140625 176
1677101730342 0.00510406494140625 177
1677101730587 0.00510406494140625 178
1677101732215 0.00510406494140625 179
1677101732451 0.00510406494140625 180
1677101734029 0.00510406494140625 181
1677101734267 0.00510406494140625 182
1677101735837 0.00510406494140625 183
1677101736130 0.00510406494140625 184
1677101737861 0.00510406494140625 185
1677101738112 0.00510406494140625 186
1677101739855 0.00510406494140625 187
1677101740114 0.00510406494140625 188
1677101741945 0.00510406494140625 189
1677101742201 0.00510406494140625 190
1677101744090 0.00510406494140625 191
1677101744356 0.00510406494140625 192
1677101746203 0.00510406494140625 193
1677101746477 0.00510406494140625 194
1677101748273 0.00510406494140625 195
1677101748522 0.00510406494140625 196
1677101750235 0.00510406494140625 197
1677101750495 0.00510406494140625 198
1677101752266 0.00510406494140625 199
1677101752511 0.00510406494140625 200
1677101754224 0.00510406494140625 201
1677101754471 0.00510406494140625 202
1677101756124 0.00510406494140625 203
1677101756374 0.00510406494140625 204
1677101758083 0.00510406494140625 205
1677101758365 0.00510406494140625 206
1677101760158 0.00510406494140625 207
1677101760422 0.00510406494140625 208
1677101762211 0.00510406494140625 209
1677101762488 0.00510406494140625 210
1677101764278 0.00510406494140625 211
1677101764535 0.00510406494140625 212
1677101766262 0.00510406494140625 213
1677101766542 0.00510406494140625 214
1677101768243 0.00510406494140625 215
1677101768497 0.00510406494140625 216
1677101770189 0.00510406494140625 217
1677101770440 0.00510406494140625 218
1677101772192 0.00510406494140625 219
1677101772532 0.00510406494140625 220
1677101774363 0.00510406494140625 221
1677101774648 0.00510406494140625 222
1677101776398 0.00510406494140625 223
1677101776673 0.00510406494140625 224
1677101778353 0.00510406494140625 225
1677101778597 0.00510406494140625 226
1677101780241 0.00510406494140625 227
1677101780492 0.00510406494140625 228
1677101782226 0.00510406494140625 229
1677101782546 0.00510406494140625 230
1677101784466 0.00510406494140625 231
1677101784741 0.00510406494140625 232
1677101786689 0.00510406494140625 233
1677101786965 0.00510406494140625 234
1677101788665 0.00510406494140625 235
1677101788917 0.00510406494140625 236
1677101790655 0.00510406494140625 237
1677101790905 0.00510406494140625 238
1677101792661 0.00510406494140625 239
1677101792916 0.00510406494140625 240
1677101794593 0.00510406494140625 241
1677101794843 0.00510406494140625 242
1677101796559 0.00510406494140625 243
1677101796815 0.00510406494140625 244
1677101798623 0.00510406494140625 245
1677101798907 0.00510406494140625 246
1677101800568 0.00510406494140625 247
1677101800823 0.00510406494140625 248
1677101802522 0.00510406494140625 249
1677101802775 0.00510406494140625 250
1677101804520 0.00510406494140625 251
1677101804781 0.00510406494140625 252
1677101806515 0.00510406494140625 253
1677101806771 0.00510406494140625 254
1677101808498 0.00510406494140625 255
1677101808752 0.00510406494140625 256
1677101810507 0.00510406494140625 257
1677101810801 0.00510406494140625 258
1677101812695 0.00510406494140625 259
1677101812977 0.00510406494140625 260
1677101814908 0.00510406494140625 261
1677101815177 0.00510406494140625 262
1677101816918 0.00510406494140625 263
1677101817172 0.00510406494140625 264
1677101818895 0.00510406494140625 265
1677101819166 0.00510406494140625 266
1677101820885 0.00510406494140625 267
1677101821147 0.00510406494140625 268
1677101822871 0.00510406494140625 269
1677101823121 0.00510406494140625 270
1677101824910 0.00510406494140625 271
1677101825161 0.00510406494140625 272
1677101826800 0.00510406494140625 273
1677101827059 0.00510406494140625 274
1677101828766 0.00510406494140625 275
1677101829052 0.00510406494140625 276
1677101830872 0.00510406494140625 277
1677101831125 0.00510406494140625 278
1677101832850 0.00510406494140625 279
1677101833105 0.00510406494140625 280
1677101834883 0.00510406494140625 281
1677101835134 0.00510406494140625 282
1677101836821 0.00510406494140625 283
1677101837072 0.00510406494140625 284
1677101838806 0.00510406494140625 285
1677101839059 0.00510406494140625 286
1677101840797 0.00510406494140625 287
1677101841063 0.00510406494140625 288
1677101843111 0.00510406494140625 289
1677101843394 0.00510406494140625 290
1677101845376 0.00510406494140625 291
1677101845663 0.00510406494140625 292
1677101847393 0.00510406494140625 293
1677101847649 0.00510406494140625 294
1677101849332 0.00510406494140625 295
1677101849619 0.00510406494140625 296
1677101851323 0.00510406494140625 297
1677101851582 0.00510406494140625 298
1677101853324 0.00510406494140625 299
1677101853582 0.00510406494140625 300
1677101853846 0.00510406494140625 301
