1680270858035 1.0 1
1680270858229 2.0 2
1680270859497 3.0 3
1680270859676 4.0 4
1680270860873 5.0 5
1680270861044 6.0 6
1680270862306 7.0 7
1680270862491 8.0 8
1680270863743 9.0 9
1680270863947 10.0 10
1680270865311 11.0 11
1680270865497 12.0 12
1680270866740 13.0 13
1680270866944 14.0 14
1680270868224 15.0 15
1680270868393 16.0 16
1680270869557 17.0 17
1680270869740 18.0 18
1680270870941 19.0 19
1680270871110 20.0 20
1680270872310 21.0 21
1680270872507 22.0 22
1680270873716 23.0 23
1680270873964 24.0 24
1680270875140 25.0 25
1680270875327 26.0 26
1680270876529 27.0 27
1680270876714 28.0 28
1680270878000 29.0 29
1680270878175 30.0 30
1680270879368 31.0 31
1680270879561 32.0 32
1680270880814 33.0 33
1680270881010 34.0 34
1680270882199 35.0 35
1680270882379 36.0 36
1680270883672 37.0 37
1680270883854 38.0 38
1680270885101 39.0 39
1680270885284 40.0 40
1680270886474 41.0 41
1680270886664 42.0 42
1680270887952 43.0 43
1680270888126 44.0 44
1680270889291 45.0 45
1680270889478 46.0 46
1680270890656 47.0 47
1680270890834 48.0 48
1680270892116 49.0 49
1680270892319 50.0 50
1680270893752 51.0 51
1680270893945 52.0 52
1680270895232 53.0 53
1680270895456 54.0 54
1680270896764 55.0 55
1680270896963 56.0 56
1680270898334 57.0 57
1680270898520 58.0 58
1680270899770 59.0 59
1680270899952 60.0 60
1680270901198 61.0 61
1680270901387 62.0 62
1680270902629 63.0 63
1680270902821 64.0 64
1680270904149 65.0 65
1680270904348 66.0 66
1680270905580 67.0 67
1680270905764 68.0 68
1680270907109 69.0 69
1680270907297 70.0 70
1680270908537 71.0 71
1680270908732 72.0 72
1680270909959 73.0 73
1680270910175 74.0 74
1680270911402 75.0 75
1680270911590 76.0 76
1680270912802 77.0 77
1680270913089 78.0 78
1680270914303 79.0 79
1680270914491 80.0 80
1680270915765 81.0 81
1680270915963 82.0 82
1680270917274 83.0 83
1680270917462 84.0 84
1680270918667 85.0 85
1680270918889 86.0 86
1680270920185 87.0 87
1680270920377 88.0 88
1680270921653 89.0 89
1680270921856 90.0 90
1680270923245 91.0 91
1680270923452 92.0 92
1680270924729 93.0 93
1680270924942 94.0 94
1680270926239 95.0 95
1680270926418 96.0 96
1680270927722 97.0 97
1680270927930 98.0 98
1680270929186 99.0 99
1680270929370 100.0 100
1680270930575 101.0 101
1680270930767 102.0 102
1680270932012 103.0 103
1680270932189 104.0 104
1680270933477 105.0 105
1680270933667 106.0 106
1680270934858 107.0 107
1680270935021 108.0 108
1680270936340 109.0 109
1680270936532 110.0 110
1680270937825 111.0 111
1680270938028 112.0 112
1680270939280 113.0 113
1680270939505 114.0 114
1680270940776 115.0 115
1680270940981 116.0 116
1680270942275 117.0 117
1680270942478 118.0 118
1680270943753 119.0 119
1680270943966 120.0 120
1680270945190 121.0 121
1680270945379 122.0 122
1680270946714 123.0 123
1680270946902 124.0 124
1680270948114 125.0 125
1680270948323 126.0 126
1680270949508 127.0 127
1680270949693 128.0 128
1680270951001 129.0 129
1680270951213 130.0 130
1680270952625 131.0 131
1680270952864 132.0 132
1680270954231 133.0 133
1680270954441 134.0 134
1680270955748 135.0 135
1680270955984 136.0 136
1680270957360 137.0 137
1680270957575 138.0 138
1680270958844 139.0 139
1680270959030 140.0 140
1680270960283 141.0 141
1680270960476 142.0 142
1680270961689 143.0 143
1680270961875 144.0 144
1680270963217 145.0 145
1680270963417 146.0 146
1680270964672 147.0 147
1680270964874 148.0 148
1680270966084 149.0 149
1680270966319 150.0 150
1680270967637 151.0 151
1680270967846 152.0 152
1680270969099 153.0 153
1680270969292 154.0 154
1680270970490 155.0 155
1680270970691 156.0 156
1680270971948 157.0 157
1680270972166 158.0 158
1680270973468 159.0 159
1680270973651 160.0 160
1680270974924 161.0 161
1680270975159 162.0 162
1680270976388 163.0 163
1680270976575 164.0 164
1680270977900 165.0 165
1680270978125 166.0 166
1680270979367 167.0 167
1680270979555 168.0 168
1680270980742 169.0 169
1680270980945 170.0 170
1680270982238 171.0 171
1680270982465 172.0 172
1680270983858 173.0 173
1680270984073 174.0 174
1680270985381 175.0 175
1680270985574 176.0 176
1680270986909 177.0 177
1680270987097 178.0 178
1680270988284 179.0 179
1680270988471 180.0 180
1680270989697 181.0 181
1680270989908 182.0 182
1680270991148 183.0 183
1680270991342 184.0 184
1680270992564 185.0 185
1680270992841 186.0 186
1680270994058 187.0 187
1680270994240 188.0 188
1680270995409 189.0 189
1680270995644 190.0 190
1680270996928 191.0 191
1680270997114 192.0 192
1680270998330 193.0 193
1680270998520 194.0 194
1680270999742 195.0 195
1680270999924 196.0 196
1680271001137 197.0 197
1680271001362 198.0 198
1680271002640 199.0 199
1680271002831 200.0 200
1680271004048 201.0 201
1680271004240 202.0 202
1680271005424 203.0 203
1680271005617 204.0 204
1680271006891 205.0 205
1680271007112 206.0 206
1680271008359 207.0 207
1680271008554 208.0 208
1680271009771 209.0 209
1680271009970 210.0 210
1680271011180 211.0 211
1680271011362 212.0 212
1680271012709 213.0 213
1680271012940 214.0 214
1680271014228 215.0 215
1680271014429 216.0 216
1680271015713 217.0 217
1680271015925 218.0 218
1680271017236 219.0 219
1680271017423 220.0 220
1680271018624 221.0 221
1680271018815 222.0 222
1680271020050 223.0 223
1680271020244 224.0 224
1680271021487 225.0 225
1680271021710 226.0 226
1680271023025 227.0 227
1680271023208 228.0 228
1680271024397 229.0 229
1680271024600 230.0 230
1680271025894 231.0 231
1680271026071 232.0 232
1680271027285 233.0 233
1680271027474 234.0 234
1680271028670 235.0 235
1680271028846 236.0 236
1680271030024 237.0 237
1680271030232 238.0 238
1680271031432 239.0 239
1680271031691 240.0 240
1680271032863 241.0 241
1680271033046 242.0 242
1680271034270 243.0 243
1680271034453 244.0 244
1680271035735 245.0 245
1680271035929 246.0 246
1680271037154 247.0 247
1680271037341 248.0 248
1680271038546 249.0 249
1680271038754 250.0 250
1680271039967 251.0 251
1680271040149 252.0 252
1680271041463 253.0 253
1680271041676 254.0 254
1680271042944 255.0 255
1680271043141 256.0 256
1680271044414 257.0 257
1680271044629 258.0 258
1680271045983 259.0 259
1680271046203 260.0 260
1680271047544 261.0 261
1680271047764 262.0 262
1680271049012 263.0 263
1680271049230 264.0 264
1680271050426 265.0 265
1680271050620 266.0 266
1680271051902 267.0 267
1680271052095 268.0 268
1680271053408 269.0 269
1680271053646 270.0 270
1680271054839 271.0 271
1680271055020 272.0 272
1680271056294 273.0 273
1680271056491 274.0 274
1680271057687 275.0 275
1680271057871 276.0 276
1680271059064 277.0 277
1680271059257 278.0 278
1680271060460 279.0 279
1680271060645 280.0 280
1680271061917 281.0 281
1680271062129 282.0 282
1680271063336 283.0 283
1680271063522 284.0 284
1680271064798 285.0 285
1680271065003 286.0 286
1680271066196 287.0 287
1680271066379 288.0 288
1680271067567 289.0 289
1680271067773 290.0 290
1680271068966 291.0 291
1680271069194 292.0 292
1680271070500 293.0 293
1680271070698 294.0 294
1680271071888 295.0 295
1680271072079 296.0 296
1680271073380 297.0 297
1680271073592 298.0 298
1680271074932 299.0 299
1680271075134 300.0 300
1680271076410 301.0 301
1680271076642 302.0 302
1680271077884 303.0 303
1680271078074 304.0 304
1680271079256 305.0 305
1680271079448 306.0 306
1680271080688 307.0 307
1680271080882 308.0 308
1680271082083 309.0 309
1680271082282 310.0 310
1680271083522 311.0 311
1680271083746 312.0 312
1680271085089 313.0 313
1680271085285 314.0 314
1680271086521 315.0 315
1680271086727 316.0 316
1680271087967 317.0 317
1680271088182 318.0 318
1680271089395 319.0 319
1680271089589 320.0 320
1680271090892 321.0 321
1680271091106 322.0 322
1680271092346 323.0 323
1680271092542 324.0 324
1680271093769 325.0 325
1680271093965 326.0 326
1680271095247 327.0 327
1680271095434 328.0 328
1680271096660 329.0 329
1680271096886 330.0 330
1680271098125 331.0 331
1680271098316 332.0 332
1680271099527 333.0 333
1680271099724 334.0 334
1680271101004 335.0 335
1680271101196 336.0 336
1680271102464 337.0 337
1680271102692 338.0 338
1680271104118 339.0 339
1680271104321 340.0 340
1680271105618 341.0 341
1680271105846 342.0 342
1680271107097 343.0 343
1680271107290 344.0 344
1680271108491 345.0 345
1680271108720 346.0 346
1680271109951 347.0 347
1680271110256 348.0 348
1680271111524 349.0 349
1680271111750 350.0 350
1680271113010 351.0 351
1680271113219 352.0 352
1680271114564 353.0 353
1680271114793 354.0 354
1680271116000 355.0 355
1680271116193 356.0 356
1680271117428 357.0 357
1680271117649 358.0 358
1680271118881 359.0 359
1680271119092 360.0 360
1680271120468 361.0 361
1680271120673 362.0 362
1680271121932 363.0 363
1680271122128 364.0 364
1680271123326 365.0 365
1680271123543 366.0 366
1680271124869 367.0 367
1680271125073 368.0 368
1680271126531 369.0 369
1680271126741 370.0 370
1680271127990 371.0 371
1680271128198 372.0 372
1680271129484 373.0 373
1680271129732 374.0 374
1680271131115 375.0 375
1680271131342 376.0 376
1680271132730 377.0 377
1680271132985 378.0 378
1680271134377 379.0 379
1680271134586 380.0 380
1680271136022 381.0 381
1680271136242 382.0 382
1680271137530 383.0 383
1680271137734 384.0 384
1680271139109 385.0 385
1680271139319 386.0 386
1680271140574 387.0 387
1680271140796 388.0 388
1680271142109 389.0 389
1680271142302 390.0 390
1680271143549 391.0 391
1680271143778 392.0 392
1680271145128 393.0 393
1680271145323 394.0 394
1680271146558 395.0 395
1680271146760 396.0 396
1680271148046 397.0 397
1680271148296 398.0 398
1680271149630 399.0 399
1680271149844 400.0 400
1680271150000 401.0 401
