1680270858031 3.332754373550415 1
1680270858226 3.5133073329925537 2
1680270859493 4.7754340171813965 3
1680270859673 4.965308666229248 4
1680270860870 6.187470197677612 5
1680270861041 6.3304290771484375 6
1680270862304 7.590307712554932 7
1680270862488 7.773669958114624 8
1680270863740 9.025579452514648 9
1680270863943 9.226333856582642 10
1680270865307 10.590714931488037 11
1680270865494 10.778392553329468 12
1680270866738 12.02555227279663 13
1680270866940 12.222155332565308 14
1680270868221 13.509843349456787 15
1680270868389 13.67740797996521 16
1680270869554 14.841696977615356 17
1680270869736 15.024475574493408 18
1680270870938 16.225240468978882 19
1680270871107 16.39456009864807 20
1680270872307 17.58877944946289 21
1680270872504 17.780532598495483 22
1680270873713 19.001368761062622 23
1680270873961 19.24549126625061 24
1680270875137 20.452605724334717 25
1680270875324 20.611221313476562 26
1680270876526 21.813063144683838 27
1680270876710 21.99519157409668 28
1680270877996 23.285601139068604 29
1680270878172 23.458422899246216 30
1680270879365 24.652538299560547 31
1680270879558 24.838532209396362 32
1680270880810 26.096524000167847 33
1680270881007 26.29403328895569 34
1680270882196 27.48164701461792 35
1680270882377 27.661998987197876 36
1680270883668 28.954299211502075 37
1680270883851 29.133878469467163 38
1680270885098 30.37640690803528 39
1680270885281 30.56565809249878 40
1680270886471 31.75861644744873 41
1680270886661 31.93978214263916 42
1680270887948 33.23349046707153 43
1680270888123 33.406628131866455 44
1680270889287 34.5745632648468 45
1680270889475 34.75913214683533 46
1680270890653 35.96986532211304 47
1680270890829 36.110689878463745 48
1680270892113 37.39147114753723 49
1680270892315 37.59504985809326 50
1680270893749 39.062604665756226 51
1680270893942 39.22164463996887 52
1680270895229 40.54455375671387 53
1680270895452 40.71661400794983 54
1680270896761 42.03428530693054 55
1680270896960 42.23553538322449 56
1680270898330 43.61052894592285 57
1680270898516 43.80058169364929 58
1680270899767 45.045259952545166 59
1680270899948 45.232954263687134 60
1680270901195 46.47955513000488 61
1680270901384 46.665778398513794 62
1680270902626 47.902382373809814 63
1680270902818 48.09754204750061 64
1680270904145 49.42868232727051 65
1680270904345 49.624470949172974 66
1680270905576 50.89132213592529 67
1680270905761 51.040026903152466 68
1680270907106 52.41930603981018 69
1680270907294 52.57731485366821 70
1680270908534 53.84543776512146 71
1680270908728 54.0104866027832 72
1680270909955 55.238502502441406 73
1680270910172 55.44749402999878 74
1680270911398 56.68177771568298 75
1680270911587 56.86856389045715 76
1680270912798 58.07873558998108 77
1680270913085 58.360453844070435 78
1680270914299 59.584351539611816 79
1680270914488 59.76745271682739 80
1680270915762 61.04119372367859 81
1680270915959 61.24041152000427 82
1680270917271 62.55346322059631 83
1680270917458 62.74837565422058 84
1680270918664 63.977362871170044 85
1680270918886 64.14093828201294 86
1680270920180 65.49222445487976 87
1680270920374 65.65578889846802 88
1680270921650 66.93166184425354 89
1680270921852 67.13464140892029 90
1680270923242 68.52211236953735 91
1680270923449 68.72528886795044 92
1680270924726 70.00172400474548 93
1680270924938 70.2067620754242 94
1680270926235 71.51437401771545 95
1680270926414 71.69466662406921 96
1680270927720 73.00150561332703 97
1680270927927 73.20633053779602 98
1680270929183 74.45663022994995 99
1680270929367 74.64757776260376 100
1680270930572 75.8523621559143 101
1680270930764 76.03891801834106 102
1680270932008 77.29074120521545 103
1680270932186 77.4694652557373 104
1680270933474 78.75502920150757 105
1680270933664 78.94638562202454 106
1680270934855 80.13940143585205 107
1680270935018 80.32958817481995 108
1680270936337 81.61733365058899 109
1680270936529 81.80309319496155 110
1680270937822 83.10225033760071 111
1680270938025 83.29501247406006 112
1680270939276 84.55843448638916 113
1680270939502 84.770667552948 114
1680270940773 86.05091261863708 115
1680270940978 86.25163769721985 116
1680270942272 87.55355715751648 117
1680270942475 87.7463436126709 118
1680270943749 89.02971577644348 119
1680270943963 89.21878814697266 120
1680270945188 90.47091555595398 121
1680270945376 90.65445876121521 122
1680270946711 91.99041175842285 123
1680270946900 92.1746256351471 124
1680270948110 93.39149832725525 125
1680270948320 93.58246111869812 126
1680270949505 94.7864031791687 127
1680270949689 94.96718859672546 128
1680270950998 96.27018284797668 129
1680270951210 96.48719930648804 130
1680270952621 97.89258670806885 131
1680270952860 98.12258863449097 132
1680270954227 99.4973955154419 133
1680270954438 99.70629596710205 134
1680270955744 101.05551838874817 135
1680270955980 101.2484860420227 136
1680270957357 102.6338312625885 137
1680270957572 102.84956002235413 138
1680270958841 104.12071061134338 139
1680270959027 104.30567574501038 140
1680270960281 105.55843925476074 141
1680270960473 105.74867153167725 142
1680270961686 106.96572661399841 143
1680270961873 107.15568685531616 144
1680270963214 108.49351978302002 145
1680270963414 108.6916401386261 146
1680270964669 109.9405164718628 147
1680270964871 110.14877986907959 148
1680270966081 111.38957786560059 149
1680270966315 111.58292555809021 150
1680270967634 112.94563007354736 151
1680270967841 113.11298108100891 152
1680270969096 114.41085314750671 153
1680270969289 114.569087266922 154
1680270970488 115.80171203613281 155
1680270970687 115.9487714767456 156
1680270971944 117.21005034446716 157
1680270972162 117.42917346954346 158
1680270973465 118.74278569221497 159
1680270973648 118.92854475975037 160
1680270974921 120.19945573806763 161
1680270975156 120.41236090660095 162
1680270976385 121.66027522087097 163
1680270976572 121.85122585296631 164
1680270977896 123.16658067703247 165
1680270978122 123.38453340530396 166
1680270979364 124.63340163230896 167
1680270979552 124.82517886161804 168
1680270980739 126.05271792411804 169
1680270980941 126.21267104148865 170
1680270982235 127.48468780517578 171
1680270982461 127.72250199317932 172
1680270983855 129.1264169216156 173
1680270984070 129.33242869377136 174
1680270985377 130.65230226516724 175
1680270985571 130.84390115737915 176
1680270986907 132.18513345718384 177
1680270987093 132.37466764450073 178
1680270988281 133.5604567527771 179
1680270988467 133.74659824371338 180
1680270989694 134.97128796577454 181
1680270989903 135.15745782852173 182
1680270991144 136.4104061126709 183
1680270991339 136.61058473587036 184
1680270992561 137.8418447971344 185
1680270992837 138.10742926597595 186
1680270994055 139.33660626411438 187
1680270994237 139.51434230804443 188
1680270995405 140.71643471717834 189
1680270995641 140.89822506904602 190
1680270996925 142.20329928398132 191
1680270997110 142.38466334342957 192
1680270998327 143.59425735473633 193
1680270998516 143.79348754882812 194
1680270999738 145.01159715652466 195
1680270999920 145.19851636886597 196
1680271001135 146.4144515991211 197
1680271001358 146.60225915908813 198
1680271002637 147.91375732421875 199
1680271002828 148.10291075706482 200
1680271004045 149.3225691318512 201
1680271004237 149.5150818824768 202
1680271005421 150.699777841568 203
1680271005614 150.88940119743347 204
1680271006888 152.16522359848022 205
1680271007109 152.35756158828735 206
1680271008355 153.62754702568054 207
1680271008550 153.82044529914856 208
1680271009768 155.04324054718018 209
1680271009967 155.2415111064911 210
1680271011177 156.44335508346558 211
1680271011359 156.63655495643616 212
1680271012706 157.97736310958862 213
1680271012937 158.18250918388367 214
1680271014225 159.48834323883057 215
1680271014426 159.69744777679443 216
1680271015710 160.97750568389893 217
1680271015921 161.19133591651917 218
1680271017233 162.50963807106018 219
1680271017420 162.69350576400757 220
1680271018622 163.90058493614197 221
1680271018812 164.08461809158325 222
1680271020047 165.31961059570312 223
1680271020239 165.51217603683472 224
1680271021484 166.76236629486084 225
1680271021707 166.97937202453613 226
1680271023022 168.2996506690979 227
1680271023205 168.48154544830322 228
1680271024394 169.66756415367126 229
1680271024597 169.86547946929932 230
1680271025891 171.1654131412506 231
1680271026068 171.34497356414795 232
1680271027281 172.55744552612305 233
1680271027471 172.7495231628418 234
1680271028667 173.9271776676178 235
1680271028843 174.12234783172607 236
1680271030021 175.29529452323914 237
1680271030229 175.48345708847046 238
1680271031429 176.70645403862 239
1680271031688 176.96349358558655 240
1680271032860 178.13722944259644 241
1680271033043 178.32156491279602 242
1680271034267 179.54344081878662 243
1680271034450 179.72485494613647 244
1680271035732 181.0092339515686 245
1680271035926 181.19761180877686 246
1680271037150 182.42665195465088 247
1680271037338 182.6092174053192 248
1680271038543 183.81315970420837 249
1680271038750 184.0186264514923 250
1680271039964 185.23818111419678 251
1680271040145 185.42259788513184 252
1680271041459 186.7304437160492 253
1680271041672 186.93516206741333 254
1680271042941 188.2135043144226 255
1680271043137 188.40942525863647 256
1680271044411 189.680739402771 257
1680271044626 189.88645219802856 258
1680271045979 191.24648547172546 259
1680271046199 191.45998811721802 260
1680271047540 192.80324053764343 261
1680271047762 193.02450108528137 262
1680271049005 194.2743308544159 263
1680271049226 194.4922535419464 264
1680271050423 195.70047760009766 265
1680271050617 195.8915946483612 266
1680271051897 197.1754412651062 267
1680271052092 197.36260628700256 268
1680271053404 198.66754174232483 269
1680271053642 198.88035678863525 270
1680271054836 200.11112070083618 271
1680271055017 200.29468727111816 272
1680271056290 201.56552004814148 273
1680271056488 201.76032423973083 274
1680271057684 202.9625391960144 275
1680271057868 203.14431262016296 276
1680271059061 204.33978581428528 277
1680271059254 204.52937698364258 278
1680271060456 205.73243761062622 279
1680271060642 205.9165346622467 280
1680271061914 207.1885576248169 281
1680271062125 207.38388228416443 282
1680271063333 208.60497856140137 283
1680271063519 208.7922968864441 284
1680271064795 210.07174849510193 285
1680271065000 210.26532912254333 286
1680271066193 211.46514344215393 287
1680271066375 211.6511709690094 288
1680271067564 212.84026646614075 289
1680271067770 213.02563667297363 290
1680271068962 214.23536157608032 291
1680271069190 214.4474847316742 292
1680271070497 215.7713394165039 293
1680271070694 215.96329808235168 294
1680271071885 217.1615891456604 295
1680271072076 217.34455823898315 296
1680271073377 218.64356064796448 297
1680271073589 218.85252857208252 298
1680271074928 220.19856643676758 299
1680271075130 220.40320014953613 300
1680271076407 221.67188024520874 301
1680271076639 221.87724113464355 302
1680271077881 223.15269422531128 303
1680271078070 223.3403661251068 304
1680271079253 224.52661204338074 305
1680271079445 224.71850657463074 306
1680271080685 225.95964741706848 307
1680271080878 226.14452862739563 308
1680271082080 227.35575795173645 309
1680271082279 227.54051518440247 310
1680271083518 228.77133631706238 311
1680271083743 229.0043227672577 312
1680271085085 230.3952877521515 313
1680271085281 230.55228757858276 314
1680271086518 231.7886483669281 315
1680271086724 231.99759650230408 316
1680271087964 233.2355887889862 317
1680271088179 233.42324948310852 318
1680271089392 234.66512298583984 319
1680271089586 234.85660481452942 320
1680271090889 236.1622772216797 321
1680271091103 236.3639407157898 322
1680271092342 237.61647033691406 323
1680271092539 237.80753755569458 324
1680271093765 239.0397117137909 325
1680271093962 239.22964477539062 326
1680271095244 240.51858139038086 327
1680271095430 240.70512294769287 328
1680271096657 241.92979264259338 329
1680271096882 242.12981176376343 330
1680271098121 243.3906660079956 331
1680271098312 243.5825846195221 332
1680271099524 244.79648518562317 333
1680271099721 244.99260783195496 334
1680271101001 246.309818983078 335
1680271101194 246.4665403366089 336
1680271102460 247.72152471542358 337
1680271102687 247.97151017189026 338
1680271104115 249.38150310516357 339
1680271104317 249.5843334197998 340
1680271105615 250.874351978302 341
1680271105843 251.10527396202087 342
1680271107094 252.36826920509338 343
1680271107286 252.55559754371643 344
1680271108488 253.7536768913269 345
1680271108717 253.97637271881104 346
1680271109948 255.21253943443298 347
1680271110250 255.50718140602112 348
1680271111519 256.7744266986847 349
1680271111746 256.99067282676697 350
1680271113007 258.2715618610382 351
1680271113215 258.48265266418457 352
1680271114560 259.8137774467468 353
1680271114790 260.05973196029663 354
1680271115997 261.3067660331726 355
1680271116190 261.46089458465576 356
1680271117424 262.69292187690735 357
1680271117645 262.90263056755066 358
1680271118878 264.1408579349518 359
1680271119089 264.3507492542267 360
1680271120464 265.73558259010315 361
1680271120670 265.93461561203003 362
1680271121929 267.18867778778076 363
1680271122124 267.3925497531891 364
1680271123322 268.59320616722107 365
1680271123540 268.7872226238251 366
1680271124865 270.133202791214 367
1680271125069 270.33731341362 368
1680271126528 271.7839107513428 369
1680271126739 271.9955430030823 370
1680271127987 273.2576069831848 371
1680271128195 273.46037793159485 372
1680271129481 274.7413127422333 373
1680271129729 274.9575479030609 374
1680271131110 276.36642241477966 375
1680271131338 276.59744811058044 376
1680271132727 277.9808702468872 377
1680271132981 278.2267813682556 378
1680271134374 279.63751006126404 379
1680271134584 279.8484950065613 380
1680271136018 281.2742941379547 381
1680271136238 281.50429010391235 382
1680271137527 282.7964587211609 383
1680271137731 282.9954216480255 384
1680271139106 284.36649560928345 385
1680271139316 284.5799961090088 386
1680271140571 285.84178018569946 387
1680271140791 286.0456235408783 388
1680271142106 287.37458753585815 389
1680271142299 287.5673711299896 390
1680271143546 288.81569838523865 391
1680271143774 289.0310196876526 392
1680271145125 290.393737077713 393
1680271145320 290.5876553058624 394
1680271146555 291.8196511268616 395
1680271146757 292.02328538894653 396
1680271148040 293.29674530029297 397
1680271148292 293.5364348888397 398
1680271149627 294.8856530189514 399
1680271149840 295.0986156463623 400
1680271149996 295.25717878341675 401
