1680270858027 1680270857.0 1
1680270858221 1680270858.0 2
1680270859489 1680270859.0 3
1680270859668 1680270859.0 4
1680270860865 1680270860.0 5
1680270861036 1680270860.0 6
1680270862299 1680270862.0 7
1680270862483 1680270862.0 8
1680270863735 1680270863.0 9
1680270863937 1680270863.0 10
1680270865302 1680270865.0 11
1680270865490 1680270865.0 12
1680270866732 1680270866.0 13
1680270866936 1680270866.0 14
1680270868216 1680270868.0 15
1680270868385 1680270868.0 16
1680270869549 1680270869.0 17
1680270869731 1680270869.0 18
1680270870933 1680270870.0 19
1680270871103 1680270871.0 20
1680270872295 1680270872.0 21
1680270872499 1680270872.0 22
1680270873709 1680270873.0 23
1680270873956 1680270873.0 24
1680270875132 1680270875.0 25
1680270875319 1680270875.0 26
1680270876522 1680270876.0 27
1680270876705 1680270876.0 28
1680270877992 1680270877.0 29
1680270878167 1680270878.0 30
1680270879360 1680270879.0 31
1680270879552 1680270879.0 32
1680270880805 1680270880.0 33
1680270881003 1680270880.0 34
1680270882191 1680270882.0 35
1680270882372 1680270882.0 36
1680270883662 1680270883.0 37
1680270883846 1680270883.0 38
1680270885093 1680270885.0 39
1680270885275 1680270885.0 40
1680270886466 1680270886.0 41
1680270886656 1680270886.0 42
1680270887944 1680270887.0 43
1680270888118 1680270888.0 44
1680270889282 1680270889.0 45
1680270889470 1680270889.0 46
1680270890649 1680270890.0 47
1680270890823 1680270890.0 48
1680270892108 1680270892.0 49
1680270892309 1680270892.0 50
1680270893744 1680270893.0 51
1680270893937 1680270893.0 52
1680270895224 1680270895.0 53
1680270895447 1680270895.0 54
1680270896756 1680270896.0 55
1680270896955 1680270896.0 56
1680270898325 1680270898.0 57
1680270898512 1680270898.0 58
1680270899762 1680270899.0 59
1680270899943 1680270899.0 60
1680270901190 1680270901.0 61
1680270901379 1680270901.0 62
1680270902620 1680270902.0 63
1680270902813 1680270902.0 64
1680270904140 1680270904.0 65
1680270904340 1680270904.0 66
1680270905572 1680270905.0 67
1680270905756 1680270905.0 68
1680270907101 1680270907.0 69
1680270907289 1680270907.0 70
1680270908528 1680270908.0 71
1680270908724 1680270908.0 72
1680270909950 1680270909.0 73
1680270910167 1680270910.0 74
1680270911394 1680270911.0 75
1680270911582 1680270911.0 76
1680270912793 1680270912.0 77
1680270913080 1680270913.0 78
1680270914294 1680270914.0 79
1680270914482 1680270914.0 80
1680270915755 1680270915.0 81
1680270915954 1680270915.0 82
1680270917266 1680270917.0 83
1680270917454 1680270917.0 84
1680270918659 1680270918.0 85
1680270918880 1680270918.0 86
1680270920175 1680270920.0 87
1680270920369 1680270920.0 88
1680270921645 1680270921.0 89
1680270921847 1680270921.0 90
1680270923237 1680270923.0 91
1680270923443 1680270923.0 92
1680270924721 1680270924.0 93
1680270924932 1680270924.0 94
1680270926229 1680270926.0 95
1680270926408 1680270926.0 96
1680270927715 1680270927.0 97
1680270927922 1680270927.0 98
1680270929177 1680270929.0 99
1680270929362 1680270929.0 100
1680270930567 1680270930.0 101
1680270930758 1680270930.0 102
1680270932003 1680270931.0 103
1680270932181 1680270932.0 104
1680270933470 1680270933.0 105
1680270933660 1680270933.0 106
1680270934849 1680270934.0 107
1680270935013 1680270934.0 108
1680270936332 1680270936.0 109
1680270936524 1680270936.0 110
1680270937817 1680270937.0 111
1680270938020 1680270937.0 112
1680270939272 1680270939.0 113
1680270939497 1680270939.0 114
1680270940767 1680270940.0 115
1680270940973 1680270940.0 116
1680270942268 1680270942.0 117
1680270942470 1680270942.0 118
1680270943744 1680270943.0 119
1680270943956 1680270943.0 120
1680270945182 1680270945.0 121
1680270945372 1680270945.0 122
1680270946706 1680270946.0 123
1680270946894 1680270946.0 124
1680270948105 1680270948.0 125
1680270948314 1680270948.0 126
1680270949500 1680270949.0 127
1680270949685 1680270949.0 128
1680270950992 1680270950.0 129
1680270951206 1680270951.0 130
1680270952615 1680270952.0 131
1680270952854 1680270952.0 132
1680270954222 1680270954.0 133
1680270954430 1680270954.0 134
1680270955738 1680270955.0 135
1680270955974 1680270955.0 136
1680270957352 1680270957.0 137
1680270957568 1680270957.0 138
1680270958836 1680270958.0 139
1680270959022 1680270958.0 140
1680270960275 1680270960.0 141
1680270960468 1680270960.0 142
1680270961680 1680270961.0 143
1680270961869 1680270961.0 144
1680270963208 1680270963.0 145
1680270963409 1680270963.0 146
1680270964663 1680270964.0 147
1680270964867 1680270964.0 148
1680270966077 1680270966.0 149
1680270966309 1680270966.0 150
1680270967629 1680270967.0 151
1680270967836 1680270967.0 152
1680270969092 1680270969.0 153
1680270969285 1680270969.0 154
1680270970483 1680270970.0 155
1680270970681 1680270970.0 156
1680270971936 1680270971.0 157
1680270972158 1680270972.0 158
1680270973459 1680270973.0 159
1680270973643 1680270973.0 160
1680270974916 1680270974.0 161
1680270975147 1680270975.0 162
1680270976379 1680270976.0 163
1680270976567 1680270976.0 164
1680270977890 1680270977.0 165
1680270978117 1680270978.0 166
1680270979358 1680270979.0 167
1680270979547 1680270979.0 168
1680270980735 1680270980.0 169
1680270980935 1680270980.0 170
1680270982229 1680270982.0 171
1680270982456 1680270982.0 172
1680270983850 1680270983.0 173
1680270984065 1680270983.0 174
1680270985372 1680270985.0 175
1680270985565 1680270985.0 176
1680270986902 1680270986.0 177
1680270987089 1680270987.0 178
1680270988276 1680270988.0 179
1680270988462 1680270988.0 180
1680270989690 1680270989.0 181
1680270989897 1680270989.0 182
1680270991136 1680270991.0 183
1680270991334 1680270991.0 184
1680270992556 1680270992.0 185
1680270992832 1680270992.0 186
1680270994050 1680270994.0 187
1680270994233 1680270994.0 188
1680270995399 1680270995.0 189
1680270995636 1680270995.0 190
1680270996920 1680270996.0 191
1680270997106 1680270997.0 192
1680270998321 1680270998.0 193
1680270998509 1680270998.0 194
1680270999732 1680270999.0 195
1680270999914 1680270999.0 196
1680271001130 1680271001.0 197
1680271001354 1680271001.0 198
1680271002632 1680271002.0 199
1680271002823 1680271002.0 200
1680271004040 1680271003.0 201
1680271004232 1680271004.0 202
1680271005417 1680271005.0 203
1680271005609 1680271005.0 204
1680271006883 1680271006.0 205
1680271007104 1680271007.0 206
1680271008349 1680271008.0 207
1680271008544 1680271008.0 208
1680271009763 1680271009.0 209
1680271009962 1680271009.0 210
1680271011172 1680271011.0 211
1680271011354 1680271011.0 212
1680271012700 1680271012.0 213
1680271012932 1680271012.0 214
1680271014220 1680271014.0 215
1680271014422 1680271014.0 216
1680271015705 1680271015.0 217
1680271015915 1680271015.0 218
1680271017227 1680271017.0 219
1680271017415 1680271017.0 220
1680271018617 1680271018.0 221
1680271018808 1680271018.0 222
1680271020042 1680271019.0 223
1680271020234 1680271020.0 224
1680271021480 1680271021.0 225
1680271021703 1680271021.0 226
1680271023017 1680271022.0 227
1680271023200 1680271023.0 228
1680271024389 1680271024.0 229
1680271024592 1680271024.0 230
1680271025886 1680271025.0 231
1680271026064 1680271026.0 232
1680271027277 1680271027.0 233
1680271027466 1680271027.0 234
1680271028662 1680271028.0 235
1680271028839 1680271028.0 236
1680271030017 1680271029.0 237
1680271030224 1680271030.0 238
1680271031424 1680271031.0 239
1680271031682 1680271031.0 240
1680271032855 1680271032.0 241
1680271033038 1680271032.0 242
1680271034261 1680271034.0 243
1680271034445 1680271034.0 244
1680271035727 1680271035.0 245
1680271035922 1680271035.0 246
1680271037145 1680271037.0 247
1680271037333 1680271037.0 248
1680271038539 1680271038.0 249
1680271038746 1680271038.0 250
1680271039960 1680271039.0 251
1680271040141 1680271040.0 252
1680271041454 1680271041.0 253
1680271041667 1680271041.0 254
1680271042935 1680271042.0 255
1680271043132 1680271043.0 256
1680271044406 1680271044.0 257
1680271044622 1680271044.0 258
1680271045974 1680271045.0 259
1680271046193 1680271046.0 260
1680271047534 1680271047.0 261
1680271047757 1680271047.0 262
1680271048999 1680271048.0 263
1680271049219 1680271049.0 264
1680271050419 1680271050.0 265
1680271050613 1680271050.0 266
1680271051893 1680271051.0 267
1680271052087 1680271052.0 268
1680271053398 1680271053.0 269
1680271053638 1680271053.0 270
1680271054832 1680271054.0 271
1680271055012 1680271054.0 272
1680271056286 1680271056.0 273
1680271056483 1680271056.0 274
1680271057680 1680271057.0 275
1680271057863 1680271057.0 276
1680271059057 1680271059.0 277
1680271059249 1680271059.0 278
1680271060452 1680271060.0 279
1680271060636 1680271060.0 280
1680271061909 1680271061.0 281
1680271062121 1680271062.0 282
1680271063328 1680271063.0 283
1680271063513 1680271063.0 284
1680271064790 1680271064.0 285
1680271064995 1680271064.0 286
1680271066188 1680271066.0 287
1680271066371 1680271066.0 288
1680271067559 1680271067.0 289
1680271067765 1680271067.0 290
1680271068957 1680271068.0 291
1680271069186 1680271069.0 292
1680271070493 1680271070.0 293
1680271070689 1680271070.0 294
1680271071880 1680271071.0 295
1680271072071 1680271072.0 296
1680271073371 1680271073.0 297
1680271073582 1680271073.0 298
1680271074924 1680271074.0 299
1680271075126 1680271075.0 300
1680271076401 1680271076.0 301
1680271076633 1680271076.0 302
1680271077876 1680271077.0 303
1680271078066 1680271078.0 304
1680271079248 1680271079.0 305
1680271079440 1680271079.0 306
1680271080680 1680271080.0 307
1680271080874 1680271080.0 308
1680271082075 1680271082.0 309
1680271082273 1680271082.0 310
1680271083513 1680271083.0 311
1680271083738 1680271083.0 312
1680271085080 1680271085.0 313
1680271085277 1680271085.0 314
1680271086514 1680271086.0 315
1680271086720 1680271086.0 316
1680271087959 1680271087.0 317
1680271088174 1680271088.0 318
1680271089388 1680271089.0 319
1680271089581 1680271089.0 320
1680271090884 1680271090.0 321
1680271091098 1680271091.0 322
1680271092337 1680271092.0 323
1680271092535 1680271092.0 324
1680271093760 1680271093.0 325
1680271093958 1680271093.0 326
1680271095239 1680271095.0 327
1680271095426 1680271095.0 328
1680271096652 1680271096.0 329
1680271096877 1680271096.0 330
1680271098116 1680271098.0 331
1680271098307 1680271098.0 332
1680271099519 1680271099.0 333
1680271099716 1680271099.0 334
1680271100996 1680271100.0 335
1680271101189 1680271101.0 336
1680271102455 1680271102.0 337
1680271102677 1680271102.0 338
1680271104111 1680271104.0 339
1680271104313 1680271104.0 340
1680271105610 1680271105.0 341
1680271105839 1680271105.0 342
1680271107089 1680271107.0 343
1680271107282 1680271107.0 344
1680271108483 1680271108.0 345
1680271108712 1680271108.0 346
1680271109944 1680271109.0 347
1680271110244 1680271110.0 348
1680271111514 1680271111.0 349
1680271111742 1680271111.0 350
1680271113001 1680271112.0 351
1680271113211 1680271113.0 352
1680271114553 1680271114.0 353
1680271114785 1680271114.0 354
1680271115992 1680271115.0 355
1680271116185 1680271116.0 356
1680271117419 1680271117.0 357
1680271117639 1680271117.0 358
1680271118873 1680271118.0 359
1680271119084 1680271119.0 360
1680271120459 1680271120.0 361
1680271120665 1680271120.0 362
1680271121923 1680271121.0 363
1680271122119 1680271122.0 364
1680271123318 1680271123.0 365
1680271123535 1680271123.0 366
1680271124859 1680271124.0 367
1680271125063 1680271125.0 368
1680271126523 1680271126.0 369
1680271126733 1680271126.0 370
1680271127982 1680271127.0 371
1680271128190 1680271128.0 372
1680271129476 1680271129.0 373
1680271129724 1680271129.0 374
1680271131106 1680271131.0 375
1680271131332 1680271131.0 376
1680271132721 1680271132.0 377
1680271132976 1680271132.0 378
1680271134368 1680271134.0 379
1680271134579 1680271134.0 380
1680271136013 1680271135.0 381
1680271136234 1680271136.0 382
1680271137522 1680271137.0 383
1680271137725 1680271137.0 384
1680271139100 1680271139.0 385
1680271139312 1680271139.0 386
1680271140566 1680271140.0 387
1680271140784 1680271140.0 388
1680271142102 1680271142.0 389
1680271142294 1680271142.0 390
1680271143542 1680271143.0 391
1680271143770 1680271143.0 392
1680271145120 1680271145.0 393
1680271145316 1680271145.0 394
1680271146550 1680271146.0 395
1680271146753 1680271146.0 396
1680271148032 1680271147.0 397
1680271148286 1680271148.0 398
1680271149622 1680271149.0 399
1680271149835 1680271149.0 400
1680271149991 1680271149.0 401
