1680270858028 3.332754373550415 1
1680270858223 3.5133073329925537 2
1680270859490 4.7754340171813965 3
1680270859670 4.965308666229248 4
1680270860867 6.187470197677612 5
1680270861038 6.3304290771484375 6
1680270862300 7.590307712554932 7
1680270862485 7.773669958114624 8
1680270863737 9.025579452514648 9
1680270863940 9.226333856582642 10
1680270865304 10.590714931488037 11
1680270865491 10.778392553329468 12
1680270866734 12.02555227279663 13
1680270866937 12.222155332565308 14
1680270868218 13.509843349456787 15
1680270868387 13.67740797996521 16
1680270869551 14.841696977615356 17
1680270869733 15.024475574493408 18
1680270870935 16.225240468978882 19
1680270871104 16.39456009864807 20
1680270872303 17.58877944946289 21
1680270872501 17.780532598495483 22
1680270873710 19.001368761062622 23
1680270873958 19.24549126625061 24
1680270875134 20.452605724334717 25
1680270875321 20.611221313476562 26
1680270876523 21.813063144683838 27
1680270876707 21.99519157409668 28
1680270877993 23.285601139068604 29
1680270878169 23.458422899246216 30
1680270879362 24.652538299560547 31
1680270879554 24.838532209396362 32
1680270880807 26.096524000167847 33
1680270881004 26.29403328895569 34
1680270882193 27.48164701461792 35
1680270882374 27.661998987197876 36
1680270883664 28.954299211502075 37
1680270883848 29.133878469467163 38
1680270885094 30.37640690803528 39
1680270885277 30.56565809249878 40
1680270886467 31.75861644744873 41
1680270886658 31.93978214263916 42
1680270887945 33.23349046707153 43
1680270888119 33.406628131866455 44
1680270889283 34.5745632648468 45
1680270889472 34.75913214683533 46
1680270890650 35.96986532211304 47
1680270890825 36.110689878463745 48
1680270892110 37.39147114753723 49
1680270892311 37.59504985809326 50
1680270893745 39.062604665756226 51
1680270893939 39.22164463996887 52
1680270895226 40.54455375671387 53
1680270895448 40.71661400794983 54
1680270896758 42.03428530693054 55
1680270896956 42.23553538322449 56
1680270898327 43.61052894592285 57
1680270898513 43.80058169364929 58
1680270899764 45.045259952545166 59
1680270899945 45.232954263687134 60
1680270901192 46.47955513000488 61
1680270901380 46.665778398513794 62
1680270902622 47.902382373809814 63
1680270902815 48.09754204750061 64
1680270904142 49.42868232727051 65
1680270904342 49.624470949172974 66
1680270905573 50.89132213592529 67
1680270905758 51.040026903152466 68
1680270907103 52.41930603981018 69
1680270907290 52.57731485366821 70
1680270908530 53.84543776512146 71
1680270908725 54.0104866027832 72
1680270909951 55.238502502441406 73
1680270910168 55.44749402999878 74
1680270911395 56.68177771568298 75
1680270911584 56.86856389045715 76
1680270912795 58.07873558998108 77
1680270913082 58.360453844070435 78
1680270914296 59.584351539611816 79
1680270914484 59.76745271682739 80
1680270915758 61.04119372367859 81
1680270915956 61.24041152000427 82
1680270917268 62.55346322059631 83
1680270917455 62.74837565422058 84
1680270918660 63.977362871170044 85
1680270918882 64.14093828201294 86
1680270920177 65.49222445487976 87
1680270920371 65.65578889846802 88
1680270921647 66.93166184425354 89
1680270921848 67.13464140892029 90
1680270923238 68.52211236953735 91
1680270923445 68.72528886795044 92
1680270924723 70.00172400474548 93
1680270924934 70.2067620754242 94
1680270926231 71.51437401771545 95
1680270926410 71.69466662406921 96
1680270927716 73.00150561332703 97
1680270927923 73.20633053779602 98
1680270929179 74.45663022994995 99
1680270929364 74.64757776260376 100
1680270930569 75.8523621559143 101
1680270930759 76.03891801834106 102
1680270932005 77.29074120521545 103
1680270932183 77.4694652557373 104
1680270933471 78.75502920150757 105
1680270933661 78.94638562202454 106
1680270934852 80.13940143585205 107
1680270935014 80.32958817481995 108
1680270936334 81.61733365058899 109
1680270936526 81.80309319496155 110
1680270937818 83.10225033760071 111
1680270938022 83.29501247406006 112
1680270939273 84.55843448638916 113
1680270939499 84.770667552948 114
1680270940770 86.05091261863708 115
1680270940975 86.25163769721985 116
1680270942270 87.55355715751648 117
1680270942472 87.7463436126709 118
1680270943746 89.02971577644348 119
1680270943959 89.21878814697266 120
1680270945184 90.47091555595398 121
1680270945373 90.65445876121521 122
1680270946707 91.99041175842285 123
1680270946896 92.1746256351471 124
1680270948107 93.39149832725525 125
1680270948316 93.58246111869812 126
1680270949502 94.7864031791687 127
1680270949687 94.96718859672546 128
1680270950994 96.27018284797668 129
1680270951207 96.48719930648804 130
1680270952617 97.89258670806885 131
1680270952856 98.12258863449097 132
1680270954224 99.4973955154419 133
1680270954433 99.70629596710205 134
1680270955740 101.05551838874817 135
1680270955976 101.2484860420227 136
1680270957354 102.6338312625885 137
1680270957570 102.84956002235413 138
1680270958837 104.12071061134338 139
1680270959024 104.30567574501038 140
1680270960277 105.55843925476074 141
1680270960470 105.74867153167725 142
1680270961683 106.96572661399841 143
1680270961870 107.15568685531616 144
1680270963211 108.49351978302002 145
1680270963409 108.6916401386261 146
1680270964665 109.9405164718628 147
1680270964868 110.14877986907959 148
1680270966078 111.38957786560059 149
1680270966311 111.58292555809021 150
1680270967631 112.94563007354736 151
1680270967838 113.11298108100891 152
1680270969094 114.41085314750671 153
1680270969286 114.569087266922 154
1680270970485 115.80171203613281 155
1680270970683 115.9487714767456 156
1680270971939 117.21005034446716 157
1680270972159 117.42917346954346 158
1680270973462 118.74278569221497 159
1680270973645 118.92854475975037 160
1680270974918 120.19945573806763 161
1680270975150 120.41236090660095 162
1680270976381 121.66027522087097 163
1680270976569 121.85122585296631 164
1680270977892 123.16658067703247 165
1680270978119 123.38453340530396 166
1680270979360 124.63340163230896 167
1680270979549 124.82517886161804 168
1680270980736 126.05271792411804 169
1680270980937 126.21267104148865 170
1680270982230 127.48468780517578 171
1680270982458 127.72250199317932 172
1680270983852 129.1264169216156 173
1680270984067 129.33242869377136 174
1680270985374 130.65230226516724 175
1680270985567 130.84390115737915 176
1680270986903 132.18513345718384 177
1680270987090 132.37466764450073 178
1680270988278 133.5604567527771 179
1680270988464 133.74659824371338 180
1680270989691 134.97128796577454 181
1680270989899 135.15745782852173 182
1680270991139 136.4104061126709 183
1680270991336 136.61058473587036 184
1680270992558 137.8418447971344 185
1680270992834 138.10742926597595 186
1680270994052 139.33660626411438 187
1680270994234 139.51434230804443 188
1680270995402 140.71643471717834 189
1680270995638 140.89822506904602 190
1680270996922 142.20329928398132 191
1680270997107 142.38466334342957 192
1680270998322 143.59425735473633 193
1680270998512 143.79348754882812 194
1680270999735 145.01159715652466 195
1680270999917 145.19851636886597 196
1680271001131 146.4144515991211 197
1680271001355 146.60225915908813 198
1680271002634 147.91375732421875 199
1680271002824 148.10291075706482 200
1680271004041 149.3225691318512 201
1680271004234 149.5150818824768 202
1680271005418 150.699777841568 203
1680271005611 150.88940119743347 204
1680271006885 152.16522359848022 205
1680271007105 152.35756158828735 206
1680271008352 153.62754702568054 207
1680271008546 153.82044529914856 208
1680271009764 155.04324054718018 209
1680271009964 155.2415111064911 210
1680271011173 156.44335508346558 211
1680271011356 156.63655495643616 212
1680271012702 157.97736310958862 213
1680271012933 158.18250918388367 214
1680271014222 159.48834323883057 215
1680271014423 159.69744777679443 216
1680271015707 160.97750568389893 217
1680271015917 161.19133591651917 218
1680271017229 162.50963807106018 219
1680271017416 162.69350576400757 220
1680271018618 163.90058493614197 221
1680271018809 164.08461809158325 222
1680271020044 165.31961059570312 223
1680271020236 165.51217603683472 224
1680271021480 166.76236629486084 225
1680271021704 166.97937202453613 226
1680271023019 168.2996506690979 227
1680271023202 168.48154544830322 228
1680271024390 169.66756415367126 229
1680271024594 169.86547946929932 230
1680271025888 171.1654131412506 231
1680271026065 171.34497356414795 232
1680271027278 172.55744552612305 233
1680271027468 172.7495231628418 234
1680271028664 173.9271776676178 235
1680271028840 174.12234783172607 236
1680271030018 175.29529452323914 237
1680271030226 175.48345708847046 238
1680271031426 176.70645403862 239
1680271031684 176.96349358558655 240
1680271032857 178.13722944259644 241
1680271033040 178.32156491279602 242
1680271034263 179.54344081878662 243
1680271034447 179.72485494613647 244
1680271035729 181.0092339515686 245
1680271035923 181.19761180877686 246
1680271037147 182.42665195465088 247
1680271037335 182.6092174053192 248
1680271038540 183.81315970420837 249
1680271038747 184.0186264514923 250
1680271039961 185.23818111419678 251
1680271040142 185.42259788513184 252
1680271041456 186.7304437160492 253
1680271041669 186.93516206741333 254
1680271042937 188.2135043144226 255
1680271043134 188.40942525863647 256
1680271044408 189.680739402771 257
1680271044623 189.88645219802856 258
1680271045976 191.24648547172546 259
1680271046195 191.45998811721802 260
1680271047537 192.80324053764343 261
1680271047758 193.02450108528137 262
1680271049001 194.2743308544159 263
1680271049222 194.4922535419464 264
1680271050420 195.70047760009766 265
1680271050613 195.8915946483612 266
1680271051895 197.1754412651062 267
1680271052088 197.36260628700256 268
1680271053401 198.66754174232483 269
1680271053639 198.88035678863525 270
1680271054833 200.11112070083618 271
1680271055013 200.29468727111816 272
1680271056288 201.56552004814148 273
1680271056485 201.76032423973083 274
1680271057681 202.9625391960144 275
1680271057865 203.14431262016296 276
1680271059058 204.33978581428528 277
1680271059251 204.52937698364258 278
1680271060453 205.73243761062622 279
1680271060638 205.9165346622467 280
1680271061910 207.1885576248169 281
1680271062123 207.38388228416443 282
1680271063330 208.60497856140137 283
1680271063515 208.7922968864441 284
1680271064792 210.07174849510193 285
1680271064997 210.26532912254333 286
1680271066190 211.46514344215393 287
1680271066372 211.6511709690094 288
1680271067561 212.84026646614075 289
1680271067767 213.02563667297363 290
1680271068959 214.23536157608032 291
1680271069187 214.4474847316742 292
1680271070494 215.7713394165039 293
1680271070691 215.96329808235168 294
1680271071882 217.1615891456604 295
1680271072073 217.34455823898315 296
1680271073373 218.64356064796448 297
1680271073584 218.85252857208252 298
1680271074925 220.19856643676758 299
1680271075127 220.40320014953613 300
1680271076403 221.67188024520874 301
1680271076635 221.87724113464355 302
1680271077878 223.15269422531128 303
1680271078068 223.3403661251068 304
1680271079250 224.52661204338074 305
1680271079442 224.71850657463074 306
1680271080681 225.95964741706848 307
1680271080875 226.14452862739563 308
1680271082076 227.35575795173645 309
1680271082275 227.54051518440247 310
1680271083514 228.77133631706238 311
1680271083740 229.0043227672577 312
1680271085082 230.3952877521515 313
1680271085278 230.55228757858276 314
1680271086515 231.7886483669281 315
1680271086721 231.99759650230408 316
1680271087961 233.2355887889862 317
1680271088176 233.42324948310852 318
1680271089389 234.66512298583984 319
1680271089582 234.85660481452942 320
1680271090886 236.1622772216797 321
1680271091099 236.3639407157898 322
1680271092339 237.61647033691406 323
1680271092536 237.80753755569458 324
1680271093762 239.0397117137909 325
1680271093959 239.22964477539062 326
1680271095240 240.51858139038086 327
1680271095427 240.70512294769287 328
1680271096654 241.92979264259338 329
1680271096879 242.12981176376343 330
1680271098118 243.3906660079956 331
1680271098309 243.5825846195221 332
1680271099521 244.79648518562317 333
1680271099718 244.99260783195496 334
1680271100998 246.309818983078 335
1680271101190 246.4665403366089 336
1680271102457 247.72152471542358 337
1680271102680 247.97151017189026 338
1680271104112 249.38150310516357 339
1680271104314 249.5843334197998 340
1680271105612 250.874351978302 341
1680271105839 251.10527396202087 342
1680271107090 252.36826920509338 343
1680271107283 252.55559754371643 344
1680271108485 253.7536768913269 345
1680271108713 253.97637271881104 346
1680271109945 255.21253943443298 347
1680271110246 255.50718140602112 348
1680271111516 256.7744266986847 349
1680271111743 256.99067282676697 350
1680271113003 258.2715618610382 351
1680271113212 258.48265266418457 352
1680271114555 259.8137774467468 353
1680271114786 260.05973196029663 354
1680271115994 261.3067660331726 355
1680271116187 261.46089458465576 356
1680271117420 262.69292187690735 357
1680271117641 262.90263056755066 358
1680271118875 264.1408579349518 359
1680271119086 264.3507492542267 360
1680271120460 265.73558259010315 361
1680271120667 265.93461561203003 362
1680271121925 267.18867778778076 363
1680271122121 267.3925497531891 364
1680271123319 268.59320616722107 365
1680271123536 268.7872226238251 366
1680271124862 270.133202791214 367
1680271125065 270.33731341362 368
1680271126524 271.7839107513428 369
1680271126735 271.9955430030823 370
1680271127984 273.2576069831848 371
1680271128191 273.46037793159485 372
1680271129477 274.7413127422333 373
1680271129726 274.9575479030609 374
1680271131107 276.36642241477966 375
1680271131334 276.59744811058044 376
1680271132723 277.9808702468872 377
1680271132978 278.2267813682556 378
1680271134371 279.63751006126404 379
1680271134580 279.8484950065613 380
1680271136015 281.2742941379547 381
1680271136235 281.50429010391235 382
1680271137524 282.7964587211609 383
1680271137727 282.9954216480255 384
1680271139102 284.36649560928345 385
1680271139313 284.5799961090088 386
1680271140568 285.84178018569946 387
1680271140786 286.0456235408783 388
1680271142104 287.37458753585815 389
1680271142296 287.5673711299896 390
1680271143543 288.81569838523865 391
1680271143771 289.0310196876526 392
1680271145122 290.393737077713 393
1680271145317 290.5876553058624 394
1680271146552 291.8196511268616 395
1680271146754 292.02328538894653 396
1680271148034 293.29674530029297 397
1680271148288 293.5364348888397 398
1680271149624 294.8856530189514 399
1680271149837 295.0986156463623 400
1680271149993 295.25717878341675 401
