1680270858022 3.332754373550415 1
1680270858216 0.18055295944213867 2
1680270859483 1.2621266841888428 3
1680270859664 0.18987464904785156 4
1680270860861 1.2221615314483643 5
1680270861031 0.1429588794708252 6
1680270862294 1.2598786354064941 7
1680270862477 0.18336224555969238 8
1680270863730 1.2519094944000244 9
1680270863932 0.20075440406799316 10
1680270865297 1.3643810749053955 11
1680270865485 0.18767762184143066 12
1680270866727 1.247159719467163 13
1680270866931 0.19660305976867676 14
1680270868212 1.2876880168914795 15
1680270868380 0.16756463050842285 16
1680270869544 1.1642889976501465 17
1680270869727 0.18277859687805176 18
1680270870929 1.2007648944854736 19
1680270871098 0.16931962966918945 20
1680270872290 1.1942193508148193 21
1680270872494 0.19175314903259277 22
1680270873704 1.2208361625671387 23
1680270873950 0.24412250518798828 24
1680270875127 1.2071144580841064 25
1680270875314 0.1586155891418457 26
1680270876517 1.2018418312072754 27
1680270876699 0.1821284294128418 28
1680270877987 1.2904095649719238 29
1680270878163 0.1728217601776123 30
1680270879355 1.194115400314331 31
1680270879547 0.18599390983581543 32
1680270880801 1.2579917907714844 33
1680270880998 0.1975092887878418 34
1680270882187 1.1876137256622314 35
1680270882365 0.18035197257995605 36
1680270883658 1.2923002243041992 37
1680270883841 0.1795792579650879 38
1680270885088 1.2425284385681152 39
1680270885270 0.18925118446350098 40
1680270886461 1.1929583549499512 41
1680270886651 0.1811656951904297 42
1680270887940 1.293708324432373 43
1680270888114 0.17313766479492188 44
1680270889277 1.1679351329803467 45
1680270889466 0.1845688819885254 46
1680270890644 1.21073317527771 47
1680270890819 0.140824556350708 48
1680270892102 1.2807812690734863 49
1680270892305 0.20357871055603027 50
1680270893738 1.4675548076629639 51
1680270893930 0.15903997421264648 52
1680270895219 1.3229091167449951 53
1680270895441 0.17206025123596191 54
1680270896748 1.317671298980713 55
1680270896950 0.2012500762939453 56
1680270898321 1.3749935626983643 57
1680270898507 0.19005274772644043 58
1680270899757 1.244678258895874 59
1680270899939 0.18769431114196777 60
1680270901185 1.246600866317749 61
1680270901374 0.18622326850891113 62
1680270902615 1.2366039752960205 63
1680270902808 0.1951596736907959 64
1680270904135 1.3311402797698975 65
1680270904335 0.19578862190246582 66
1680270905567 1.2668511867523193 67
1680270905751 0.14870476722717285 68
1680270907096 1.3792791366577148 69
1680270907284 0.15800881385803223 70
1680270908522 1.268122911453247 71
1680270908720 0.16504883766174316 72
1680270909945 1.2280158996582031 73
1680270910162 0.20899152755737305 74
1680270911389 1.234283685684204 75
1680270911578 0.18678617477416992 76
1680270912788 1.2101716995239258 77
1680270913075 0.28171825408935547 78
1680270914290 1.2238976955413818 79
1680270914477 0.18310117721557617 80
1680270915750 1.2737410068511963 81
1680270915948 0.1992177963256836 82
1680270917261 1.313051700592041 83
1680270917447 0.19491243362426758 84
1680270918654 1.228987216949463 85
1680270918875 0.1635754108428955 86
1680270920169 1.3512861728668213 87
1680270920364 0.16356444358825684 88
1680270921640 1.2758729457855225 89
1680270921842 0.20297956466674805 90
1680270923232 1.3874709606170654 91
1680270923437 0.20317649841308594 92
1680270924716 1.276435136795044 93
1680270924926 0.20503807067871094 94
1680270926226 1.3076119422912598 95
1680270926403 0.18029260635375977 96
1680270927710 1.3068389892578125 97
1680270927918 0.20482492446899414 98
1680270929173 1.2502996921539307 99
1680270929357 0.1909475326538086 100
1680270930562 1.2047843933105469 101
1680270930753 0.1865558624267578 102
1680270931998 1.2518231868743896 103
1680270932177 0.17872405052185059 104
1680270933465 1.2855639457702637 105
1680270933655 0.19135642051696777 106
1680270934845 1.1930158138275146 107
1680270935007 0.1901867389678955 108
1680270936327 1.287745475769043 109
1680270936519 0.1857595443725586 110
1680270937812 1.2991571426391602 111
1680270938015 0.19276213645935059 112
1680270939267 1.2634220123291016 113
1680270939492 0.2122330665588379 114
1680270940763 1.280245065689087 115
1680270940967 0.20072507858276367 116
1680270942263 1.3019194602966309 117
1680270942465 0.19278645515441895 118
1680270943738 1.283372163772583 119
1680270943951 0.1890723705291748 120
1680270945177 1.2521274089813232 121
1680270945366 0.18354320526123047 122
1680270946701 1.3359529972076416 123
1680270946888 0.18421387672424316 124
1680270948100 1.2168726921081543 125
1680270948310 0.1909627914428711 126
1680270949496 1.203942060470581 127
1680270949680 0.1807854175567627 128
1680270950985 1.3029942512512207 129
1680270951200 0.21701645851135254 130
1680270952610 1.4053874015808105 131
1680270952848 0.23000192642211914 132
1680270954216 1.3748068809509277 133
1680270954426 0.20890045166015625 134
1680270955732 1.3492224216461182 135
1680270955970 0.19296765327453613 136
1680270957347 1.385345220565796 137
1680270957563 0.215728759765625 138
1680270958831 1.2711505889892578 139
1680270959017 0.1849651336669922 140
1680270960271 1.2527635097503662 141
1680270960463 0.1902322769165039 142
1680270961675 1.217055082321167 143
1680270961864 0.18996024131774902 144
1680270963204 1.3378329277038574 145
1680270963405 0.1981203556060791 146
1680270964658 1.2488763332366943 147
1680270964862 0.20826339721679688 148
1680270966071 1.240797996520996 149
1680270966304 0.19334769248962402 150
1680270967624 1.3627045154571533 151
1680270967831 0.16735100746154785 152
1680270969087 1.2978720664978027 153
1680270969279 0.1582341194152832 154
1680270970478 1.2326247692108154 155
1680270970675 0.14705944061279297 156
1680270971930 1.2612788677215576 157
1680270972151 0.21912312507629395 158
1680270973456 1.3136122226715088 159
1680270973639 0.1857590675354004 160
1680270974912 1.2709109783172607 161
1680270975142 0.2129051685333252 162
1680270976374 1.2479143142700195 163
1680270976562 0.19095063209533691 164
1680270977884 1.315354824066162 165
1680270978112 0.21795272827148438 166
1680270979353 1.2488682270050049 167
1680270979542 0.19177722930908203 168
1680270980729 1.2275390625 169
1680270980929 0.15995311737060547 170
1680270982223 1.2720167636871338 171
1680270982449 0.23781418800354004 172
1680270983845 1.4039149284362793 173
1680270984058 0.20601177215576172 174
1680270985368 1.319873571395874 175
1680270985560 0.19159889221191406 176
1680270986897 1.3412322998046875 177
1680270987085 0.18953418731689453 178
1680270988271 1.1857891082763672 179
1680270988458 0.1861414909362793 180
1680270989685 1.2246897220611572 181
1680270989891 0.18616986274719238 182
1680270991129 1.25294828414917 183
1680270991330 0.2001786231994629 184
1680270992552 1.231260061264038 185
1680270992828 0.26558446884155273 186
1680270994045 1.2291769981384277 187
1680270994228 0.1777360439300537 188
1680270995394 1.2020924091339111 189
1680270995630 0.18179035186767578 190
1680270996915 1.3050742149353027 191
1680270997101 0.1813640594482422 192
1680270998316 1.2095940113067627 193
1680270998504 0.19923019409179688 194
1680270999726 1.2181096076965332 195
1680270999910 0.1869192123413086 196
1680271001125 1.215935230255127 197
1680271001349 0.18780755996704102 198
1680271002627 1.3114981651306152 199
1680271002818 0.18915343284606934 200
1680271004035 1.219658374786377 201
1680271004227 0.19251275062561035 202
1680271005412 1.1846959590911865 203
1680271005604 0.18962335586547852 204
1680271006878 1.275822401046753 205
1680271007099 0.1923379898071289 206
1680271008344 1.2699854373931885 207
1680271008537 0.19289827346801758 208
1680271009757 1.2227952480316162 209
1680271009957 0.19827055931091309 210
1680271011168 1.2018439769744873 211
1680271011349 0.19319987297058105 212
1680271012694 1.3408081531524658 213
1680271012926 0.20514607429504395 214
1680271014215 1.3058340549468994 215
1680271014417 0.2091045379638672 216
1680271015700 1.2800579071044922 217
1680271015908 0.21383023262023926 218
1680271017223 1.3183021545410156 219
1680271017410 0.1838676929473877 220
1680271018612 1.2070791721343994 221
1680271018803 0.18403315544128418 222
1680271020037 1.234992504119873 223
1680271020230 0.1925654411315918 224
1680271021475 1.250190258026123 225
1680271021699 0.21700572967529297 226
1680271023012 1.3202786445617676 227
1680271023195 0.18189477920532227 228
1680271024384 1.186018705368042 229
1680271024587 0.19791531562805176 230
1680271025881 1.299933671951294 231
1680271026059 0.17956042289733887 232
1680271027272 1.2124719619750977 233
1680271027462 0.19207763671875 234
1680271028657 1.177654504776001 235
1680271028835 0.19517016410827637 236
1680271030012 1.1729466915130615 237
1680271030219 0.18816256523132324 238
1680271031418 1.2229969501495361 239
1680271031677 0.25703954696655273 240
1680271032851 1.1737358570098877 241
1680271033034 0.18433547019958496 242
1680271034257 1.2218759059906006 243
1680271034441 0.18141412734985352 244
1680271035722 1.284379005432129 245
1680271035916 0.18837785720825195 246
1680271037140 1.2290401458740234 247
1680271037328 0.18256545066833496 248
1680271038534 1.2039422988891602 249
1680271038741 0.20546674728393555 250
1680271039955 1.2195546627044678 251
1680271040136 0.1844167709350586 252
1680271041449 1.3078458309173584 253
1680271041661 0.20471835136413574 254
1680271042930 1.2783422470092773 255
1680271043127 0.1959209442138672 256
1680271044401 1.2713141441345215 257
1680271044617 0.20571279525756836 258
1680271045968 1.3600332736968994 259
1680271046187 0.2135026454925537 260
1680271047529 1.343252420425415 261
1680271047750 0.22126054763793945 262
1680271048993 1.2498297691345215 263
1680271049214 0.21792268753051758 264
1680271050415 1.2082240581512451 265
1680271050608 0.1911170482635498 266
1680271051888 1.2838466167449951 267
1680271052081 0.1871650218963623 268
1680271053394 1.3049354553222656 269
1680271053632 0.2128150463104248 270
1680271054828 1.2307639122009277 271
1680271055007 0.18356657028198242 272
1680271056281 1.2708327770233154 273
1680271056479 0.19480419158935547 274
1680271057676 1.2022149562835693 275
1680271057858 0.18177342414855957 276
1680271059052 1.1954731941223145 277
1680271059245 0.1895911693572998 278
1680271060447 1.2030606269836426 279
1680271060631 0.1840970516204834 280
1680271061904 1.2720229625701904 281
1680271062115 0.19532465934753418 282
1680271063324 1.2210962772369385 283
1680271063508 0.1873183250427246 284
1680271064785 1.279451608657837 285
1680271064991 0.19358062744140625 286
1680271066183 1.1998143196105957 287
1680271066366 0.18602752685546875 288
1680271067555 1.1890954971313477 289
1680271067761 0.18537020683288574 290
1680271068953 1.2097249031066895 291
1680271069180 0.21212315559387207 292
1680271070489 1.323854684829712 293
1680271070684 0.19195866584777832 294
1680271071875 1.1982910633087158 295
1680271072066 0.1829690933227539 296
1680271073364 1.2990024089813232 297
1680271073576 0.208967924118042 298
1680271074918 1.3460378646850586 299
1680271075121 0.2046337127685547 300
1680271076395 1.2686800956726074 301
1680271076627 0.20536088943481445 302
1680271077871 1.2754530906677246 303
1680271078062 0.18767189979553223 304
1680271079244 1.1862459182739258 305
1680271079436 0.19189453125 306
1680271080675 1.2411408424377441 307
1680271080869 0.18488121032714844 308
1680271082070 1.2112293243408203 309
1680271082265 0.18475723266601562 310
1680271083508 1.230821132659912 311
1680271083732 0.2329864501953125 312
1680271085075 1.3909649848937988 313
1680271085272 0.15699982643127441 314
1680271086509 1.236360788345337 315
1680271086714 0.20894813537597656 316
1680271087954 1.237992286682129 317
1680271088169 0.18766069412231445 318
1680271089383 1.2418735027313232 319
1680271089576 0.1914818286895752 320
1680271090880 1.3056724071502686 321
1680271091094 0.20166349411010742 322
1680271092332 1.2525296211242676 323
1680271092529 0.19106721878051758 324
1680271093755 1.2321741580963135 325
1680271093953 0.18993306159973145 326
1680271095235 1.2889366149902344 327
1680271095421 0.18654155731201172 328
1680271096647 1.2246696949005127 329
1680271096872 0.20001912117004395 330
1680271098110 1.2608542442321777 331
1680271098302 0.19191861152648926 332
1680271099514 1.2139005661010742 333
1680271099711 0.1961226463317871 334
1680271100990 1.3172111511230469 335
1680271101184 0.1567213535308838 336
1680271102449 1.2549843788146973 337
1680271102667 0.2499854564666748 338
1680271104106 1.4099929332733154 339
1680271104309 0.20283031463623047 340
1680271105605 1.2900185585021973 341
1680271105834 0.23092198371887207 342
1680271107084 1.2629952430725098 343
1680271107277 0.18732833862304688 344
1680271108477 1.1980793476104736 345
1680271108707 0.22269582748413086 346
1680271109939 1.2361667156219482 347
1680271110238 0.29464197158813477 348
1680271111509 1.2672452926635742 349
1680271111736 0.2162461280822754 350
1680271112995 1.2808890342712402 351
1680271113205 0.2110908031463623 352
1680271114547 1.3311247825622559 353
1680271114780 0.2459545135498047 354
1680271115988 1.2470340728759766 355
1680271116180 0.1541285514831543 356
1680271117413 1.232027292251587 357
1680271117634 0.20970869064331055 358
1680271118867 1.238227367401123 359
1680271119079 0.20989131927490234 360
1680271120454 1.3848333358764648 361
1680271120659 0.19903302192687988 362
1680271121918 1.2540621757507324 363
1680271122113 0.2038719654083252 364
1680271123313 1.2006564140319824 365
1680271123530 0.1940164566040039 366
1680271124854 1.345980167388916 367
1680271125057 0.20411062240600586 368
1680271126517 1.4465973377227783 369
1680271126728 0.21163225173950195 370
1680271127978 1.262063980102539 371
1680271128185 0.20277094841003418 372
1680271129469 1.2809348106384277 373
1680271129719 0.21623516082763672 374
1680271131099 1.40887451171875 375
1680271131327 0.23102569580078125 376
1680271132716 1.3834221363067627 377
1680271132968 0.2459111213684082 378
1680271134362 1.4107286930084229 379
1680271134574 0.2109849452972412 380
1680271136008 1.4257991313934326 381
1680271136228 0.2299959659576416 382
1680271137518 1.2921686172485352 383
1680271137719 0.19896292686462402 384
1680271139095 1.3710739612579346 385
1680271139307 0.2135004997253418 386
1680271140562 1.2617840766906738 387
1680271140778 0.203843355178833 388
1680271142097 1.3289639949798584 389
1680271142289 0.19278359413146973 390
1680271143537 1.2483272552490234 391
1680271143765 0.21532130241394043 392
1680271145115 1.3627173900604248 393
1680271145311 0.19391822814941406 394
1680271146545 1.2319958209991455 395
1680271146748 0.20363426208496094 396
1680271148025 1.2734599113464355 397
1680271148280 0.23968958854675293 398
1680271149618 1.3492181301116943 399
1680271149828 0.21296262741088867 400
1680271149985 0.15856313705444336 401
