1680270858018 62.13657555463306 1
1680270859481 39.436394060067386 3
1680270860859 22.390578859482822 5
1680270862292 15.062338513047449 7
1680270863729 11.899965526453174 9
1680270865295 9.980415637827928 11
1680270866725 17.94998750320653 13
1680270868210 12.708005921315339 15
1680270869542 10.899104615912735 17
1680270870927 8.10861209285388 19
1680270872288 10.167446628847605 21
1680270873701 8.841065727147456 23
1680270875125 10.00377995207614 25
1680270876515 7.368222398775522 27
1680270877985 7.27042322564169 29
1680270879353 6.357621445567466 31
1680270880798 10.318848913103471 33
1680270882184 6.8377393642719335 35
1680270883656 5.916091400358208 37
1680270885087 6.188194631012223 39
1680270886459 6.001242041032978 41
1680270887938 6.470330038553922 43
1680270889276 7.623999982237387 45
1680270890642 6.1868278715182745 47
1680270892100 6.7120992284144805 49
1680270893735 17.505338154591197 51
1680270895217 17.772119908690023 53
1680270896746 15.306448909494533 55
1680270898319 11.292172796347044 57
1680270899756 7.863982359435672 59
1680270901183 7.13216362203027 61
1680270902613 7.349257182999575 63
1680270904133 6.176669624216721 65
1680270905565 5.078398538848101 67
1680270907094 4.441707086634299 69
1680270908519 4.040804533457185 71
1680270909943 3.8217247997875887 73
1680270911387 3.605566101433511 75
1680270912786 4.09551026088942 77
1680270914288 3.4789620235155345 79
1680270915748 3.441377549193642 81
1680270917259 3.588997699300033 83
1680270918652 3.3367036185838703 85
1680270920166 3.1304049024132166 87
1680270921639 3.1863889420347613 89
1680270923230 3.9272234593742588 91
1680270924714 7.088213847771639 93
1680270926223 8.464234660148536 95
1680270927708 4.273888102341569 97
1680270929171 3.8172101930203883 99
1680270930560 3.994656169918074 101
1680270931996 3.5710371524066744 103
1680270933463 3.03652580426974 105
1680270934843 3.1959859149412266 107
1680270936324 2.6955220532854898 109
1680270937810 3.065979426053909 111
1680270939265 3.1673831759841677 113
1680270940760 2.894423291169593 115
1680270942260 3.2013501948653693 117
1680270943737 3.15424399630519 119
1680270945176 2.7893338869670554 121
1680270946700 2.7519126214584935 123
1680270948098 2.61964003252713 125
1680270949494 2.766129852754548 127
1680270950983 2.5644767234352 129
1680270952609 2.785714658598323 131
1680270954214 2.6627326151522133 133
1680270955730 2.479868941356481 135
1680270957345 2.7053605016879394 137
1680270958830 2.4583059656637825 139
1680270960269 2.4276228416025707 141
1680270961674 2.370801376167901 143
1680270963202 2.547756810681169 145
1680270964655 2.3906043446638736 147
1680270966068 2.392398855920063 149
1680270967621 2.7196943007204775 151
1680270969086 2.295177147618146 153
1680270970476 2.5025966394729626 155
1680270971927 2.542520004369026 157
1680270973453 2.613060881688051 159
1680270974910 2.6025171425424847 161
1680270976372 2.398380251097032 163
1680270977882 2.4082379762289072 165
1680270979352 2.6122383274457928 167
1680270980727 2.271550512537877 169
1680270982221 2.3986281309071695 171
1680270983843 2.3883194197697186 173
1680270985366 2.212533519571006 175
1680270986895 2.342231768787907 177
1680270988269 2.3150654344758883 179
1680270989683 2.2106601603259173 181
1680270991127 2.2875417421937585 183
1680270992550 2.427672201519091 185
1680270994043 2.1222121643938423 187
1680270995393 2.2887754578078257 189
1680270996913 2.2209066991026307 191
1680270998314 2.178212508060646 193
1680270999724 2.1280120316700826 195
1680271001123 2.1667213195388055 197
1680271002626 2.153065596868861 199
1680271004033 2.2949491839460383 201
1680271005410 2.1338605325467195 203
1680271006877 2.1628362473931064 205
1680271008342 2.088822436309671 207
1680271009755 2.0974838702266414 209
1680271011166 2.243727746310912 211
1680271012693 2.147365246296892 213
1680271014213 2.13449613078794 215
1680271015698 2.059799985407401 217
1680271017221 1.9419819766606001 219
1680271018611 1.97979904132971 221
1680271020036 2.0080335441208956 223
1680271021472 2.001729257408076 225
1680271023010 2.003321917804307 227
1680271024382 1.9882943769664165 229
1680271025879 2.0875145318667903 231
1680271027270 1.9349102342873092 233
1680271028655 1.9215343416736932 235
1680271030010 1.9235215423460368 237
1680271031416 1.900991817139193 239
1680271032849 1.8970568879563343 241
1680271034255 1.972418597743898 243
1680271035721 1.9461815014037924 245
1680271037139 1.8818235362163385 247
1680271038532 1.824789454449759 249
1680271039953 1.8583886278851285 251
1680271041447 1.81806642833099 253
1680271042928 1.8809792056602517 255
1680271044399 1.82540134601789 257
1680271045966 1.7812199262401434 259
1680271047527 1.8444960774891284 261
1680271048991 1.8113065193061029 263
1680271050413 1.8886350355973682 265
1680271051886 1.7768487707781522 267
1680271053392 1.8370881889977593 269
1680271054826 1.7767428127155487 271
1680271056280 1.728783773027522 273
1680271057674 1.7963823184542422 275
1680271059050 1.80134815274439 277
1680271060446 1.8022151109918296 279
1680271061902 1.7870656868629862 281
1680271063322 1.7811886929456497 283
1680271064783 1.7210034800285596 285
1680271066182 1.7377912516630365 287
1680271067553 1.6717193821603613 289
1680271068951 1.6970866537077367 291
1680271070487 1.7486519678907628 293
1680271071874 1.7669640920301857 295
1680271073362 1.7639956285131295 297
1680271074916 1.7788605768571486 299
1680271076393 1.7358304621348988 301
1680271077869 1.7079662097770274 303
1680271079241 1.7360061590399558 305
1680271080674 1.6785905002615937 307
1680271082068 1.8293390651032704 309
1680271083506 1.6817908585516492 311
1680271085074 1.710557174968418 313
1680271086507 1.7017547463139586 315
1680271087953 1.7272490869448227 317
1680271089381 1.701093982056842 319
1680271090878 1.7791667324273697 321
1680271092330 1.6962892485845809 323
1680271093753 1.7410728584487873 325
1680271095232 1.7555911028323397 327
1680271096645 1.649404133089581 329
1680271098109 1.7128553014093866 331
1680271099513 1.7912502954011849 333
1680271100988 1.6749477650081346 335
1680271102448 1.7294317290489172 337
1680271104104 1.6730801892561145 339
1680271105604 1.7390519014472254 341
1680271107082 1.7875801632368105 343
1680271108474 1.7455650106434912 345
1680271109938 1.6546671580334484 347
1680271111507 1.7597744315692536 349
1680271112993 1.777282981266619 351
1680271114546 1.7138955633257338 353
1680271115986 1.6946137241330193 355
1680271117411 1.7069755742890553 357
1680271118866 1.6707661588543532 359
1680271120452 1.6438701235505773 361
1680271121916 1.6966012489223037 363
1680271123311 1.6971829101054634 365
1680271124852 1.7263607031019534 367
1680271126516 1.6961916223949614 369
1680271127976 1.7297314133878188 371
1680271129467 1.6713644296907086 373
1680271131097 1.8188504798361862 375
1680271132714 1.72391186213173 377
1680271134360 1.6517327795793335 379
1680271136006 1.7638052265711284 381
1680271137516 1.7334434736902493 383
1680271139093 1.6845410956347744 385
1680271140560 1.7295937494596376 387
1680271142095 1.6959849374083018 389
1680271143535 1.6978277837757987 391
1680271145113 1.625152782402665 393
1680271146544 1.6196613304858107 395
1680271148024 1.8122429800816642 397
1680271149616 1.7614086885327482 399
