1679688274573 1.0 1
1679688274873 2.0 2
1679688276211 3.0 3
1679688276415 4.0 4
1679688277719 5.0 5
1679688277915 6.0 6
1679688279162 7.0 7
1679688279445 8.0 8
1679688280731 9.0 9
1679688280924 10.0 10
1679688282162 11.0 11
1679688282359 12.0 12
1679688283638 13.0 13
1679688283914 14.0 14
1679688285177 15.0 15
1679688285377 16.0 16
1679688286647 17.0 17
1679688286849 18.0 18
1679688288155 19.0 19
1679688288459 20.0 20
1679688289795 21.0 21
1679688290006 22.0 22
1679688291352 23.0 23
1679688291557 24.0 24
1679688292901 25.0 25
1679688293215 26.0 26
1679688294622 27.0 27
1679688294841 28.0 28
1679688296184 29.0 29
1679688296399 30.0 30
1679688297715 31.0 31
1679688297989 32.0 32
1679688299269 33.0 33
1679688299471 34.0 34
1679688300720 35.0 35
1679688300911 36.0 36
1679688302144 37.0 37
1679688302427 38.0 38
1679688303694 39.0 39
1679688303924 40.0 40
1679688305151 41.0 41
1679688305358 42.0 42
1679688306606 43.0 43
1679688306887 44.0 44
1679688308174 45.0 45
1679688308371 46.0 46
1679688309590 47.0 47
1679688309813 48.0 48
1679688311058 49.0 49
1679688311327 50.0 50
1679688312617 51.0 51
1679688312826 52.0 52
1679688314060 53.0 53
1679688314276 54.0 54
1679688315525 55.0 55
1679688315801 56.0 56
1679688317057 57.0 57
1679688317274 58.0 58
1679688318637 59.0 59
1679688318851 60.0 60
1679688320175 61.0 61
1679688320513 62.0 62
1679688321896 63.0 63
1679688322172 64.0 64
1679688323504 65.0 65
1679688323732 66.0 66
1679688325074 67.0 67
1679688325383 68.0 68
1679688326706 69.0 69
1679688326901 70.0 70
1679688328164 71.0 71
1679688328372 72.0 72
1679688329649 73.0 73
1679688329924 74.0 74
1679688331158 75.0 75
1679688331357 76.0 76
1679688332649 77.0 77
1679688332864 78.0 78
1679688334170 79.0 79
1679688334465 80.0 80
1679688335754 81.0 81
1679688335953 82.0 82
1679688337213 83.0 83
1679688337415 84.0 84
1679688338748 85.0 85
1679688339045 86.0 86
1679688340362 87.0 87
1679688340571 88.0 88
1679688342023 89.0 89
1679688342253 90.0 90
1679688343630 91.0 91
1679688343945 92.0 92
1679688345342 93.0 93
1679688345570 94.0 94
1679688346944 95.0 95
1679688347155 96.0 96
1679688348512 97.0 97
1679688348810 98.0 98
1679688350073 99.0 99
1679688350305 100.0 100
1679688351676 101.0 101
1679688351921 102.0 102
1679688353442 103.0 103
1679688353816 104.0 104
1679688355336 105.0 105
1679688355594 106.0 106
1679688357085 107.0 107
1679688357343 108.0 108
1679688358798 109.0 109
1679688359122 110.0 110
1679688360424 111.0 111
1679688360639 112.0 112
1679688361878 113.0 113
1679688362122 114.0 114
1679688363395 115.0 115
1679688363688 116.0 116
1679688364947 117.0 117
1679688365141 118.0 118
1679688366420 119.0 119
1679688366625 120.0 120
1679688367856 121.0 121
1679688368146 122.0 122
1679688369431 123.0 123
1679688369638 124.0 124
1679688370856 125.0 125
1679688371094 126.0 126
1679688372336 127.0 127
1679688372622 128.0 128
1679688373967 129.0 129
1679688374216 130.0 130
1679688375533 131.0 131
1679688375746 132.0 132
1679688376993 133.0 133
1679688377323 134.0 134
1679688378643 135.0 135
1679688378859 136.0 136
1679688380120 137.0 137
1679688380338 138.0 138
1679688381605 139.0 139
1679688381902 140.0 140
1679688383186 141.0 141
1679688383386 142.0 142
1679688384670 143.0 143
1679688384913 144.0 144
1679688386158 145.0 145
1679688386451 146.0 146
1679688387671 147.0 147
1679688387872 148.0 148
1679688389096 149.0 149
1679688389312 150.0 150
1679688390497 151.0 151
1679688390796 152.0 152
1679688392031 153.0 153
1679688392230 154.0 154
1679688393506 155.0 155
1679688393716 156.0 156
1679688394964 157.0 157
1679688395245 158.0 158
1679688396541 159.0 159
1679688396753 160.0 160
1679688397952 161.0 161
1679688398155 162.0 162
1679688399509 163.0 163
1679688399861 164.0 164
1679688401223 165.0 165
1679688401417 166.0 166
1679688402675 167.0 167
1679688402884 168.0 168
1679688404137 169.0 169
1679688404439 170.0 170
1679688405800 171.0 171
1679688406009 172.0 172
1679688407329 173.0 173
1679688407537 174.0 174
1679688408814 175.0 175
1679688409113 176.0 176
1679688410359 177.0 177
1679688410572 178.0 178
1679688411863 179.0 179
1679688412088 180.0 180
1679688413441 181.0 181
1679688413759 182.0 182
1679688415116 183.0 183
1679688415352 184.0 184
1679688416662 185.0 185
1679688416885 186.0 186
1679688418127 187.0 187
1679688418414 188.0 188
1679688419652 189.0 189
1679688419852 190.0 190
1679688421076 191.0 191
1679688421306 192.0 192
1679688422614 193.0 193
1679688422910 194.0 194
1679688424135 195.0 195
1679688424334 196.0 196
1679688425656 197.0 197
1679688425898 198.0 198
1679688427149 199.0 199
1679688427472 200.0 200
1679688428750 201.0 201
1679688428951 202.0 202
1679688430238 203.0 203
1679688430464 204.0 204
1679688431758 205.0 205
1679688432050 206.0 206
1679688433274 207.0 207
1679688433490 208.0 208
1679688434802 209.0 209
1679688435035 210.0 210
1679688436363 211.0 211
1679688436669 212.0 212
1679688438121 213.0 213
1679688438351 214.0 214
1679688439598 215.0 215
1679688439804 216.0 216
1679688441120 217.0 217
1679688441438 218.0 218
1679688442817 219.0 219
1679688443051 220.0 220
1679688444420 221.0 221
1679688444654 222.0 222
1679688445985 223.0 223
1679688446287 224.0 224
1679688447506 225.0 225
1679688447719 226.0 226
1679688448939 227.0 227
1679688449159 228.0 228
1679688450389 229.0 229
1679688450704 230.0 230
1679688451912 231.0 231
1679688452118 232.0 232
1679688453353 233.0 233
1679688453564 234.0 234
1679688454834 235.0 235
1679688455129 236.0 236
1679688456382 237.0 237
1679688456634 238.0 238
1679688457885 239.0 239
1679688458097 240.0 240
1679688459346 241.0 241
1679688459658 242.0 242
1679688460965 243.0 243
1679688461189 244.0 244
1679688462443 245.0 245
1679688462657 246.0 246
1679688463936 247.0 247
1679688464219 248.0 248
1679688465454 249.0 249
1679688465662 250.0 250
1679688466930 251.0 251
1679688467135 252.0 252
1679688468364 253.0 253
1679688468647 254.0 254
1679688469886 255.0 255
1679688470091 256.0 256
1679688471387 257.0 257
1679688471612 258.0 258
1679688472965 259.0 259
1679688473277 260.0 260
1679688474659 261.0 261
1679688474928 262.0 262
1679688476291 263.0 263
1679688476523 264.0 264
1679688477844 265.0 265
1679688478132 266.0 266
1679688479372 267.0 267
1679688479580 268.0 268
1679688480823 269.0 269
1679688481038 270.0 270
1679688482307 271.0 271
1679688482595 272.0 272
1679688483821 273.0 273
1679688484025 274.0 274
1679688485381 275.0 275
1679688485606 276.0 276
1679688486896 277.0 277
1679688487198 278.0 278
1679688488440 279.0 279
1679688488647 280.0 280
1679688489904 281.0 281
1679688490118 282.0 282
1679688491369 283.0 283
1679688491670 284.0 284
1679688492997 285.0 285
1679688493254 286.0 286
1679688494523 287.0 287
1679688494741 288.0 288
1679688496021 289.0 289
1679688496312 290.0 290
1679688497595 291.0 291
1679688497823 292.0 292
1679688499092 293.0 293
1679688499323 294.0 294
1679688500591 295.0 295
1679688500879 296.0 296
1679688502186 297.0 297
1679688502434 298.0 298
1679688503844 299.0 299
1679688504075 300.0 300
1679688504222 301.0 301
