1679688274566 1.0 1
1679688274865 2.0 2
1679688276204 3.0 3
1679688276408 4.0 4
1679688277712 5.0 5
1679688277908 6.0 6
1679688279155 7.0 7
1679688279437 8.0 8
1679688280724 9.0 9
1679688280918 10.0 10
1679688282154 11.0 11
1679688282352 12.0 12
1679688283631 13.0 13
1679688283908 14.0 14
1679688285170 15.0 15
1679688285370 16.0 16
1679688286639 17.0 17
1679688286842 18.0 18
1679688288147 19.0 19
1679688288451 20.0 20
1679688289780 21.0 21
1679688289997 22.0 22
1679688291345 23.0 23
1679688291550 24.0 24
1679688292895 25.0 25
1679688293207 26.0 26
1679688294606 27.0 27
1679688294834 28.0 28
1679688296177 29.0 29
1679688296393 30.0 30
1679688297708 31.0 31
1679688297980 32.0 32
1679688299262 33.0 33
1679688299465 34.0 34
1679688300713 35.0 35
1679688300903 36.0 36
1679688302138 37.0 37
1679688302419 38.0 38
1679688303687 39.0 39
1679688303918 40.0 40
1679688305143 41.0 41
1679688305352 42.0 42
1679688306600 43.0 43
1679688306880 44.0 44
1679688308166 45.0 45
1679688308365 46.0 46
1679688309583 47.0 47
1679688309804 48.0 48
1679688311052 49.0 49
1679688311319 50.0 50
1679688312611 51.0 51
1679688312819 52.0 52
1679688314054 53.0 53
1679688314269 54.0 54
1679688315516 55.0 55
1679688315793 56.0 56
1679688317050 57.0 57
1679688317265 58.0 58
1679688318631 59.0 59
1679688318843 60.0 60
1679688320168 61.0 61
1679688320503 62.0 62
1679688321889 63.0 63
1679688322164 64.0 64
1679688323495 65.0 65
1679688323725 66.0 66
1679688325065 67.0 67
1679688325375 68.0 68
1679688326698 69.0 69
1679688326894 70.0 70
1679688328157 71.0 71
1679688328365 72.0 72
1679688329643 73.0 73
1679688329917 74.0 74
1679688331152 75.0 75
1679688331350 76.0 76
1679688332641 77.0 77
1679688332857 78.0 78
1679688334163 79.0 79
1679688334458 80.0 80
1679688335748 81.0 81
1679688335946 82.0 82
1679688337205 83.0 83
1679688337409 84.0 84
1679688338739 85.0 85
1679688339037 86.0 86
1679688340353 87.0 87
1679688340563 88.0 88
1679688342015 89.0 89
1679688342245 90.0 90
1679688343623 91.0 91
1679688343937 92.0 92
1679688345335 93.0 93
1679688345560 94.0 94
1679688346936 95.0 95
1679688347148 96.0 96
1679688348502 97.0 97
1679688348803 98.0 98
1679688350067 99.0 99
1679688350297 100.0 100
1679688351669 101.0 101
1679688351914 102.0 102
1679688353433 103.0 103
1679688353807 104.0 104
1679688355328 105.0 105
1679688355584 106.0 106
1679688357076 107.0 107
1679688357335 108.0 108
1679688358789 109.0 109
1679688359114 110.0 110
1679688360416 111.0 111
1679688360632 112.0 112
1679688361871 113.0 113
1679688362115 114.0 114
1679688363388 115.0 115
1679688363681 116.0 116
1679688364941 117.0 117
1679688365134 118.0 118
1679688366413 119.0 119
1679688366618 120.0 120
1679688367848 121.0 121
1679688368138 122.0 122
1679688369424 123.0 123
1679688369632 124.0 124
1679688370849 125.0 125
1679688371087 126.0 126
1679688372329 127.0 127
1679688372614 128.0 128
1679688373958 129.0 129
1679688374208 130.0 130
1679688375526 131.0 131
1679688375739 132.0 132
1679688376986 133.0 133
1679688377314 134.0 134
1679688378636 135.0 135
1679688378852 136.0 136
1679688380112 137.0 137
1679688380331 138.0 138
1679688381598 139.0 139
1679688381895 140.0 140
1679688383178 141.0 141
1679688383378 142.0 142
1679688384663 143.0 143
1679688384906 144.0 144
1679688386152 145.0 145
1679688386444 146.0 146
1679688387665 147.0 147
1679688387865 148.0 148
1679688389089 149.0 149
1679688389304 150.0 150
1679688390490 151.0 151
1679688390788 152.0 152
1679688392024 153.0 153
1679688392224 154.0 154
1679688393499 155.0 155
1679688393708 156.0 156
1679688394957 157.0 157
1679688395238 158.0 158
1679688396533 159.0 159
1679688396746 160.0 160
1679688397944 161.0 161
1679688398146 162.0 162
1679688399503 163.0 163
1679688399853 164.0 164
1679688401217 165.0 165
1679688401410 166.0 166
1679688402668 167.0 167
1679688402876 168.0 168
1679688404129 169.0 169
1679688404433 170.0 170
1679688405792 171.0 171
1679688406002 172.0 172
1679688407323 173.0 173
1679688407530 174.0 174
1679688408807 175.0 175
1679688409106 176.0 176
1679688410352 177.0 177
1679688410564 178.0 178
1679688411856 179.0 179
1679688412081 180.0 180
1679688413433 181.0 181
1679688413751 182.0 182
1679688415107 183.0 183
1679688415344 184.0 184
1679688416655 185.0 185
1679688416878 186.0 186
1679688418120 187.0 187
1679688418409 188.0 188
1679688419645 189.0 189
1679688419845 190.0 190
1679688421069 191.0 191
1679688421300 192.0 192
1679688422607 193.0 193
1679688422902 194.0 194
1679688424129 195.0 195
1679688424326 196.0 196
1679688425649 197.0 197
1679688425890 198.0 198
1679688427140 199.0 199
1679688427464 200.0 200
1679688428743 201.0 201
1679688428944 202.0 202
1679688430231 203.0 203
1679688430457 204.0 204
1679688431751 205.0 205
1679688432043 206.0 206
1679688433267 207.0 207
1679688433483 208.0 208
1679688434793 209.0 209
1679688435028 210.0 210
1679688436355 211.0 211
1679688436658 212.0 212
1679688438114 213.0 213
1679688438344 214.0 214
1679688439591 215.0 215
1679688439798 216.0 216
1679688441113 217.0 217
1679688441430 218.0 218
1679688442809 219.0 219
1679688443037 220.0 220
1679688444413 221.0 221
1679688444646 222.0 222
1679688445978 223.0 223
1679688446281 224.0 224
1679688447500 225.0 225
1679688447712 226.0 226
1679688448932 227.0 227
1679688449151 228.0 228
1679688450382 229.0 229
1679688450697 230.0 230
1679688451906 231.0 231
1679688452112 232.0 232
1679688453346 233.0 233
1679688453556 234.0 234
1679688454828 235.0 235
1679688455121 236.0 236
1679688456375 237.0 237
1679688456627 238.0 238
1679688457878 239.0 239
1679688458091 240.0 240
1679688459339 241.0 241
1679688459650 242.0 242
1679688460957 243.0 243
1679688461181 244.0 244
1679688462435 245.0 245
1679688462650 246.0 246
1679688463928 247.0 247
1679688464211 248.0 248
1679688465447 249.0 249
1679688465655 250.0 250
1679688466923 251.0 251
1679688467128 252.0 252
1679688468356 253.0 253
1679688468639 254.0 254
1679688469880 255.0 255
1679688470084 256.0 256
1679688471380 257.0 257
1679688471604 258.0 258
1679688472956 259.0 259
1679688473269 260.0 260
1679688474652 261.0 261
1679688474921 262.0 262
1679688476284 263.0 263
1679688476516 264.0 264
1679688477837 265.0 265
1679688478125 266.0 266
1679688479366 267.0 267
1679688479573 268.0 268
1679688480816 269.0 269
1679688481031 270.0 270
1679688482301 271.0 271
1679688482588 272.0 272
1679688483814 273.0 273
1679688484018 274.0 274
1679688485374 275.0 275
1679688485598 276.0 276
1679688486889 277.0 277
1679688487191 278.0 278
1679688488434 279.0 279
1679688488639 280.0 280
1679688489897 281.0 281
1679688490112 282.0 282
1679688491363 283.0 283
1679688491660 284.0 284
1679688492990 285.0 285
1679688493247 286.0 286
1679688494517 287.0 287
1679688494734 288.0 288
1679688496013 289.0 289
1679688496305 290.0 290
1679688497587 291.0 291
1679688497817 292.0 292
1679688499085 293.0 293
1679688499316 294.0 294
1679688500584 295.0 295
1679688500872 296.0 296
1679688502177 297.0 297
1679688502425 298.0 298
1679688503837 299.0 299
1679688504068 300.0 300
1679688504213 301.0 301
