1679688687359 0.0039064884185791016 1
1679688687605 0.0039064884185791016 2
1679688688517 0.0039064884185791016 3
1679688688683 0.0039064884185791016 4
1679688689581 0.0039064884185791016 5
1679688689782 0.0039064884185791016 6
1679688690670 0.0039064884185791016 7
1679688690914 0.0039064884185791016 8
1679688691792 0.0039064884185791016 9
1679688691952 0.0039064884185791016 10
1679688692838 0.0039064884185791016 11
1679688693030 0.0039064884185791016 12
1679688693935 0.0039064884185791016 13
1679688694168 0.0039064884185791016 14
1679688695070 0.0039064884185791016 15
1679688695231 0.0039064884185791016 16
1679688696154 0.0039064884185791016 17
1679688696324 0.0039064884185791016 18
1679688697219 0.0039064884185791016 19
1679688697461 0.0039064884185791016 20
1679688698362 0.0039064884185791016 21
1679688698525 0.0039064884185791016 22
1679688699400 0.0039064884185791016 23
1679688699556 0.0039064884185791016 24
1679688700474 0.0039064884185791016 25
1679688700720 0.0039064884185791016 26
1679688701648 0.0039064884185791016 27
1679688701805 0.0039064884185791016 28
1679688702724 0.0039064884185791016 29
1679688702889 0.0039064884185791016 30
1679688703811 0.0039064884185791016 31
1679688704054 0.0039064884185791016 32
1679688704979 0.0039064884185791016 33
1679688705152 0.0039064884185791016 34
1679688706101 0.0039064884185791016 35
1679688706263 0.0039064884185791016 36
1679688707177 0.0039064884185791016 37
1679688707414 0.0039064884185791016 38
1679688708309 0.0039064884185791016 39
1679688708468 0.0039064884185791016 40
1679688709353 0.0039064884185791016 41
1679688709523 0.0039064884185791016 42
1679688710435 0.0039064884185791016 43
1679688710687 0.0039064884185791016 44
1679688711594 0.0039064884185791016 45
1679688711777 0.0039064884185791016 46
1679688712759 0.0039064884185791016 47
1679688712940 0.0039064884185791016 48
1679688713944 0.0039064884185791016 49
1679688714204 0.0039064884185791016 50
1679688715212 0.0039064884185791016 51
1679688715409 0.0039064884185791016 52
1679688716419 0.0039064884185791016 53
1679688716590 0.0039064884185791016 54
1679688717562 0.0039064884185791016 55
1679688717798 0.0039064884185791016 56
1679688718686 0.0039064884185791016 57
1679688718849 0.0039064884185791016 58
1679688719787 0.0039064884185791016 59
1679688719951 0.0039064884185791016 60
1679688720858 0.0039064884185791016 61
1679688721142 0.0039064884185791016 62
1679688722055 0.0039064884185791016 63
1679688722218 0.0039064884185791016 64
1679688723116 0.0039064884185791016 65
1679688723286 0.0039064884185791016 66
1679688724203 0.0039064884185791016 67
1679688724446 0.0039064884185791016 68
1679688725349 0.0039064884185791016 69
1679688725511 0.0039064884185791016 70
1679688726412 0.0039064884185791016 71
1679688726584 0.0039064884185791016 72
1679688727493 0.0039064884185791016 73
1679688727737 0.0039064884185791016 74
1679688728698 0.0039064884185791016 75
1679688728874 0.0039064884185791016 76
1679688729835 0.0039064884185791016 77
1679688730006 0.0039064884185791016 78
1679688730972 0.0039064884185791016 79
1679688731212 0.0039064884185791016 80
1679688732134 0.0039064884185791016 81
1679688732303 0.0039064884185791016 82
1679688733234 0.0039064884185791016 83
1679688733399 0.0039064884185791016 84
1679688734348 0.0039064884185791016 85
1679688734598 0.0039064884185791016 86
1679688735495 0.0039064884185791016 87
1679688735664 0.0039064884185791016 88
1679688736581 0.0039064884185791016 89
1679688736743 0.0039064884185791016 90
1679688737638 0.0039064884185791016 91
1679688737884 0.0039064884185791016 92
1679688738818 0.0039064884185791016 93
1679688738983 0.0039064884185791016 94
1679688739888 0.0039064884185791016 95
1679688740056 0.0039064884185791016 96
1679688740945 0.0039064884185791016 97
1679688741191 0.0039064884185791016 98
1679688742094 0.0039064884185791016 99
1679688742270 0.0039064884185791016 100
1679688743301 0.0039064884185791016 101
1679688743491 0.0039064884185791016 102
1679688744471 0.0039064884185791016 103
1679688744738 0.0039064884185791016 104
1679688745737 0.0039064884185791016 105
1679688745971 0.0039064884185791016 106
1679688746935 0.0039064884185791016 107
1679688747116 0.0039064884185791016 108
1679688748024 0.0039064884185791016 109
1679688748284 0.0039064884185791016 110
1679688749175 0.0039064884185791016 111
1679688749339 0.0039064884185791016 112
1679688750253 0.0039064884185791016 113
1679688750422 0.0039064884185791016 114
1679688751311 0.0039064884185791016 115
1679688751557 0.0039064884185791016 116
1679688752446 0.0039064884185791016 117
1679688752617 0.0039064884185791016 118
1679688753549 0.0039064884185791016 119
1679688753711 0.0039064884185791016 120
1679688754641 0.0039064884185791016 121
1679688754923 0.0039064884185791016 122
1679688755807 0.0039064884185791016 123
1679688755970 0.0039064884185791016 124
1679688756866 0.0039064884185791016 125
1679688757030 0.0039064884185791016 126
1679688757941 0.0039064884185791016 127
1679688758182 0.0039064884185791016 128
1679688759093 0.0039064884185791016 129
1679688759258 0.0039064884185791016 130
1679688760168 0.0039064884185791016 131
1679688760348 0.0039064884185791016 132
1679688761242 0.0039064884185791016 133
1679688761484 0.0039064884185791016 134
1679688762379 0.0039064884185791016 135
1679688762580 0.0039064884185791016 136
1679688763524 0.0039064884185791016 137
1679688763709 0.0039064884185791016 138
1679688764644 0.0039064884185791016 139
1679688764889 0.0039064884185791016 140
1679688765789 0.0039064884185791016 141
1679688765952 0.0039064884185791016 142
1679688766846 0.0039064884185791016 143
1679688767024 0.0039064884185791016 144
1679688767925 0.0039064884185791016 145
1679688768165 0.0039064884185791016 146
1679688769065 0.0039064884185791016 147
1679688769233 0.0039064884185791016 148
1679688770119 0.0039064884185791016 149
1679688770287 0.0039064884185791016 150
1679688771208 0.0039064884185791016 151
1679688771503 0.0039064884185791016 152
1679688772476 0.0039064884185791016 153
1679688772668 0.0039064884185791016 154
1679688773688 0.0039064884185791016 155
1679688773869 0.0039064884185791016 156
1679688774852 0.0039064884185791016 157
1679688775125 0.0039064884185791016 158
1679688776169 0.0039064884185791016 159
1679688776353 0.0039064884185791016 160
1679688777355 0.0039064884185791016 161
1679688777524 0.0039064884185791016 162
1679688778424 0.0039064884185791016 163
1679688778674 0.0039064884185791016 164
1679688779567 0.0039064884185791016 165
1679688779741 0.0039064884185791016 166
1679688780718 0.0039064884185791016 167
1679688780881 0.0039064884185791016 168
1679688781810 0.0039064884185791016 169
1679688782057 0.0039064884185791016 170
1679688782971 0.0039064884185791016 171
1679688783136 0.0039064884185791016 172
1679688784041 0.0039064884185791016 173
1679688784207 0.0039064884185791016 174
1679688785176 0.0039064884185791016 175
1679688785440 0.0039064884185791016 176
1679688786398 0.0039064884185791016 177
1679688786569 0.0039064884185791016 178
1679688787548 0.0039064884185791016 179
1679688787753 0.0039064884185791016 180
1679688788653 0.0039064884185791016 181
1679688788918 0.0039064884185791016 182
1679688789822 0.0039064884185791016 183
1679688789992 0.0039064884185791016 184
1679688790932 0.0039064884185791016 185
1679688791102 0.0039064884185791016 186
1679688792007 0.0039064884185791016 187
1679688792263 0.0039064884185791016 188
1679688793244 0.0039064884185791016 189
1679688793438 0.0039064884185791016 190
1679688794490 0.0039064884185791016 191
1679688794705 0.0039064884185791016 192
1679688795681 0.0039064884185791016 193
1679688795924 0.0039064884185791016 194
1679688796817 0.0039064884185791016 195
1679688797006 0.0039064884185791016 196
1679688797889 0.0039064884185791016 197
1679688798057 0.0039064884185791016 198
1679688799000 0.0039064884185791016 199
1679688799280 0.0039064884185791016 200
1679688800183 0.0039064884185791016 201
1679688800352 0.0039064884185791016 202
1679688801408 0.0039064884185791016 203
1679688801601 0.0039064884185791016 204
1679688802545 0.0039064884185791016 205
1679688802835 0.0039064884185791016 206
1679688803884 0.0039064884185791016 207
1679688804064 0.0039064884185791016 208
1679688805131 0.0039064884185791016 209
1679688805318 0.0039064884185791016 210
1679688806307 0.0039064884185791016 211
1679688806551 0.0039064884185791016 212
1679688807439 0.0039064884185791016 213
1679688807623 0.0039064884185791016 214
1679688808499 0.0039064884185791016 215
1679688808668 0.0039064884185791016 216
1679688809564 0.0039064884185791016 217
1679688809816 0.0039064884185791016 218
1679688810713 0.0039064884185791016 219
1679688810877 0.0039064884185791016 220
1679688811740 0.0039064884185791016 221
1679688811905 0.0039064884185791016 222
1679688812770 0.0039064884185791016 223
1679688813010 0.0039064884185791016 224
1679688813896 0.0039064884185791016 225
1679688814063 0.0039064884185791016 226
1679688814957 0.0039064884185791016 227
1679688815160 0.0039064884185791016 228
1679688816017 0.0039064884185791016 229
1679688816252 0.0039064884185791016 230
1679688817122 0.0039064884185791016 231
1679688817289 0.0039064884185791016 232
1679688818169 0.0039064884185791016 233
1679688818346 0.0039064884185791016 234
1679688819233 0.0039064884185791016 235
1679688819527 0.0039064884185791016 236
1679688820573 0.0039064884185791016 237
1679688820761 0.0039064884185791016 238
1679688821702 0.0039064884185791016 239
1679688821892 0.0039064884185791016 240
1679688822894 0.0039064884185791016 241
1679688823184 0.0039064884185791016 242
1679688824133 0.0039064884185791016 243
1679688824320 0.0039064884185791016 244
1679688825437 0.0039064884185791016 245
1679688825621 0.0039064884185791016 246
1679688826559 0.0039064884185791016 247
1679688826804 0.0039064884185791016 248
1679688827726 0.0039064884185791016 249
1679688827914 0.0039064884185791016 250
1679688828851 0.0039064884185791016 251
1679688829029 0.0039064884185791016 252
1679688829969 0.0039064884185791016 253
1679688830221 0.0039064884185791016 254
1679688831123 0.0039064884185791016 255
1679688831312 0.0039064884185791016 256
1679688832361 0.0039064884185791016 257
1679688832547 0.0039064884185791016 258
1679688833528 0.0039064884185791016 259
1679688833799 0.0039064884185791016 260
1679688834780 0.0039064884185791016 261
1679688835008 0.0039064884185791016 262
1679688836003 0.0039064884185791016 263
1679688836203 0.0039064884185791016 264
1679688837131 0.0039064884185791016 265
1679688837379 0.0039064884185791016 266
1679688838278 0.0039064884185791016 267
1679688838448 0.0039064884185791016 268
1679688839350 0.0039064884185791016 269
1679688839519 0.0039064884185791016 270
1679688840452 0.0039064884185791016 271
1679688840704 0.0039064884185791016 272
1679688841623 0.0039064884185791016 273
1679688841844 0.0039064884185791016 274
1679688842774 0.0039064884185791016 275
1679688842948 0.0039064884185791016 276
1679688843847 0.0039064884185791016 277
1679688844106 0.0039064884185791016 278
1679688845023 0.0039064884185791016 279
1679688845202 0.0039064884185791016 280
1679688846085 0.0039064884185791016 281
1679688846255 0.0039064884185791016 282
1679688847151 0.0039064884185791016 283
1679688847407 0.0039064884185791016 284
1679688848318 0.0039064884185791016 285
1679688848491 0.0039064884185791016 286
1679688849428 0.0039064884185791016 287
1679688849601 0.0039064884185791016 288
1679688850504 0.0039064884185791016 289
1679688850763 0.0039064884185791016 290
1679688851680 0.0039064884185791016 291
1679688851890 0.0039064884185791016 292
1679688852823 0.0039064884185791016 293
1679688853007 0.0039064884185791016 294
1679688853953 0.0039064884185791016 295
1679688854205 0.0039064884185791016 296
1679688855136 0.0039064884185791016 297
1679688855320 0.0039064884185791016 298
1679688856246 0.0039064884185791016 299
1679688856425 0.0039064884185791016 300
1679688856540 0.0039064884185791016 301
