1679774323861 1.0 1
1679774324055 2.0 2
1679774325539 3.0 3
1679774325728 4.0 4
1679774327186 5.0 5
1679774327374 6.0 6
1679774328816 7.0 7
1679774329010 8.0 8
1679774330422 9.0 9
1679774330598 10.0 10
1679774331956 11.0 11
1679774332131 12.0 12
1679774333612 13.0 13
1679774333810 14.0 14
1679774335321 15.0 15
1679774335654 16.0 16
1679774337191 17.0 17
1679774337378 18.0 18
1679774338773 19.0 19
1679774338965 20.0 20
1679774340440 21.0 21
1679774340660 22.0 22
1679774342068 23.0 23
1679774342253 24.0 24
1679774343653 25.0 25
1679774343845 26.0 26
1679774345316 27.0 27
1679774345497 28.0 28
1679774347024 29.0 29
1679774347213 30.0 30
1679774348577 31.0 31
1679774348758 32.0 32
1679774350138 33.0 33
1679774350317 34.0 34
1679774351703 35.0 35
1679774351889 36.0 36
1679774353256 37.0 37
1679774353432 38.0 38
1679774354826 39.0 39
1679774355010 40.0 40
1679774356380 41.0 41
1679774356650 42.0 42
1679774358033 43.0 43
1679774358240 44.0 44
1679774359677 45.0 45
1679774359865 46.0 46
1679774361297 47.0 47
1679774361490 48.0 48
1679774363027 49.0 49
1679774363231 50.0 50
1679774364786 51.0 51
1679774364992 52.0 52
1679774366488 53.0 53
1679774366718 54.0 54
1679774368296 55.0 55
1679774368507 56.0 56
1679774369923 57.0 57
1679774370103 58.0 58
1679774371448 59.0 59
1679774371643 60.0 60
1679774372964 61.0 61
1679774373140 62.0 62
1679774374530 63.0 63
1679774374747 64.0 64
1679774376163 65.0 65
1679774376353 66.0 66
1679774377757 67.0 67
1679774378033 68.0 68
1679774379467 69.0 69
1679774379654 70.0 70
1679774381131 71.0 71
1679774381323 72.0 72
1679774382719 73.0 73
1679774382940 74.0 74
1679774384381 75.0 75
1679774384568 76.0 76
1679774385998 77.0 77
1679774386230 78.0 78
1679774387647 79.0 79
1679774387832 80.0 80
1679774389328 81.0 81
1679774389524 82.0 82
1679774390898 83.0 83
1679774391090 84.0 84
1679774392609 85.0 85
1679774392811 86.0 86
1679774394317 87.0 87
1679774394525 88.0 88
1679774396039 89.0 89
1679774396249 90.0 90
1679774397731 91.0 91
1679774397932 92.0 92
1679774399335 93.0 93
1679774399617 94.0 94
1679774401046 95.0 95
1679774401235 96.0 96
1679774402694 97.0 97
1679774402905 98.0 98
1679774404336 99.0 99
1679774404525 100.0 100
1679774405951 101.0 101
1679774406137 102.0 102
1679774407587 103.0 103
1679774407808 104.0 104
1679774409288 105.0 105
1679774409496 106.0 106
1679774410949 107.0 107
1679774411136 108.0 108
1679774412499 109.0 109
1679774412682 110.0 110
1679774414095 111.0 111
1679774414330 112.0 112
1679774415753 113.0 113
1679774415976 114.0 114
1679774417421 115.0 115
1679774417611 116.0 116
1679774419047 117.0 117
1679774419240 118.0 118
1679774420698 119.0 119
1679774420979 120.0 120
1679774422576 121.0 121
1679774422790 122.0 122
1679774424328 123.0 123
1679774424569 124.0 124
1679774426120 125.0 125
1679774426333 126.0 126
1679774427734 127.0 127
1679774427931 128.0 128
1679774429346 129.0 129
1679774429574 130.0 130
1679774430945 131.0 131
1679774431126 132.0 132
1679774432573 133.0 133
1679774432757 134.0 134
1679774434134 135.0 135
1679774434336 136.0 136
1679774435714 137.0 137
1679774435940 138.0 138
1679774437327 139.0 139
1679774437521 140.0 140
1679774438926 141.0 141
1679774439132 142.0 142
1679774440557 143.0 143
1679774440754 144.0 144
1679774442329 145.0 145
1679774442527 146.0 146
1679774443962 147.0 147
1679774444157 148.0 148
1679774445587 149.0 149
1679774445780 150.0 150
1679774447257 151.0 151
1679774447451 152.0 152
1679774448900 153.0 153
1679774449093 154.0 154
1679774450503 155.0 155
1679774450689 156.0 156
1679774452193 157.0 157
1679774452414 158.0 158
1679774454013 159.0 159
1679774454217 160.0 160
1679774455750 161.0 161
1679774455960 162.0 162
1679774457443 163.0 163
1679774457648 164.0 164
1679774459130 165.0 165
1679774459327 166.0 166
1679774460758 167.0 167
1679774460961 168.0 168
1679774462391 169.0 169
1679774462590 170.0 170
1679774464147 171.0 171
1679774464341 172.0 172
1679774465773 173.0 173
1679774465977 174.0 174
1679774467401 175.0 175
1679774467593 176.0 176
1679774469087 177.0 177
1679774469304 178.0 178
1679774470726 179.0 179
1679774470914 180.0 180
1679774472314 181.0 181
1679774472503 182.0 182
1679774473892 183.0 183
1679774474147 184.0 184
1679774475626 185.0 185
1679774475822 186.0 186
1679774477240 187.0 187
1679774477432 188.0 188
1679774478852 189.0 189
1679774479045 190.0 190
1679774480486 191.0 191
1679774480694 192.0 192
1679774482153 193.0 193
1679774482395 194.0 194
1679774483933 195.0 195
1679774484142 196.0 196
1679774485814 197.0 197
1679774486040 198.0 198
1679774487551 199.0 199
1679774487753 200.0 200
1679774489191 201.0 201
1679774489420 202.0 202
1679774490767 203.0 203
1679774490952 204.0 204
1679774492388 205.0 205
1679774492576 206.0 206
1679774493948 207.0 207
1679774494160 208.0 208
1679774495567 209.0 209
1679774495769 210.0 210
1679774497294 211.0 211
1679774497523 212.0 212
1679774498989 213.0 213
1679774499191 214.0 214
1679774500624 215.0 215
1679774500838 216.0 216
1679774502283 217.0 217
1679774502481 218.0 218
1679774503982 219.0 219
1679774504190 220.0 220
1679774505649 221.0 221
1679774505909 222.0 222
1679774507431 223.0 223
1679774507624 224.0 224
1679774509109 225.0 225
1679774509322 226.0 226
1679774510709 227.0 227
1679774510935 228.0 228
1679774512346 229.0 229
1679774512563 230.0 230
1679774514144 231.0 231
1679774514375 232.0 232
1679774515912 233.0 233
1679774516129 234.0 234
1679774517630 235.0 235
1679774517826 236.0 236
1679774519344 237.0 237
1679774519590 238.0 238
1679774521008 239.0 239
1679774521207 240.0 240
1679774522640 241.0 241
1679774522850 242.0 242
1679774524297 243.0 243
1679774524489 244.0 244
1679774525919 245.0 245
1679774526119 246.0 246
1679774527592 247.0 247
1679774527795 248.0 248
1679774529352 249.0 249
1679774529554 250.0 250
1679774531007 251.0 251
1679774531208 252.0 252
1679774532677 253.0 253
1679774532888 254.0 254
1679774534291 255.0 255
1679774534506 256.0 256
1679774535919 257.0 257
1679774536175 258.0 258
1679774537601 259.0 259
1679774537816 260.0 260
1679774539292 261.0 261
1679774539498 262.0 262
1679774541033 263.0 263
1679774541237 264.0 264
1679774542819 265.0 265
1679774543054 266.0 266
1679774544595 267.0 267
1679774544840 268.0 268
1679774546403 269.0 269
1679774546627 270.0 270
1679774548063 271.0 271
1679774548270 272.0 272
1679774549739 273.0 273
1679774549949 274.0 274
1679774551374 275.0 275
1679774551571 276.0 276
1679774552966 277.0 277
1679774553150 278.0 278
1679774554576 279.0 279
1679774554775 280.0 280
1679774556186 281.0 281
1679774556392 282.0 282
1679774557794 283.0 283
1679774558025 284.0 284
1679774559510 285.0 285
1679774559761 286.0 286
1679774561197 287.0 287
1679774561402 288.0 288
1679774562916 289.0 289
1679774563139 290.0 290
1679774564634 291.0 291
1679774564878 292.0 292
1679774566445 293.0 293
1679774566662 294.0 294
1679774568485 295.0 295
1679774568760 296.0 296
1679774570240 297.0 297
1679774570449 298.0 298
1679774571892 299.0 299
1679774572090 300.0 300
1679774572228 301.0 301
