1679774323862 0.00393223762512207 1
1679774324057 0.00393223762512207 2
1679774325541 0.00393223762512207 3
1679774325729 0.00393223762512207 4
1679774327187 0.00393223762512207 5
1679774327377 0.00393223762512207 6
1679774328817 0.00393223762512207 7
1679774329011 0.00393223762512207 8
1679774330423 0.00393223762512207 9
1679774330600 0.00393223762512207 10
1679774331957 0.00393223762512207 11
1679774332132 0.00393223762512207 12
1679774333613 0.00393223762512207 13
1679774333811 0.00393223762512207 14
1679774335322 0.00393223762512207 15
1679774335656 0.00393223762512207 16
1679774337193 0.00393223762512207 17
1679774337379 0.00393223762512207 18
1679774338774 0.00393223762512207 19
1679774338966 0.00393223762512207 20
1679774340442 0.00393223762512207 21
1679774340662 0.00393223762512207 22
1679774342070 0.00393223762512207 23
1679774342254 0.00393223762512207 24
1679774343655 0.00393223762512207 25
1679774343846 0.00393223762512207 26
1679774345316 0.00393223762512207 27
1679774345499 0.00393223762512207 28
1679774347026 0.00393223762512207 29
1679774347215 0.00393223762512207 30
1679774348578 0.00393223762512207 31
1679774348760 0.00393223762512207 32
1679774350139 0.00393223762512207 33
1679774350318 0.00393223762512207 34
1679774351704 0.00393223762512207 35
1679774351891 0.00393223762512207 36
1679774353257 0.00393223762512207 37
1679774353433 0.00393223762512207 38
1679774354827 0.00393223762512207 39
1679774355010 0.00393223762512207 40
1679774356381 0.00393223762512207 41
1679774356652 0.00393223762512207 42
1679774358035 0.00393223762512207 43
1679774358242 0.00393223762512207 44
1679774359678 0.00393223762512207 45
1679774359866 0.00393223762512207 46
1679774361299 0.00393223762512207 47
1679774361492 0.00393223762512207 48
1679774363028 0.00393223762512207 49
1679774363233 0.00393223762512207 50
1679774364788 0.00393223762512207 51
1679774364993 0.00393223762512207 52
1679774366489 0.00393223762512207 53
1679774366719 0.00393223762512207 54
1679774368298 0.00393223762512207 55
1679774368509 0.00393223762512207 56
1679774369925 0.00393223762512207 57
1679774370104 0.00393223762512207 58
1679774371449 0.00393223762512207 59
1679774371645 0.00393223762512207 60
1679774372966 0.00393223762512207 61
1679774373143 0.00393223762512207 62
1679774374532 0.00393223762512207 63
1679774374749 0.00393223762512207 64
1679774376164 0.00393223762512207 65
1679774376355 0.00393223762512207 66
1679774377758 0.00393223762512207 67
1679774378035 0.00393223762512207 68
1679774379468 0.00393223762512207 69
1679774379655 0.00393223762512207 70
1679774381133 0.00393223762512207 71
1679774381324 0.00393223762512207 72
1679774382720 0.00393223762512207 73
1679774382941 0.00393223762512207 74
1679774384382 0.00393223762512207 75
1679774384570 0.00393223762512207 76
1679774386000 0.00393223762512207 77
1679774386232 0.00393223762512207 78
1679774387648 0.00393223762512207 79
1679774387833 0.00393223762512207 80
1679774389329 0.00393223762512207 81
1679774389525 0.00393223762512207 82
1679774390899 0.00393223762512207 83
1679774391092 0.00393223762512207 84
1679774392611 0.00393223762512207 85
1679774392813 0.00393223762512207 86
1679774394318 0.00393223762512207 87
1679774394526 0.00393223762512207 88
1679774396041 0.00393223762512207 89
1679774396250 0.00393223762512207 90
1679774397732 0.00393223762512207 91
1679774397933 0.00393223762512207 92
1679774399336 0.00393223762512207 93
1679774399618 0.00393223762512207 94
1679774401048 0.00393223762512207 95
1679774401236 0.00393223762512207 96
1679774402695 0.00393223762512207 97
1679774402906 0.00393223762512207 98
1679774404338 0.00393223762512207 99
1679774404526 0.00393223762512207 100
1679774405953 0.00393223762512207 101
1679774406139 0.00393223762512207 102
1679774407589 0.00393223762512207 103
1679774407810 0.00393223762512207 104
1679774409290 0.00393223762512207 105
1679774409497 0.00393223762512207 106
1679774410950 0.00393223762512207 107
1679774411137 0.00393223762512207 108
1679774412500 0.00393223762512207 109
1679774412683 0.00393223762512207 110
1679774414096 0.00393223762512207 111
1679774414331 0.00393223762512207 112
1679774415755 0.00393223762512207 113
1679774415978 0.00393223762512207 114
1679774417423 0.00393223762512207 115
1679774417612 0.00393223762512207 116
1679774419049 0.00393223762512207 117
1679774419242 0.00393223762512207 118
1679774420699 0.00393223762512207 119
1679774420981 0.00393223762512207 120
1679774422578 0.00393223762512207 121
1679774422792 0.00393223762512207 122
1679774424329 0.00393223762512207 123
1679774424571 0.00393223762512207 124
1679774426122 0.00393223762512207 125
1679774426335 0.00393223762512207 126
1679774427735 0.00393223762512207 127
1679774427933 0.00393223762512207 128
1679774429348 0.00393223762512207 129
1679774429576 0.00393223762512207 130
1679774430946 0.00393223762512207 131
1679774431127 0.00393223762512207 132
1679774432574 0.00393223762512207 133
1679774432759 0.00393223762512207 134
1679774434136 0.00393223762512207 135
1679774434338 0.00393223762512207 136
1679774435716 0.00393223762512207 137
1679774435942 0.00393223762512207 138
1679774437329 0.00393223762512207 139
1679774437522 0.00393223762512207 140
1679774438928 0.00393223762512207 141
1679774439133 0.00393223762512207 142
1679774440558 0.00393223762512207 143
1679774440756 0.00393223762512207 144
1679774442331 0.00393223762512207 145
1679774442529 0.00393223762512207 146
1679774443963 0.00393223762512207 147
1679774444158 0.00393223762512207 148
1679774445589 0.00393223762512207 149
1679774445782 0.00393223762512207 150
1679774447259 0.00393223762512207 151
1679774447454 0.00393223762512207 152
1679774448902 0.00393223762512207 153
1679774449094 0.00393223762512207 154
1679774450504 0.00393223762512207 155
1679774450690 0.00393223762512207 156
1679774452194 0.00393223762512207 157
1679774452415 0.00393223762512207 158
1679774454014 0.00393223762512207 159
1679774454219 0.00393223762512207 160
1679774455752 0.00393223762512207 161
1679774455962 0.00393223762512207 162
1679774457445 0.00393223762512207 163
1679774457649 0.00393223762512207 164
1679774459132 0.00393223762512207 165
1679774459328 0.00393223762512207 166
1679774460760 0.00393223762512207 167
1679774460962 0.00393223762512207 168
1679774462392 0.00393223762512207 169
1679774462593 0.00393223762512207 170
1679774464148 0.00393223762512207 171
1679774464342 0.00393223762512207 172
1679774465774 0.00393223762512207 173
1679774465979 0.00393223762512207 174
1679774467402 0.00393223762512207 175
1679774467594 0.00393223762512207 176
1679774469088 0.00393223762512207 177
1679774469305 0.00393223762512207 178
1679774470727 0.00393223762512207 179
1679774470916 0.00393223762512207 180
1679774472315 0.00393223762512207 181
1679774472505 0.00393223762512207 182
1679774473894 0.00393223762512207 183
1679774474148 0.00393223762512207 184
1679774475628 0.00393223762512207 185
1679774475823 0.00393223762512207 186
1679774477241 0.00393223762512207 187
1679774477434 0.00393223762512207 188
1679774478854 0.00393223762512207 189
1679774479047 0.00393223762512207 190
1679774480488 0.00393223762512207 191
1679774480696 0.00393223762512207 192
1679774482156 0.00393223762512207 193
1679774482397 0.00393223762512207 194
1679774483935 0.00393223762512207 195
1679774484144 0.00393223762512207 196
1679774485816 0.00393223762512207 197
1679774486042 0.00393223762512207 198
1679774487552 0.00393223762512207 199
1679774487754 0.00393223762512207 200
1679774489193 0.00393223762512207 201
1679774489421 0.00393223762512207 202
1679774490768 0.00393223762512207 203
1679774490954 0.00393223762512207 204
1679774492389 0.00393223762512207 205
1679774492577 0.00393223762512207 206
1679774493949 0.00393223762512207 207
1679774494163 0.00393223762512207 208
1679774495568 0.00393223762512207 209
1679774495770 0.00393223762512207 210
1679774497295 0.00393223762512207 211
1679774497525 0.00393223762512207 212
1679774498991 0.00393223762512207 213
1679774499193 0.00393223762512207 214
1679774500626 0.00393223762512207 215
1679774500839 0.00393223762512207 216
1679774502285 0.00393223762512207 217
1679774502483 0.00393223762512207 218
1679774503985 0.00393223762512207 219
1679774504190 0.00393223762512207 220
1679774505650 0.00393223762512207 221
1679774505910 0.00393223762512207 222
1679774507432 0.00393223762512207 223
1679774507625 0.00393223762512207 224
1679774509110 0.00393223762512207 225
1679774509325 0.00393223762512207 226
1679774510710 0.00393223762512207 227
1679774510937 0.00393223762512207 228
1679774512348 0.00393223762512207 229
1679774512564 0.00393223762512207 230
1679774514146 0.00393223762512207 231
1679774514377 0.00393223762512207 232
1679774515914 0.00393223762512207 233
1679774516130 0.00393223762512207 234
1679774517632 0.00393223762512207 235
1679774517828 0.00393223762512207 236
1679774519345 0.00393223762512207 237
1679774519590 0.00393223762512207 238
1679774521009 0.00393223762512207 239
1679774521209 0.00393223762512207 240
1679774522643 0.00393223762512207 241
1679774522851 0.00393223762512207 242
1679774524299 0.00393223762512207 243
1679774524490 0.00393223762512207 244
1679774525921 0.00393223762512207 245
1679774526120 0.00393223762512207 246
1679774527594 0.00393223762512207 247
1679774527796 0.00393223762512207 248
1679774529354 0.00393223762512207 249
1679774529555 0.00393223762512207 250
1679774531009 0.00393223762512207 251
1679774531210 0.00393223762512207 252
1679774532679 0.00393223762512207 253
1679774532889 0.00393223762512207 254
1679774534292 0.00393223762512207 255
1679774534507 0.00393223762512207 256
1679774535920 0.00393223762512207 257
1679774536177 0.00393223762512207 258
1679774537603 0.00393223762512207 259
1679774537818 0.00393223762512207 260
1679774539294 0.00393223762512207 261
1679774539500 0.00393223762512207 262
1679774541034 0.00393223762512207 263
1679774541238 0.00393223762512207 264
1679774542822 0.00393223762512207 265
1679774543055 0.00393223762512207 266
1679774544597 0.00393223762512207 267
1679774544842 0.00393223762512207 268
1679774546405 0.00393223762512207 269
1679774546629 0.00393223762512207 270
1679774548065 0.00393223762512207 271
1679774548272 0.00393223762512207 272
1679774549741 0.00393223762512207 273
1679774549950 0.00393223762512207 274
1679774551376 0.00393223762512207 275
1679774551572 0.00393223762512207 276
1679774552968 0.00393223762512207 277
1679774553151 0.00393223762512207 278
1679774554576 0.00393223762512207 279
1679774554776 0.00393223762512207 280
1679774556187 0.00393223762512207 281
1679774556394 0.00393223762512207 282
1679774557795 0.00393223762512207 283
1679774558026 0.00393223762512207 284
1679774559512 0.00393223762512207 285
1679774559763 0.00393223762512207 286
1679774561198 0.00393223762512207 287
1679774561403 0.00393223762512207 288
1679774562918 0.00393223762512207 289
1679774563141 0.00393223762512207 290
1679774564636 0.00393223762512207 291
1679774564878 0.00393223762512207 292
1679774566447 0.00393223762512207 293
1679774566664 0.00393223762512207 294
1679774568488 0.00393223762512207 295
1679774568762 0.00393223762512207 296
1679774570241 0.00393223762512207 297
1679774570450 0.00393223762512207 298
1679774571893 0.00393223762512207 299
1679774572092 0.00393223762512207 300
1679774572229 0.00393223762512207 301
