1679936749745 5.1809611320495605 1
1679936750014 5.431230545043945 2
1679936752724 8.15196180343628 3
1679936752971 8.390980005264282 4
1679936755677 11.099861145019531 5
1679936755929 11.346848964691162 6
1679936758625 14.046027660369873 7
1679936758867 14.287043809890747 8
1679936761478 16.90201759338379 9
1679936761751 17.156797647476196 10
1679936764375 19.793007612228394 11
1679936764637 20.052393198013306 12
1679936767391 22.812793016433716 13
1679936767638 23.056188821792603 14
1679936770321 25.735827922821045 15
1679936770570 25.989149808883667 16
1679936773217 28.633248567581177 17
1679936773514 28.900689125061035 18
1679936776209 31.62917184829712 19
1679936776466 31.877968072891235 20
1679936779200 34.60936141014099 21
1679936779503 34.87825012207031 22
1679936782177 37.59261083602905 23
1679936782445 37.85801649093628 24
1679936785139 40.55674958229065 25
1679936785440 40.81300973892212 26
1679936788141 43.56112360954285 27
1679936788391 43.80834603309631 28
1679936791052 46.468820333480835 29
1679936791315 46.71903109550476 30
1679936793977 49.392735958099365 31
1679936794246 49.66071009635925 32
1679936797048 52.459842920303345 33
1679936797334 52.72191762924194 34
1679936800058 55.47692537307739 35
1679936800316 55.73079228401184 36
1679936802917 58.3418128490448 37
1679936803183 58.57169032096863 38
1679936805582 61.00637197494507 39
1679936805810 61.23069167137146 40
1679936808267 63.692955017089844 41
1679936808510 63.922932147979736 42
1679936810913 66.33998680114746 43
1679936811142 66.5656967163086 44
1679936813525 68.95203852653503 45
1679936813759 69.17524027824402 46
1679936816215 71.64073467254639 47
1679936816444 71.86826229095459 48
1679936818841 74.26484894752502 49
1679936819084 74.50180959701538 50
1679936821477 76.90107440948486 51
1679936821715 77.13181447982788 52
1679936824075 79.4997136592865 53
1679936824315 79.73718500137329 54
1679936826754 82.17783045768738 55
1679936826997 82.41670370101929 56
1679936829377 84.79403328895569 57
1679936829639 85.05188941955566 58
1679936832059 87.4758186340332 59
1679936832301 87.71965169906616 60
1679936834664 90.08200120925903 61
1679936834901 90.32272458076477 62
1679936837370 92.78557014465332 63
1679936837613 93.03404712677002 64
1679936840609 96.01992464065552 65
1679936840921 96.30187487602234 66
1679936844099 99.47859811782837 67
1679936844449 99.829265832901 68
1679936847090 102.51063942909241 69
1679936847323 102.74189305305481 70
1679936849798 105.21969771385193 71
1679936850046 105.45756793022156 72
1679936852537 107.96017956733704 73
1679936852775 108.19480752944946 74
1679936855228 110.64964294433594 75
1679936855472 110.88393378257751 76
1679936858017 113.4379198551178 77
1679936858263 113.67867588996887 78
1679936860912 116.31071758270264 79
1679936861162 116.57864737510681 80
1679936863701 119.12461638450623 81
1679936863943 119.36063289642334 82
1679936866453 121.86515212059021 83
1679936866696 122.11038875579834 84
1679936869273 124.6896300315857 85
1679936869517 124.93329405784607 86
1679936872042 127.44971418380737 87
1679936872289 127.71057391166687 88
1679936874747 130.16955375671387 89
1679936874986 130.398779630661 90
1679936877441 132.86076307296753 91
1679936877686 133.09886693954468 92
1679936880168 135.58960032463074 93
1679936880417 135.83567142486572 94
1679936882914 138.32965898513794 95
1679936883167 138.5777609348297 96
1679936885600 141.0177674293518 97
1679936885879 141.26666164398193 98
1679936888436 143.858811378479 99
1679936888668 144.08666276931763 100
1679936891134 146.5558614730835 101
1679936891382 146.79263854026794 102
1679936893873 149.29004311561584 103
1679936894102 149.52152967453003 104
1679936896488 151.9105212688446 105
1679936896741 152.15323781967163 106
1679936899176 154.59668922424316 107
1679936899462 154.84286093711853 108
1679936902234 157.64769577980042 109
1679936902560 157.95851278305054 110
1679936905394 160.7966272830963 111
1679936905682 161.08449339866638 112
1679936908298 163.7164340019226 113
1679936908547 163.9585521221161 114
1679936911158 166.57747530937195 115
1679936911398 166.80951166152954 116
1679936913910 169.3215515613556 117
1679936914175 169.58276987075806 118
1679936916764 172.1777012348175 119
1679936917006 172.4215636253357 120
1679936919478 174.89465165138245 121
1679936919718 175.13175225257874 122
1679936922293 177.70656442642212 123
1679936922535 177.94854545593262 124
1679936925051 180.46048140525818 125
1679936925326 180.71462535858154 126
1679936927827 183.24361562728882 127
1679936928081 183.48944878578186 128
1679936930580 185.99167108535767 129
1679936930869 186.26037621498108 130
1679936933658 189.06285429000854 131
1679936933925 189.33079361915588 132
1679936936680 192.09847831726074 133
1679936936955 192.35592031478882 134
1679936939477 194.89457845687866 135
1679936939719 195.1337375640869 136
1679936942277 197.69073247909546 137
1679936942535 197.93703746795654 138
1679936945107 200.52370929718018 139
1679936945404 200.80068373680115 140
1679936947974 203.3855493068695 141
1679936948302 203.69298434257507 142
1679936950810 206.21468114852905 143
1679936951103 206.4755687713623 144
1679936953611 209.01659321784973 145
1679936953866 209.26733541488647 146
1679936956411 211.82343435287476 147
1679936956663 212.07062911987305 148
1679936959220 214.6347131729126 149
1679936959473 214.88021898269653 150
1679936962175 217.58179354667664 151
1679936962453 217.85157299041748 152
1679936965268 220.6636245250702 153
1679936965559 220.9545259475708 154
1679936968165 223.57703351974487 155
1679936968421 223.83243560791016 156
1679936970919 226.32459545135498 157
1679936971178 226.5883491039276 158
1679936973672 229.0835521221161 159
1679936973917 229.32848811149597 160
1679936976443 231.85842514038086 161
1679936976690 232.09859371185303 162
1679936979219 234.63255834579468 163
1679936979470 234.88039445877075 164
1679936982036 237.44589400291443 165
1679936982285 237.69629430770874 166
1679936984791 240.199373960495 167
1679936985052 240.4617621898651 168
1679936987621 243.03303480148315 169
1679936987889 243.29828763008118 170
1679936990420 245.83407545089722 171
1679936990678 246.0844750404358 172
1679936993416 248.81860780715942 173
1679936993679 249.0846140384674 174
1679936996492 251.89748620986938 175
1679936996777 252.17725467681885 176
1679936999414 254.8214466571808 177
1679936999685 255.08349633216858 178
1679937002300 257.71244597435 179
1679937002545 257.95558738708496 180
1679937005128 260.5391981601715 181
1679937005371 260.7845425605774 182
1679937007909 263.3212492465973 183
1679937008173 263.5815222263336 184
1679937010747 266.1636552810669 185
1679937011019 266.4294340610504 186
1679937013565 268.9774124622345 187
1679937013813 269.2185311317444 188
1679937016325 271.740273475647 189
1679937016579 271.98591351509094 190
1679937019098 274.5096232891083 191
1679937019350 274.7500500679016 192
1679937021995 277.3989202976227 193
1679937022274 277.66979336738586 194
1679937025051 280.4534869194031 195
1679937025331 280.73027873039246 196
1679937028167 283.5673704147339 197
1679937028453 283.85263109207153 198
1679937031070 286.4836769104004 199
1679937031325 286.7302551269531 200
1679937033854 289.2616505622864 201
1679937034102 289.5135805606842 202
1679937036588 291.9983489513397 203
1679937036839 292.24440574645996 204
1679937039422 294.83518981933594 205
1679937039681 295.083215713501 206
1679937042219 297.6344211101532 207
1679937042473 297.8743965625763 208
1679937045025 300.437180519104 209
1679937045271 300.68140745162964 210
1679937047801 303.21617603302 211
1679937048063 303.4598081111908 212
1679937050637 306.0444462299347 213
1679937050949 306.3332200050354 214
1679937053802 309.20338129997253 215
1679937054086 309.47635293006897 216
1679937056823 312.2354373931885 217
1679937057088 312.49154710769653 218
1679937059619 315.0318834781647 219
1679937059875 315.27826595306396 220
1679937062453 317.86145520210266 221
1679937062713 318.1145484447479 222
1679937065288 320.69665813446045 223
1679937065548 320.94831705093384 224
1679937068143 323.5461595058441 225
1679937068417 323.8203830718994 226
1679937070968 326.3792607784271 227
1679937071218 326.6241979598999 228
1679937073787 329.1923096179962 229
1679937074035 329.44340538978577 230
1679937076567 331.97507071495056 231
1679937076830 332.22991251945496 232
1679937079389 334.7942955493927 233
1679937079638 335.0438582897186 234
1679937082383 337.7816505432129 235
1679937082667 338.0596835613251 236
1679937085476 340.87968015670776 237
1679937085785 341.1683223247528 238
1679937088371 343.77721905708313 239
1679937088626 344.0321674346924 240
1679937091165 346.57606983184814 241
1679937091413 346.81628704071045 242
1679937093975 349.37966227531433 243
1679937094228 349.6363492012024 244
1679937096731 352.1423008441925 245
1679937096981 352.38329005241394 246
1679937099489 354.90045714378357 247
1679937099754 355.1501307487488 248
1679937102384 357.7881360054016 249
1679937102643 358.0461869239807 250
1679937105191 360.6031255722046 251
1679937105451 360.8499643802643 252
1679937108047 363.4543402194977 253
1679937108310 363.7161867618561 254
1679937110820 366.21719884872437 255
1679937111104 366.50242137908936 256
1679937113926 369.32603430747986 257
1679937114212 369.6050832271576 258
1679937117048 372.45863103866577 259
1679937117307 372.70874667167664 260
1679937119907 375.31240701675415 261
1679937120173 375.5691215991974 262
1679937122705 378.10714173316956 263
1679937122964 378.36324429512024 264
1679937125538 380.9490702152252 265
1679937125812 381.21011900901794 266
1679937128272 383.6798369884491 267
1679937128532 383.93717408180237 268
1679937131095 386.5040237903595 269
1679937131347 386.7531900405884 270
1679937133922 389.3181583881378 271
1679937134187 389.59625244140625 272
1679937136882 392.28244614601135 273
1679937137160 392.5618505477905 274
1679937139709 395.12029480934143 275
1679937139968 395.37302899360657 276
1679937142685 398.0829312801361 277
1679937142985 398.37530040740967 278
1679937145850 401.2476096153259 279
1679937146140 401.5313067436218 280
1679937148726 404.1360921859741 281
1679937148975 404.3812518119812 282
1679937151489 406.8980836868286 283
1679937151746 407.1490411758423 284
1679937154468 409.8771986961365 285
1679937154727 410.13200426101685 286
1679937157299 412.70511960983276 287
1679937157551 412.9550836086273 288
1679937160161 415.5721912384033 289
1679937160427 415.8301327228546 290
1679937162979 418.3851499557495 291
1679937163252 418.6551284790039 292
1679937165725 421.13310074806213 293
1679937165979 421.3820855617523 294
1679937168471 423.87704062461853 295
1679937168715 424.1160728931427 296
1679937171289 426.6852569580078 297
1679937171558 426.9488365650177 298
1679937174397 429.79701256752014 299
1679937174683 430.07414650917053 300
1679937174940 430.3360481262207 301
