1679936749728 5.1809611320495605 1
1679936749996 0.25026941299438477 2
1679936752710 2.720731258392334 3
1679936752958 0.23901820182800293 4
1679936755664 2.708881139755249 5
1679936755913 0.24698781967163086 6
1679936758611 2.699178695678711 7
1679936758852 0.24101614952087402 8
1679936761465 2.614973783493042 9
1679936761731 0.2547800540924072 10
1679936764358 2.6362099647521973 11
1679936764619 0.2593855857849121 12
1679936767377 2.76039981842041 13
1679936767621 0.24339580535888672 14
1679936770305 2.6796391010284424 15
1679936770555 0.25332188606262207 16
1679936773201 2.6440987586975098 17
1679936773469 0.2674405574798584 18
1679936776193 2.728482723236084 19
1679936776451 0.2487962245941162 20
1679936779177 2.731393337249756 21
1679936779455 0.2688887119293213 22
1679936782161 2.7143607139587402 23
1679936782427 0.26540565490722656 24
1679936785125 2.69873309135437 25
1679936785391 0.2562601566314697 26
1679936788126 2.7481138706207275 27
1679936788376 0.2472224235534668 28
1679936791037 2.6604743003845215 29
1679936791289 0.2502107620239258 30
1679936793964 2.6737048625946045 31
1679936794230 0.2679741382598877 32
1679936797030 2.799132823944092 33
1679936797291 0.26207470893859863 34
1679936800042 2.755007743835449 35
1679936800299 0.25386691093444824 36
1679936802904 2.611020565032959 37
1679936803144 0.22987747192382812 38
1679936805568 2.4346816539764404 39
1679936805795 0.2243196964263916 40
1679936808252 2.462263345718384 41
1679936808495 0.22997713088989258 42
1679936810899 2.4170546531677246 43
1679936811128 0.2257099151611328 44
1679936813512 2.3863418102264404 45
1679936813743 0.22320175170898438 46
1679936816202 2.465494394302368 47
1679936816431 0.22752761840820312 48
1679936818827 2.3965866565704346 49
1679936819068 0.23696064949035645 50
1679936821465 2.3992648124694824 51
1679936821701 0.23074007034301758 52
1679936824061 2.367899179458618 53
1679936824301 0.237471342086792 54
1679936826740 2.440645456314087 55
1679936826983 0.23887324333190918 56
1679936829361 2.3773295879364014 57
1679936829620 0.2578561305999756 58
1679936832045 2.423929214477539 59
1679936832285 0.24383306503295898 60
1679936834648 2.362349510192871 61
1679936834887 0.2407233715057373 62
1679936837352 2.46284556388855 63
1679936837599 0.24847698211669922 64
1679936840590 2.985877513885498 65
1679936840883 0.2819502353668213 66
1679936844070 3.1767232418060303 67
1679936844424 0.35066771507263184 68
1679936847078 2.6813735961914062 69
1679936847309 0.23125362396240234 70
1679936849784 2.477804660797119 71
1679936850027 0.2378702163696289 72
1679936852523 2.5026116371154785 73
1679936852760 0.23462796211242676 74
1679936855216 2.4548354148864746 75
1679936855454 0.23429083824157715 76
1679936858001 2.553986072540283 77
1679936858248 0.24075603485107422 78
1679936860891 2.6320416927337646 79
1679936861147 0.2679297924041748 80
1679936863689 2.545969009399414 81
1679936863929 0.23601651191711426 82
1679936866435 2.50451922416687 83
1679936866680 0.24523663520812988 84
1679936869258 2.5792412757873535 85
1679936869502 0.24366402626037598 86
1679936872026 2.5164201259613037 87
1679936872277 0.26085972785949707 88
1679936874733 2.458979845046997 89
1679936874971 0.22922587394714355 90
1679936877428 2.4619834423065186 91
1679936877671 0.23810386657714844 92
1679936880156 2.4907333850860596 93
1679936880401 0.24607110023498535 94
1679936882898 2.493987560272217 95
1679936883151 0.24810194969177246 96
1679936885586 2.4400064945220947 97
1679936885838 0.24889421463012695 98
1679936888423 2.5921497344970703 99
1679936888654 0.22785139083862305 100
1679936891121 2.469198703765869 101
1679936891368 0.23677706718444824 102
1679936893860 2.4974045753479004 103
1679936894088 0.23148655891418457 104
1679936896473 2.388991594314575 105
1679936896727 0.24271655082702637 106
1679936899164 2.443451404571533 107
1679936899442 0.2461717128753662 108
1679936902220 2.8048348426818848 109
1679936902544 0.31081700325012207 110
1679936905374 2.8381145000457764 111
1679936905664 0.28786611557006836 112
1679936908285 2.6319406032562256 113
1679936908533 0.24211812019348145 114
1679936911145 2.6189231872558594 115
1679936911382 0.23203635215759277 116
1679936913893 2.51203989982605 117
1679936914161 0.2612183094024658 118
1679936916750 2.5949313640594482 119
1679936916990 0.24386239051818848 120
1679936919463 2.473088026046753 121
1679936919704 0.23710060119628906 122
1679936922280 2.574812173843384 123
1679936922521 0.24198102951049805 124
1679936925034 2.5119359493255615 125
1679936925311 0.25414395332336426 126
1679936927814 2.5289902687072754 127
1679936928064 0.245833158493042 128
1679936930565 2.5022222995758057 129
1679936930851 0.2687051296234131 130
1679936933641 2.802478075027466 131
1679936933908 0.26793932914733887 132
1679936936667 2.7676846981048584 133
1679936936940 0.25744199752807617 134
1679936939463 2.5386581420898438 135
1679936939705 0.23915910720825195 136
1679936942264 2.556994915008545 137
1679936942517 0.24630498886108398 138
1679936945093 2.586671829223633 139
1679936945385 0.2769744396209717 140
1679936947959 2.5848655700683594 141
1679936948286 0.3074350357055664 142
1679936950791 2.5216968059539795 143
1679936951082 0.26088762283325195 144
1679936953595 2.5410244464874268 145
1679936953849 0.25074219703674316 146
1679936956398 2.5560989379882812 147
1679936956649 0.24719476699829102 148
1679936959206 2.564084053039551 149
1679936959459 0.24550580978393555 150
1679936962160 2.7015745639801025 151
1679936962434 0.2697794437408447 152
1679936965253 2.81205153465271 153
1679936965536 0.29090142250061035 154
1679936968151 2.6225075721740723 155
1679936968408 0.2554020881652832 156
1679936970902 2.492159843444824 157
1679936971163 0.26375365257263184 158
1679936973657 2.4952030181884766 159
1679936973904 0.2449359893798828 160
1679936976429 2.5299370288848877 161
1679936976676 0.24016857147216797 162
1679936979205 2.5339646339416504 163
1679936979456 0.24783611297607422 164
1679936982021 2.5654995441436768 165
1679936982271 0.2504003047943115 166
1679936984777 2.503079652786255 167
1679936985038 0.2623882293701172 168
1679936987607 2.571272611618042 169
1679936987874 0.26525282859802246 170
1679936990406 2.53578782081604 171
1679936990664 0.2503995895385742 172
1679936993400 2.734132766723633 173
1679936993664 0.2660062313079834 174
1679936996479 2.8128721714019775 175
1679936996760 0.2797684669494629 176
1679936999399 2.6441919803619385 177
1679936999670 0.26204967498779297 178
1679937002285 2.6289496421813965 179
1679937002529 0.24314141273498535 180
1679937005114 2.583610773086548 181
1679937005358 0.2453444004058838 182
1679937007892 2.5367066860198975 183
1679937008158 0.2602729797363281 184
1679937010733 2.5821330547332764 185
1679937011005 0.2657787799835205 186
1679937013551 2.547978401184082 187
1679937013795 0.2411186695098877 188
1679937016311 2.521742343902588 189
1679937016563 0.24564003944396973 190
1679937019085 2.523709774017334 191
1679937019335 0.24042677879333496 192
1679937021981 2.6488702297210693 193
1679937022255 0.2708730697631836 194
1679937025037 2.783693552017212 195
1679937025314 0.2767918109893799 196
1679937028153 2.8370916843414307 197
1679937028438 0.2852606773376465 198
1679937031056 2.6310458183288574 199
1679937031311 0.24657821655273438 200
1679937033840 2.531395435333252 201
1679937034088 0.25192999839782715 202
1679937036575 2.4847683906555176 203
1679937036822 0.24605679512023926 204
1679937039408 2.5907840728759766 205
1679937039665 0.24802589416503906 206
1679937042205 2.5512053966522217 207
1679937042452 0.2399754524230957 208
1679937045011 2.56278395652771 209
1679937045257 0.24422693252563477 210
1679937047788 2.534768581390381 211
1679937048048 0.24363207817077637 212
1679937050622 2.5846381187438965 213
1679937050930 0.288773775100708 214
1679937053788 2.870161294937134 215
1679937054070 0.27297163009643555 216
1679937056810 2.759084463119507 217
1679937057073 0.25610971450805664 218
1679937059605 2.5403363704681396 219
1679937059860 0.246382474899292 220
1679937062440 2.5831892490386963 221
1679937062697 0.25309324264526367 222
1679937065275 2.5821096897125244 223
1679937065533 0.25165891647338867 224
1679937068128 2.5978424549102783 225
1679937068400 0.27422356605529785 226
1679937070956 2.55887770652771 227
1679937071203 0.24493718147277832 228
1679937073774 2.5681116580963135 229
1679937074021 0.2510957717895508 230
1679937076551 2.531665325164795 231
1679937076814 0.25484180450439453 232
1679937079375 2.564383029937744 233
1679937079624 0.24956274032592773 234
1679937082367 2.7377922534942627 235
1679937082650 0.2780330181121826 236
1679937085462 2.8199965953826904 237
1679937085764 0.28864216804504395 238
1679937088356 2.6088967323303223 239
1679937088612 0.25494837760925293 240
1679937091151 2.5439023971557617 241
1679937091397 0.2402172088623047 242
1679937093961 2.563375234603882 243
1679937094213 0.2566869258880615 244
1679937096716 2.5059516429901123 245
1679937096963 0.24098920822143555 246
1679937099475 2.517167091369629 247
1679937099735 0.24967360496520996 248
1679937102370 2.638005256652832 249
1679937102628 0.25805091857910156 250
1679937105177 2.556938648223877 251
1679937105435 0.24683880805969238 252
1679937108033 2.6043758392333984 253
1679937108296 0.26184654235839844 254
1679937110801 2.501012086868286 255
1679937111090 0.28522253036499023 256
1679937113911 2.823612928390503 257
1679937114196 0.2790489196777344 258
1679937117034 2.8535478115081787 259
1679937117289 0.25011563301086426 260
1679937119893 2.6036603450775146 261
1679937120159 0.2567145824432373 262
1679937122689 2.538020133972168 263
1679937122950 0.2561025619506836 264
1679937125524 2.5858259201049805 265
1679937125796 0.2610487937927246 266
1679937128254 2.4697179794311523 267
1679937128518 0.2573370933532715 268
1679937131081 2.566849708557129 269
1679937131333 0.24916625022888184 270
1679937133907 2.5649683475494385 271
1679937134173 0.2780940532684326 272
1679937136867 2.6861937046051025 273
1679937137146 0.2794044017791748 274
1679937139694 2.5584442615509033 275
1679937139953 0.2527341842651367 276
1679937142668 2.709902286529541 277
1679937142969 0.29236912727355957 278
1679937145833 2.8723092079162598 279
1679937146124 0.28369712829589844 280
1679937148712 2.604785442352295 281
1679937148960 0.24515962600708008 282
1679937151474 2.516831874847412 283
1679937151730 0.2509574890136719 284
1679937154455 2.7281575202941895 285
1679937154712 0.2548055648803711 286
1679937157286 2.573115348815918 287
1679937157538 0.24996399879455566 288
1679937160147 2.617107629776001 289
1679937160413 0.25794148445129395 290
1679937162966 2.5550172328948975 291
1679937163236 0.26997852325439453 292
1679937165710 2.4779722690582275 293
1679937165964 0.24898481369018555 294
1679937168457 2.494955062866211 295
1679937168697 0.23903226852416992 296
1679937171272 2.5691840648651123 297
1679937171540 0.2635796070098877 298
1679937174384 2.8481760025024414 299
1679937174667 0.2771339416503906 300
1679937174925 0.2619016170501709 301
