1679936749734 1.0 1
1679936750002 2.0 2
1679936752715 3.0 3
1679936752963 4.0 4
1679936755669 5.0 5
1679936755919 6.0 6
1679936758616 7.0 7
1679936758857 8.0 8
1679936761470 9.0 9
1679936761738 10.0 10
1679936764364 11.0 11
1679936764625 12.0 12
1679936767380 13.0 13
1679936767627 14.0 14
1679936770309 15.0 15
1679936770560 16.0 16
1679936773207 17.0 17
1679936773478 18.0 18
1679936776198 19.0 19
1679936776456 20.0 20
1679936779183 21.0 21
1679936779465 22.0 22
1679936782166 23.0 23
1679936782433 24.0 24
1679936785131 25.0 25
1679936785398 26.0 26
1679936788131 27.0 27
1679936788381 28.0 28
1679936791043 29.0 29
1679936791296 30.0 30
1679936793968 31.0 31
1679936794235 32.0 32
1679936797035 33.0 33
1679936797305 34.0 34
1679936800048 35.0 35
1679936800304 36.0 36
1679936802908 37.0 37
1679936803150 38.0 38
1679936805572 39.0 39
1679936805801 40.0 40
1679936808257 41.0 41
1679936808500 42.0 42
1679936810903 43.0 43
1679936811133 44.0 44
1679936813516 45.0 45
1679936813748 46.0 46
1679936816206 47.0 47
1679936816435 48.0 48
1679936818832 49.0 49
1679936819073 50.0 50
1679936821469 51.0 51
1679936821705 52.0 52
1679936824066 53.0 53
1679936824305 54.0 54
1679936826746 55.0 55
1679936826987 56.0 56
1679936829367 57.0 57
1679936829626 58.0 58
1679936832050 59.0 59
1679936832290 60.0 60
1679936834653 61.0 61
1679936834892 62.0 62
1679936837357 63.0 63
1679936837604 64.0 64
1679936840597 65.0 65
1679936840891 66.0 66
1679936844079 67.0 67
1679936844431 68.0 68
1679936847081 69.0 69
1679936847314 70.0 70
1679936849788 71.0 71
1679936850035 72.0 72
1679936852528 73.0 73
1679936852766 74.0 74
1679936855219 75.0 75
1679936855460 76.0 76
1679936858008 77.0 77
1679936858253 78.0 78
1679936860899 79.0 79
1679936861153 80.0 80
1679936863692 81.0 81
1679936863934 82.0 82
1679936866442 83.0 83
1679936866685 84.0 84
1679936869264 85.0 85
1679936869506 86.0 86
1679936872031 87.0 87
1679936872280 88.0 88
1679936874737 89.0 89
1679936874976 90.0 90
1679936877433 91.0 91
1679936877677 92.0 92
1679936880160 93.0 93
1679936880406 94.0 94
1679936882903 95.0 95
1679936883157 96.0 96
1679936885591 97.0 97
1679936885843 98.0 98
1679936888427 99.0 99
1679936888659 100.0 100
1679936891125 101.0 101
1679936891372 102.0 102
1679936893864 103.0 103
1679936894093 104.0 104
1679936896479 105.0 105
1679936896731 106.0 106
1679936899168 107.0 107
1679936899448 108.0 108
1679936902225 109.0 109
1679936902549 110.0 110
1679936905379 111.0 111
1679936905671 112.0 112
1679936908288 113.0 113
1679936908538 114.0 114
1679936911150 115.0 115
1679936911388 116.0 116
1679936913899 117.0 117
1679936914165 118.0 118
1679936916755 119.0 119
1679936916995 120.0 120
1679936919468 121.0 121
1679936919709 122.0 122
1679936922284 123.0 123
1679936922526 124.0 124
1679936925040 125.0 125
1679936925316 126.0 126
1679936927819 127.0 127
1679936928070 128.0 128
1679936930570 129.0 129
1679936930858 130.0 130
1679936933647 131.0 131
1679936933914 132.0 132
1679936936672 133.0 133
1679936936946 134.0 134
1679936939468 135.0 135
1679936939710 136.0 136
1679936942268 137.0 137
1679936942523 138.0 138
1679936945098 139.0 139
1679936945391 140.0 140
1679936947964 141.0 141
1679936948291 142.0 142
1679936950799 143.0 143
1679936951088 144.0 144
1679936953601 145.0 145
1679936953855 146.0 146
1679936956402 147.0 147
1679936956654 148.0 148
1679936959211 149.0 149
1679936959464 150.0 150
1679936962165 151.0 151
1679936962440 152.0 152
1679936965257 153.0 153
1679936965541 154.0 154
1679936968156 155.0 155
1679936968413 156.0 156
1679936970907 157.0 157
1679936971168 158.0 158
1679936973663 159.0 159
1679936973907 160.0 160
1679936976434 161.0 161
1679936976681 162.0 162
1679936979208 163.0 163
1679936979461 164.0 164
1679936982027 165.0 165
1679936982276 166.0 166
1679936984781 167.0 167
1679936985043 168.0 168
1679936987612 169.0 169
1679936987879 170.0 170
1679936990411 171.0 171
1679936990669 172.0 172
1679936993407 173.0 173
1679936993669 174.0 174
1679936996483 175.0 175
1679936996765 176.0 176
1679936999404 177.0 177
1679936999676 178.0 178
1679937002290 179.0 179
1679937002535 180.0 180
1679937005120 181.0 181
1679937005363 182.0 182
1679937007897 183.0 183
1679937008164 184.0 184
1679937010737 185.0 185
1679937011011 186.0 186
1679937013556 187.0 187
1679937013801 188.0 188
1679937016315 189.0 189
1679937016568 190.0 190
1679937019089 191.0 191
1679937019340 192.0 192
1679937021986 193.0 193
1679937022261 194.0 194
1679937025042 195.0 195
1679937025320 196.0 196
1679937028157 197.0 197
1679937028442 198.0 198
1679937031061 199.0 199
1679937031316 200.0 200
1679937033846 201.0 201
1679937034092 202.0 202
1679937036580 203.0 203
1679937036829 204.0 204
1679937039412 205.0 205
1679937039670 206.0 206
1679937042210 207.0 207
1679937042458 208.0 208
1679937045016 209.0 209
1679937045261 210.0 210
1679937047792 211.0 211
1679937048054 212.0 212
1679937050627 213.0 213
1679937050936 214.0 214
1679937053793 215.0 215
1679937054075 216.0 216
1679937056814 217.0 217
1679937057078 218.0 218
1679937059610 219.0 219
1679937059865 220.0 220
1679937062445 221.0 221
1679937062702 222.0 222
1679937065280 223.0 223
1679937065538 224.0 224
1679937068134 225.0 225
1679937068406 226.0 226
1679937070960 227.0 227
1679937071209 228.0 228
1679937073779 229.0 229
1679937074025 230.0 230
1679937076556 231.0 231
1679937076819 232.0 232
1679937079380 233.0 233
1679937079629 234.0 234
1679937082372 235.0 235
1679937082655 236.0 236
1679937085467 237.0 237
1679937085772 238.0 238
1679937088362 239.0 239
1679937088616 240.0 240
1679937091156 241.0 241
1679937091402 242.0 242
1679937093966 243.0 243
1679937094217 244.0 244
1679937096722 245.0 245
1679937096969 246.0 246
1679937099480 247.0 247
1679937099741 248.0 248
1679937102375 249.0 249
1679937102633 250.0 250
1679937105183 251.0 251
1679937105440 252.0 252
1679937108037 253.0 253
1679937108300 254.0 254
1679937110808 255.0 255
1679937111094 256.0 256
1679937113915 257.0 257
1679937114202 258.0 258
1679937117039 259.0 259
1679937117295 260.0 260
1679937119897 261.0 261
1679937120164 262.0 262
1679937122696 263.0 263
1679937122954 264.0 264
1679937125529 265.0 265
1679937125802 266.0 266
1679937128261 267.0 267
1679937128522 268.0 268
1679937131086 269.0 269
1679937131338 270.0 270
1679937133912 271.0 271
1679937134178 272.0 272
1679937136872 273.0 273
1679937137151 274.0 274
1679937139698 275.0 275
1679937139957 276.0 276
1679937142675 277.0 277
1679937142975 278.0 278
1679937145838 279.0 279
1679937146130 280.0 280
1679937148716 281.0 281
1679937148965 282.0 282
1679937151478 283.0 283
1679937151735 284.0 284
1679937154460 285.0 285
1679937154717 286.0 286
1679937157290 287.0 287
1679937157544 288.0 288
1679937160152 289.0 289
1679937160417 290.0 290
1679937162970 291.0 291
1679937163241 292.0 292
1679937165716 293.0 293
1679937165970 294.0 294
1679937168461 295.0 295
1679937168703 296.0 296
1679937171278 297.0 297
1679937171546 298.0 298
1679937174387 299.0 299
1679937174673 300.0 300
1679937174930 301.0 301
