1677117265044 0.0 1
1677117265410 0.0 2
1677117268213 0.0 3
1677117268572 0.0 4
1677117271219 0.0 5
1677117271534 0.0 6
1677117274159 0.0 7
1677117274477 0.0 8
1677117277088 0.0 9
1677117277412 0.0 10
1677117280142 0.0 11
1677117280479 0.0 12
1677117283138 0.0 13
1677117283498 0.0 14
1677117286426 0.0 15
1677117286782 0.0 16
1677117289501 0.0 17
1677117289855 0.0 18
1677117292790 0.0 19
1677117293174 0.0 20
1677117296171 0.0 21
1677117296539 0.0 22
1677117299250 0.0 23
1677117299619 0.0 24
1677117302257 0.0 25
1677117302580 0.0 26
1677117305195 0.0 27
1677117305546 0.0 28
1677117308205 0.0 29
1677117308530 0.0 30
1677117311105 0.0 31
1677117311423 0.0 32
1677117314080 0.0 33
1677117314424 0.0 34
1677117317026 0.0 35
1677117317354 0.0 36
1677117319971 0.0 37
1677117320316 0.0 38
1677117323232 0.0 39
1677117323587 0.0 40
1677117326594 0.0 41
1677117326930 0.0 42
1677117329465 0.0 43
1677117329821 0.0 44
1677117332529 0.0 45
1677117332899 0.0 46
1677117335548 0.0 47
1677117335890 0.0 48
1677117338573 0.0 49
1677117338909 0.0 50
1677117341420 0.0 51
1677117341734 0.0 52
1677117344393 0.0 53
1677117344743 0.0 54
1677117347273 0.0 55
1677117347592 0.0 56
1677117350256 0.0 57
1677117350620 0.0 58
1677117353590 0.0 59
1677117354026 0.0 60
1677117357305 0.0 61
1677117357655 0.0 62
1677117360777 0.0 63
1677117361153 0.0 64
1677117364356 0.0 65
1677117364782 0.0 66
1677117367969 0.0 67
1677117368372 0.0 68
1677117370968 0.0 69
1677117371355 0.0 70
1677117374105 0.0 71
1677117374473 0.0 72
1677117377257 0.0 73
1677117377637 0.0 74
1677117380391 0.0 75
1677117380765 0.0 76
1677117383684 0.0 77
1677117384048 0.0 78
1677117386783 0.0 79
1677117387113 0.0 80
1677117389667 0.0 81
1677117389993 0.0 82
1677117392553 0.0 83
1677117392932 0.0 84
1677117395804 0.0 85
1677117396151 0.0 86
1677117398821 0.0 87
1677117399156 0.0 88
1677117401864 0.0 89
1677117402215 0.0 90
1677117404944 0.0 91
1677117405271 0.0 92
1677117407828 0.0 93
1677117408181 0.0 94
1677117410845 0.0 95
1677117411204 0.0 96
1677117414080 0.0 97
1677117414444 0.0 98
1677117417156 0.0 99
1677117417488 0.0 100
1677117420108 0.0 101
1677117420537 0.0 102
1677117423914 0.0 103
1677117424307 0.0 104
1677117427474 0.0 105
1677117427837 0.0 106
1677117430925 0.0 107
1677117431318 0.0 108
1677117434084 0.0 109
1677117434467 0.0 110
1677117437802 0.0 111
1677117438217 0.0 112
1677117441619 0.0 113
1677117441999 0.0 114
1677117444951 0.0 115
1677117445360 0.0 116
1677117448141 0.0 117
1677117448502 0.0 118
1677117451286 0.0 119
1677117451698 0.0 120
1677117454457 0.0 121
1677117454807 0.0 122
1677117457589 0.0 123
1677117457940 0.0 124
1677117460626 0.0 125
1677117460988 0.0 126
1677117463737 0.0 127
1677117464107 0.0 128
1677117466910 0.0 129
1677117467313 0.0 130
1677117469976 0.0 131
1677117470345 0.0 132
1677117473295 0.0 133
1677117473709 0.0 134
1677117476641 0.0 135
1677117477005 0.0 136
1677117479754 0.0 137
1677117480110 0.0 138
1677117482875 0.0 139
1677117483241 0.0 140
1677117485939 0.0 141
1677117486308 0.0 142
1677117489070 0.0 143
1677117489434 0.0 144
1677117492481 0.0 145
1677117492810 0.0 146
1677117495418 0.0 147
1677117495749 0.0 148
1677117498390 0.0 149
1677117498768 0.0 150
1677117501727 0.0 151
1677117502134 0.0 152
1677117505136 0.0 153
1677117505479 0.0 154
1677117508289 0.0 155
1677117508666 0.0 156
1677117511524 0.0 157
1677117511856 0.0 158
1677117514400 0.0 159
1677117514719 0.0 160
1677117517326 0.0 161
1677117517660 0.0 162
1677117520290 0.0 163
1677117520620 0.0 164
1677117523195 0.0 165
1677117523543 0.0 166
1677117526059 0.0 167
1677117526395 0.0 168
1677117529095 0.0 169
1677117529481 0.0 170
1677117532279 0.0 171
1677117532622 0.0 172
1677117535880 0.0 173
1677117536287 0.0 174
1677117538910 0.0 175
1677117539274 0.0 176
1677117541939 0.0 177
1677117542268 0.0 178
1677117544920 0.0 179
1677117545236 0.0 180
1677117547829 0.0 181
1677117548149 0.0 182
1677117550744 0.0 183
1677117551087 0.0 184
1677117553608 0.0 185
1677117553952 0.0 186
1677117556608 0.0 187
1677117556939 0.0 188
1677117559521 0.0 189
1677117559900 0.0 190
1677117562872 0.0 191
1677117563236 0.0 192
1677117566359 0.0 193
1677117566711 0.0 194
1677117569482 0.0 195
1677117569818 0.0 196
1677117572625 0.0 197
1677117573281 0.0 198
1677117576282 0.0 199
1677117576630 0.0 200
1677117579274 0.0 201
1677117579623 0.0 202
1677117582265 0.0 203
1677117582612 0.0 204
1677117585365 0.0 205
1677117585709 0.0 206
1677117588295 0.0 207
1677117588630 0.0 208
1677117591377 0.0 209
1677117591715 0.0 210
1677117594552 0.0 211
1677117594882 0.0 212
1677117597160 0.0 213
1677117597467 0.0 214
1677117599745 0.0 215
1677117600050 0.0 216
1677117602300 0.0 217
1677117602617 0.0 218
1677117604811 0.0 219
1677117605110 0.0 220
1677117607364 0.0 221
1677117607663 0.0 222
1677117609889 0.0 223
1677117610200 0.0 224
1677117612488 0.0 225
1677117612796 0.0 226
1677117615010 0.0 227
1677117615310 0.0 228
1677117617518 0.0 229
1677117617817 0.0 230
1677117620053 0.0 231
1677117620358 0.0 232
1677117622590 0.0 233
1677117622893 0.0 234
1677117625137 0.0 235
1677117625434 0.0 236
1677117627624 0.0 237
1677117627925 0.0 238
1677117630135 0.0 239
1677117630432 0.0 240
1677117632694 0.0 241
1677117632998 0.0 242
1677117635240 0.0 243
1677117635542 0.0 244
1677117637776 0.0 245
1677117638077 0.0 246
1677117640267 0.0 247
1677117640593 0.0 248
1677117642783 0.0 249
1677117643088 0.0 250
1677117645316 0.0 251
1677117645620 0.0 252
1677117647848 0.0 253
1677117648149 0.0 254
1677117650420 0.0 255
1677117650715 0.0 256
1677117652855 0.0 257
1677117653154 0.0 258
1677117655316 0.0 259
1677117655611 0.0 260
1677117657806 0.0 261
1677117658104 0.0 262
1677117660363 0.0 263
1677117660665 0.0 264
1677117662875 0.0 265
1677117663175 0.0 266
1677117665344 0.0 267
1677117665639 0.0 268
1677117667798 0.0 269
1677117668099 0.0 270
1677117670330 0.0 271
1677117670643 0.0 272
1677117672864 0.0 273
1677117673160 0.0 274
1677117675419 0.0 275
1677117675725 0.0 276
1677117677927 0.0 277
1677117678223 0.0 278
1677117680471 0.0 279
1677117680771 0.0 280
1677117682932 0.0 281
1677117683233 0.0 282
1677117685437 0.0 283
1677117685737 0.0 284
1677117688033 0.0 285
1677117688335 0.0 286
1677117690593 0.0 287
1677117690896 0.0 288
1677117693101 0.0 289
1677117693404 0.0 290
1677117695598 0.0 291
1677117695901 0.0 292
1677117698184 0.0 293
1677117698484 0.0 294
1677117700788 0.0 295
1677117701105 0.0 296
1677117703327 0.0 297
1677117703623 0.0 298
1677117705805 0.0 299
1677117706101 0.0 300
1677117706402 0.0 301
