1677117265051 14104.0 1
1677117265417 14104.0 2
1677117268219 14104.0 3
1677117268578 14104.0 4
1677117271226 14104.0 5
1677117271541 14104.0 6
1677117274165 14104.0 7
1677117274484 14104.0 8
1677117277095 14104.0 9
1677117277417 14104.0 10
1677117280148 14104.0 11
1677117280486 14104.0 12
1677117283143 14104.0 13
1677117283505 14104.0 14
1677117286432 14104.0 15
1677117286789 14104.0 16
1677117289507 14104.0 17
1677117289863 14104.0 18
1677117292798 14104.0 19
1677117293180 14104.0 20
1677117296187 14104.0 21
1677117296545 14104.0 22
1677117299256 14104.0 23
1677117299626 14104.0 24
1677117302263 14104.0 25
1677117302584 14104.0 26
1677117305209 14104.0 27
1677117305551 14104.0 28
1677117308212 14104.0 29
1677117308536 14104.0 30
1677117311110 14104.0 31
1677117311430 14104.0 32
1677117314086 14104.0 33
1677117314438 14104.0 34
1677117317033 14104.0 35
1677117317359 14104.0 36
1677117319977 14104.0 37
1677117320322 14104.0 38
1677117323240 14104.0 39
1677117323595 14104.0 40
1677117326600 14104.0 41
1677117326935 14104.0 42
1677117329472 14104.0 43
1677117329829 14104.0 44
1677117332534 14104.0 45
1677117332906 14104.0 46
1677117335554 14104.0 47
1677117335895 14104.0 48
1677117338579 14104.0 49
1677117338914 14104.0 50
1677117341426 14104.0 51
1677117341740 14104.0 52
1677117344398 14104.0 53
1677117344749 14104.0 54
1677117347280 14104.0 55
1677117347598 14104.0 56
1677117350262 14104.0 57
1677117350626 14104.0 58
1677117353597 14104.0 59
1677117354033 14104.0 60
1677117357311 14104.0 61
1677117357663 14104.0 62
1677117360783 14104.0 63
1677117361158 14104.0 64
1677117364362 14104.0 65
1677117364792 14104.0 66
1677117367976 14104.0 67
1677117368380 14104.0 68
1677117370976 14104.0 69
1677117371360 14104.0 70
1677117374113 14104.0 71
1677117374480 14104.0 72
1677117377264 14104.0 73
1677117377645 14104.0 74
1677117380398 14104.0 75
1677117380772 14104.0 76
1677117383691 14104.0 77
1677117384055 14104.0 78
1677117386790 14104.0 79
1677117387119 14104.0 80
1677117389674 14104.0 81
1677117390000 14104.0 82
1677117392560 14104.0 83
1677117392938 14104.0 84
1677117395810 14104.0 85
1677117396157 14104.0 86
1677117398826 14104.0 87
1677117399162 14104.0 88
1677117401869 14104.0 89
1677117402221 14104.0 90
1677117404949 14104.0 91
1677117405276 14104.0 92
1677117407834 14104.0 93
1677117408187 14104.0 94
1677117410852 14104.0 95
1677117411211 14104.0 96
1677117414086 14104.0 97
1677117414450 14104.0 98
1677117417162 14104.0 99
1677117417495 14104.0 100
1677117420114 14104.0 101
1677117420545 14104.0 102
1677117423921 14104.0 103
1677117424312 14104.0 104
1677117427479 14104.0 105
1677117427843 14104.0 106
1677117430934 14104.0 107
1677117431325 14104.0 108
1677117434091 14104.0 109
1677117434475 14104.0 110
1677117437810 14104.0 111
1677117438224 14104.0 112
1677117441625 14104.0 113
1677117442005 14104.0 114
1677117444959 14104.0 115
1677117445366 14104.0 116
1677117448146 14104.0 117
1677117448508 14104.0 118
1677117451293 14104.0 119
1677117451707 14104.0 120
1677117454463 14104.0 121
1677117454813 14104.0 122
1677117457595 14104.0 123
1677117457945 14104.0 124
1677117460631 14104.0 125
1677117460995 14104.0 126
1677117463743 14104.0 127
1677117464114 14104.0 128
1677117466916 14104.0 129
1677117467319 14104.0 130
1677117469981 14104.0 131
1677117470350 14104.0 132
1677117473301 14104.0 133
1677117473715 14104.0 134
1677117476648 14104.0 135
1677117477012 14104.0 136
1677117479761 14104.0 137
1677117480116 14104.0 138
1677117482882 14104.0 139
1677117483247 14104.0 140
1677117485945 14104.0 141
1677117486315 14104.0 142
1677117489075 14104.0 143
1677117489440 14104.0 144
1677117492486 14104.0 145
1677117492815 14104.0 146
1677117495424 14104.0 147
1677117495754 14104.0 148
1677117498397 14104.0 149
1677117498774 14104.0 150
1677117501735 14104.0 151
1677117502141 14104.0 152
1677117505143 14104.0 153
1677117505484 14104.0 154
1677117508295 14104.0 155
1677117508673 14104.0 156
1677117511531 14104.0 157
1677117511862 14104.0 158
1677117514406 14104.0 159
1677117514725 14104.0 160
1677117517333 14104.0 161
1677117517665 14104.0 162
1677117520296 14104.0 163
1677117520625 14104.0 164
1677117523202 14104.0 165
1677117523550 14104.0 166
1677117526065 14104.0 167
1677117526400 14104.0 168
1677117529102 14104.0 169
1677117529488 14104.0 170
1677117532286 14104.0 171
1677117532627 14104.0 172
1677117535889 14104.0 173
1677117536294 14104.0 174
1677117538916 14104.0 175
1677117539279 14104.0 176
1677117541945 14104.0 177
1677117542274 14104.0 178
1677117544925 14104.0 179
1677117545241 14104.0 180
1677117547835 14104.0 181
1677117548154 14104.0 182
1677117550749 14104.0 183
1677117551094 14104.0 184
1677117553614 14104.0 185
1677117553958 14104.0 186
1677117556614 14104.0 187
1677117556945 14104.0 188
1677117559526 14104.0 189
1677117559906 14104.0 190
1677117562878 14104.0 191
1677117563244 14104.0 192
1677117566368 14104.0 193
1677117566716 14104.0 194
1677117569488 14104.0 195
1677117569825 14104.0 196
1677117572636 14104.0 197
1677117573294 14104.0 198
1677117576289 14104.0 199
1677117576636 14104.0 200
1677117579282 14104.0 201
1677117579628 14104.0 202
1677117582271 14104.0 203
1677117582617 14104.0 204
1677117585371 14104.0 205
1677117585715 14104.0 206
1677117588301 14104.0 207
1677117588635 14104.0 208
1677117591384 14104.0 209
1677117591721 14104.0 210
1677117594558 14104.0 211
1677117594888 14104.0 212
1677117597165 14104.0 213
1677117597472 14104.0 214
1677117599751 14104.0 215
1677117600055 14104.0 216
1677117602306 14104.0 217
1677117602621 14104.0 218
1677117604817 14104.0 219
1677117605115 14104.0 220
1677117607370 14104.0 221
1677117607669 14104.0 222
1677117609894 14104.0 223
1677117610206 14104.0 224
1677117612493 14104.0 225
1677117612801 14104.0 226
1677117615016 14104.0 227
1677117615317 14104.0 228
1677117617525 14104.0 229
1677117617822 14104.0 230
1677117620058 14104.0 231
1677117620362 14104.0 232
1677117622595 14104.0 233
1677117622898 14104.0 234
1677117625141 14104.0 235
1677117625439 14104.0 236
1677117627629 14104.0 237
1677117627930 14104.0 238
1677117630140 14104.0 239
1677117630437 14104.0 240
1677117632700 14104.0 241
1677117633004 14104.0 242
1677117635246 14104.0 243
1677117635548 14104.0 244
1677117637782 14104.0 245
1677117638083 14104.0 246
1677117640272 14104.0 247
1677117640598 14104.0 248
1677117642789 14104.0 249
1677117643093 14104.0 250
1677117645322 14104.0 251
1677117645626 14104.0 252
1677117647854 14104.0 253
1677117648154 14104.0 254
1677117650426 14104.0 255
1677117650720 14104.0 256
1677117652860 14104.0 257
1677117653159 14104.0 258
1677117655321 14104.0 259
1677117655617 14104.0 260
1677117657811 14104.0 261
1677117658110 14104.0 262
1677117660369 14104.0 263
1677117660670 14104.0 264
1677117662881 14104.0 265
1677117663180 14104.0 266
1677117665350 14104.0 267
1677117665645 14104.0 268
1677117667804 14104.0 269
1677117668104 14104.0 270
1677117670336 14104.0 271
1677117670648 14104.0 272
1677117672869 14104.0 273
1677117673165 14104.0 274
1677117675426 14104.0 275
1677117675730 14104.0 276
1677117677932 14104.0 277
1677117678228 14104.0 278
1677117680476 14104.0 279
1677117680776 14104.0 280
1677117682937 14104.0 281
1677117683238 14104.0 282
1677117685442 14104.0 283
1677117685742 14104.0 284
1677117688039 14104.0 285
1677117688340 14104.0 286
1677117690599 14104.0 287
1677117690901 14104.0 288
1677117693107 14104.0 289
1677117693409 14104.0 290
1677117695603 14104.0 291
1677117695908 14104.0 292
1677117698190 14104.0 293
1677117698490 14104.0 294
1677117700795 14104.0 295
1677117701110 14104.0 296
1677117703332 14104.0 297
1677117703629 14104.0 298
1677117705810 14104.0 299
1677117706107 14104.0 300
1677117706407 14104.0 301
