1677117265040 20.87063455581665 1
1677117265409 0.3574514389038086 2
1677117268212 2.801787853240967 3
1677117268570 0.36131930351257324 4
1677117271216 2.637620449066162 5
1677117271532 0.3273890018463135 6
1677117274158 2.626587152481079 7
1677117274475 0.31379175186157227 8
1677117277086 2.609382152557373 9
1677117277410 0.3282325267791748 10
1677117280141 2.7278590202331543 11
1677117280476 0.33687782287597656 12
1677117283137 2.6551711559295654 13
1677117283496 0.3620796203613281 14
1677117286424 2.924060344696045 15
1677117286780 0.35733580589294434 16
1677117289499 2.7176084518432617 17
1677117289854 0.3507833480834961 18
1677117292789 2.934770345687866 19
1677117293173 0.39225053787231445 20
1677117296169 2.9919161796569824 21
1677117296537 0.37209224700927734 22
1677117299248 2.7078025341033936 23
1677117299617 0.3682868480682373 24
1677117302256 2.6448519229888916 25
1677117302579 0.32219457626342773 26
1677117305193 2.6126298904418945 27
1677117305544 0.3552842140197754 28
1677117308203 2.647134780883789 29
1677117308528 0.33402347564697266 30
1677117311103 2.577814817428589 31
1677117311423 0.3180725574493408 32
1677117314079 2.6476380825042725 33
1677117314423 0.35120463371276855 34
1677117317025 2.6002256870269775 35
1677117317352 0.32366299629211426 36
1677117319969 2.6194145679473877 37
1677117320315 0.347581148147583 38
1677117323230 2.909217119216919 39
1677117323585 0.35636115074157715 40
1677117326592 3.003833770751953 41
1677117326928 0.3366374969482422 42
1677117329463 2.5287184715270996 43
1677117329819 0.36564040184020996 44
1677117332526 2.707618474960327 45
1677117332897 0.36786937713623047 46
1677117335546 2.6503243446350098 47
1677117335888 0.34382033348083496 48
1677117338571 2.685192584991455 49
1677117338908 0.3341066837310791 50
1677117341419 2.5127079486846924 51
1677117341733 0.3160989284515381 52
1677117344392 2.6557953357696533 53
1677117344743 0.3394918441772461 54
1677117347271 2.538270950317383 55
1677117347591 0.3244814872741699 56
1677117350254 2.6584880352020264 57
1677117350618 0.35663461685180664 58
1677117353588 2.9599173069000244 59
1677117354025 0.44217753410339355 60
1677117357304 3.2875187397003174 61
1677117357652 0.34075474739074707 62
1677117360776 3.1302740573883057 63
1677117361151 0.37820863723754883 64
1677117364354 3.1879405975341797 65
1677117364780 0.43084025382995605 66
1677117367965 3.17704176902771 67
1677117368371 0.409299373626709 68
1677117370966 2.611171007156372 69
1677117371353 0.38239336013793945 70
1677117374104 2.7463533878326416 71
1677117374471 0.3677787780761719 72
1677117377255 2.790066957473755 73
1677117377635 0.3813652992248535 74
1677117380389 2.7488226890563965 75
1677117380763 0.3720512390136719 76
1677117383682 2.9168238639831543 77
1677117384046 0.36919593811035156 78
1677117386781 2.7396132946014404 79
1677117387112 0.3323032855987549 80
1677117389665 2.5519769191741943 81
1677117389992 0.3294804096221924 82
1677117392551 2.5465445518493652 83
1677117392931 0.38494873046875 84
1677117395803 2.873049736022949 85
1677117396149 0.34463930130004883 86
1677117398819 2.67478084564209 87
1677117399154 0.3370094299316406 88
1677117401862 2.702709674835205 89
1677117402214 0.35515856742858887 90
1677117404942 2.7286338806152344 91
1677117405269 0.3266322612762451 92
1677117407827 2.5574660301208496 93
1677117408180 0.349672794342041 94
1677117410843 2.664393901824951 95
1677117411202 0.35811805725097656 96
1677117414078 2.874617576599121 97
1677117414443 0.36505985260009766 98
1677117417154 2.7145535945892334 99
1677117417487 0.3319411277770996 100
1677117420106 2.6243631839752197 101
1677117420534 0.41411662101745605 102
1677117423912 3.3781027793884277 103
1677117424305 0.4020204544067383 104
1677117427472 3.1619341373443604 105
1677117427834 0.35640501976013184 106
1677117430923 3.078751564025879 107
1677117431317 0.4076211452484131 108
1677117434082 2.7664365768432617 109
1677117434465 0.3837125301361084 110
1677117437800 3.3301024436950684 111
1677117438213 0.41629767417907715 112
1677117441617 3.402594804763794 113
1677117441997 0.379993200302124 114
1677117444950 2.954312324523926 115
1677117445359 0.40269017219543457 116
1677117448140 2.7768545150756836 117
1677117448500 0.3732631206512451 118
1677117451284 2.77968692779541 119
1677117451697 0.41985130310058594 120
1677117454455 2.7594199180603027 121
1677117454806 0.3512156009674072 122
1677117457587 2.7714791297912598 123
1677117457939 0.35893821716308594 124
1677117460624 2.6829984188079834 125
1677117460986 0.36461901664733887 126
1677117463735 2.753727436065674 127
1677117464106 0.36389780044555664 128
1677117466909 2.80220103263855 129
1677117467311 0.4028928279876709 130
1677117469974 2.6598901748657227 131
1677117470344 0.37598347663879395 132
1677117473293 2.941180467605591 133
1677117473707 0.41785645484924316 134
1677117476640 2.9339938163757324 135
1677117477004 0.36102795600891113 136
1677117479753 2.7532894611358643 137
1677117480109 0.35259270668029785 138
1677117482873 2.764946699142456 139
1677117483240 0.36750125885009766 140
1677117485938 2.7010858058929443 141
1677117486307 0.36902880668640137 142
1677117489069 2.7577123641967773 143
1677117489432 0.36215758323669434 144
1677117492479 3.054988384246826 145
1677117492808 0.3278942108154297 146
1677117495415 2.599039077758789 147
1677117495748 0.3409769535064697 148
1677117498389 2.636777400970459 149
1677117498767 0.3771097660064697 150
1677117501725 2.944122314453125 151
1677117502133 0.4158909320831299 152
1677117505134 3.006833076477051 153
1677117505477 0.3492469787597656 154
1677117508288 2.803820848464966 155
1677117508664 0.37613701820373535 156
1677117511522 2.8549163341522217 157
1677117511855 0.3431839942932129 158
1677117514398 2.543794870376587 159
1677117514716 0.31612634658813477 160
1677117517325 2.6069412231445312 161
1677117517658 0.3326735496520996 162
1677117520289 2.631016254425049 163
1677117520618 0.33344101905822754 164
1677117523193 2.572944402694702 165
1677117523541 0.34264469146728516 166
1677117526058 2.5172359943389893 167
1677117526394 0.341994047164917 168
1677117529094 2.6924993991851807 169
1677117529479 0.3825974464416504 170
1677117532278 2.801846504211426 171
1677117532620 0.34156346321105957 172
1677117535878 3.2530481815338135 173
1677117536285 0.41155219078063965 174
1677117538909 2.629828929901123 175
1677117539273 0.36522459983825684 176
1677117541937 2.661644220352173 177
1677117542267 0.33159422874450684 178
1677117544919 2.6493961811065674 179
1677117545234 0.3184521198272705 180
1677117547827 2.591449737548828 181
1677117548147 0.31853437423706055 182
1677117550742 2.5985708236694336 183
1677117551086 0.33676862716674805 184
1677117553607 2.5196895599365234 185
1677117553950 0.34563660621643066 186
1677117556606 2.6572515964508057 187
1677117556938 0.3336656093597412 188
1677117559519 2.582005500793457 189
1677117559899 0.37637877464294434 190
1677117562870 2.9681036472320557 191
1677117563234 0.3596625328063965 192
1677117566358 3.1192924976348877 193
1677117566709 0.3700888156890869 194
1677117569480 2.762751817703247 195
1677117569816 0.3414773941040039 196
1677117572622 2.7579104900360107 197
1677117573279 0.6544647216796875 198
1677117576281 3.04189395904541 199
1677117576629 0.3591921329498291 200
1677117579272 2.6772375106811523 201
1677117579621 0.3117411136627197 202
1677117582264 2.6428651809692383 203
1677117582610 0.3438754081726074 204
1677117585364 2.7556192874908447 205
1677117585707 0.34185290336608887 206
1677117588293 2.5837924480438232 207
1677117588628 0.3410630226135254 208
1677117591374 2.736135482788086 209
1677117591713 0.3818943500518799 210
1677117594551 2.803837299346924 211
1677117594881 0.333270788192749 212
1677117597159 2.2777225971221924 213
1677117597465 0.3031594753265381 214
1677117599744 2.2800261974334717 215
1677117600048 0.3006594181060791 216
1677117602299 2.2561094760894775 217
1677117602615 0.31725120544433594 218
1677117604810 2.1937997341156006 219
1677117605108 0.297870397567749 220
1677117607363 2.2868542671203613 221
1677117607662 0.26862549781799316 222
1677117609887 2.22148060798645 223
1677117610198 0.313093900680542 224
1677117612486 2.2868878841400146 225
1677117612794 0.30903100967407227 226
1677117615009 2.212958335876465 227
1677117615308 0.2989237308502197 228
1677117617517 2.2083163261413574 229
1677117617815 0.30027079582214355 230
1677117620051 2.235470771789551 231
1677117620356 0.30498504638671875 232
1677117622588 2.2661752700805664 233
1677117622892 0.27043938636779785 234
1677117625135 2.2374324798583984 235
1677117625432 0.30182909965515137 236
1677117627622 2.1903889179229736 237
1677117627923 0.30280494689941406 238
1677117630134 2.209489583969116 239
1677117630431 0.2946341037750244 240
1677117632692 2.264808177947998 241
1677117632997 0.3023183345794678 242
1677117635239 2.2453598976135254 243
1677117635541 0.2994215488433838 244
1677117637774 2.266143560409546 245
1677117638076 0.2688004970550537 246
1677117640265 2.189936399459839 247
1677117640592 0.3259294033050537 248
1677117642782 2.1913304328918457 249
1677117643087 0.3038370609283447 250
1677117645315 2.2251431941986084 251
1677117645619 0.3058009147644043 252
1677117647847 2.2281603813171387 253
1677117648148 0.30095744132995605 254
1677117650419 2.2640976905822754 255
1677117650713 0.3038489818572998 256
1677117652853 2.171041250228882 257
1677117653151 0.267315149307251 258
1677117655314 2.1569137573242188 259
1677117655610 0.3005380630493164 260
1677117657804 2.1911721229553223 261
1677117658103 0.3021242618560791 262
1677117660362 2.2569823265075684 263
1677117660663 0.3000154495239258 264
1677117662874 2.213036298751831 265
1677117663174 0.2977004051208496 266
1677117665341 2.1682322025299072 267
1677117665638 0.2970430850982666 268
1677117667797 2.1937429904937744 269
1677117668098 0.2662186622619629 270
1677117670329 2.228787422180176 271
1677117670642 0.3131263256072998 272
1677117672862 2.2215797901153564 273
1677117673158 0.29544734954833984 274
1677117675417 2.2588961124420166 275
1677117675724 0.30806875228881836 276
1677117677925 2.1998233795166016 277
1677117678221 0.2974710464477539 278
1677117680470 2.247847080230713 279
1677117680770 0.30144691467285156 280
1677117682931 2.194152593612671 281
1677117683232 0.2681112289428711 282
1677117685436 2.2039291858673096 283
1677117685735 0.29901552200317383 284
1677117688032 2.2931196689605713 285
1677117688334 0.30408382415771484 286
1677117690592 2.2592597007751465 287
1677117690894 0.30066847801208496 288
1677117693100 2.203359842300415 289
1677117693401 0.30382823944091797 290
1677117695597 2.1949357986450195 291
1677117695900 0.3050243854522705 292
1677117698182 2.3168222904205322 293
1677117698483 0.26628875732421875 294
1677117700786 2.300922155380249 295
1677117701103 0.31814050674438477 296
1677117703325 2.221324920654297 297
1677117703621 0.29729580879211426 298
1677117705803 2.1819276809692383 299
1677117706100 0.29802489280700684 300
1677117706400 0.29918432235717773 301
