1677117265047 1677117265.0 1
1677117265413 1677117265.0 2
1677117268216 1677117268.0 3
1677117268575 1677117268.0 4
1677117271223 1677117271.0 5
1677117271539 1677117271.0 6
1677117274162 1677117274.0 7
1677117274481 1677117274.0 8
1677117277091 1677117277.0 9
1677117277415 1677117277.0 10
1677117280145 1677117280.0 11
1677117280482 1677117280.0 12
1677117283140 1677117283.0 13
1677117283502 1677117283.0 14
1677117286429 1677117286.0 15
1677117286785 1677117286.0 16
1677117289504 1677117289.0 17
1677117289858 1677117289.0 18
1677117292794 1677117292.0 19
1677117293176 1677117293.0 20
1677117296175 1677117296.0 21
1677117296542 1677117296.0 22
1677117299253 1677117299.0 23
1677117299623 1677117299.0 24
1677117302261 1677117302.0 25
1677117302582 1677117302.0 26
1677117305205 1677117305.0 27
1677117305549 1677117305.0 28
1677117308209 1677117308.0 29
1677117308533 1677117308.0 30
1677117311107 1677117311.0 31
1677117311426 1677117311.0 32
1677117314083 1677117314.0 33
1677117314435 1677117314.0 34
1677117317030 1677117316.0 35
1677117317357 1677117317.0 36
1677117319974 1677117319.0 37
1677117320319 1677117320.0 38
1677117323236 1677117323.0 39
1677117323592 1677117323.0 40
1677117326597 1677117326.0 41
1677117326933 1677117326.0 42
1677117329468 1677117329.0 43
1677117329825 1677117329.0 44
1677117332531 1677117332.0 45
1677117332903 1677117332.0 46
1677117335551 1677117335.0 47
1677117335893 1677117335.0 48
1677117338576 1677117338.0 49
1677117338911 1677117338.0 50
1677117341423 1677117341.0 51
1677117341737 1677117341.0 52
1677117344395 1677117344.0 53
1677117344746 1677117344.0 54
1677117347276 1677117347.0 55
1677117347595 1677117347.0 56
1677117350259 1677117350.0 57
1677117350623 1677117350.0 58
1677117353594 1677117353.0 59
1677117354031 1677117353.0 60
1677117357309 1677117357.0 61
1677117357659 1677117357.0 62
1677117360781 1677117360.0 63
1677117361155 1677117361.0 64
1677117364359 1677117364.0 65
1677117364786 1677117364.0 66
1677117367972 1677117367.0 67
1677117368377 1677117368.0 68
1677117370972 1677117370.0 69
1677117371358 1677117371.0 70
1677117374109 1677117374.0 71
1677117374476 1677117374.0 72
1677117377260 1677117377.0 73
1677117377641 1677117377.0 74
1677117380394 1677117380.0 75
1677117380768 1677117380.0 76
1677117383687 1677117383.0 77
1677117384052 1677117383.0 78
1677117386787 1677117386.0 79
1677117387116 1677117387.0 80
1677117389671 1677117389.0 81
1677117389997 1677117389.0 82
1677117392557 1677117392.0 83
1677117392935 1677117392.0 84
1677117395807 1677117395.0 85
1677117396154 1677117396.0 86
1677117398824 1677117398.0 87
1677117399160 1677117399.0 88
1677117401867 1677117401.0 89
1677117402218 1677117402.0 90
1677117404946 1677117404.0 91
1677117405274 1677117405.0 92
1677117407831 1677117407.0 93
1677117408184 1677117408.0 94
1677117410848 1677117410.0 95
1677117411207 1677117411.0 96
1677117414083 1677117414.0 97
1677117414448 1677117414.0 98
1677117417159 1677117417.0 99
1677117417493 1677117417.0 100
1677117420111 1677117420.0 101
1677117420541 1677117420.0 102
1677117423918 1677117423.0 103
1677117424309 1677117424.0 104
1677117427477 1677117427.0 105
1677117427839 1677117427.0 106
1677117430930 1677117430.0 107
1677117431322 1677117431.0 108
1677117434087 1677117434.0 109
1677117434471 1677117434.0 110
1677117437807 1677117437.0 111
1677117438220 1677117438.0 112
1677117441622 1677117441.0 113
1677117442003 1677117441.0 114
1677117444955 1677117444.0 115
1677117445363 1677117445.0 116
1677117448144 1677117448.0 117
1677117448505 1677117448.0 118
1677117451290 1677117451.0 119
1677117451702 1677117451.0 120
1677117454460 1677117454.0 121
1677117454810 1677117454.0 122
1677117457592 1677117457.0 123
1677117457943 1677117457.0 124
1677117460629 1677117460.0 125
1677117460992 1677117460.0 126
1677117463740 1677117463.0 127
1677117464111 1677117464.0 128
1677117466913 1677117466.0 129
1677117467316 1677117467.0 130
1677117469978 1677117469.0 131
1677117470347 1677117470.0 132
1677117473298 1677117473.0 133
1677117473712 1677117473.0 134
1677117476644 1677117476.0 135
1677117477009 1677117476.0 136
1677117479757 1677117479.0 137
1677117480113 1677117480.0 138
1677117482879 1677117482.0 139
1677117483244 1677117483.0 140
1677117485942 1677117485.0 141
1677117486312 1677117486.0 142
1677117489073 1677117489.0 143
1677117489437 1677117489.0 144
1677117492483 1677117492.0 145
1677117492812 1677117492.0 146
1677117495421 1677117495.0 147
1677117495751 1677117495.0 148
1677117498394 1677117498.0 149
1677117498771 1677117498.0 150
1677117501731 1677117501.0 151
1677117502138 1677117502.0 152
1677117505140 1677117505.0 153
1677117505481 1677117505.0 154
1677117508292 1677117508.0 155
1677117508670 1677117508.0 156
1677117511528 1677117511.0 157
1677117511859 1677117511.0 158
1677117514402 1677117514.0 159
1677117514722 1677117514.0 160
1677117517329 1677117517.0 161
1677117517662 1677117517.0 162
1677117520293 1677117520.0 163
1677117520623 1677117520.0 164
1677117523198 1677117523.0 165
1677117523547 1677117523.0 166
1677117526062 1677117526.0 167
1677117526398 1677117526.0 168
1677117529098 1677117529.0 169
1677117529484 1677117529.0 170
1677117532282 1677117532.0 171
1677117532625 1677117532.0 172
1677117535884 1677117535.0 173
1677117536290 1677117536.0 174
1677117538913 1677117538.0 175
1677117539277 1677117539.0 176
1677117541942 1677117541.0 177
1677117542271 1677117542.0 178
1677117544923 1677117544.0 179
1677117545238 1677117545.0 180
1677117547832 1677117547.0 181
1677117548152 1677117548.0 182
1677117550747 1677117550.0 183
1677117551091 1677117551.0 184
1677117553611 1677117553.0 185
1677117553956 1677117553.0 186
1677117556611 1677117556.0 187
1677117556942 1677117556.0 188
1677117559523 1677117559.0 189
1677117559904 1677117559.0 190
1677117562875 1677117562.0 191
1677117563240 1677117563.0 192
1677117566363 1677117566.0 193
1677117566714 1677117566.0 194
1677117569485 1677117569.0 195
1677117569822 1677117569.0 196
1677117572631 1677117572.0 197
1677117573286 1677117573.0 198
1677117576286 1677117576.0 199
1677117576634 1677117576.0 200
1677117579279 1677117579.0 201
1677117579626 1677117579.0 202
1677117582268 1677117582.0 203
1677117582615 1677117582.0 204
1677117585368 1677117585.0 205
1677117585712 1677117585.0 206
1677117588298 1677117588.0 207
1677117588633 1677117588.0 208
1677117591380 1677117591.0 209
1677117591718 1677117591.0 210
1677117594555 1677117594.0 211
1677117594885 1677117594.0 212
1677117597163 1677117597.0 213
1677117597469 1677117597.0 214
1677117599748 1677117599.0 215
1677117600052 1677117599.0 216
1677117602304 1677117602.0 217
1677117602620 1677117602.0 218
1677117604814 1677117604.0 219
1677117605113 1677117605.0 220
1677117607367 1677117607.0 221
1677117607666 1677117607.0 222
1677117609892 1677117609.0 223
1677117610202 1677117610.0 224
1677117612491 1677117612.0 225
1677117612799 1677117612.0 226
1677117615013 1677117614.0 227
1677117615313 1677117615.0 228
1677117617522 1677117617.0 229
1677117617819 1677117617.0 230
1677117620056 1677117620.0 231
1677117620359 1677117620.0 232
1677117622592 1677117622.0 233
1677117622896 1677117622.0 234
1677117625139 1677117625.0 235
1677117625436 1677117625.0 236
1677117627626 1677117627.0 237
1677117627927 1677117627.0 238
1677117630138 1677117630.0 239
1677117630435 1677117630.0 240
1677117632697 1677117632.0 241
1677117633001 1677117632.0 242
1677117635243 1677117635.0 243
1677117635545 1677117635.0 244
1677117637779 1677117637.0 245
1677117638080 1677117638.0 246
1677117640269 1677117640.0 247
1677117640596 1677117640.0 248
1677117642786 1677117642.0 249
1677117643091 1677117643.0 250
1677117645319 1677117645.0 251
1677117645623 1677117645.0 252
1677117647851 1677117647.0 253
1677117648151 1677117648.0 254
1677117650423 1677117650.0 255
1677117650717 1677117650.0 256
1677117652858 1677117652.0 257
1677117653156 1677117653.0 258
1677117655319 1677117655.0 259
1677117655614 1677117655.0 260
1677117657808 1677117657.0 261
1677117658107 1677117658.0 262
1677117660366 1677117660.0 263
1677117660668 1677117660.0 264
1677117662878 1677117662.0 265
1677117663178 1677117663.0 266
1677117665347 1677117665.0 267
1677117665642 1677117665.0 268
1677117667801 1677117667.0 269
1677117668101 1677117668.0 270
1677117670333 1677117670.0 271
1677117670646 1677117670.0 272
1677117672866 1677117672.0 273
1677117673162 1677117673.0 274
1677117675423 1677117675.0 275
1677117675728 1677117675.0 276
1677117677929 1677117677.0 277
1677117678226 1677117678.0 278
1677117680473 1677117680.0 279
1677117680774 1677117680.0 280
1677117682935 1677117682.0 281
1677117683236 1677117683.0 282
1677117685440 1677117685.0 283
1677117685740 1677117685.0 284
1677117688036 1677117687.0 285
1677117688338 1677117688.0 286
1677117690596 1677117690.0 287
1677117690899 1677117690.0 288
1677117693104 1677117693.0 289
1677117693407 1677117693.0 290
1677117695600 1677117695.0 291
1677117695905 1677117695.0 292
1677117698187 1677117698.0 293
1677117698487 1677117698.0 294
1677117700791 1677117700.0 295
1677117701108 1677117701.0 296
1677117703329 1677117703.0 297
1677117703626 1677117703.0 298
1677117705807 1677117705.0 299
1677117706104 1677117706.0 300
1677117706404 1677117706.0 301
