1677118547702 4.379778623580933 1
1677118547909 0.19400548934936523 2
1677118548988 1.0799152851104736 3
1677118549219 0.22106385231018066 4
1677118550386 1.1760854721069336 5
1677118550590 0.20380902290344238 6
1677118551735 1.171152114868164 7
1677118551968 0.2018883228302002 8
1677118553092 1.1274454593658447 9
1677118553300 0.20736289024353027 10
1677118554411 1.1123242378234863 11
1677118554616 0.2027750015258789 12
1677118555730 1.1108272075653076 13
1677118555939 0.21397900581359863 14
1677118556999 1.0612518787384033 15
1677118557272 0.2727515697479248 16
1677118558357 1.0853605270385742 17
1677118558573 0.2129204273223877 18
1677118559660 1.0900001525878906 19
1677118559862 0.20229434967041016 20
1677118560931 1.0677201747894287 21
1677118561142 0.2111973762512207 22
1677118562225 1.0822129249572754 23
1677118562428 0.20460796356201172 24
1677118563694 1.2613093852996826 25
1677118563904 0.21044039726257324 26
1677118565063 1.1587488651275635 27
1677118565269 0.20847654342651367 28
1677118566349 1.0791606903076172 29
1677118566560 0.21476459503173828 30
1677118567651 1.0862231254577637 31
1677118567858 0.20693445205688477 32
1677118568933 1.0758793354034424 33
1677118569145 0.21300220489501953 34
1677118570222 1.0769596099853516 35
1677118570430 0.20631146430969238 36
1677118571495 1.0668160915374756 37
1677118571773 0.2794198989868164 38
1677118572858 1.0833799839019775 39
1677118573062 0.2024540901184082 40
1677118574131 1.0668416023254395 41
1677118574338 0.2107079029083252 42
1677118575406 1.0674097537994385 43
1677118575609 0.20380520820617676 44
1677118576674 1.0640556812286377 45
1677118576885 0.21005630493164062 46
1677118577964 1.0779407024383545 47
1677118578168 0.20589756965637207 48
1677118579314 1.146061897277832 49
1677118579523 0.2079315185546875 50
1677118580599 1.0762267112731934 51
1677118580806 0.20582032203674316 52
1677118581875 1.099121332168579 53
1677118582091 0.18590879440307617 54
1677118583148 1.0591943264007568 55
1677118583358 0.20669293403625488 56
1677118584418 1.061690330505371 57
1677118584627 0.21034717559814453 58
1677118585685 1.0568225383758545 59
1677118585891 0.20501232147216797 60
1677118587021 1.1321454048156738 61
1677118587231 0.20882773399353027 62
1677118588289 1.0604918003082275 63
1677118588497 0.20295429229736328 64
1677118589573 1.0792524814605713 65
1677118589786 0.2103888988494873 66
1677118590859 1.0750293731689453 67
1677118591064 0.20483112335205078 68
1677118592147 1.083298921585083 69
1677118592357 0.20894122123718262 70
1677118593504 1.1478629112243652 71
1677118593706 0.2022228240966797 72
1677118594795 1.0869183540344238 73
1677118595008 0.21370315551757812 74
1677118596074 1.0652360916137695 75
1677118596280 0.20589566230773926 76
1677118597318 1.0682575702667236 77
1677118597529 0.1837458610534668 78
1677118598596 1.0669856071472168 79
1677118598804 0.20622658729553223 80
1677118599899 1.0857758522033691 81
1677118600109 0.21860337257385254 82
1677118601262 1.1523818969726562 83
1677118601468 0.20656871795654297 84
1677118602551 1.0755221843719482 85
1677118602758 0.21575117111206055 86
1677118603827 1.0681943893432617 87
1677118604033 0.20628976821899414 88
1677118605159 1.1255881786346436 89
1677118605371 0.2127518653869629 90
1677118606439 1.069683313369751 91
1677118606648 0.20594048500061035 92
1677118607794 1.1473817825317383 93
1677118608006 0.21039390563964844 94
1677118609092 1.0861132144927979 95
1677118609297 0.2048954963684082 96
1677118610380 1.0829753875732422 97
1677118610595 0.21616673469543457 98
1677118611652 1.0858573913574219 99
1677118611862 0.18003201484680176 100
1677118613031 1.1694982051849365 101
1677118613241 0.21179556846618652 102
1677118614351 1.1078259944915771 103
1677118614561 0.20890164375305176 104
1677118615744 1.1821410655975342 105
1677118615964 0.22078680992126465 106
1677118617089 1.126016616821289 107
1677118617296 0.20659232139587402 108
1677118618381 1.075439453125 109
1677118618589 0.21796321868896484 110
1677118619664 1.0741384029388428 111
1677118619874 0.20892095565795898 112
1677118620953 1.0800600051879883 113
1677118621163 0.20982789993286133 114
1677118622311 1.1460418701171875 115
1677118622525 0.2140178680419922 116
1677118623598 1.075033187866211 117
1677118623808 0.20976877212524414 118
1677118624881 1.0733451843261719 119
1677118625095 0.21475887298583984 120
1677118626229 1.1332001686096191 121
1677118626448 0.21889591217041016 122
1677118627517 1.099980354309082 123
1677118627731 0.17908072471618652 124
1677118628837 1.107105016708374 125
1677118629053 0.21688318252563477 126
1677118630206 1.1528520584106445 127
1677118630422 0.21111679077148438 128
1677118631514 1.0881092548370361 129
1677118631728 0.22484517097473145 130
1677118632801 1.072242259979248 131
1677118633014 0.2106473445892334 132
1677118634091 1.0792851448059082 133
1677118634306 0.21418261528015137 134
1677118635406 1.1006526947021484 135
1677118635617 0.21093201637268066 136
1677118636707 1.0904099941253662 137
1677118636994 0.2876009941101074 138
1677118638056 1.061081886291504 139
1677118638264 0.20799994468688965 140
1677118639344 1.0799164772033691 141
1677118639554 0.21137785911560059 142
1677118640638 1.08176851272583 143
1677118640851 0.2124786376953125 144
1677118641922 1.1035358905792236 145
1677118642136 0.18373417854309082 146
1677118643254 1.1163811683654785 147
1677118643472 0.21575188636779785 148
1677118644652 1.179166316986084 149
1677118644866 0.21597528457641602 150
1677118645944 1.077404499053955 151
1677118646155 0.21159124374389648 152
1677118647229 1.0736467838287354 153
1677118647447 0.2176206111907959 154
1677118648525 1.0796561241149902 155
1677118648735 0.21014022827148438 156
1677118649798 1.0639073848724365 157
1677118650016 0.21488070487976074 158
1677118651103 1.0881049633026123 159
1677118651389 0.28893113136291504 160
1677118652472 1.0800321102142334 161
1677118652709 0.23882699012756348 162
1677118653780 1.0671696662902832 163
1677118653993 0.21497035026550293 164
1677118655080 1.088247299194336 165
1677118655295 0.21306753158569336 166
1677118656365 1.0716090202331543 167
1677118656579 0.2171039581298828 168
1677118657671 1.0877854824066162 169
1677118657888 0.21651315689086914 170
1677118659039 1.1517481803894043 171
1677118659259 0.22078943252563477 172
1677118660336 1.0762302875518799 173
1677118660549 0.21398258209228516 174
1677118661661 1.10953950881958 175
1677118661872 0.2114090919494629 176
1677118662946 1.07291579246521 177
1677118663163 0.21977591514587402 178
1677118664255 1.0902628898620605 179
1677118664470 0.21606993675231934 180
1677118665560 1.0902187824249268 181
1677118665843 0.28287506103515625 182
1677118666939 1.0967857837677002 183
1677118667155 0.2111492156982422 184
1677118668245 1.0941972732543945 185
1677118668462 0.21481084823608398 186
1677118669557 1.0970556735992432 187
1677118669769 0.2123110294342041 188
1677118670883 1.112412452697754 189
1677118671095 0.21192264556884766 190
1677118672137 1.0755081176757812 191
1677118672346 0.17890405654907227 192
1677118673522 1.172586441040039 193
1677118673746 0.22529816627502441 194
1677118674817 1.0721595287322998 195
1677118675026 0.20987772941589355 196
1677118676111 1.082273244857788 197
1677118676326 0.2155439853668213 198
1677118677430 1.1043267250061035 199
1677118677646 0.21639370918273926 200
1677118678750 1.1042273044586182 201
1677118678964 0.21420860290527344 202
1677118680096 1.1301770210266113 203
1677118680310 0.21330976486206055 204
1677118681469 1.1615784168243408 205
1677118681688 0.21790409088134766 206
1677118682797 1.1089799404144287 207
1677118683008 0.21057868003845215 208
1677118684082 1.0741605758666992 209
1677118684299 0.21737027168273926 210
1677118685365 1.0670537948608398 211
1677118685578 0.20994210243225098 212
1677118686646 1.1010735034942627 213
1677118686862 0.18277549743652344 214
1677118688012 1.1485035419464111 215
1677118688226 0.215775728225708 216
1677118689301 1.0748951435089111 217
1677118689526 0.22617578506469727 218
1677118690593 1.0646564960479736 219
1677118690808 0.21509289741516113 220
1677118691940 1.13153076171875 221
1677118692159 0.2172260284423828 222
1677118693260 1.1021029949188232 223
1677118693476 0.21607160568237305 224
1677118694571 1.095102310180664 225
1677118694800 0.2267303466796875 226
1677118695936 1.13889479637146 227
1677118696149 0.21332287788391113 228
1677118697226 1.0750184059143066 229
1677118697442 0.21585583686828613 230
1677118698519 1.0768887996673584 231
1677118698732 0.21424293518066406 232
1677118699809 1.0746829509735107 233
1677118700033 0.2252652645111084 234
1677118701109 1.073432445526123 235
1677118701322 0.21441173553466797 236
1677118702451 1.167900562286377 237
1677118702668 0.18119335174560547 238
1677118703813 1.145296335220337 239
1677118704036 0.22271442413330078 240
1677118705127 1.0911083221435547 241
1677118705349 0.22205686569213867 242
1677118706432 1.080141544342041 243
1677118706646 0.21665120124816895 244
1677118707757 1.1104869842529297 245
1677118707980 0.22377300262451172 246
1677118709056 1.073011875152588 247
1677118709271 0.21697211265563965 248
1677118710428 1.154550552368164 249
1677118710646 0.22055745124816895 250
1677118711723 1.0767762660980225 251
1677118711967 0.2447214126586914 252
1677118713068 1.099924087524414 253
1677118713286 0.21872234344482422 254
1677118714370 1.085630178451538 255
1677118714585 0.21401309967041016 256
1677118715676 1.0909061431884766 257
1677118715899 0.2240614891052246 258
1677118716987 1.1209354400634766 259
1677118717279 0.2591586112976074 260
1677118718375 1.0926711559295654 261
1677118718595 0.22312116622924805 262
1677118719659 1.0632057189941406 263
1677118719878 0.2198467254638672 264
1677118721003 1.124262809753418 265
1677118721227 0.22365260124206543 266
1677118722294 1.0661897659301758 267
1677118722511 0.21584773063659668 268
1677118723599 1.089066505432129 269
1677118723819 0.2222001552581787 270
1677118724978 1.1587839126586914 271
1677118725196 0.21477293968200684 272
1677118726276 1.0822229385375977 273
1677118726498 0.22214293479919434 274
1677118727573 1.0749242305755615 275
1677118727792 0.21812844276428223 276
1677118728907 1.1142187118530273 277
1677118729133 0.22558140754699707 278
1677118730227 1.0921809673309326 279
1677118730446 0.21911334991455078 280
1677118731582 1.164649248123169 281
1677118731891 0.2820570468902588 282
1677118733011 1.1211779117584229 283
1677118733224 0.21435236930847168 284
1677118734353 1.127648115158081 285
1677118734572 0.2170732021331787 286
1677118735662 1.0913658142089844 287
1677118735879 0.21549391746520996 288
1677118736976 1.0972883701324463 289
1677118737197 0.22108149528503418 290
1677118738288 1.0887553691864014 291
1677118738510 0.22476768493652344 292
1677118739669 1.1600358486175537 293
1677118739926 0.2543909549713135 294
1677118741031 1.1055777072906494 295
1677118741250 0.2200608253479004 296
1677118742345 1.0941753387451172 297
1677118742569 0.22380399703979492 298
1677118743650 1.081937313079834 299
1677118743868 0.2211170196533203 300
1677118744079 0.20898151397705078 301
