1679938325128 0.0 1
1679938325289 0.0 2
1679938325822 0.0 3
1679938325941 0.0 4
1679938326529 0.0 5
1679938326648 0.0 6
1679938327134 0.0 7
1679938327258 0.0 8
1679938327759 0.0 9
1679938327889 0.0 10
1679938328452 0.0 11
1679938328578 0.0 12
1679938329090 0.0 13
1679938329213 0.0 14
1679938329702 0.0 15
1679938329824 0.0 16
1679938330339 0.0 17
1679938330470 0.0 18
1679938331042 0.0 19
1679938331163 0.0 20
1679938331647 0.0 21
1679938331769 0.0 22
1679938332266 0.0 23
1679938332474 0.0 24
1679938332969 0.0 25
1679938333098 0.0 26
1679938333662 0.0 27
1679938333797 0.0 28
1679938334290 0.0 29
1679938334410 0.0 30
1679938334890 0.0 31
1679938335024 0.0 32
1679938335513 0.0 33
1679938335659 0.0 34
1679938336292 0.0 35
1679938336412 0.0 36
1679938336918 0.0 37
1679938337063 0.0 38
1679938337594 0.0 39
1679938337726 0.0 40
1679938338234 0.0 41
1679938338387 0.0 42
1679938338959 0.0 43
1679938339085 0.0 44
1679938339575 0.0 45
1679938339697 0.0 46
1679938340205 0.0 47
1679938340332 0.0 48
1679938340805 0.0 49
1679938340955 0.0 50
1679938341513 0.0 51
1679938341650 0.0 52
1679938342229 0.0 53
1679938342475 0.0 54
1679938343027 0.0 55
1679938343169 0.0 56
1679938343710 0.0 57
1679938343860 0.0 58
1679938344495 0.0 59
1679938344634 0.0 60
1679938345158 0.0 61
1679938345297 0.0 62
1679938345829 0.0 63
1679938345997 0.0 64
1679938346686 0.0 65
1679938346817 0.0 66
1679938347302 0.0 67
1679938347425 0.0 68
1679938347950 0.0 69
1679938348075 0.0 70
1679938348573 0.0 71
1679938348700 0.0 72
1679938349206 0.0 73
1679938349354 0.0 74
1679938349895 0.0 75
1679938350018 0.0 76
1679938350504 0.0 77
1679938350631 0.0 78
1679938351120 0.0 79
1679938351286 0.0 80
1679938351861 0.0 81
1679938351989 0.0 82
1679938352483 0.0 83
1679938352615 0.0 84
1679938353209 0.0 85
1679938353356 0.0 86
1679938353982 0.0 87
1679938354106 0.0 88
1679938354584 0.0 89
1679938354740 0.0 90
1679938355310 0.0 91
1679938355441 0.0 92
1679938355918 0.0 93
1679938356050 0.0 94
1679938356561 0.0 95
1679938356720 0.0 96
1679938357271 0.0 97
1679938357399 0.0 98
1679938357884 0.0 99
1679938358010 0.0 100
1679938358498 0.0 101
1679938358633 0.0 102
1679938359135 0.0 103
1679938359266 0.0 104
1679938359823 0.0 105
1679938359977 0.0 106
1679938360546 0.0 107
1679938360677 0.0 108
1679938361176 0.0 109
1679938361308 0.0 110
1679938361808 0.0 111
1679938361969 0.0 112
1679938362521 0.0 113
1679938362662 0.0 114
1679938363169 0.0 115
1679938363375 0.0 116
1679938363895 0.0 117
1679938364027 0.0 118
1679938364522 0.0 119
1679938364651 0.0 120
1679938365139 0.0 121
1679938365274 0.0 122
1679938365841 0.0 123
1679938365971 0.0 124
1679938366461 0.0 125
1679938366590 0.0 126
1679938367064 0.0 127
1679938367229 0.0 128
1679938367793 0.0 129
1679938367920 0.0 130
1679938368406 0.0 131
1679938368536 0.0 132
1679938369075 0.0 133
1679938369202 0.0 134
1679938369809 0.0 135
1679938369941 0.0 136
1679938370426 0.0 137
1679938370589 0.0 138
1679938371218 0.0 139
1679938371376 0.0 140
1679938371936 0.0 141
1679938372099 0.0 142
1679938372706 0.0 143
1679938372888 0.0 144
1679938373437 0.0 145
1679938373585 0.0 146
1679938374213 0.0 147
1679938374364 0.0 148
1679938374902 0.0 149
1679938375049 0.0 150
1679938375611 0.0 151
1679938375762 0.0 152
1679938376355 0.0 153
1679938376486 0.0 154
1679938377004 0.0 155
1679938377134 0.0 156
1679938377691 0.0 157
1679938377843 0.0 158
1679938378340 0.0 159
1679938378478 0.0 160
1679938378990 0.0 161
1679938379120 0.0 162
1679938379612 0.0 163
1679938379738 0.0 164
1679938380223 0.0 165
1679938380351 0.0 166
1679938380923 0.0 167
1679938381082 0.0 168
1679938381635 0.0 169
1679938381767 0.0 170
1679938382254 0.0 171
1679938382412 0.0 172
1679938382946 0.0 173
1679938383081 0.0 174
1679938383594 0.0 175
1679938383733 0.0 176
1679938384310 0.0 177
1679938384439 0.0 178
1679938384925 0.0 179
1679938385061 0.0 180
1679938385549 0.0 181
1679938385683 0.0 182
1679938386178 0.0 183
1679938386338 0.0 184
1679938386913 0.0 185
1679938387060 0.0 186
1679938387552 0.0 187
1679938387704 0.0 188
1679938388307 0.0 189
1679938388441 0.0 190
1679938388950 0.0 191
1679938389076 0.0 192
1679938389563 0.0 193
1679938389701 0.0 194
1679938390204 0.0 195
1679938390412 0.0 196
1679938390910 0.0 197
1679938391043 0.0 198
1679938391558 0.0 199
1679938391712 0.0 200
1679938392272 0.0 201
1679938392405 0.0 202
1679938392895 0.0 203
1679938393049 0.0 204
1679938393603 0.0 205
1679938393745 0.0 206
1679938394314 0.0 207
1679938394441 0.0 208
1679938394930 0.0 209
1679938395065 0.0 210
1679938395552 0.0 211
1679938395681 0.0 212
1679938396183 0.0 213
1679938396330 0.0 214
1679938396817 0.0 215
1679938396980 0.0 216
1679938397569 0.0 217
1679938397720 0.0 218
1679938398214 0.0 219
1679938398366 0.0 220
1679938398950 0.0 221
1679938399093 0.0 222
1679938399614 0.0 223
1679938399744 0.0 224
1679938400230 0.0 225
1679938400457 0.0 226
1679938400950 0.0 227
1679938401087 0.0 228
1679938401614 0.0 229
1679938401776 0.0 230
1679938402325 0.0 231
1679938402505 0.0 232
1679938403090 0.0 233
1679938403239 0.0 234
1679938403865 0.0 235
1679938404028 0.0 236
1679938404668 0.0 237
1679938404829 0.0 238
1679938405361 0.0 239
1679938405501 0.0 240
1679938406078 0.0 241
1679938406233 0.0 242
1679938406758 0.0 243
1679938406891 0.0 244
1679938407381 0.0 245
1679938407538 0.0 246
1679938408081 0.0 247
1679938408218 0.0 248
1679938408749 0.0 249
1679938408927 0.0 250
1679938409502 0.0 251
1679938409639 0.0 252
1679938410128 0.0 253
1679938410271 0.0 254
1679938410786 0.0 255
1679938410927 0.0 256
1679938411515 0.0 257
1679938411649 0.0 258
1679938412177 0.0 259
1679938412321 0.0 260
1679938412832 0.0 261
1679938412981 0.0 262
1679938413584 0.0 263
1679938413728 0.0 264
1679938414223 0.0 265
1679938414371 0.0 266
1679938415042 0.0 267
1679938415175 0.0 268
1679938415670 0.0 269
1679938415812 0.0 270
1679938416346 0.0 271
1679938416483 0.0 272
1679938417000 0.0 273
1679938417140 0.0 274
1679938417626 0.0 275
1679938417757 0.0 276
1679938418259 0.0 277
1679938418424 0.0 278
1679938419006 0.0 279
1679938419148 0.0 280
1679938419661 0.0 281
1679938419822 0.0 282
1679938420405 0.0 283
1679938420540 0.0 284
1679938421042 0.0 285
1679938421271 0.0 286
1679938421776 0.0 287
1679938421921 0.0 288
1679938422426 0.0 289
1679938422581 0.0 290
1679938423061 0.0 291
1679938423196 0.0 292
1679938423709 0.0 293
1679938423882 0.0 294
1679938424445 0.0 295
1679938424585 0.0 296
1679938425157 0.0 297
1679938425324 0.0 298
1679938425890 0.0 299
1679938426043 0.0 300
1679938426169 0.0 301
