1679938325152 1.0 1
1679938325306 2.0 2
1679938325837 3.0 3
1679938325956 4.0 4
1679938326545 5.0 5
1679938326665 6.0 6
1679938327152 7.0 7
1679938327280 8.0 8
1679938327774 9.0 9
1679938327909 10.0 10
1679938328469 11.0 11
1679938328594 12.0 12
1679938329111 13.0 13
1679938329228 14.0 14
1679938329717 15.0 15
1679938329839 16.0 16
1679938330353 17.0 17
1679938330492 18.0 18
1679938331058 19.0 19
1679938331179 20.0 20
1679938331664 21.0 21
1679938331785 22.0 22
1679938332283 23.0 23
1679938332489 24.0 24
1679938332985 25.0 25
1679938333121 26.0 26
1679938333681 27.0 27
1679938333814 28.0 28
1679938334305 29.0 29
1679938334425 30.0 30
1679938334914 31.0 31
1679938335039 32.0 32
1679938335527 33.0 33
1679938335684 34.0 34
1679938336307 35.0 35
1679938336428 36.0 36
1679938336934 37.0 37
1679938337079 38.0 38
1679938337608 39.0 39
1679938337741 40.0 40
1679938338252 41.0 41
1679938338414 42.0 42
1679938338975 43.0 43
1679938339100 44.0 44
1679938339591 45.0 45
1679938339713 46.0 46
1679938340222 47.0 47
1679938340347 48.0 48
1679938340820 49.0 49
1679938340972 50.0 50
1679938341528 51.0 51
1679938341666 52.0 52
1679938342252 53.0 53
1679938342493 54.0 54
1679938343042 55.0 55
1679938343185 56.0 56
1679938343726 57.0 57
1679938343887 58.0 58
1679938344515 59.0 59
1679938344651 60.0 60
1679938345176 61.0 61
1679938345317 62.0 62
1679938345846 63.0 63
1679938346018 64.0 64
1679938346701 65.0 65
1679938346833 66.0 66
1679938347317 67.0 67
1679938347442 68.0 68
1679938347965 69.0 69
1679938348090 70.0 70
1679938348588 71.0 71
1679938348716 72.0 72
1679938349222 73.0 73
1679938349377 74.0 74
1679938349912 75.0 75
1679938350034 76.0 76
1679938350520 77.0 77
1679938350646 78.0 78
1679938351137 79.0 79
1679938351307 80.0 80
1679938351876 81.0 81
1679938352005 82.0 82
1679938352498 83.0 83
1679938352630 84.0 84
1679938353224 85.0 85
1679938353504 86.0 86
1679938353998 87.0 87
1679938354122 88.0 88
1679938354600 89.0 89
1679938354757 90.0 90
1679938355325 91.0 91
1679938355457 92.0 92
1679938355933 93.0 93
1679938356066 94.0 94
1679938356577 95.0 95
1679938356742 96.0 96
1679938357286 97.0 97
1679938357415 98.0 98
1679938357900 99.0 99
1679938358024 100.0 100
1679938358513 101.0 101
1679938358649 102.0 102
1679938359151 103.0 103
1679938359281 104.0 104
1679938359838 105.0 105
1679938359998 106.0 106
1679938360565 107.0 107
1679938360692 108.0 108
1679938361192 109.0 109
1679938361324 110.0 110
1679938361823 111.0 111
1679938361985 112.0 112
1679938362543 113.0 113
1679938362678 114.0 114
1679938363186 115.0 115
1679938363391 116.0 116
1679938363911 117.0 117
1679938364046 118.0 118
1679938364537 119.0 119
1679938364666 120.0 120
1679938365155 121.0 121
1679938365299 122.0 122
1679938365859 123.0 123
1679938365985 124.0 124
1679938366476 125.0 125
1679938366604 126.0 126
1679938367078 127.0 127
1679938367245 128.0 128
1679938367808 129.0 129
1679938367935 130.0 130
1679938368421 131.0 131
1679938368553 132.0 132
1679938369090 133.0 133
1679938369219 134.0 134
1679938369824 135.0 135
1679938369957 136.0 136
1679938370441 137.0 137
1679938370611 138.0 138
1679938371238 139.0 139
1679938371391 140.0 140
1679938371955 141.0 141
1679938372115 142.0 142
1679938372725 143.0 143
1679938372906 144.0 144
1679938373454 145.0 145
1679938373603 146.0 146
1679938374232 147.0 147
1679938374380 148.0 148
1679938374920 149.0 149
1679938375067 150.0 150
1679938375629 151.0 151
1679938375780 152.0 152
1679938376373 153.0 153
1679938376502 154.0 154
1679938377022 155.0 155
1679938377149 156.0 156
1679938377706 157.0 157
1679938377858 158.0 158
1679938378357 159.0 159
1679938378501 160.0 160
1679938379005 161.0 161
1679938379135 162.0 162
1679938379628 163.0 163
1679938379752 164.0 164
1679938380237 165.0 165
1679938380366 166.0 166
1679938380939 167.0 167
1679938381106 168.0 168
1679938381650 169.0 169
1679938381784 170.0 170
1679938382269 171.0 171
1679938382433 172.0 172
1679938382961 173.0 173
1679938383096 174.0 174
1679938383610 175.0 175
1679938383751 176.0 176
1679938384325 177.0 177
1679938384454 178.0 178
1679938384940 179.0 179
1679938385076 180.0 180
1679938385564 181.0 181
1679938385698 182.0 182
1679938386196 183.0 183
1679938386356 184.0 184
1679938386929 185.0 185
1679938387077 186.0 186
1679938387568 187.0 187
1679938387728 188.0 188
1679938388323 189.0 189
1679938388457 190.0 190
1679938388965 191.0 191
1679938389092 192.0 192
1679938389579 193.0 193
1679938389716 194.0 194
1679938390221 195.0 195
1679938390427 196.0 196
1679938390925 197.0 197
1679938391059 198.0 198
1679938391574 199.0 199
1679938391730 200.0 200
1679938392286 201.0 201
1679938392421 202.0 202
1679938392911 203.0 203
1679938393066 204.0 204
1679938393618 205.0 205
1679938393761 206.0 206
1679938394329 207.0 207
1679938394456 208.0 208
1679938394945 209.0 209
1679938395079 210.0 210
1679938395568 211.0 211
1679938395697 212.0 212
1679938396198 213.0 213
1679938396348 214.0 214
1679938396832 215.0 215
1679938396997 216.0 216
1679938397592 217.0 217
1679938397735 218.0 218
1679938398229 219.0 219
1679938398385 220.0 220
1679938398967 221.0 221
1679938399109 222.0 222
1679938399629 223.0 223
1679938399759 224.0 224
1679938400245 225.0 225
1679938400472 226.0 226
1679938400966 227.0 227
1679938401103 228.0 228
1679938401630 229.0 229
1679938401794 230.0 230
1679938402346 231.0 231
1679938402527 232.0 232
1679938403110 233.0 233
1679938403255 234.0 234
1679938403889 235.0 235
1679938404050 236.0 236
1679938404694 237.0 237
1679938404845 238.0 238
1679938405376 239.0 239
1679938405518 240.0 240
1679938406094 241.0 241
1679938406250 242.0 242
1679938406772 243.0 243
1679938406905 244.0 244
1679938407396 245.0 245
1679938407558 246.0 246
1679938408097 247.0 247
1679938408236 248.0 248
1679938408767 249.0 249
1679938408945 250.0 250
1679938409520 251.0 251
1679938409655 252.0 252
1679938410146 253.0 253
1679938410286 254.0 254
1679938410801 255.0 255
1679938410944 256.0 256
1679938411530 257.0 257
1679938411664 258.0 258
1679938412192 259.0 259
1679938412341 260.0 260
1679938412849 261.0 261
1679938413004 262.0 262
1679938413600 263.0 263
1679938413746 264.0 264
1679938414239 265.0 265
1679938414395 266.0 266
1679938415057 267.0 267
1679938415191 268.0 268
1679938415686 269.0 269
1679938415828 270.0 270
1679938416363 271.0 271
1679938416499 272.0 272
1679938417019 273.0 273
1679938417156 274.0 274
1679938417642 275.0 275
1679938417772 276.0 276
1679938418274 277.0 277
1679938418445 278.0 278
1679938419026 279.0 279
1679938419165 280.0 280
1679938419678 281.0 281
1679938419842 282.0 282
1679938420421 283.0 283
1679938420557 284.0 284
1679938421057 285.0 285
1679938421288 286.0 286
1679938421793 287.0 287
1679938421938 288.0 288
1679938422442 289.0 289
1679938422597 290.0 290
1679938423078 291.0 291
1679938423213 292.0 292
1679938423725 293.0 293
1679938423898 294.0 294
1679938424467 295.0 295
1679938424600 296.0 296
1679938425172 297.0 297
1679938425340 298.0 298
1679938425905 299.0 299
1679938426059 300.0 300
1679938426185 301.0 301
