1679938325147 3.48891019821167 1
1679938325301 3.628992795944214 2
1679938325833 4.170061826705933 3
1679938325952 4.28999400138855 4
1679938326540 4.878793716430664 5
1679938326659 4.9980034828186035 6
1679938327146 5.479151487350464 7
1679938327275 5.606334209442139 8
1679938327770 6.101736307144165 9
1679938327903 6.232051610946655 10
1679938328464 6.778987407684326 11
1679938328589 6.924882650375366 12
1679938329107 7.4278600215911865 13
1679938329224 7.561910152435303 14
1679938329713 8.051980972290039 15
1679938329835 8.170748710632324 16
1679938330349 8.685829162597656 17
1679938330486 8.812728881835938 18
1679938331054 9.370178461074829 19
1679938331175 9.511010646820068 20
1679938331659 9.995116472244263 21
1679938331780 10.11583399772644 22
1679938332278 10.608944654464722 23
1679938332484 10.819059371948242 24
1679938332981 11.313216209411621 25
1679938333114 11.441440105438232 26
1679938333676 11.981940507888794 27
1679938333809 12.13793396949768 28
1679938334300 12.633720397949219 29
1679938334421 12.754963397979736 30
1679938334909 13.231016635894775 31
1679938335035 13.367089748382568 32
1679938335524 13.857958555221558 33
1679938335677 13.990272283554077 34
1679938336303 14.640305519104004 35
1679938336423 14.75994324684143 36
1679938336930 15.257197141647339 37
1679938337074 15.394168376922607 38
1679938337604 15.936099290847778 39
1679938337737 16.065595388412476 40
1679938338246 16.568904399871826 41
1679938338406 16.724621772766113 42
1679938338970 17.305924654006958 43
1679938339096 17.427784204483032 44
1679938339587 17.92241358757019 45
1679938339708 18.043031454086304 46
1679938340216 18.55078911781311 47
1679938340342 18.67280387878418 48
1679938340816 19.14907145500183 49
1679938340966 19.29100751876831 50
1679938341524 19.852795600891113 51
1679938341661 19.98666787147522 52
1679938342245 20.550129652023315 53
1679938342488 20.805643796920776 54
1679938343038 21.363667488098145 55
1679938343181 21.50086522102356 56
1679938343721 22.045817852020264 57
1679938343879 22.19200038909912 58
1679938344510 22.819220304489136 59
1679938344646 22.97116708755493 60
1679938345170 23.494961261749268 61
1679938345311 23.63659954071045 62
1679938345841 24.162928819656372 63
1679938346013 24.3108069896698 64
1679938346697 25.02665615081787 65
1679938346828 25.16299343109131 66
1679938347313 25.647798538208008 67
1679938347437 25.765838384628296 68
1679938347961 26.288922548294067 69
1679938348085 26.418853282928467 70
1679938348584 26.91110324859619 71
1679938348711 27.043693780899048 72
1679938349218 27.548879861831665 73
1679938349371 27.682077407836914 74
1679938349907 28.235092639923096 75
1679938350030 28.36104655265808 76
1679938350515 28.84893774986267 77
1679938350641 28.9720299243927 78
1679938351132 29.45867133140564 79
1679938351302 29.600435256958008 80
1679938351872 30.188420057296753 81
1679938352001 30.329933404922485 82
1679938352493 30.825964212417603 83
1679938352626 30.95401430130005 84
1679938353220 31.551692724227905 85
1679938353500 31.67547035217285 86
1679938353994 32.325504779815674 87
1679938354117 32.44991755485535 88
1679938354595 32.92495918273926 89
1679938354753 33.06543517112732 90
1679938355321 33.6388144493103 91
1679938355452 33.77875852584839 92
1679938355929 34.259966135025024 93
1679938356061 34.387744188308716 94
1679938356572 34.90394115447998 95
1679938356736 35.04589629173279 96
1679938357282 35.60791087150574 97
1679938357410 35.73990035057068 98
1679938357895 36.22192716598511 99
1679938358020 36.35092091560364 100
1679938358509 36.831703186035156 101
1679938358644 36.97020411491394 102
1679938359146 37.47775626182556 103
1679938359277 37.603933572769165 104
1679938359835 38.16391706466675 105
1679938359992 38.29885172843933 106
1679938360560 38.87090253829956 107
1679938360688 39.01577615737915 108
1679938361187 39.51011848449707 109
1679938361320 39.64526438713074 110
1679938361819 40.148911237716675 111
1679938361981 40.29661297798157 112
1679938362537 40.847747802734375 113
1679938362673 41.00281620025635 114
1679938363180 41.511857748031616 115
1679938363387 41.716925382614136 116
1679938363907 42.22920203208923 117
1679938364040 42.36793065071106 118
1679938364533 42.864073753356934 119
1679938364661 42.99281167984009 120
1679938365151 43.48280572891235 121
1679938365292 43.60774254798889 122
1679938365854 44.18199396133423 123
1679938365981 44.30992770195007 124
1679938366472 44.80384683609009 125
1679938366600 44.92573022842407 126
1679938367075 45.4069037437439 127
1679938367241 45.55105805397034 128
1679938367804 46.12913680076599 129
1679938367931 46.260008335113525 130
1679938368417 46.743364572525024 131
1679938368547 46.87437438964844 132
1679938369086 47.412896394729614 133
1679938369214 47.53870940208435 134
1679938369820 48.14576029777527 135
1679938369952 48.27777600288391 136
1679938370436 48.76710772514343 137
1679938370604 48.90091252326965 138
1679938371233 49.5239794254303 139
1679938371387 49.70475888252258 140
1679938371949 50.25490117073059 141
1679938372111 50.42366552352905 142
1679938372719 51.01186990737915 143
1679938372901 51.19896602630615 144
1679938373449 51.76383996009827 145
1679938373599 51.91203689575195 146
1679938374227 52.542102575302124 147
1679938374375 52.69391870498657 148
1679938374915 53.2267849445343 149
1679938375062 53.37808632850647 150
1679938375624 53.93872046470642 151
1679938375776 54.08874320983887 152
1679938376367 54.69081473350525 153
1679938376499 54.82566595077515 154
1679938377016 55.34143280982971 155
1679938377145 55.474334716796875 156
1679938377702 56.01587414741516 157
1679938377853 56.162883281707764 158
1679938378351 56.67572355270386 159
1679938378497 56.81294298171997 160
1679938379002 57.33002734184265 161
1679938379131 57.45570921897888 162
1679938379624 57.95185613632202 163
1679938379749 58.07688283920288 164
1679938380234 58.56376552581787 165
1679938380362 58.690361738204956 166
1679938380935 59.25578951835632 167
1679938381099 59.40296411514282 168
1679938381646 59.972819566726685 169
1679938381779 60.10281491279602 170
1679938382265 60.59233379364014 171
1679938382428 60.72681188583374 172
1679938382955 61.280879974365234 173
1679938383093 61.41573882102966 174
1679938383605 61.93168783187866 175
1679938383746 62.069878816604614 176
1679938384321 62.649797677993774 177
1679938384450 62.775681018829346 178
1679938384936 63.25909996032715 179
1679938385071 63.39339280128479 180
1679938385560 63.8843092918396 181
1679938385693 64.02081680297852 182
1679938386191 64.51594662666321 183
1679938386351 64.65283274650574 184
1679938386925 65.22492051124573 185
1679938387072 65.38806748390198 186
1679938387563 65.8888909816742 187
1679938387721 66.03182625770569 188
1679938388318 66.62277007102966 189
1679938388452 66.77556371688843 190
1679938388961 67.2857871055603 191
1679938389087 67.41552448272705 192
1679938389575 67.90471696853638 193
1679938389711 68.03782033920288 194
1679938390215 68.54063320159912 195
1679938390423 68.75182700157166 196
1679938390921 69.2447247505188 197
1679938391054 69.37788534164429 198
1679938391569 69.89582133293152 199
1679938391723 70.02874112129211 200
1679938392283 70.59985256195068 201
1679938392416 70.73983359336853 202
1679938392907 71.23197746276855 203
1679938393062 71.38168525695801 204
1679938393614 71.93669962882996 205
1679938393757 72.07272338867188 206
1679938394325 72.64803862571716 207
1679938394452 72.77903771400452 208
1679938394941 73.26386785507202 209
1679938395075 73.40082597732544 210
1679938395563 73.88622999191284 211
1679938395692 74.0166642665863 212
1679938396195 74.51812887191772 213
1679938396342 74.65488052368164 214
1679938396828 75.15493273735046 215
1679938396992 75.29648804664612 216
1679938397587 75.86473083496094 217
1679938397730 76.05087161064148 218
1679938398224 76.54997539520264 219
1679938398378 76.68879175186157 220
1679938398963 77.28005361557007 221
1679938399105 77.42376828193665 222
1679938399625 77.95006728172302 223
1679938399755 78.0803689956665 224
1679938400240 78.56570863723755 225
1679938400469 78.77960777282715 226
1679938400961 79.28091788291931 227
1679938401099 79.41869688034058 228
1679938401625 79.9426474571228 229
1679938401790 80.09185886383057 230
1679938402341 80.65000009536743 231
1679938402522 80.8056697845459 232
1679938403105 81.41489481925964 233
1679938403251 81.56671738624573 234
1679938403883 82.18085384368896 235
1679938404043 82.3532783985138 236
1679938404688 82.9947714805603 237
1679938404840 83.15391826629639 238
1679938405372 83.69069790840149 239
1679938405513 83.83296275138855 240
1679938406089 84.40283751487732 241
1679938406245 84.55894541740417 242
1679938406769 85.08980941772461 243
1679938406901 85.22467947006226 244
1679938407391 85.71474313735962 245
1679938407552 85.84991002082825 246
1679938408092 86.41568565368652 247
1679938408231 86.5498309135437 248
1679938408761 87.07654905319214 249
1679938408940 87.24481964111328 250
1679938409514 87.81568217277527 251
1679938409650 87.9738085269928 252
1679938410141 88.46321177482605 253
1679938410282 88.59570074081421 254
1679938410797 89.11583685874939 255
1679938410938 89.25569200515747 256
1679938411526 89.8480474948883 257
1679938411660 89.98292469978333 258
1679938412188 90.50401902198792 259
1679938412336 90.65189385414124 260
1679938412844 91.16770100593567 261
1679938412996 91.30566716194153 262
1679938413596 91.87548971176147 263
1679938413741 92.055428981781 264
1679938414234 92.55871820449829 265
1679938414388 92.69770526885986 266
1679938415052 93.37106704711914 267
1679938415187 93.50664830207825 268
1679938415681 94.00323128700256 269
1679938415823 94.14079141616821 270
1679938416357 94.67376637458801 271
1679938416495 94.81572580337524 272
1679938417014 95.32767629623413 273
1679938417151 95.47252559661865 274
1679938417637 95.9607801437378 275
1679938417768 96.09174180030823 276
1679938418270 96.59450483322144 277
1679938418438 96.7336642742157 278
1679938419020 97.3137092590332 279
1679938419160 97.47873711585999 280
1679938419673 97.99062371253967 281
1679938419837 98.13281416893005 282
1679938420417 98.71150016784668 283
1679938420551 98.87276697158813 284
1679938421052 99.36802005767822 285
1679938421284 99.59970092773438 286
1679938421788 100.10238599777222 287
1679938421932 100.24981951713562 288
1679938422437 100.7581467628479 289
1679938422592 100.89181065559387 290
1679938423073 101.3946635723114 291
1679938423208 101.52858376502991 292
1679938423721 102.03182768821716 293
1679938423892 102.1896641254425 294
1679938424461 102.76861906051636 295
1679938424595 102.9164981842041 296
1679938425167 103.48541069030762 297
1679938425336 103.64082193374634 298
1679938425901 104.21475124359131 299
1679938426054 104.35991048812866 300
1679938426181 104.49253940582275 301
