1679938325125 3.48891019821167 1
1679938325286 0.14008259773254395 2
1679938325820 0.5410690307617188 3
1679938325938 0.11993217468261719 4
1679938326527 0.5887997150421143 5
1679938326645 0.11920976638793945 6
1679938327132 0.48114800453186035 7
1679938327256 0.1271827220916748 8
1679938327756 0.49540209770202637 9
1679938327887 0.13031530380249023 10
1679938328450 0.5469357967376709 11
1679938328574 0.14589524269104004 12
1679938329087 0.5029773712158203 13
1679938329211 0.1340501308441162 14
1679938329699 0.49007081985473633 15
1679938329821 0.11876773834228516 16
1679938330335 0.515080451965332 17
1679938330466 0.12689971923828125 18
1679938331038 0.5574495792388916 19
1679938331161 0.14083218574523926 20
1679938331645 0.48410582542419434 21
1679938331767 0.12071752548217773 22
1679938332264 0.49311065673828125 23
1679938332471 0.2101147174835205 24
1679938332967 0.4941568374633789 25
1679938333095 0.12822389602661133 26
1679938333658 0.5405004024505615 27
1679938333795 0.15599346160888672 28
1679938334287 0.4957864284515381 29
1679938334408 0.12124300003051758 30
1679938334888 0.47605323791503906 31
1679938335022 0.13607311248779297 32
1679938335511 0.49086880683898926 33
1679938335656 0.13231372833251953 34
1679938336289 0.6500332355499268 35
1679938336410 0.11963772773742676 36
1679938336915 0.4972538948059082 37
1679938337060 0.13697123527526855 38
1679938337591 0.5419309139251709 39
1679938337724 0.12949609756469727 40
1679938338232 0.5033090114593506 41
1679938338385 0.1557173728942871 42
1679938338957 0.5813028812408447 43
1679938339083 0.12185955047607422 44
1679938339574 0.4946293830871582 45
1679938339696 0.12061786651611328 46
1679938340203 0.5077576637268066 47
1679938340329 0.12201476097106934 48
1679938340802 0.47626757621765137 49
1679938340953 0.1419360637664795 50
1679938341510 0.5617880821228027 51
1679938341647 0.13387227058410645 52
1679938342225 0.5634617805480957 53
1679938342472 0.25551414489746094 54
1679938343024 0.5580236911773682 55
1679938343167 0.13719773292541504 56
1679938343708 0.5449526309967041 57
1679938343857 0.14618253707885742 58
1679938344493 0.6272199153900146 59
1679938344632 0.1519467830657959 60
1679938345155 0.5237941741943359 61
1679938345294 0.14163827896118164 62
1679938345826 0.5263292789459229 63
1679938345993 0.14787817001342773 64
1679938346684 0.7158491611480713 65
1679938346815 0.1363372802734375 66
1679938347300 0.4848051071166992 67
1679938347422 0.11803984642028809 68
1679938347948 0.5230841636657715 69
1679938348073 0.12993073463439941 70
1679938348570 0.4922499656677246 71
1679938348698 0.13259053230285645 72
1679938349204 0.5051860809326172 73
1679938349350 0.13319754600524902 74
1679938349893 0.5530152320861816 75
1679938350016 0.12595391273498535 76
1679938350502 0.48789119720458984 77
1679938350628 0.1230921745300293 78
1679938351118 0.48664140701293945 79
1679938351281 0.14176392555236816 80
1679938351858 0.5879848003387451 81
1679938351986 0.14151334762573242 82
1679938352481 0.4960308074951172 83
1679938352613 0.1280500888824463 84
1679938353206 0.5976784229278564 85
1679938353353 0.12377762794494629 86
1679938353980 0.6500344276428223 87
1679938354104 0.12441277503967285 88
1679938354582 0.47504162788391113 89
1679938354738 0.14047598838806152 90
1679938355308 0.5733792781829834 91
1679938355438 0.13994407653808594 92
1679938355916 0.48120760917663574 93
1679938356047 0.1277780532836914 94
1679938356559 0.5161969661712646 95
1679938356717 0.14195513725280762 96
1679938357268 0.5620145797729492 97
1679938357397 0.1319894790649414 98
1679938357883 0.4820268154144287 99
1679938358006 0.12899374961853027 100
1679938358496 0.48078227043151855 101
1679938358631 0.13850092887878418 102
1679938359133 0.5075521469116211 103
1679938359264 0.12617731094360352 104
1679938359820 0.559983491897583 105
1679938359976 0.134934663772583 106
1679938360544 0.5720508098602295 107
1679938360674 0.14487361907958984 108
1679938361173 0.4943423271179199 109
1679938361305 0.135145902633667 110
1679938361805 0.5036468505859375 111
1679938361967 0.14770174026489258 112
1679938362517 0.5511348247528076 113
1679938362660 0.15506839752197266 114
1679938363167 0.5090415477752686 115
1679938363372 0.20506763458251953 116
1679938363893 0.5122766494750977 117
1679938364024 0.13872861862182617 118
1679938364520 0.496143102645874 119
1679938364649 0.1287379264831543 120
1679938365137 0.4899940490722656 121
1679938365271 0.12493681907653809 122
1679938365839 0.5742514133453369 123
1679938365968 0.12793374061584473 124
1679938366459 0.49391913414001465 125
1679938366587 0.12188339233398438 126
1679938367062 0.4811735153198242 127
1679938367227 0.14415431022644043 128
1679938367792 0.5780787467956543 129
1679938367918 0.13087153434753418 130
1679938368404 0.483356237411499 131
1679938368534 0.13100981712341309 132
1679938369072 0.5385220050811768 133
1679938369199 0.12581300735473633 134
1679938369806 0.607050895690918 135
1679938369939 0.13201570510864258 136
1679938370423 0.4893317222595215 137
1679938370586 0.1338047981262207 138
1679938371215 0.6230669021606445 139
1679938371373 0.18077945709228516 140
1679938371933 0.5501422882080078 141
1679938372097 0.16876435279846191 142
1679938372703 0.5882043838500977 143
1679938372885 0.18709611892700195 144
1679938373434 0.5648739337921143 145
1679938373582 0.14819693565368652 146
1679938374210 0.6300656795501709 147
1679938374362 0.15181612968444824 148
1679938374899 0.5328662395477295 149
1679938375047 0.15130138397216797 150
1679938375608 0.5606341361999512 151
1679938375760 0.1500227451324463 152
1679938376352 0.6020715236663818 153
1679938376484 0.13485121726989746 154
1679938377002 0.5157668590545654 155
1679938377131 0.13290190696716309 156
1679938377688 0.5415394306182861 157
1679938377841 0.14700913429260254 158
1679938378337 0.5128402709960938 159
1679938378476 0.13721942901611328 160
1679938378988 0.5170843601226807 161
1679938379117 0.12568187713623047 162
1679938379610 0.49614691734313965 163
1679938379736 0.12502670288085938 164
1679938380221 0.48688268661499023 165
1679938380349 0.12659621238708496 166
1679938380920 0.5654277801513672 167
1679938381078 0.14717459678649902 168
1679938381633 0.5698554515838623 169
1679938381766 0.12999534606933594 170
1679938382251 0.4895188808441162 171
1679938382407 0.13447809219360352 172
1679938382944 0.5540680885314941 173
1679938383079 0.1348588466644287 174
1679938383592 0.515949010848999 175
1679938383731 0.13819098472595215 176
1679938384308 0.5799188613891602 177
1679938384437 0.1258833408355713 178
1679938384922 0.48341894149780273 179
1679938385059 0.1342928409576416 180
1679938385547 0.49091649055480957 181
1679938385681 0.13650751113891602 182
1679938386176 0.4951298236846924 183
1679938386335 0.1368861198425293 184
1679938386911 0.5720877647399902 185
1679938387058 0.16314697265625 186
1679938387550 0.5008234977722168 187
1679938387699 0.14293527603149414 188
1679938388304 0.5909438133239746 189
1679938388439 0.15279364585876465 190
1679938388948 0.510223388671875 191
1679938389074 0.12973737716674805 192
1679938389561 0.48919248580932617 193
1679938389698 0.1331033706665039 194
1679938390202 0.5028128623962402 195
1679938390410 0.21119379997253418 196
1679938390907 0.49289774894714355 197
1679938391041 0.13316059112548828 198
1679938391554 0.5179359912872314 199
1679938391710 0.1329197883605957 200
1679938392269 0.5711114406585693 201
1679938392403 0.13998103141784668 202
1679938392893 0.4921438694000244 203
1679938393047 0.14970779418945312 204
1679938393600 0.5550143718719482 205
1679938393743 0.13602375984191895 206
1679938394311 0.5753152370452881 207
1679938394439 0.13099908828735352 208
1679938394928 0.4848301410675049 209
1679938395062 0.13695812225341797 210
1679938395550 0.48540401458740234 211
1679938395679 0.13043427467346191 212
1679938396181 0.5014646053314209 213
1679938396328 0.13675165176391602 214
1679938396815 0.5000522136688232 215
1679938396978 0.1415553092956543 216
1679938397565 0.5682427883148193 217
1679938397717 0.186140775680542 218
1679938398212 0.4991037845611572 219
1679938398364 0.13881635665893555 220
1679938398948 0.5912618637084961 221
1679938399091 0.14371466636657715 222
1679938399612 0.526298999786377 223
1679938399742 0.13030171394348145 224
1679938400227 0.4853396415710449 225
1679938400454 0.2138991355895996 226
1679938400948 0.5013101100921631 227
1679938401085 0.13777899742126465 228
1679938401612 0.5239505767822266 229
1679938401773 0.14921140670776367 230
1679938402323 0.5581412315368652 231
1679938402501 0.1556696891784668 232
1679938403088 0.6092250347137451 233
1679938403237 0.15182256698608398 234
1679938403862 0.6141364574432373 235
1679938404025 0.1724245548248291 236
1679938404665 0.6414930820465088 237
1679938404826 0.15914678573608398 238
1679938405359 0.5367796421051025 239
1679938405499 0.14226484298706055 240
1679938406075 0.5698747634887695 241
1679938406231 0.15610790252685547 242
1679938406755 0.5308640003204346 243
1679938406888 0.13487005233764648 244
1679938407379 0.4900636672973633 245
1679938407535 0.13516688346862793 246
1679938408078 0.5657756328582764 247
1679938408215 0.13414525985717773 248
1679938408747 0.5267181396484375 249
1679938408924 0.16827058792114258 250
1679938409500 0.5708625316619873 251
1679938409637 0.1581263542175293 252
1679938410126 0.48940324783325195 253
1679938410269 0.13248896598815918 254
1679938410784 0.5201361179351807 255
1679938410925 0.13985514640808105 256
1679938411513 0.592355489730835 257
1679938411647 0.13487720489501953 258
1679938412175 0.5210943222045898 259
1679938412319 0.1478748321533203 260
1679938412829 0.5158071517944336 261
1679938412979 0.13796615600585938 262
1679938413581 0.5698225498199463 263
1679938413725 0.17993927001953125 264
1679938414221 0.5032892227172852 265
1679938414369 0.13898706436157227 266
1679938415039 0.6733617782592773 267
1679938415173 0.13558125495910645 268
1679938415668 0.4965829849243164 269
1679938415810 0.13756012916564941 270
1679938416343 0.5329749584197998 271
1679938416481 0.14195942878723145 272
1679938416997 0.5119504928588867 273
1679938417138 0.14484930038452148 274
1679938417624 0.4882545471191406 275
1679938417754 0.13096165657043457 276
1679938418256 0.502763032913208 277
1679938418422 0.1391594409942627 278
1679938419004 0.5800449848175049 279
1679938419146 0.16502785682678223 280
1679938419659 0.5118865966796875 281
1679938419820 0.14219045639038086 282
1679938420403 0.578685998916626 283
1679938420538 0.16126680374145508 284
1679938421038 0.4952530860900879 285
1679938421269 0.23168087005615234 286
1679938421773 0.5026850700378418 287
1679938421918 0.14743351936340332 288
1679938422424 0.5083272457122803 289
1679938422579 0.13366389274597168 290
1679938423059 0.5028529167175293 291
1679938423195 0.13392019271850586 292
1679938423706 0.5032439231872559 293
1679938423879 0.1578364372253418 294
1679938424441 0.5789549350738525 295
1679938424582 0.14787912368774414 296
1679938425154 0.5689125061035156 297
1679938425322 0.1554112434387207 298
1679938425888 0.5739293098449707 299
1679938426041 0.14515924453735352 300
1679938426167 0.1326289176940918 301
