1679938325137 1.0 1
1679938325291 2.0 2
1679938325824 3.0 3
1679938325943 4.0 4
1679938326531 5.0 5
1679938326650 6.0 6
1679938327136 7.0 7
1679938327260 8.0 8
1679938327761 9.0 9
1679938327892 10.0 10
1679938328454 11.0 11
1679938328580 12.0 12
1679938329094 13.0 13
1679938329216 14.0 14
1679938329704 15.0 15
1679938329826 16.0 16
1679938330341 17.0 17
1679938330473 18.0 18
1679938331044 19.0 19
1679938331166 20.0 20
1679938331649 21.0 21
1679938331771 22.0 22
1679938332269 23.0 23
1679938332476 24.0 24
1679938332971 25.0 25
1679938333101 26.0 26
1679938333665 27.0 27
1679938333799 28.0 28
1679938334292 29.0 29
1679938334412 30.0 30
1679938334893 31.0 31
1679938335026 32.0 32
1679938335515 33.0 33
1679938335663 34.0 34
1679938336294 35.0 35
1679938336414 36.0 36
1679938336921 37.0 37
1679938337064 38.0 38
1679938337596 39.0 39
1679938337728 40.0 40
1679938338236 41.0 41
1679938338390 42.0 42
1679938338960 43.0 43
1679938339087 44.0 44
1679938339578 45.0 45
1679938339700 46.0 46
1679938340207 47.0 47
1679938340334 48.0 48
1679938340807 49.0 49
1679938340957 50.0 50
1679938341515 51.0 51
1679938341653 52.0 52
1679938342232 53.0 53
1679938342477 54.0 54
1679938343029 55.0 55
1679938343171 56.0 56
1679938343712 57.0 57
1679938343864 58.0 58
1679938344498 59.0 59
1679938344637 60.0 60
1679938345161 61.0 61
1679938345301 62.0 62
1679938345832 63.0 63
1679938346000 64.0 64
1679938346688 65.0 65
1679938346819 66.0 66
1679938347304 67.0 67
1679938347427 68.0 68
1679938347952 69.0 69
1679938348077 70.0 70
1679938348575 71.0 71
1679938348702 72.0 72
1679938349209 73.0 73
1679938349357 74.0 74
1679938349897 75.0 75
1679938350020 76.0 76
1679938350507 77.0 77
1679938350633 78.0 78
1679938351123 79.0 79
1679938351289 80.0 80
1679938351863 81.0 81
1679938351991 82.0 82
1679938352484 83.0 83
1679938352617 84.0 84
1679938353211 85.0 85
1679938353360 86.0 86
1679938353985 87.0 87
1679938354109 88.0 88
1679938354586 89.0 89
1679938354743 90.0 90
1679938355312 91.0 91
1679938355443 92.0 92
1679938355920 93.0 93
1679938356052 94.0 94
1679938356563 95.0 95
1679938356724 96.0 96
1679938357273 97.0 97
1679938357401 98.0 98
1679938357887 99.0 99
1679938358012 100.0 100
1679938358501 101.0 101
1679938358635 102.0 102
1679938359138 103.0 103
1679938359267 104.0 104
1679938359825 105.0 105
1679938359981 106.0 106
1679938360549 107.0 107
1679938360679 108.0 108
1679938361178 109.0 109
1679938361311 110.0 110
1679938361810 111.0 111
1679938361971 112.0 112
1679938362524 113.0 113
1679938362664 114.0 114
1679938363171 115.0 115
1679938363377 116.0 116
1679938363897 117.0 117
1679938364029 118.0 118
1679938364524 119.0 119
1679938364653 120.0 120
1679938365142 121.0 121
1679938365278 122.0 122
1679938365844 123.0 123
1679938365973 124.0 124
1679938366463 125.0 125
1679938366592 126.0 126
1679938367066 127.0 127
1679938367231 128.0 128
1679938367795 129.0 129
1679938367922 130.0 130
1679938368408 131.0 131
1679938368538 132.0 132
1679938369077 133.0 133
1679938369204 134.0 134
1679938369811 135.0 135
1679938369943 136.0 136
1679938370428 137.0 137
1679938370592 138.0 138
1679938371221 139.0 139
1679938371378 140.0 140
1679938371939 141.0 141
1679938372102 142.0 142
1679938372709 143.0 143
1679938372891 144.0 144
1679938373440 145.0 145
1679938373587 146.0 146
1679938374216 147.0 147
1679938374366 148.0 148
1679938374904 149.0 149
1679938375052 150.0 150
1679938375614 151.0 151
1679938375765 152.0 152
1679938376358 153.0 153
1679938376488 154.0 154
1679938377006 155.0 155
1679938377135 156.0 156
1679938377693 157.0 157
1679938377845 158.0 158
1679938378342 159.0 159
1679938378481 160.0 160
1679938378992 161.0 161
1679938379122 162.0 162
1679938379615 163.0 163
1679938379740 164.0 164
1679938380225 165.0 165
1679938380354 166.0 166
1679938380925 167.0 167
1679938381085 168.0 168
1679938381637 169.0 169
1679938381770 170.0 170
1679938382256 171.0 171
1679938382416 172.0 172
1679938382947 173.0 173
1679938383083 174.0 174
1679938383597 175.0 175
1679938383736 176.0 176
1679938384313 177.0 177
1679938384441 178.0 178
1679938384927 179.0 179
1679938385063 180.0 180
1679938385551 181.0 181
1679938385685 182.0 182
1679938386180 183.0 183
1679938386341 184.0 184
1679938386915 185.0 185
1679938387063 186.0 186
1679938387555 187.0 187
1679938387707 188.0 188
1679938388309 189.0 189
1679938388444 190.0 190
1679938388952 191.0 191
1679938389078 192.0 192
1679938389566 193.0 193
1679938389703 194.0 194
1679938390207 195.0 195
1679938390414 196.0 196
1679938390913 197.0 197
1679938391046 198.0 198
1679938391560 199.0 199
1679938391715 200.0 200
1679938392274 201.0 201
1679938392407 202.0 202
1679938392898 203.0 203
1679938393052 204.0 204
1679938393605 205.0 205
1679938393747 206.0 206
1679938394316 207.0 207
1679938394443 208.0 208
1679938394932 209.0 209
1679938395067 210.0 210
1679938395554 211.0 211
1679938395683 212.0 212
1679938396185 213.0 213
1679938396333 214.0 214
1679938396819 215.0 215
1679938396983 216.0 216
1679938397573 217.0 217
1679938397722 218.0 218
1679938398216 219.0 219
1679938398368 220.0 220
1679938398952 221.0 221
1679938399095 222.0 222
1679938399616 223.0 223
1679938399746 224.0 224
1679938400231 225.0 225
1679938400459 226.0 226
1679938400952 227.0 227
1679938401089 228.0 228
1679938401617 229.0 229
1679938401778 230.0 230
1679938402328 231.0 231
1679938402509 232.0 232
1679938403093 233.0 233
1679938403242 234.0 234
1679938403868 235.0 235
1679938404031 236.0 236
1679938404671 237.0 237
1679938404831 238.0 238
1679938405363 239.0 239
1679938405504 240.0 240
1679938406081 241.0 241
1679938406235 242.0 242
1679938406760 243.0 243
1679938406893 244.0 244
1679938407383 245.0 245
1679938407542 246.0 246
1679938408083 247.0 247
1679938408221 248.0 248
1679938408752 249.0 249
1679938408930 250.0 250
1679938409504 251.0 251
1679938409641 252.0 252
1679938410131 253.0 253
1679938410273 254.0 254
1679938410788 255.0 255
1679938410929 256.0 256
1679938411517 257.0 257
1679938411651 258.0 258
1679938412179 259.0 259
1679938412323 260.0 260
1679938412834 261.0 261
1679938412984 262.0 262
1679938413587 263.0 263
1679938413731 264.0 264
1679938414225 265.0 265
1679938414375 266.0 266
1679938415044 267.0 267
1679938415178 268.0 268
1679938415672 269.0 269
1679938415815 270.0 270
1679938416349 271.0 271
1679938416486 272.0 272
1679938417002 273.0 273
1679938417142 274.0 274
1679938417628 275.0 275
1679938417759 276.0 276
1679938418261 277.0 277
1679938418427 278.0 278
1679938419009 279.0 279
1679938419151 280.0 280
1679938419664 281.0 281
1679938419825 282.0 282
1679938420407 283.0 283
1679938420542 284.0 284
1679938421044 285.0 285
1679938421273 286.0 286
1679938421779 287.0 287
1679938421923 288.0 288
1679938422428 289.0 289
1679938422584 290.0 290
1679938423063 291.0 291
1679938423199 292.0 292
1679938423711 293.0 293
1679938423884 294.0 294
1679938424449 295.0 295
1679938424586 296.0 296
1679938425160 297.0 297
1679938425326 298.0 298
1679938425892 299.0 299
1679938426045 300.0 300
1679938426171 301.0 301
