1679938325122 45.2033860155785 1
1679938325818 16.834887693064115 3
1679938326524 5.604262181264581 5
1679938327130 2.7979921285780947 7
1679938327754 1.9217771098224303 9
1679938328448 1.469011789856124 11
1679938329083 1.2281343927993436 13
1679938329697 1.103020089934705 15
1679938330333 1.0387397766454514 17
1679938331036 0.8171716729502349 19
1679938331642 0.787375111984679 21
1679938332262 0.6407769436254335 23
1679938332965 0.6713327348039336 25
1679938333654 0.6457130129316924 27
1679938334285 0.5713741949216036 29
1679938334885 0.6336672043290954 31
1679938335508 0.5670177362514778 33
1679938336287 0.5584721568615703 35
1679938336912 0.48212008619315383 37
1679938337589 0.48579926157528674 39
1679938338228 0.522538608669964 41
1679938338954 0.45555521406982363 43
1679938339571 0.523615426127764 45
1679938340200 0.4417455756806528 47
1679938340799 0.37513050559608135 49
1679938341508 0.3754113616056561 51
1679938342221 0.3678585615870607 53
1679938343022 0.3028194818573186 55
1679938343706 0.2672143064493649 57
1679938344490 0.3331759176099811 59
1679938345152 0.3397611141970805 61
1679938345823 0.3657430531903853 63
1679938346682 0.2967783879895269 65
1679938347297 0.24576128357890448 67
1679938347946 0.4851613103468019 69
1679938348567 0.3225542569655463 71
1679938349202 0.22041972001898524 73
1679938349890 0.38055632179517945 75
1679938350499 0.3053955368744797 77
1679938351116 0.5216083466355896 79
1679938351855 0.6611073998088877 81
1679938352477 0.33463317353089966 83
1679938353205 0.23534387068026502 85
1679938353978 0.19204734602068477 87
1679938354579 0.16604693594671538 89
1679938355306 0.17943547592787265 91
1679938355913 0.16940160346576008 93
1679938356556 0.15040194550696948 95
1679938357265 0.16537355125627834 97
1679938357880 0.19106851827602145 99
1679938358493 0.2110376805484603 101
1679938359131 0.21429536684745001 103
1679938359818 0.15963488632777192 105
1679938360541 0.16342295231787593 107
1679938361170 0.153561786367868 109
1679938361803 0.1600363495655236 111
1679938362513 0.3290540054213731 113
1679938363165 0.2001243928425139 115
1679938363890 0.13080177554406547 117
1679938364517 0.11164837676040637 119
1679938365134 0.1300980437107291 121
1679938365836 0.1189295268985213 123
1679938366457 0.11627833313328949 125
1679938367058 0.11360780243608905 127
1679938367789 0.12191414176810161 129
1679938368401 0.117973410010286 131
1679938369070 0.12522264391103224 133
1679938369804 0.116750156092145 135
1679938370421 0.12875792489018734 137
1679938371211 0.12288592264608367 139
1679938371930 0.13147262858361966 141
1679938372699 0.08566322654580728 143
1679938373431 0.11856275261700358 145
1679938374207 0.11249557458851624 147
1679938374896 0.09927066628638025 149
1679938375606 0.09655047466082069 151
1679938376349 0.08303430914296447 153
1679938376999 0.09961539404182838 155
1679938377686 0.11157700512292759 157
1679938378335 0.08903722411333936 159
1679938378986 0.0962317078291313 161
1679938379607 0.09074369504564747 163
1679938380219 0.08744388395153074 165
1679938380918 0.0954053639441252 167
1679938381630 0.08029395990069002 169
1679938382249 0.08611221698535411 171
1679938382941 0.08741506327148267 173
1679938383590 0.08307512262384813 175
1679938384306 0.08272957343747982 177
1679938384920 0.09350212475266846 179
1679938385545 0.09289803541629832 181
1679938386173 0.09176922636729772 183
1679938386908 0.08350767664346058 185
1679938387548 0.08575685742129001 187
1679938388302 0.08111865069015088 189
1679938388945 0.08899795720168799 191
1679938389559 0.08862527843889242 193
1679938390200 0.0853661909030655 195
1679938390905 0.08520747722203077 197
1679938391552 0.0776138644648562 199
1679938392267 0.08942182072248832 201
1679938392891 0.0795644089328338 203
1679938393598 0.07585079972618956 205
1679938394309 0.08599407578561091 207
1679938394925 0.08721230263767384 209
1679938395548 0.0875720457074943 211
1679938396178 0.082564912229068 213
1679938396812 0.07977256273270471 215
1679938397562 0.08170739479898928 217
1679938398209 0.07657061964115075 219
1679938398945 0.09301486869305596 221
1679938399609 0.08040816071389942 223
1679938400225 0.0852202111400264 225
1679938400945 0.09370865266498543 227
1679938401610 0.08229558902949526 229
1679938402320 0.09660306216780762 231
1679938403086 0.07878532950138319 233
1679938403858 0.090501717807714 235
1679938404663 0.08688224699340832 237
1679938405356 0.0797090511588182 239
1679938406073 0.07664017020882866 241
1679938406753 0.08262105362034575 243
1679938407375 0.0881151059291754 245
1679938408076 0.08140332135415733 247
1679938408744 0.09151836583692559 249
1679938409498 0.08424412909718987 251
1679938410123 0.0804053574683148 253
1679938410781 0.08502816002814342 255
1679938411511 0.08230653973440714 257
1679938412172 0.08556414473769636 259
1679938412827 0.07827534106166312 261
1679938413578 0.08091890448587828 263
1679938414218 0.08775678768273834 265
1679938415036 0.08582414835194722 267
1679938415665 0.09219960725170973 269
1679938416339 0.0864185754799533 271
1679938416996 0.085942949358752 273
1679938417621 0.08593845602406229 275
1679938418254 0.07607258204213259 277
1679938419000 0.0845458851756897 279
1679938419655 0.07394117091731683 281
1679938420401 0.07523272335716501 283
1679938421036 0.08841226369832195 285
1679938421771 0.08100648326039332 287
1679938422421 0.07973535509940316 289
1679938423056 0.08513664704584126 291
1679938423704 0.07883960635220119 293
1679938424437 0.08813639150841454 295
1679938425152 0.09001191628652239 297
1679938425885 0.08066179624323258 299
