1679918624398 0.0 1
1679918624620 0.0 2
1679918625974 0.0 3
1679918626233 0.0 4
1679918627740 0.0 5
1679918627940 0.0 6
1679918629304 0.0 7
1679918629506 0.0 8
1679918630914 0.0 9
1679918631115 0.0 10
1679918632453 0.0 11
1679918632654 0.0 12
1679918633974 0.0 13
1679918634247 0.0 14
1679918635528 0.0 15
1679918635731 0.0 16
1679918637005 0.0 17
1679918637261 0.0 18
1679918638619 0.0 19
1679918638821 0.0 20
1679918640224 0.0 21
1679918640418 0.0 22
1679918641733 0.0 23
1679918641997 0.0 24
1679918643280 0.0 25
1679918643477 0.0 26
1679918644743 0.0 27
1679918644936 0.0 28
1679918646230 0.0 29
1679918646415 0.0 30
1679918647680 0.0 31
1679918647866 0.0 32
1679918649140 0.0 33
1679918649404 0.0 34
1679918650705 0.0 35
1679918650922 0.0 36
1679918652208 0.0 37
1679918652396 0.0 38
1679918653755 0.0 39
1679918653962 0.0 40
1679918655174 0.0 41
1679918655373 0.0 42
1679918656847 0.0 43
1679918657042 0.0 44
1679918658338 0.0 45
1679918658537 0.0 46
1679918659845 0.0 47
1679918660061 0.0 48
1679918661423 0.0 49
1679918661648 0.0 50
1679918663062 0.0 51
1679918663282 0.0 52
1679918664791 0.0 53
1679918665007 0.0 54
1679918666448 0.0 55
1679918666663 0.0 56
1679918667963 0.0 57
1679918668166 0.0 58
1679918669480 0.0 59
1679918669680 0.0 60
1679918670996 0.0 61
1679918671200 0.0 62
1679918672602 0.0 63
1679918672799 0.0 64
1679918674116 0.0 65
1679918674316 0.0 66
1679918675621 0.0 67
1679918675832 0.0 68
1679918677144 0.0 69
1679918677350 0.0 70
1679918678676 0.0 71
1679918678887 0.0 72
1679918680304 0.0 73
1679918680505 0.0 74
1679918681856 0.0 75
1679918682059 0.0 76
1679918683357 0.0 77
1679918683572 0.0 78
1679918684948 0.0 79
1679918685156 0.0 80
1679918686504 0.0 81
1679918686701 0.0 82
1679918688083 0.0 83
1679918688282 0.0 84
1679918689596 0.0 85
1679918689803 0.0 86
1679918691185 0.0 87
1679918691403 0.0 88
1679918692792 0.0 89
1679918693008 0.0 90
1679918694405 0.0 91
1679918694623 0.0 92
1679918696092 0.0 93
1679918696296 0.0 94
1679918697588 0.0 95
1679918697800 0.0 96
1679918699125 0.0 97
1679918699327 0.0 98
1679918700691 0.0 99
1679918700905 0.0 100
1679918702211 0.0 101
1679918702412 0.0 102
1679918703782 0.0 103
1679918703980 0.0 104
1679918705283 0.0 105
1679918705484 0.0 106
1679918706820 0.0 107
1679918707026 0.0 108
1679918708326 0.0 109
1679918708536 0.0 110
1679918709835 0.0 111
1679918710047 0.0 112
1679918711433 0.0 113
1679918711638 0.0 114
1679918712944 0.0 115
1679918713154 0.0 116
1679918714478 0.0 117
1679918714677 0.0 118
1679918716031 0.0 119
1679918716231 0.0 120
1679918717534 0.0 121
1679918717742 0.0 122
1679918719145 0.0 123
1679918719354 0.0 124
1679918720671 0.0 125
1679918720898 0.0 126
1679918722336 0.0 127
1679918722553 0.0 128
1679918723961 0.0 129
1679918724178 0.0 130
1679918725596 0.0 131
1679918725810 0.0 132
1679918727196 0.0 133
1679918727398 0.0 134
1679918728732 0.0 135
1679918728938 0.0 136
1679918730237 0.0 137
1679918730445 0.0 138
1679918731782 0.0 139
1679918731990 0.0 140
1679918733317 0.0 141
1679918733608 0.0 142
1679918734895 0.0 143
1679918735097 0.0 144
1679918736398 0.0 145
1679918736612 0.0 146
1679918737933 0.0 147
1679918738136 0.0 148
1679918739455 0.0 149
1679918739657 0.0 150
1679918740999 0.0 151
1679918741294 0.0 152
1679918742675 0.0 153
1679918742894 0.0 154
1679918744241 0.0 155
1679918744473 0.0 156
1679918745751 0.0 157
1679918745961 0.0 158
1679918747305 0.0 159
1679918747525 0.0 160
1679918748917 0.0 161
1679918749269 0.0 162
1679918750714 0.0 163
1679918750946 0.0 164
1679918752406 0.0 165
1679918752639 0.0 166
1679918754098 0.0 167
1679918754350 0.0 168
1679918755818 0.0 169
1679918756037 0.0 170
1679918757440 0.0 171
1679918757640 0.0 172
1679918758953 0.0 173
1679918759151 0.0 174
1679918760478 0.0 175
1679918760690 0.0 176
1679918762052 0.0 177
1679918762251 0.0 178
1679918763588 0.0 179
1679918763792 0.0 180
1679918765211 0.0 181
1679918765422 0.0 182
1679918766742 0.0 183
1679918766946 0.0 184
1679918768307 0.0 185
1679918768518 0.0 186
1679918769858 0.0 187
1679918770057 0.0 188
1679918771387 0.0 189
1679918771596 0.0 190
1679918773001 0.0 191
1679918773212 0.0 192
1679918774556 0.0 193
1679918774766 0.0 194
1679918776186 0.0 195
1679918776387 0.0 196
1679918777724 0.0 197
1679918777936 0.0 198
1679918779287 0.0 199
1679918779487 0.0 200
1679918780883 0.0 201
1679918781100 0.0 202
1679918782516 0.0 203
1679918782757 0.0 204
1679918784192 0.0 205
1679918784414 0.0 206
1679918785842 0.0 207
1679918786075 0.0 208
1679918787442 0.0 209
1679918787648 0.0 210
1679918789089 0.0 211
1679918789288 0.0 212
1679918790585 0.0 213
1679918790798 0.0 214
1679918792131 0.0 215
1679918792338 0.0 216
1679918793657 0.0 217
1679918793866 0.0 218
1679918795219 0.0 219
1679918795420 0.0 220
1679918796954 0.0 221
1679918797173 0.0 222
1679918798555 0.0 223
1679918798755 0.0 224
1679918800199 0.0 225
1679918800407 0.0 226
1679918801746 0.0 227
1679918801958 0.0 228
1679918803309 0.0 229
1679918803531 0.0 230
1679918804954 0.0 231
1679918805161 0.0 232
1679918806460 0.0 233
1679918806675 0.0 234
1679918807973 0.0 235
1679918808182 0.0 236
1679918809458 0.0 237
1679918809654 0.0 238
1679918810971 0.0 239
1679918811196 0.0 240
1679918812532 0.0 241
1679918812730 0.0 242
1679918814088 0.0 243
1679918814285 0.0 244
1679918815542 0.0 245
1679918815746 0.0 246
1679918817085 0.0 247
1679918817283 0.0 248
1679918818578 0.0 249
1679918818777 0.0 250
1679918820139 0.0 251
1679918820345 0.0 252
1679918821680 0.0 253
1679918821877 0.0 254
1679918823138 0.0 255
1679918823374 0.0 256
1679918824682 0.0 257
1679918824889 0.0 258
1679918826207 0.0 259
1679918826404 0.0 260
1679918827749 0.0 261
1679918827942 0.0 262
1679918829274 0.0 263
1679918829498 0.0 264
1679918830767 0.0 265
1679918830975 0.0 266
1679918832279 0.0 267
1679918832478 0.0 268
1679918833787 0.0 269
1679918834058 0.0 270
1679918835328 0.0 271
1679918835564 0.0 272
1679918837130 0.0 273
1679918837350 0.0 274
1679918838768 0.0 275
1679918838969 0.0 276
1679918840226 0.0 277
1679918840432 0.0 278
1679918841771 0.0 279
1679918842054 0.0 280
1679918843347 0.0 281
1679918843558 0.0 282
1679918844839 0.0 283
1679918845036 0.0 284
1679918846325 0.0 285
1679918846546 0.0 286
1679918847807 0.0 287
1679918848008 0.0 288
1679918849318 0.0 289
1679918849590 0.0 290
1679918850882 0.0 291
1679918851096 0.0 292
1679918852405 0.0 293
1679918852605 0.0 294
1679918853924 0.0 295
1679918854125 0.0 296
1679918855414 0.0 297
1679918855621 0.0 298
1679918857024 0.0 299
1679918857227 0.0 300
1679918857369 0.0 301
