1679918624415 1.0 1
1679918624635 2.0 2
1679918625998 3.0 3
1679918626247 4.0 4
1679918627756 5.0 5
1679918627955 6.0 6
1679918629318 7.0 7
1679918629522 8.0 8
1679918630928 9.0 9
1679918631130 10.0 10
1679918632467 11.0 11
1679918632668 12.0 12
1679918633988 13.0 13
1679918634261 14.0 14
1679918635544 15.0 15
1679918635747 16.0 16
1679918637020 17.0 17
1679918637276 18.0 18
1679918638634 19.0 19
1679918638843 20.0 20
1679918640238 21.0 21
1679918640431 22.0 22
1679918641746 23.0 23
1679918642011 24.0 24
1679918643293 25.0 25
1679918643490 26.0 26
1679918644764 27.0 27
1679918644950 28.0 28
1679918646243 29.0 29
1679918646428 30.0 30
1679918647696 31.0 31
1679918647878 32.0 32
1679918649153 33.0 33
1679918649417 34.0 34
1679918650718 35.0 35
1679918650937 36.0 36
1679918652222 37.0 37
1679918652408 38.0 38
1679918653769 39.0 39
1679918653975 40.0 40
1679918655188 41.0 41
1679918655386 42.0 42
1679918656862 43.0 43
1679918657057 44.0 44
1679918658352 45.0 45
1679918658554 46.0 46
1679918659860 47.0 47
1679918660077 48.0 48
1679918661438 49.0 49
1679918661664 50.0 50
1679918663078 51.0 51
1679918663297 52.0 52
1679918664808 53.0 53
1679918665023 54.0 54
1679918666465 55.0 55
1679918666677 56.0 56
1679918667977 57.0 57
1679918668180 58.0 58
1679918669495 59.0 59
1679918669695 60.0 60
1679918671010 61.0 61
1679918671215 62.0 62
1679918672615 63.0 63
1679918672813 64.0 64
1679918674130 65.0 65
1679918674330 66.0 66
1679918675636 67.0 67
1679918675846 68.0 68
1679918677158 69.0 69
1679918677364 70.0 70
1679918678692 71.0 71
1679918678900 72.0 72
1679918680320 73.0 73
1679918680520 74.0 74
1679918681870 75.0 75
1679918682074 76.0 76
1679918683373 77.0 77
1679918683588 78.0 78
1679918684961 79.0 79
1679918685171 80.0 80
1679918686518 81.0 81
1679918686715 82.0 82
1679918688096 83.0 83
1679918688297 84.0 84
1679918689610 85.0 85
1679918689820 86.0 86
1679918691200 87.0 87
1679918691416 88.0 88
1679918692805 89.0 89
1679918693022 90.0 90
1679918694420 91.0 91
1679918694637 92.0 92
1679918696105 93.0 93
1679918696311 94.0 94
1679918697603 95.0 95
1679918697815 96.0 96
1679918699138 97.0 97
1679918699340 98.0 98
1679918700706 99.0 99
1679918700920 100.0 100
1679918702225 101.0 101
1679918702426 102.0 102
1679918703796 103.0 103
1679918703994 104.0 104
1679918705295 105.0 105
1679918705499 106.0 106
1679918706834 107.0 107
1679918707038 108.0 108
1679918708339 109.0 109
1679918708553 110.0 110
1679918709850 111.0 111
1679918710062 112.0 112
1679918711448 113.0 113
1679918711653 114.0 114
1679918712959 115.0 115
1679918713168 116.0 116
1679918714493 117.0 117
1679918714690 118.0 118
1679918716047 119.0 119
1679918716245 120.0 120
1679918717548 121.0 121
1679918717756 122.0 122
1679918719159 123.0 123
1679918719368 124.0 124
1679918720686 125.0 125
1679918720913 126.0 126
1679918722351 127.0 127
1679918722569 128.0 128
1679918723977 129.0 129
1679918724192 130.0 130
1679918725612 131.0 131
1679918725826 132.0 132
1679918727210 133.0 133
1679918727414 134.0 134
1679918728746 135.0 135
1679918728954 136.0 136
1679918730250 137.0 137
1679918730458 138.0 138
1679918731799 139.0 139
1679918732005 140.0 140
1679918733332 141.0 141
1679918733622 142.0 142
1679918734907 143.0 143
1679918735111 144.0 144
1679918736412 145.0 145
1679918736625 146.0 146
1679918737948 147.0 147
1679918738152 148.0 148
1679918739468 149.0 149
1679918739670 150.0 150
1679918741014 151.0 151
1679918741311 152.0 152
1679918742690 153.0 153
1679918742908 154.0 154
1679918744257 155.0 155
1679918744488 156.0 156
1679918745765 157.0 157
1679918745976 158.0 158
1679918747318 159.0 159
1679918747539 160.0 160
1679918748931 161.0 161
1679918749284 162.0 162
1679918750728 163.0 163
1679918750961 164.0 164
1679918752423 165.0 165
1679918752654 166.0 166
1679918754115 167.0 167
1679918754364 168.0 168
1679918755834 169.0 169
1679918756050 170.0 170
1679918757453 171.0 171
1679918757653 172.0 172
1679918758967 173.0 173
1679918759165 174.0 174
1679918760492 175.0 175
1679918760705 176.0 176
1679918762068 177.0 177
1679918762266 178.0 178
1679918763601 179.0 179
1679918763807 180.0 180
1679918765227 181.0 181
1679918765436 182.0 182
1679918766757 183.0 183
1679918766961 184.0 184
1679918768321 185.0 185
1679918768532 186.0 186
1679918769872 187.0 187
1679918770070 188.0 188
1679918771401 189.0 189
1679918771610 190.0 190
1679918773015 191.0 191
1679918773226 192.0 192
1679918774570 193.0 193
1679918774779 194.0 194
1679918776200 195.0 195
1679918776404 196.0 196
1679918777738 197.0 197
1679918777952 198.0 198
1679918779301 199.0 199
1679918779500 200.0 200
1679918780900 201.0 201
1679918781115 202.0 202
1679918782531 203.0 203
1679918782774 204.0 204
1679918784207 205.0 205
1679918784429 206.0 206
1679918785857 207.0 207
1679918786089 208.0 208
1679918787456 209.0 209
1679918787662 210.0 210
1679918789103 211.0 211
1679918789302 212.0 212
1679918790599 213.0 213
1679918790811 214.0 214
1679918792144 215.0 215
1679918792353 216.0 216
1679918793671 217.0 217
1679918793881 218.0 218
1679918795232 219.0 219
1679918795434 220.0 220
1679918796969 221.0 221
1679918797187 222.0 222
1679918798569 223.0 223
1679918798769 224.0 224
1679918800212 225.0 225
1679918800421 226.0 226
1679918801761 227.0 227
1679918801972 228.0 228
1679918803324 229.0 229
1679918803549 230.0 230
1679918804967 231.0 231
1679918805176 232.0 232
1679918806476 233.0 233
1679918806691 234.0 234
1679918807987 235.0 235
1679918808196 236.0 236
1679918809472 237.0 237
1679918809668 238.0 238
1679918810986 239.0 239
1679918811210 240.0 240
1679918812546 241.0 241
1679918812744 242.0 242
1679918814104 243.0 243
1679918814299 244.0 244
1679918815555 245.0 245
1679918815760 246.0 246
1679918817098 247.0 247
1679918817297 248.0 248
1679918818591 249.0 249
1679918818792 250.0 250
1679918820155 251.0 251
1679918820359 252.0 252
1679918821694 253.0 253
1679918821891 254.0 254
1679918823153 255.0 255
1679918823397 256.0 256
1679918824698 257.0 257
1679918824904 258.0 258
1679918826221 259.0 259
1679918826417 260.0 260
1679918827762 261.0 261
1679918827957 262.0 262
1679918829288 263.0 263
1679918829511 264.0 264
1679918830781 265.0 265
1679918830988 266.0 266
1679918832292 267.0 267
1679918832492 268.0 268
1679918833800 269.0 269
1679918834071 270.0 270
1679918835351 271.0 271
1679918835580 272.0 272
1679918837146 273.0 273
1679918837366 274.0 274
1679918838781 275.0 275
1679918838982 276.0 276
1679918840239 277.0 277
1679918840447 278.0 278
1679918841785 279.0 279
1679918842071 280.0 280
1679918843362 281.0 281
1679918843571 282.0 282
1679918844852 283.0 283
1679918845050 284.0 284
1679918846339 285.0 285
1679918846560 286.0 286
1679918847820 287.0 287
1679918848022 288.0 288
1679918849331 289.0 289
1679918849605 290.0 290
1679918850897 291.0 291
1679918851110 292.0 292
1679918852419 293.0 293
1679918852618 294.0 294
1679918853937 295.0 295
1679918854139 296.0 296
1679918855428 297.0 297
1679918855641 298.0 298
1679918857038 299.0 299
1679918857242 300.0 300
1679918857383 301.0 301
