1679918624409 24584.0 1
1679918624630 24584.0 2
1679918625987 24584.0 3
1679918626241 24584.0 4
1679918627750 24584.0 5
1679918627949 24584.0 6
1679918629312 24584.0 7
1679918629516 24584.0 8
1679918630921 24584.0 9
1679918631123 24584.0 10
1679918632461 24584.0 11
1679918632662 24584.0 12
1679918633982 24584.0 13
1679918634255 24584.0 14
1679918635537 24584.0 15
1679918635739 24584.0 16
1679918637014 24584.0 17
1679918637269 24584.0 18
1679918638627 24584.0 19
1679918638834 24584.0 20
1679918640233 24584.0 21
1679918640425 24584.0 22
1679918641740 24584.0 23
1679918642004 24584.0 24
1679918643288 24584.0 25
1679918643485 24584.0 26
1679918644759 24584.0 27
1679918644943 24584.0 28
1679918646237 24584.0 29
1679918646422 24584.0 30
1679918647689 24584.0 31
1679918647873 24584.0 32
1679918649147 24584.0 33
1679918649412 24584.0 34
1679918650713 24584.0 35
1679918650930 24584.0 36
1679918652216 24584.0 37
1679918652403 24584.0 38
1679918653763 24584.0 39
1679918653970 24584.0 40
1679918655182 24584.0 41
1679918655381 24584.0 42
1679918656856 24584.0 43
1679918657051 24584.0 44
1679918658347 24584.0 45
1679918658547 24584.0 46
1679918659854 24584.0 47
1679918660071 24584.0 48
1679918661431 24584.0 49
1679918661658 24584.0 50
1679918663070 24584.0 51
1679918663290 24584.0 52
1679918664800 24584.0 53
1679918665017 24584.0 54
1679918666458 24584.0 55
1679918666671 24584.0 56
1679918667970 24584.0 57
1679918668175 24584.0 58
1679918669487 24584.0 59
1679918669688 24584.0 60
1679918671003 24584.0 61
1679918671208 24584.0 62
1679918672609 24584.0 63
1679918672806 24584.0 64
1679918674124 24584.0 65
1679918674323 24584.0 66
1679918675629 24584.0 67
1679918675840 24584.0 68
1679918677153 24584.0 69
1679918677358 24584.0 70
1679918678685 24584.0 71
1679918678894 24584.0 72
1679918680314 24584.0 73
1679918680514 24584.0 74
1679918681864 24584.0 75
1679918682067 24584.0 76
1679918683366 24584.0 77
1679918683581 24584.0 78
1679918684954 24584.0 79
1679918685165 24584.0 80
1679918686513 24584.0 81
1679918686708 24584.0 82
1679918688090 24584.0 83
1679918688292 24584.0 84
1679918689604 24584.0 85
1679918689814 24584.0 86
1679918691194 24584.0 87
1679918691410 24584.0 88
1679918692799 24584.0 89
1679918693017 24584.0 90
1679918694414 24584.0 91
1679918694631 24584.0 92
1679918696099 24584.0 93
1679918696305 24584.0 94
1679918697597 24584.0 95
1679918697810 24584.0 96
1679918699133 24584.0 97
1679918699335 24584.0 98
1679918700700 24584.0 99
1679918700913 24584.0 100
1679918702220 24584.0 101
1679918702419 24584.0 102
1679918703789 24584.0 103
1679918703989 24584.0 104
1679918705290 24584.0 105
1679918705493 24584.0 106
1679918706829 24584.0 107
1679918707033 24584.0 108
1679918708334 24584.0 109
1679918708547 24584.0 110
1679918709844 24584.0 111
1679918710056 24584.0 112
1679918711441 24584.0 113
1679918711647 24584.0 114
1679918712953 24584.0 115
1679918713163 24584.0 116
1679918714487 24584.0 117
1679918714684 24584.0 118
1679918716040 24584.0 119
1679918716239 24584.0 120
1679918717542 24584.0 121
1679918717750 24584.0 122
1679918719153 24584.0 123
1679918719362 24584.0 124
1679918720680 24584.0 125
1679918720907 24584.0 126
1679918722344 24584.0 127
1679918722562 24584.0 128
1679918723972 24584.0 129
1679918724186 24584.0 130
1679918725605 24584.0 131
1679918725819 24584.0 132
1679918727204 24584.0 133
1679918727407 24584.0 134
1679918728740 24584.0 135
1679918728948 24584.0 136
1679918730245 24584.0 137
1679918730453 24584.0 138
1679918731791 24584.0 139
1679918731999 24584.0 140
1679918733325 24584.0 141
1679918733615 24584.0 142
1679918734901 24584.0 143
1679918735105 24584.0 144
1679918736406 24584.0 145
1679918736619 24584.0 146
1679918737942 24584.0 147
1679918738146 24584.0 148
1679918739463 24584.0 149
1679918739665 24584.0 150
1679918741007 24584.0 151
1679918741304 24584.0 152
1679918742684 24584.0 153
1679918742902 24584.0 154
1679918744251 24584.0 155
1679918744481 24584.0 156
1679918745759 24584.0 157
1679918745970 24584.0 158
1679918747312 24584.0 159
1679918747533 24584.0 160
1679918748925 24584.0 161
1679918749277 24584.0 162
1679918750722 24584.0 163
1679918750955 24584.0 164
1679918752417 24584.0 165
1679918752648 24584.0 166
1679918754108 24584.0 167
1679918754358 24584.0 168
1679918755827 24584.0 169
1679918756044 24584.0 170
1679918757447 24584.0 171
1679918757648 24584.0 172
1679918758961 24584.0 173
1679918759158 24584.0 174
1679918760486 24584.0 175
1679918760699 24584.0 176
1679918762062 24584.0 177
1679918762259 24584.0 178
1679918763595 24584.0 179
1679918763802 24584.0 180
1679918765220 24584.0 181
1679918765430 24584.0 182
1679918766751 24584.0 183
1679918766954 24584.0 184
1679918768315 24584.0 185
1679918768526 24584.0 186
1679918769866 24584.0 187
1679918770065 24584.0 188
1679918771395 24584.0 189
1679918771604 24584.0 190
1679918773009 24584.0 191
1679918773220 24584.0 192
1679918774564 24584.0 193
1679918774773 24584.0 194
1679918776194 24584.0 195
1679918776397 24584.0 196
1679918777732 24584.0 197
1679918777945 24584.0 198
1679918779295 24584.0 199
1679918779494 24584.0 200
1679918780892 24584.0 201
1679918781109 24584.0 202
1679918782525 24584.0 203
1679918782768 24584.0 204
1679918784201 24584.0 205
1679918784423 24584.0 206
1679918785851 24584.0 207
1679918786083 24584.0 208
1679918787450 24584.0 209
1679918787656 24584.0 210
1679918789098 24584.0 211
1679918789296 24584.0 212
1679918790593 24584.0 213
1679918790805 24584.0 214
1679918792139 24584.0 215
1679918792346 24584.0 216
1679918793665 24584.0 217
1679918793876 24584.0 218
1679918795226 24584.0 219
1679918795428 24584.0 220
1679918796963 24584.0 221
1679918797181 24584.0 222
1679918798562 24584.0 223
1679918798764 24584.0 224
1679918800207 24584.0 225
1679918800416 24584.0 226
1679918801753 24584.0 227
1679918801966 24584.0 228
1679918803318 24584.0 229
1679918803541 24584.0 230
1679918804963 24584.0 231
1679918805170 24584.0 232
1679918806469 24584.0 233
1679918806684 24584.0 234
1679918807981 24584.0 235
1679918808190 24584.0 236
1679918809465 24584.0 237
1679918809662 24584.0 238
1679918810980 24584.0 239
1679918811204 24584.0 240
1679918812540 24584.0 241
1679918812738 24584.0 242
1679918814096 24584.0 243
1679918814293 24584.0 244
1679918815549 24584.0 245
1679918815754 24584.0 246
1679918817092 24584.0 247
1679918817291 24584.0 248
1679918818586 24584.0 249
1679918818786 24584.0 250
1679918820149 24584.0 251
1679918820353 24584.0 252
1679918821688 24584.0 253
1679918821885 24584.0 254
1679918823146 24584.0 255
1679918823389 24584.0 256
1679918824692 24584.0 257
1679918824898 24584.0 258
1679918826215 24584.0 259
1679918826411 24584.0 260
1679918827757 24584.0 261
1679918827951 24584.0 262
1679918829282 24584.0 263
1679918829506 24584.0 264
1679918830774 24584.0 265
1679918830983 24584.0 266
1679918832287 24584.0 267
1679918832486 24584.0 268
1679918833795 24584.0 269
1679918834066 24584.0 270
1679918835337 24584.0 271
1679918835572 24584.0 272
1679918837138 24584.0 273
1679918837359 24584.0 274
1679918838776 24584.0 275
1679918838976 24584.0 276
1679918840234 24584.0 277
1679918840441 24584.0 278
1679918841779 24584.0 279
1679918842065 24584.0 280
1679918843355 24584.0 281
1679918843566 24584.0 282
1679918844847 24584.0 283
1679918845044 24584.0 284
1679918846334 24584.0 285
1679918846554 24584.0 286
1679918847815 24584.0 287
1679918848017 24584.0 288
1679918849326 24584.0 289
1679918849598 24584.0 290
1679918850890 24584.0 291
1679918851105 24584.0 292
1679918852412 24584.0 293
1679918852613 24584.0 294
1679918853932 24584.0 295
1679918854133 24584.0 296
1679918855423 24584.0 297
1679918855632 24584.0 298
1679918857032 24584.0 299
1679918857236 24584.0 300
1679918857376 24584.0 301
