1679918624414 0.0 1
1679918624633 0.0 2
1679918625994 0.0 3
1679918626245 0.0 4
1679918627754 0.0 5
1679918627953 0.0 6
1679918629316 0.0 7
1679918629520 0.0 8
1679918630925 0.0 9
1679918631128 0.0 10
1679918632465 0.0 11
1679918632666 0.0 12
1679918633986 0.0 13
1679918634259 0.0 14
1679918635542 0.0 15
1679918635744 0.0 16
1679918637018 0.0 17
1679918637274 0.0 18
1679918638632 0.0 19
1679918638839 0.0 20
1679918640237 0.0 21
1679918640428 0.0 22
1679918641744 0.0 23
1679918642008 0.0 24
1679918643291 0.0 25
1679918643488 0.0 26
1679918644762 0.0 27
1679918644948 0.0 28
1679918646240 0.0 29
1679918646426 0.0 30
1679918647694 0.0 31
1679918647877 0.0 32
1679918649151 0.0 33
1679918649415 0.0 34
1679918650717 0.0 35
1679918650935 0.0 36
1679918652219 0.0 37
1679918652407 0.0 38
1679918653767 0.0 39
1679918653974 0.0 40
1679918655186 0.0 41
1679918655384 0.0 42
1679918656859 0.0 43
1679918657055 0.0 44
1679918658350 0.0 45
1679918658552 0.0 46
1679918659858 0.0 47
1679918660075 0.0 48
1679918661435 0.0 49
1679918661662 0.0 50
1679918663076 0.0 51
1679918663295 0.0 52
1679918664805 0.0 53
1679918665021 0.0 54
1679918666463 0.0 55
1679918666676 0.0 56
1679918667975 0.0 57
1679918668178 0.0 58
1679918669493 0.0 59
1679918669693 0.0 60
1679918671007 0.0 61
1679918671213 0.0 62
1679918672613 0.0 63
1679918672811 0.0 64
1679918674128 0.0 65
1679918674327 0.0 66
1679918675634 0.0 67
1679918675844 0.0 68
1679918677156 0.0 69
1679918677361 0.0 70
1679918678689 0.0 71
1679918678898 0.0 72
1679918680318 0.0 73
1679918680518 0.0 74
1679918681868 0.0 75
1679918682072 0.0 76
1679918683370 0.0 77
1679918683586 0.0 78
1679918684958 0.0 79
1679918685169 0.0 80
1679918686516 0.0 81
1679918686713 0.0 82
1679918688094 0.0 83
1679918688296 0.0 84
1679918689608 0.0 85
1679918689818 0.0 86
1679918691197 0.0 87
1679918691414 0.0 88
1679918692804 0.0 89
1679918693020 0.0 90
1679918694418 0.0 91
1679918694635 0.0 92
1679918696104 0.0 93
1679918696309 0.0 94
1679918697601 0.0 95
1679918697813 0.0 96
1679918699136 0.0 97
1679918699339 0.0 98
1679918700704 0.0 99
1679918700918 0.0 100
1679918702223 0.0 101
1679918702424 0.0 102
1679918703794 0.0 103
1679918703992 0.0 104
1679918705295 0.0 105
1679918705497 0.0 106
1679918706833 0.0 107
1679918707037 0.0 108
1679918708337 0.0 109
1679918708551 0.0 110
1679918709848 0.0 111
1679918710060 0.0 112
1679918711446 0.0 113
1679918711650 0.0 114
1679918712957 0.0 115
1679918713166 0.0 116
1679918714492 0.0 117
1679918714688 0.0 118
1679918716044 0.0 119
1679918716243 0.0 120
1679918717547 0.0 121
1679918717754 0.0 122
1679918719157 0.0 123
1679918719366 0.0 124
1679918720684 0.0 125
1679918720912 0.0 126
1679918722348 0.0 127
1679918722567 0.0 128
1679918723975 0.0 129
1679918724190 0.0 130
1679918725609 0.0 131
1679918725824 0.0 132
1679918727208 0.0 133
1679918727411 0.0 134
1679918728744 0.0 135
1679918728952 0.0 136
1679918730248 0.0 137
1679918730457 0.0 138
1679918731796 0.0 139
1679918732003 0.0 140
1679918733329 0.0 141
1679918733620 0.0 142
1679918734905 0.0 143
1679918735109 0.0 144
1679918736410 0.0 145
1679918736623 0.0 146
1679918737946 0.0 147
1679918738150 0.0 148
1679918739467 0.0 149
1679918739668 0.0 150
1679918741012 0.0 151
1679918741309 0.0 152
1679918742688 0.0 153
1679918742906 0.0 154
1679918744255 0.0 155
1679918744485 0.0 156
1679918745763 0.0 157
1679918745974 0.0 158
1679918747316 0.0 159
1679918747537 0.0 160
1679918748929 0.0 161
1679918749282 0.0 162
1679918750726 0.0 163
1679918750958 0.0 164
1679918752421 0.0 165
1679918752652 0.0 166
1679918754113 0.0 167
1679918754362 0.0 168
1679918755832 0.0 169
1679918756048 0.0 170
1679918757451 0.0 171
1679918757652 0.0 172
1679918758965 0.0 173
1679918759163 0.0 174
1679918760489 0.0 175
1679918760703 0.0 176
1679918762066 0.0 177
1679918762264 0.0 178
1679918763599 0.0 179
1679918763805 0.0 180
1679918765225 0.0 181
1679918765434 0.0 182
1679918766755 0.0 183
1679918766958 0.0 184
1679918768319 0.0 185
1679918768530 0.0 186
1679918769870 0.0 187
1679918770069 0.0 188
1679918771398 0.0 189
1679918771608 0.0 190
1679918773013 0.0 191
1679918773225 0.0 192
1679918774568 0.0 193
1679918774777 0.0 194
1679918776198 0.0 195
1679918776402 0.0 196
1679918777736 0.0 197
1679918777948 0.0 198
1679918779298 0.0 199
1679918779498 0.0 200
1679918780898 0.0 201
1679918781113 0.0 202
1679918782529 0.0 203
1679918782772 0.0 204
1679918784205 0.0 205
1679918784427 0.0 206
1679918785855 0.0 207
1679918786088 0.0 208
1679918787454 0.0 209
1679918787660 0.0 210
1679918789101 0.0 211
1679918789300 0.0 212
1679918790597 0.0 213
1679918790809 0.0 214
1679918792142 0.0 215
1679918792351 0.0 216
1679918793669 0.0 217
1679918793879 0.0 218
1679918795230 0.0 219
1679918795433 0.0 220
1679918796967 0.0 221
1679918797185 0.0 222
1679918798566 0.0 223
1679918798768 0.0 224
1679918800210 0.0 225
1679918800420 0.0 226
1679918801758 0.0 227
1679918801970 0.0 228
1679918803322 0.0 229
1679918803547 0.0 230
1679918804966 0.0 231
1679918805174 0.0 232
1679918806474 0.0 233
1679918806689 0.0 234
1679918807985 0.0 235
1679918808194 0.0 236
1679918809469 0.0 237
1679918809666 0.0 238
1679918810984 0.0 239
1679918811208 0.0 240
1679918812544 0.0 241
1679918812742 0.0 242
1679918814101 0.0 243
1679918814297 0.0 244
1679918815553 0.0 245
1679918815758 0.0 246
1679918817096 0.0 247
1679918817295 0.0 248
1679918818589 0.0 249
1679918818790 0.0 250
1679918820153 0.0 251
1679918820357 0.0 252
1679918821691 0.0 253
1679918821888 0.0 254
1679918823151 0.0 255
1679918823395 0.0 256
1679918824696 0.0 257
1679918824902 0.0 258
1679918826219 0.0 259
1679918826415 0.0 260
1679918827760 0.0 261
1679918827955 0.0 262
1679918829286 0.0 263
1679918829509 0.0 264
1679918830779 0.0 265
1679918830987 0.0 266
1679918832291 0.0 267
1679918832490 0.0 268
1679918833799 0.0 269
1679918834069 0.0 270
1679918835346 0.0 271
1679918835577 0.0 272
1679918837144 0.0 273
1679918837363 0.0 274
1679918838779 0.0 275
1679918838979 0.0 276
1679918840238 0.0 277
1679918840445 0.0 278
1679918841783 0.0 279
1679918842069 0.0 280
1679918843360 0.0 281
1679918843570 0.0 282
1679918844850 0.0 283
1679918845048 0.0 284
1679918846337 0.0 285
1679918846558 0.0 286
1679918847819 0.0 287
1679918848020 0.0 288
1679918849330 0.0 289
1679918849603 0.0 290
1679918850895 0.0 291
1679918851109 0.0 292
1679918852417 0.0 293
1679918852617 0.0 294
1679918853935 0.0 295
1679918854137 0.0 296
1679918855427 0.0 297
1679918855638 0.0 298
1679918857036 0.0 299
1679918857240 0.0 300
1679918857379 0.0 301
