1680272931671 0.0 1
1680272931845 0.0 2
1680272932924 0.0 3
1680272933072 0.0 4
1680272934071 0.0 5
1680272934220 0.0 6
1680272935204 0.0 7
1680272935359 0.0 8
1680272936347 0.0 9
1680272936501 0.0 10
1680272937438 0.0 11
1680272937672 0.0 12
1680272938588 0.0 13
1680272938727 0.0 14
1680272939639 0.0 15
1680272939779 0.0 16
1680272940781 0.0 17
1680272940922 0.0 18
1680272941834 0.0 19
1680272941972 0.0 20
1680272942861 0.0 21
1680272943034 0.0 22
1680272943940 0.0 23
1680272944086 0.0 24
1680272945012 0.0 25
1680272945152 0.0 26
1680272946140 0.0 27
1680272946291 0.0 28
1680272947274 0.0 29
1680272947419 0.0 30
1680272948325 0.0 31
1680272948564 0.0 32
1680272949477 0.0 33
1680272949619 0.0 34
1680272950550 0.0 35
1680272950691 0.0 36
1680272951660 0.0 37
1680272951806 0.0 38
1680272952729 0.0 39
1680272952874 0.0 40
1680272953834 0.0 41
1680272954004 0.0 42
1680272954985 0.0 43
1680272955126 0.0 44
1680272956027 0.0 45
1680272956170 0.0 46
1680272957154 0.0 47
1680272957307 0.0 48
1680272958218 0.0 49
1680272958366 0.0 50
1680272959274 0.0 51
1680272959438 0.0 52
1680272960355 0.0 53
1680272960498 0.0 54
1680272961480 0.0 55
1680272961635 0.0 56
1680272962715 0.0 57
1680272962876 0.0 58
1680272963860 0.0 59
1680272964024 0.0 60
1680272965004 0.0 61
1680272965189 0.0 62
1680272966229 0.0 63
1680272966375 0.0 64
1680272967274 0.0 65
1680272967417 0.0 66
1680272968336 0.0 67
1680272968478 0.0 68
1680272969404 0.0 69
1680272969551 0.0 70
1680272970484 0.0 71
1680272970660 0.0 72
1680272971670 0.0 73
1680272971816 0.0 74
1680272972717 0.0 75
1680272972863 0.0 76
1680272973857 0.0 77
1680272974004 0.0 78
1680272974942 0.0 79
1680272975090 0.0 80
1680272976045 0.0 81
1680272976224 0.0 82
1680272977180 0.0 83
1680272977323 0.0 84
1680272978233 0.0 85
1680272978380 0.0 86
1680272979387 0.0 87
1680272979529 0.0 88
1680272980509 0.0 89
1680272980652 0.0 90
1680272981596 0.0 91
1680272981762 0.0 92
1680272982794 0.0 93
1680272982941 0.0 94
1680272983847 0.0 95
1680272983990 0.0 96
1680272984896 0.0 97
1680272985044 0.0 98
1680272985972 0.0 99
1680272986122 0.0 100
1680272987053 0.0 101
1680272987229 0.0 102
1680272988194 0.0 103
1680272988338 0.0 104
1680272989260 0.0 105
1680272989410 0.0 106
1680272990418 0.0 107
1680272990569 0.0 108
1680272991558 0.0 109
1680272991715 0.0 110
1680272992717 0.0 111
1680272992902 0.0 112
1680272993889 0.0 113
1680272994051 0.0 114
1680272995045 0.0 115
1680272995205 0.0 116
1680272996262 0.0 117
1680272996408 0.0 118
1680272997340 0.0 119
1680272997494 0.0 120
1680272998470 0.0 121
1680272998649 0.0 122
1680272999649 0.0 123
1680272999799 0.0 124
1680273000726 0.0 125
1680273000872 0.0 126
1680273001800 0.0 127
1680273001948 0.0 128
1680273002847 0.0 129
1680273003003 0.0 130
1680273003952 0.0 131
1680273004134 0.0 132
1680273005145 0.0 133
1680273005292 0.0 134
1680273006210 0.0 135
1680273006357 0.0 136
1680273007320 0.0 137
1680273007553 0.0 138
1680273008478 0.0 139
1680273008626 0.0 140
1680273009541 0.0 141
1680273009695 0.0 142
1680273010601 0.0 143
1680273010748 0.0 144
1680273011683 0.0 145
1680273011828 0.0 146
1680273012808 0.0 147
1680273013043 0.0 148
1680273014032 0.0 149
1680273014182 0.0 150
1680273015117 0.0 151
1680273015308 0.0 152
1680273016311 0.0 153
1680273016460 0.0 154
1680273017400 0.0 155
1680273017556 0.0 156
1680273018530 0.0 157
1680273018685 0.0 158
1680273019668 0.0 159
1680273019822 0.0 160
1680273020776 0.0 161
1680273020956 0.0 162
1680273022014 0.0 163
1680273022181 0.0 164
1680273023188 0.0 165
1680273023357 0.0 166
1680273024357 0.0 167
1680273024597 0.0 168
1680273025582 0.0 169
1680273025744 0.0 170
1680273026720 0.0 171
1680273026899 0.0 172
1680273027808 0.0 173
1680273027960 0.0 174
1680273028906 0.0 175
1680273029056 0.0 176
1680273029972 0.0 177
1680273030199 0.0 178
1680273031131 0.0 179
1680273031284 0.0 180
1680273032202 0.0 181
1680273032362 0.0 182
1680273033363 0.0 183
1680273033513 0.0 184
1680273034476 0.0 185
1680273034628 0.0 186
1680273035559 0.0 187
1680273035724 0.0 188
1680273036672 0.0 189
1680273036826 0.0 190
1680273037758 0.0 191
1680273037947 0.0 192
1680273038978 0.0 193
1680273039140 0.0 194
1680273040114 0.0 195
1680273040264 0.0 196
1680273041204 0.0 197
1680273041440 0.0 198
1680273042368 0.0 199
1680273042520 0.0 200
1680273043446 0.0 201
1680273043647 0.0 202
1680273044609 0.0 203
1680273044764 0.0 204
1680273045706 0.0 205
1680273045855 0.0 206
1680273046778 0.0 207
1680273047013 0.0 208
1680273047907 0.0 209
1680273048064 0.0 210
1680273048993 0.0 211
1680273049176 0.0 212
1680273050186 0.0 213
1680273050342 0.0 214
1680273051281 0.0 215
1680273051455 0.0 216
1680273052452 0.0 217
1680273052620 0.0 218
1680273053625 0.0 219
1680273053791 0.0 220
1680273054821 0.0 221
1680273055019 0.0 222
1680273056123 0.0 223
1680273056292 0.0 224
1680273057256 0.0 225
1680273057411 0.0 226
1680273058348 0.0 227
1680273058503 0.0 228
1680273059505 0.0 229
1680273059657 0.0 230
1680273060607 0.0 231
1680273060776 0.0 232
1680273061733 0.0 233
1680273061904 0.0 234
1680273062814 0.0 235
1680273062966 0.0 236
1680273063896 0.0 237
1680273064048 0.0 238
1680273065051 0.0 239
1680273065210 0.0 240
1680273066159 0.0 241
1680273066345 0.0 242
1680273067415 0.0 243
1680273067571 0.0 244
1680273068555 0.0 245
1680273068720 0.0 246
1680273069675 0.0 247
1680273069833 0.0 248
1680273070788 0.0 249
1680273070941 0.0 250
1680273071906 0.0 251
1680273072093 0.0 252
1680273073167 0.0 253
1680273073327 0.0 254
1680273074301 0.0 255
1680273074470 0.0 256
1680273075473 0.0 257
1680273075631 0.0 258
1680273076659 0.0 259
1680273076818 0.0 260
1680273077741 0.0 261
1680273077926 0.0 262
1680273078855 0.0 263
1680273079013 0.0 264
1680273079942 0.0 265
1680273080100 0.0 266
1680273081035 0.0 267
1680273081193 0.0 268
1680273082294 0.0 269
1680273082469 0.0 270
1680273083515 0.0 271
1680273083714 0.0 272
1680273084799 0.0 273
1680273084970 0.0 274
1680273085989 0.0 275
1680273086163 0.0 276
1680273087105 0.0 277
1680273087259 0.0 278
1680273088214 0.0 279
1680273088371 0.0 280
1680273089319 0.0 281
1680273089506 0.0 282
1680273090524 0.0 283
1680273090683 0.0 284
1680273091650 0.0 285
1680273091829 0.0 286
1680273092816 0.0 287
1680273092985 0.0 288
1680273094055 0.0 289
1680273094222 0.0 290
1680273095223 0.0 291
1680273095426 0.0 292
1680273096462 0.0 293
1680273096636 0.0 294
1680273097647 0.0 295
1680273097822 0.0 296
1680273098829 0.0 297
1680273098996 0.0 298
1680273100123 0.0 299
1680273100297 0.0 300
1680273101462 0.0 301
1680273101661 0.0 302
1680273102820 0.0 303
1680273102991 0.0 304
1680273104004 0.0 305
1680273104182 0.0 306
1680273105225 0.0 307
1680273105409 0.0 308
1680273106518 0.0 309
1680273106696 0.0 310
1680273107682 0.0 311
1680273107856 0.0 312
1680273108981 0.0 313
1680273109173 0.0 314
1680273110246 0.0 315
1680273110442 0.0 316
1680273111495 0.0 317
1680273111683 0.0 318
1680273112825 0.0 319
1680273113025 0.0 320
1680273114059 0.0 321
1680273114246 0.0 322
1680273115281 0.0 323
1680273115469 0.0 324
1680273116533 0.0 325
1680273116716 0.0 326
1680273117787 0.0 327
1680273117988 0.0 328
1680273119134 0.0 329
1680273119335 0.0 330
1680273120382 0.0 331
1680273120567 0.0 332
1680273121621 0.0 333
1680273121879 0.0 334
1680273122875 0.0 335
1680273123054 0.0 336
1680273124084 0.0 337
1680273124270 0.0 338
1680273125307 0.0 339
1680273125489 0.0 340
1680273126573 0.0 341
1680273126774 0.0 342
1680273127997 0.0 343
1680273128198 0.0 344
1680273129261 0.0 345
1680273129449 0.0 346
1680273130501 0.0 347
1680273130677 0.0 348
1680273131781 0.0 349
1680273131969 0.0 350
1680273132960 0.0 351
1680273133124 0.0 352
1680273134135 0.0 353
1680273134306 0.0 354
1680273135374 0.0 355
1680273135534 0.0 356
1680273136577 0.0 357
1680273136736 0.0 358
1680273137732 0.0 359
1680273137922 0.0 360
1680273138888 0.0 361
1680273139057 0.0 362
1680273140023 0.0 363
1680273140293 0.0 364
1680273141321 0.0 365
1680273141489 0.0 366
1680273142582 0.0 367
1680273142746 0.0 368
1680273143759 0.0 369
1680273143931 0.0 370
1680273144922 0.0 371
1680273145087 0.0 372
1680273146044 0.0 373
1680273146305 0.0 374
1680273147296 0.0 375
1680273147464 0.0 376
1680273148456 0.0 377
1680273148627 0.0 378
1680273149693 0.0 379
1680273149861 0.0 380
1680273150848 0.0 381
1680273151015 0.0 382
1680273151997 0.0 383
1680273152159 0.0 384
1680273153075 0.0 385
1680273153249 0.0 386
1680273154214 0.0 387
1680273154404 0.0 388
1680273155459 0.0 389
1680273155636 0.0 390
1680273156617 0.0 391
1680273156778 0.0 392
1680273157730 0.0 393
1680273157977 0.0 394
1680273159000 0.0 395
1680273159215 0.0 396
1680273160654 0.0 397
1680273160895 0.0 398
1680273162155 0.0 399
1680273162410 0.0 400
1680273162568 0.0 401
