1680272931688 22728.0 1
1680272931854 22728.0 2
1680272932931 22728.0 3
1680272933080 22728.0 4
1680272934080 22728.0 5
1680272934227 22728.0 6
1680272935213 22728.0 7
1680272935367 22728.0 8
1680272936355 22728.0 9
1680272936507 22728.0 10
1680272937444 22728.0 11
1680272937680 22728.0 12
1680272938595 22728.0 13
1680272938733 22728.0 14
1680272939646 22728.0 15
1680272939787 22728.0 16
1680272940788 22728.0 17
1680272940928 22728.0 18
1680272941842 22728.0 19
1680272941979 22728.0 20
1680272942876 22728.0 21
1680272943043 22728.0 22
1680272943947 22728.0 23
1680272944092 22728.0 24
1680272945019 22728.0 25
1680272945159 22728.0 26
1680272946147 22728.0 27
1680272946298 22728.0 28
1680272947280 22728.0 29
1680272947428 22728.0 30
1680272948332 22728.0 31
1680272948571 22728.0 32
1680272949484 22728.0 33
1680272949634 22728.0 34
1680272950557 22728.0 35
1680272950697 22728.0 36
1680272951666 22728.0 37
1680272951813 22728.0 38
1680272952737 22728.0 39
1680272952880 22728.0 40
1680272953845 22728.0 41
1680272954010 22728.0 42
1680272954992 22728.0 43
1680272955133 22728.0 44
1680272956035 22728.0 45
1680272956176 22728.0 46
1680272957161 22728.0 47
1680272957314 22728.0 48
1680272958225 22728.0 49
1680272958374 22728.0 50
1680272959279 22728.0 51
1680272959445 22728.0 52
1680272960364 22728.0 53
1680272960504 22728.0 54
1680272961487 22728.0 55
1680272961644 22728.0 56
1680272962724 22728.0 57
1680272962882 22728.0 58
1680272963867 22728.0 59
1680272964030 22728.0 60
1680272965012 22728.0 61
1680272965196 22728.0 62
1680272966236 22728.0 63
1680272966383 22728.0 64
1680272967280 22728.0 65
1680272967425 22728.0 66
1680272968343 22728.0 67
1680272968485 22728.0 68
1680272969411 22728.0 69
1680272969559 22728.0 70
1680272970491 22728.0 71
1680272970667 22728.0 72
1680272971677 22728.0 73
1680272971822 22728.0 74
1680272972724 22728.0 75
1680272972870 22728.0 76
1680272973863 22728.0 77
1680272974012 22728.0 78
1680272974949 22728.0 79
1680272975097 22728.0 80
1680272976051 22728.0 81
1680272976232 22728.0 82
1680272977187 22728.0 83
1680272977330 22728.0 84
1680272978240 22728.0 85
1680272978387 22728.0 86
1680272979394 22728.0 87
1680272979535 22728.0 88
1680272980515 22728.0 89
1680272980659 22728.0 90
1680272981602 22728.0 91
1680272981770 22728.0 92
1680272982802 22728.0 93
1680272982948 22728.0 94
1680272983854 22728.0 95
1680272983997 22728.0 96
1680272984902 22728.0 97
1680272985051 22728.0 98
1680272985978 22728.0 99
1680272986128 22728.0 100
1680272987059 22728.0 101
1680272987236 22728.0 102
1680272988200 22728.0 103
1680272988345 22728.0 104
1680272989267 22728.0 105
1680272989416 22728.0 106
1680272990425 22728.0 107
1680272990575 22728.0 108
1680272991564 22728.0 109
1680272991722 22728.0 110
1680272992724 22728.0 111
1680272992909 22728.0 112
1680272993896 22728.0 113
1680272994058 22728.0 114
1680272995054 22728.0 115
1680272995212 22728.0 116
1680272996268 22728.0 117
1680272996415 22728.0 118
1680272997347 22728.0 119
1680272997502 22728.0 120
1680272998476 22728.0 121
1680272998657 22728.0 122
1680272999656 22728.0 123
1680272999806 22728.0 124
1680273000732 22728.0 125
1680273000878 22728.0 126
1680273001806 22728.0 127
1680273001955 22728.0 128
1680273002854 22728.0 129
1680273003017 22728.0 130
1680273003958 22728.0 131
1680273004140 22728.0 132
1680273005152 22728.0 133
1680273005297 22728.0 134
1680273006217 22728.0 135
1680273006363 22728.0 136
1680273007327 22728.0 137
1680273007560 22728.0 138
1680273008485 22728.0 139
1680273008632 22728.0 140
1680273009547 22728.0 141
1680273009702 22728.0 142
1680273010608 22728.0 143
1680273010756 22728.0 144
1680273011689 22728.0 145
1680273011835 22728.0 146
1680273012816 22728.0 147
1680273013049 22728.0 148
1680273014040 22728.0 149
1680273014189 22728.0 150
1680273015125 22728.0 151
1680273015316 22728.0 152
1680273016318 22728.0 153
1680273016467 22728.0 154
1680273017407 22728.0 155
1680273017563 22728.0 156
1680273018537 22728.0 157
1680273018691 22728.0 158
1680273019675 22728.0 159
1680273019828 22728.0 160
1680273020783 22728.0 161
1680273020963 22728.0 162
1680273022022 22728.0 163
1680273022188 22728.0 164
1680273023195 22728.0 165
1680273023363 22728.0 166
1680273024364 22728.0 167
1680273024604 22728.0 168
1680273025589 22728.0 169
1680273025752 22728.0 170
1680273026728 22728.0 171
1680273026905 22728.0 172
1680273027815 22728.0 173
1680273027967 22728.0 174
1680273028913 22728.0 175
1680273029063 22728.0 176
1680273029978 22728.0 177
1680273030205 22728.0 178
1680273031138 22728.0 179
1680273031291 22728.0 180
1680273032209 22728.0 181
1680273032368 22728.0 182
1680273033369 22728.0 183
1680273033521 22728.0 184
1680273034483 22728.0 185
1680273034635 22728.0 186
1680273035568 22728.0 187
1680273035731 22728.0 188
1680273036679 22728.0 189
1680273036833 22728.0 190
1680273037765 22728.0 191
1680273037954 22728.0 192
1680273038986 22728.0 193
1680273039146 22728.0 194
1680273040122 22728.0 195
1680273040272 22728.0 196
1680273041211 22728.0 197
1680273041446 22728.0 198
1680273042375 22728.0 199
1680273042526 22728.0 200
1680273043453 22728.0 201
1680273043654 22728.0 202
1680273044615 22728.0 203
1680273044772 22728.0 204
1680273045713 22728.0 205
1680273045861 22728.0 206
1680273046786 22728.0 207
1680273047021 22728.0 208
1680273047913 22728.0 209
1680273048071 22728.0 210
1680273048999 22728.0 211
1680273049183 22728.0 212
1680273050192 22728.0 213
1680273050350 22728.0 214
1680273051289 22728.0 215
1680273051462 22728.0 216
1680273052459 22728.0 217
1680273052627 22728.0 218
1680273053632 22728.0 219
1680273053799 22728.0 220
1680273054827 22728.0 221
1680273055026 22728.0 222
1680273056129 22728.0 223
1680273056300 22728.0 224
1680273057262 22728.0 225
1680273057418 22728.0 226
1680273058354 22728.0 227
1680273058511 22728.0 228
1680273059513 22728.0 229
1680273059663 22728.0 230
1680273060614 22728.0 231
1680273060782 22728.0 232
1680273061741 22728.0 233
1680273061911 22728.0 234
1680273062821 22728.0 235
1680273062974 22728.0 236
1680273063903 22728.0 237
1680273064056 22728.0 238
1680273065059 22728.0 239
1680273065217 22728.0 240
1680273066167 22728.0 241
1680273066354 22728.0 242
1680273067422 22728.0 243
1680273067578 22728.0 244
1680273068562 22728.0 245
1680273068726 22728.0 246
1680273069681 22728.0 247
1680273069840 22728.0 248
1680273070795 22728.0 249
1680273070947 22728.0 250
1680273071912 22728.0 251
1680273072101 22728.0 252
1680273073176 22728.0 253
1680273073337 22728.0 254
1680273074309 22728.0 255
1680273074478 22728.0 256
1680273075480 22728.0 257
1680273075639 22728.0 258
1680273076666 22728.0 259
1680273076824 22728.0 260
1680273077748 22728.0 261
1680273077933 22728.0 262
1680273078862 22728.0 263
1680273079020 22728.0 264
1680273079948 22728.0 265
1680273080106 22728.0 266
1680273081042 22728.0 267
1680273081199 22728.0 268
1680273082301 22728.0 269
1680273082476 22728.0 270
1680273083522 22728.0 271
1680273083723 22728.0 272
1680273084806 22728.0 273
1680273084977 22728.0 274
1680273085996 22728.0 275
1680273086170 22728.0 276
1680273087112 22728.0 277
1680273087266 22728.0 278
1680273088221 22728.0 279
1680273088378 22728.0 280
1680273089327 22728.0 281
1680273089512 22728.0 282
1680273090531 22728.0 283
1680273090690 22728.0 284
1680273091658 22728.0 285
1680273091837 22728.0 286
1680273092825 22728.0 287
1680273092998 22728.0 288
1680273094062 22728.0 289
1680273094229 22728.0 290
1680273095229 22728.0 291
1680273095434 22728.0 292
1680273096471 22728.0 293
1680273096643 22728.0 294
1680273097654 22728.0 295
1680273097829 22728.0 296
1680273098838 22728.0 297
1680273099005 22728.0 298
1680273100130 22728.0 299
1680273100305 22728.0 300
1680273101472 22728.0 301
1680273101672 22728.0 302
1680273102829 22728.0 303
1680273102998 22728.0 304
1680273104012 22728.0 305
1680273104190 22728.0 306
1680273105234 22728.0 307
1680273105415 22728.0 308
1680273106526 22728.0 309
1680273106704 22728.0 310
1680273107689 22728.0 311
1680273107862 22728.0 312
1680273108989 22728.0 313
1680273109180 22728.0 314
1680273110254 22728.0 315
1680273110449 22728.0 316
1680273111502 22728.0 317
1680273111690 22728.0 318
1680273112833 22728.0 319
1680273113032 22728.0 320
1680273114066 22728.0 321
1680273114254 22728.0 322
1680273115289 22728.0 323
1680273115476 22728.0 324
1680273116540 22728.0 325
1680273116724 22728.0 326
1680273117794 22728.0 327
1680273117995 22728.0 328
1680273119141 22728.0 329
1680273119344 22728.0 330
1680273120391 22728.0 331
1680273120576 22728.0 332
1680273121628 22728.0 333
1680273121887 22728.0 334
1680273122882 22728.0 335
1680273123061 22728.0 336
1680273124092 22728.0 337
1680273124277 22728.0 338
1680273125314 22728.0 339
1680273125498 22728.0 340
1680273126580 22728.0 341
1680273126783 22728.0 342
1680273128007 22728.0 343
1680273128207 22728.0 344
1680273129268 22728.0 345
1680273129458 22728.0 346
1680273130509 22728.0 347
1680273130684 22728.0 348
1680273131789 22728.0 349
1680273131978 22728.0 350
1680273132968 22728.0 351
1680273133130 22728.0 352
1680273134142 22728.0 353
1680273134313 22728.0 354
1680273135382 22728.0 355
1680273135540 22728.0 356
1680273136584 22728.0 357
1680273136744 22728.0 358
1680273137739 22728.0 359
1680273137929 22728.0 360
1680273138895 22728.0 361
1680273139064 22728.0 362
1680273140030 22728.0 363
1680273140301 22728.0 364
1680273141328 22728.0 365
1680273141496 22728.0 366
1680273142589 22728.0 367
1680273142754 22728.0 368
1680273143767 22728.0 369
1680273143938 22728.0 370
1680273144929 22728.0 371
1680273145093 22728.0 372
1680273146051 22728.0 373
1680273146312 22728.0 374
1680273147304 22728.0 375
1680273147471 22728.0 376
1680273148463 22728.0 377
1680273148634 22728.0 378
1680273149700 22728.0 379
1680273149868 22728.0 380
1680273150855 22728.0 381
1680273151024 22728.0 382
1680273152003 22728.0 383
1680273152166 22728.0 384
1680273153084 22728.0 385
1680273153257 22728.0 386
1680273154221 22728.0 387
1680273154414 22728.0 388
1680273155465 22728.0 389
1680273155645 22728.0 390
1680273156625 22728.0 391
1680273156784 22728.0 392
1680273157737 22728.0 393
1680273157984 22728.0 394
1680273159009 22728.0 395
1680273159225 22728.0 396
1680273160662 22728.0 397
1680273160906 22728.0 398
1680273162166 22728.0 399
1680273162418 22728.0 400
1680273162578 22728.0 401
