1679938806958 1.0 1
1679938807168 2.0 2
1679938808196 3.0 3
1679938808370 4.0 4
1679938809462 5.0 5
1679938809666 6.0 6
1679938810584 7.0 7
1679938810790 8.0 8
1679938811815 9.0 9
1679938811989 10.0 10
1679938812972 11.0 11
1679938813186 12.0 12
1679938814236 13.0 13
1679938814412 14.0 14
1679938815294 15.0 15
1679938815469 16.0 16
1679938816361 17.0 17
1679938816568 18.0 18
1679938817540 19.0 19
1679938817767 20.0 20
1679938818794 21.0 21
1679938818971 22.0 22
1679938819875 23.0 23
1679938820058 24.0 24
1679938820939 25.0 25
1679938821210 26.0 26
1679938822131 27.0 27
1679938822327 28.0 28
1679938823296 29.0 29
1679938823510 30.0 30
1679938824446 31.0 31
1679938824622 32.0 32
1679938825577 33.0 33
1679938825763 34.0 34
1679938826658 35.0 35
1679938826841 36.0 36
1679938827833 37.0 37
1679938828046 38.0 38
1679938829076 39.0 39
1679938829304 40.0 40
1679938830299 41.0 41
1679938830477 42.0 42
1679938831475 43.0 43
1679938831657 44.0 44
1679938832581 45.0 45
1679938832763 46.0 46
1679938833765 47.0 47
1679938833998 48.0 48
1679938835011 49.0 49
1679938835231 50.0 50
1679938836248 51.0 51
1679938836429 52.0 52
1679938837424 53.0 53
1679938837602 54.0 54
1679938838547 55.0 55
1679938838740 56.0 56
1679938839675 57.0 57
1679938839900 58.0 58
1679938840942 59.0 59
1679938841149 60.0 60
1679938842157 61.0 61
1679938842362 62.0 62
1679938843412 63.0 63
1679938843597 64.0 64
1679938844558 65.0 65
1679938844747 66.0 66
1679938845912 67.0 67
1679938846105 68.0 68
1679938847099 69.0 69
1679938847287 70.0 70
1679938848229 71.0 71
1679938848434 72.0 72
1679938849492 73.0 73
1679938849686 74.0 74
1679938850689 75.0 75
1679938850931 76.0 76
1679938852011 77.0 77
1679938852248 78.0 78
1679938853261 79.0 79
1679938853455 80.0 80
1679938854402 81.0 81
1679938854610 82.0 82
1679938855661 83.0 83
1679938855919 84.0 84
1679938857010 85.0 85
1679938857235 86.0 86
1679938858363 87.0 87
1679938858560 88.0 88
1679938859516 89.0 89
1679938859783 90.0 90
1679938860734 91.0 91
1679938860922 92.0 92
1679938862010 93.0 93
1679938862191 94.0 94
1679938863169 95.0 95
1679938863379 96.0 96
1679938864330 97.0 97
1679938864525 98.0 98
1679938865513 99.0 99
1679938865701 100.0 100
1679938866630 101.0 101
1679938866883 102.0 102
1679938868027 103.0 103
1679938868224 104.0 104
1679938869247 105.0 105
1679938869429 106.0 106
1679938870335 107.0 107
1679938870534 108.0 108
1679938871485 109.0 109
1679938871665 110.0 110
1679938872664 111.0 111
1679938872851 112.0 112
1679938873850 113.0 113
1679938874058 114.0 114
1679938875027 115.0 115
1679938875210 116.0 116
1679938876188 117.0 117
1679938876369 118.0 118
1679938877276 119.0 119
1679938877488 120.0 120
1679938878484 121.0 121
1679938878662 122.0 122
1679938879716 123.0 123
1679938879945 124.0 124
1679938880955 125.0 125
1679938881153 126.0 126
1679938882066 127.0 127
1679938882249 128.0 128
1679938883145 129.0 129
1679938883366 130.0 130
1679938884403 131.0 131
1679938884607 132.0 132
1679938885599 133.0 133
1679938885812 134.0 134
1679938886804 135.0 135
1679938886987 136.0 136
1679938887905 137.0 137
1679938888114 138.0 138
1679938889060 139.0 139
1679938889286 140.0 140
1679938890313 141.0 141
1679938890495 142.0 142
1679938891416 143.0 143
1679938891626 144.0 144
1679938892617 145.0 145
1679938892803 146.0 146
1679938893853 147.0 147
1679938894039 148.0 148
1679938894967 149.0 149
1679938895220 150.0 150
1679938896245 151.0 151
1679938896429 152.0 152
1679938897473 153.0 153
1679938897683 154.0 154
1679938898665 155.0 155
1679938898853 156.0 156
1679938899830 157.0 157
1679938900028 158.0 158
1679938901077 159.0 159
1679938901261 160.0 160
1679938902169 161.0 161
1679938902465 162.0 162
1679938903441 163.0 163
1679938903624 164.0 164
1679938904532 165.0 165
1679938904721 166.0 166
1679938905629 167.0 167
1679938905838 168.0 168
1679938906816 169.0 169
1679938907008 170.0 170
1679938907901 171.0 171
1679938908207 172.0 172
1679938909168 173.0 173
1679938909352 174.0 174
1679938910270 175.0 175
1679938910464 176.0 176
1679938911538 177.0 177
1679938911774 178.0 178
1679938912788 179.0 179
1679938912992 180.0 180
1679938914088 181.0 181
1679938914280 182.0 182
1679938915310 183.0 183
1679938915497 184.0 184
1679938916441 185.0 185
1679938916640 186.0 186
1679938917721 187.0 187
1679938917918 188.0 188
1679938918871 189.0 189
1679938919101 190.0 190
1679938920190 191.0 191
1679938920394 192.0 192
1679938921450 193.0 193
1679938921642 194.0 194
1679938922737 195.0 195
1679938922950 196.0 196
1679938923941 197.0 197
1679938924168 198.0 198
1679938925189 199.0 199
1679938925379 200.0 200
1679938926328 201.0 201
1679938926546 202.0 202
1679938927529 203.0 203
1679938927751 204.0 204
1679938928755 205.0 205
1679938928960 206.0 206
1679938930020 207.0 207
1679938930288 208.0 208
1679938931225 209.0 209
1679938931416 210.0 210
1679938932467 211.0 211
1679938932674 212.0 212
1679938933743 213.0 213
1679938933959 214.0 214
1679938934913 215.0 215
1679938935125 216.0 216
1679938936141 217.0 217
1679938936414 218.0 218
1679938937312 219.0 219
1679938937518 220.0 220
1679938938404 221.0 221
1679938938615 222.0 222
1679938939650 223.0 223
1679938939839 224.0 224
1679938940735 225.0 225
1679938940963 226.0 226
1679938941953 227.0 227
1679938942144 228.0 228
1679938943154 229.0 229
1679938943350 230.0 230
1679938944266 231.0 231
1679938944478 232.0 232
1679938945449 233.0 233
1679938945654 234.0 234
1679938946646 235.0 235
1679938946867 236.0 236
1679938947863 237.0 237
1679938948061 238.0 238
1679938949041 239.0 239
1679938949257 240.0 240
1679938950434 241.0 241
1679938950693 242.0 242
1679938951742 243.0 243
1679938951961 244.0 244
1679938952946 245.0 245
1679938953147 246.0 246
1679938954315 247.0 247
1679938954518 248.0 248
1679938955490 249.0 249
1679938955737 250.0 250
1679938956891 251.0 251
1679938957127 252.0 252
1679938958116 253.0 253
1679938958314 254.0 254
1679938959291 255.0 255
1679938959483 256.0 256
1679938960612 257.0 257
1679938960874 258.0 258
1679938962049 259.0 259
1679938962333 260.0 260
1679938963426 261.0 261
1679938963633 262.0 262
1679938964666 263.0 263
1679938964877 264.0 264
1679938965914 265.0 265
1679938966163 266.0 266
1679938967307 267.0 267
1679938967545 268.0 268
1679938968589 269.0 269
1679938968794 270.0 270
1679938969764 271.0 271
1679938969961 272.0 272
1679938970903 273.0 273
1679938971119 274.0 274
1679938972173 275.0 275
1679938972369 276.0 276
1679938973473 277.0 277
1679938973661 278.0 278
1679938974616 279.0 279
1679938974814 280.0 280
1679938975769 281.0 281
1679938975960 282.0 282
1679938977040 283.0 283
1679938977275 284.0 284
1679938978289 285.0 285
1679938978533 286.0 286
1679938979583 287.0 287
1679938979782 288.0 288
1679938980806 289.0 289
1679938981043 290.0 290
1679938982191 291.0 291
1679938982473 292.0 292
1679938983687 293.0 293
1679938983947 294.0 294
1679938985081 295.0 295
1679938985299 296.0 296
1679938986439 297.0 297
1679938986680 298.0 298
1679938987778 299.0 299
1679938988060 300.0 300
1679938988242 301.0 301
