1679938806956 0.0 1
1679938807165 0.0 2
1679938808194 0.0 3
1679938808368 0.0 4
1679938809459 0.0 5
1679938809664 0.0 6
1679938810582 0.0 7
1679938810788 0.0 8
1679938811813 0.0 9
1679938811987 0.0 10
1679938812969 0.0 11
1679938813183 0.0 12
1679938814234 0.0 13
1679938814409 0.0 14
1679938815292 0.0 15
1679938815467 0.0 16
1679938816359 0.0 17
1679938816566 0.0 18
1679938817537 0.0 19
1679938817764 0.0 20
1679938818792 0.0 21
1679938818969 0.0 22
1679938819873 0.0 23
1679938820055 0.0 24
1679938820937 0.0 25
1679938821208 0.0 26
1679938822129 0.0 27
1679938822324 0.0 28
1679938823293 0.0 29
1679938823507 0.0 30
1679938824444 0.0 31
1679938824620 0.0 32
1679938825575 0.0 33
1679938825762 0.0 34
1679938826655 0.0 35
1679938826839 0.0 36
1679938827831 0.0 37
1679938828043 0.0 38
1679938829073 0.0 39
1679938829301 0.0 40
1679938830297 0.0 41
1679938830474 0.0 42
1679938831474 0.0 43
1679938831654 0.0 44
1679938832578 0.0 45
1679938832761 0.0 46
1679938833763 0.0 47
1679938833995 0.0 48
1679938835009 0.0 49
1679938835228 0.0 50
1679938836246 0.0 51
1679938836427 0.0 52
1679938837422 0.0 53
1679938837600 0.0 54
1679938838545 0.0 55
1679938838738 0.0 56
1679938839673 0.0 57
1679938839898 0.0 58
1679938840939 0.0 59
1679938841147 0.0 60
1679938842155 0.0 61
1679938842358 0.0 62
1679938843410 0.0 63
1679938843594 0.0 64
1679938844556 0.0 65
1679938844744 0.0 66
1679938845910 0.0 67
1679938846103 0.0 68
1679938847097 0.0 69
1679938847284 0.0 70
1679938848227 0.0 71
1679938848431 0.0 72
1679938849490 0.0 73
1679938849683 0.0 74
1679938850687 0.0 75
1679938850928 0.0 76
1679938852008 0.0 77
1679938852245 0.0 78
1679938853258 0.0 79
1679938853453 0.0 80
1679938854400 0.0 81
1679938854608 0.0 82
1679938855658 0.0 83
1679938855916 0.0 84
1679938857007 0.0 85
1679938857232 0.0 86
1679938858361 0.0 87
1679938858557 0.0 88
1679938859515 0.0 89
1679938859781 0.0 90
1679938860731 0.0 91
1679938860920 0.0 92
1679938862007 0.0 93
1679938862189 0.0 94
1679938863167 0.0 95
1679938863376 0.0 96
1679938864328 0.0 97
1679938864523 0.0 98
1679938865510 0.0 99
1679938865699 0.0 100
1679938866627 0.0 101
1679938866881 0.0 102
1679938868024 0.0 103
1679938868222 0.0 104
1679938869245 0.0 105
1679938869427 0.0 106
1679938870333 0.0 107
1679938870531 0.0 108
1679938871483 0.0 109
1679938871663 0.0 110
1679938872662 0.0 111
1679938872848 0.0 112
1679938873847 0.0 113
1679938874055 0.0 114
1679938875024 0.0 115
1679938875208 0.0 116
1679938876186 0.0 117
1679938876367 0.0 118
1679938877274 0.0 119
1679938877485 0.0 120
1679938878482 0.0 121
1679938878660 0.0 122
1679938879714 0.0 123
1679938879942 0.0 124
1679938880952 0.0 125
1679938881151 0.0 126
1679938882064 0.0 127
1679938882246 0.0 128
1679938883143 0.0 129
1679938883364 0.0 130
1679938884401 0.0 131
1679938884605 0.0 132
1679938885597 0.0 133
1679938885809 0.0 134
1679938886802 0.0 135
1679938886984 0.0 136
1679938887903 0.0 137
1679938888112 0.0 138
1679938889058 0.0 139
1679938889284 0.0 140
1679938890310 0.0 141
1679938890493 0.0 142
1679938891414 0.0 143
1679938891624 0.0 144
1679938892615 0.0 145
1679938892801 0.0 146
1679938893851 0.0 147
1679938894037 0.0 148
1679938894964 0.0 149
1679938895217 0.0 150
1679938896243 0.0 151
1679938896427 0.0 152
1679938897471 0.0 153
1679938897681 0.0 154
1679938898662 0.0 155
1679938898851 0.0 156
1679938899828 0.0 157
1679938900026 0.0 158
1679938901074 0.0 159
1679938901258 0.0 160
1679938902167 0.0 161
1679938902462 0.0 162
1679938903438 0.0 163
1679938903621 0.0 164
1679938904530 0.0 165
1679938904719 0.0 166
1679938905627 0.0 167
1679938905836 0.0 168
1679938906814 0.0 169
1679938907005 0.0 170
1679938907899 0.0 171
1679938908204 0.0 172
1679938909166 0.0 173
1679938909350 0.0 174
1679938910267 0.0 175
1679938910462 0.0 176
1679938911536 0.0 177
1679938911771 0.0 178
1679938912786 0.0 179
1679938912990 0.0 180
1679938914085 0.0 181
1679938914278 0.0 182
1679938915307 0.0 183
1679938915495 0.0 184
1679938916439 0.0 185
1679938916638 0.0 186
1679938917719 0.0 187
1679938917916 0.0 188
1679938918869 0.0 189
1679938919099 0.0 190
1679938920187 0.0 191
1679938920393 0.0 192
1679938921447 0.0 193
1679938921639 0.0 194
1679938922734 0.0 195
1679938922946 0.0 196
1679938923939 0.0 197
1679938924166 0.0 198
1679938925187 0.0 199
1679938925376 0.0 200
1679938926326 0.0 201
1679938926544 0.0 202
1679938927527 0.0 203
1679938927749 0.0 204
1679938928753 0.0 205
1679938928957 0.0 206
1679938930018 0.0 207
1679938930286 0.0 208
1679938931222 0.0 209
1679938931414 0.0 210
1679938932466 0.0 211
1679938932672 0.0 212
1679938933739 0.0 213
1679938933955 0.0 214
1679938934911 0.0 215
1679938935123 0.0 216
1679938936139 0.0 217
1679938936413 0.0 218
1679938937309 0.0 219
1679938937516 0.0 220
1679938938402 0.0 221
1679938938613 0.0 222
1679938939648 0.0 223
1679938939836 0.0 224
1679938940733 0.0 225
1679938940961 0.0 226
1679938941952 0.0 227
1679938942141 0.0 228
1679938943151 0.0 229
1679938943348 0.0 230
1679938944264 0.0 231
1679938944475 0.0 232
1679938945446 0.0 233
1679938945651 0.0 234
1679938946644 0.0 235
1679938946865 0.0 236
1679938947860 0.0 237
1679938948058 0.0 238
1679938949039 0.0 239
1679938949255 0.0 240
1679938950433 0.0 241
1679938950691 0.0 242
1679938951740 0.0 243
1679938951959 0.0 244
1679938952943 0.0 245
1679938953145 0.0 246
1679938954313 0.0 247
1679938954515 0.0 248
1679938955488 0.0 249
1679938955734 0.0 250
1679938956888 0.0 251
1679938957124 0.0 252
1679938958113 0.0 253
1679938958313 0.0 254
1679938959288 0.0 255
1679938959480 0.0 256
1679938960609 0.0 257
1679938960872 0.0 258
1679938962046 0.0 259
1679938962331 0.0 260
1679938963424 0.0 261
1679938963631 0.0 262
1679938964663 0.0 263
1679938964874 0.0 264
1679938965912 0.0 265
1679938966161 0.0 266
1679938967304 0.0 267
1679938967542 0.0 268
1679938968587 0.0 269
1679938968792 0.0 270
1679938969761 0.0 271
1679938969958 0.0 272
1679938970901 0.0 273
1679938971118 0.0 274
1679938972171 0.0 275
1679938972367 0.0 276
1679938973471 0.0 277
1679938973658 0.0 278
1679938974614 0.0 279
1679938974812 0.0 280
1679938975766 0.0 281
1679938975958 0.0 282
1679938977038 0.0 283
1679938977273 0.0 284
1679938978287 0.0 285
1679938978531 0.0 286
1679938979581 0.0 287
1679938979779 0.0 288
1679938980804 0.0 289
1679938981040 0.0 290
1679938982189 0.0 291
1679938982471 0.0 292
1679938983684 0.0 293
1679938983944 0.0 294
1679938985079 0.0 295
1679938985297 0.0 296
1679938986436 0.0 297
1679938986677 0.0 298
1679938987776 0.0 299
1679938988057 0.0 300
1679938988239 0.0 301
