1679938806961 0.004113197326660156 1
1679938807170 0.004113197326660156 2
1679938808198 0.004113197326660156 3
1679938808372 0.004113197326660156 4
1679938809465 0.004113197326660156 5
1679938809669 0.004113197326660156 6
1679938810586 0.004113197326660156 7
1679938810792 0.004113197326660156 8
1679938811817 0.004113197326660156 9
1679938811991 0.004113197326660156 10
1679938812974 0.004113197326660156 11
1679938813189 0.004113197326660156 12
1679938814238 0.004113197326660156 13
1679938814414 0.004113197326660156 14
1679938815297 0.004113197326660156 15
1679938815471 0.004113197326660156 16
1679938816363 0.004113197326660156 17
1679938816570 0.004113197326660156 18
1679938817543 0.004113197326660156 19
1679938817771 0.004113197326660156 20
1679938818796 0.004113197326660156 21
1679938818974 0.004113197326660156 22
1679938819877 0.004113197326660156 23
1679938820060 0.004113197326660156 24
1679938820942 0.004113197326660156 25
1679938821212 0.004113197326660156 26
1679938822133 0.004113197326660156 27
1679938822330 0.004113197326660156 28
1679938823298 0.004113197326660156 29
1679938823512 0.004113197326660156 30
1679938824449 0.004113197326660156 31
1679938824623 0.004113197326660156 32
1679938825580 0.004113197326660156 33
1679938825766 0.004113197326660156 34
1679938826660 0.004113197326660156 35
1679938826844 0.004113197326660156 36
1679938827835 0.004113197326660156 37
1679938828049 0.004113197326660156 38
1679938829078 0.004113197326660156 39
1679938829307 0.004113197326660156 40
1679938830301 0.004113197326660156 41
1679938830479 0.004113197326660156 42
1679938831477 0.004113197326660156 43
1679938831660 0.004113197326660156 44
1679938832583 0.004113197326660156 45
1679938832766 0.004113197326660156 46
1679938833767 0.004113197326660156 47
1679938834000 0.004113197326660156 48
1679938835013 0.004113197326660156 49
1679938835232 0.004113197326660156 50
1679938836250 0.004113197326660156 51
1679938836431 0.004113197326660156 52
1679938837427 0.004113197326660156 53
1679938837604 0.004113197326660156 54
1679938838549 0.004113197326660156 55
1679938838743 0.004113197326660156 56
1679938839678 0.004113197326660156 57
1679938839902 0.004113197326660156 58
1679938840944 0.004113197326660156 59
1679938841151 0.004113197326660156 60
1679938842159 0.004113197326660156 61
1679938842364 0.004113197326660156 62
1679938843414 0.004113197326660156 63
1679938843599 0.004113197326660156 64
1679938844561 0.004113197326660156 65
1679938844750 0.004113197326660156 66
1679938845914 0.004113197326660156 67
1679938846108 0.004113197326660156 68
1679938847102 0.004113197326660156 69
1679938847289 0.004113197326660156 70
1679938848232 0.004113197326660156 71
1679938848436 0.004113197326660156 72
1679938849494 0.004113197326660156 73
1679938849688 0.004113197326660156 74
1679938850692 0.004113197326660156 75
1679938850933 0.004113197326660156 76
1679938852013 0.004113197326660156 77
1679938852251 0.004113197326660156 78
1679938853263 0.004113197326660156 79
1679938853457 0.004113197326660156 80
1679938854404 0.004113197326660156 81
1679938854612 0.004113197326660156 82
1679938855664 0.004113197326660156 83
1679938855920 0.004113197326660156 84
1679938857014 0.004113197326660156 85
1679938857238 0.004113197326660156 86
1679938858366 0.004113197326660156 87
1679938858563 0.004113197326660156 88
1679938859519 0.004113197326660156 89
1679938859785 0.004113197326660156 90
1679938860736 0.004113197326660156 91
1679938860924 0.004113197326660156 92
1679938862012 0.004113197326660156 93
1679938862193 0.004113197326660156 94
1679938863172 0.004113197326660156 95
1679938863382 0.004113197326660156 96
1679938864332 0.004113197326660156 97
1679938864527 0.004113197326660156 98
1679938865514 0.004113197326660156 99
1679938865703 0.004113197326660156 100
1679938866632 0.004113197326660156 101
1679938866886 0.004113197326660156 102
1679938868028 0.004113197326660156 103
1679938868226 0.004113197326660156 104
1679938869249 0.004113197326660156 105
1679938869431 0.004113197326660156 106
1679938870338 0.004113197326660156 107
1679938870536 0.004113197326660156 108
1679938871487 0.004113197326660156 109
1679938871667 0.004113197326660156 110
1679938872666 0.004113197326660156 111
1679938872853 0.004113197326660156 112
1679938873852 0.004113197326660156 113
1679938874060 0.004113197326660156 114
1679938875029 0.004113197326660156 115
1679938875212 0.004113197326660156 116
1679938876190 0.004113197326660156 117
1679938876371 0.004113197326660156 118
1679938877278 0.004113197326660156 119
1679938877491 0.004113197326660156 120
1679938878487 0.004113197326660156 121
1679938878664 0.004113197326660156 122
1679938879718 0.004113197326660156 123
1679938879947 0.004113197326660156 124
1679938880957 0.004113197326660156 125
1679938881155 0.004113197326660156 126
1679938882068 0.004113197326660156 127
1679938882251 0.004113197326660156 128
1679938883147 0.004113197326660156 129
1679938883369 0.004113197326660156 130
1679938884405 0.004113197326660156 131
1679938884610 0.004113197326660156 132
1679938885601 0.004113197326660156 133
1679938885815 0.004113197326660156 134
1679938886806 0.004113197326660156 135
1679938886989 0.004113197326660156 136
1679938887907 0.004113197326660156 137
1679938888116 0.004113197326660156 138
1679938889062 0.004113197326660156 139
1679938889289 0.004113197326660156 140
1679938890314 0.004113197326660156 141
1679938890497 0.004113197326660156 142
1679938891418 0.004113197326660156 143
1679938891630 0.004113197326660156 144
1679938892619 0.004113197326660156 145
1679938892805 0.004113197326660156 146
1679938893855 0.004113197326660156 147
1679938894042 0.004113197326660156 148
1679938894969 0.004113197326660156 149
1679938895223 0.004113197326660156 150
1679938896247 0.004113197326660156 151
1679938896431 0.004113197326660156 152
1679938897475 0.004113197326660156 153
1679938897686 0.004113197326660156 154
1679938898667 0.004113197326660156 155
1679938898856 0.004113197326660156 156
1679938899832 0.004113197326660156 157
1679938900030 0.004113197326660156 158
1679938901079 0.004113197326660156 159
1679938901263 0.004113197326660156 160
1679938902171 0.004113197326660156 161
1679938902468 0.004113197326660156 162
1679938903443 0.004113197326660156 163
1679938903627 0.004113197326660156 164
1679938904534 0.004113197326660156 165
1679938904724 0.004113197326660156 166
1679938905631 0.004113197326660156 167
1679938905841 0.004113197326660156 168
1679938906819 0.004113197326660156 169
1679938907010 0.004113197326660156 170
1679938907903 0.004113197326660156 171
1679938908211 0.004113197326660156 172
1679938909170 0.004113197326660156 173
1679938909355 0.004113197326660156 174
1679938910272 0.004113197326660156 175
1679938910466 0.004113197326660156 176
1679938911540 0.004113197326660156 177
1679938911777 0.004113197326660156 178
1679938912791 0.004113197326660156 179
1679938912995 0.004113197326660156 180
1679938914090 0.004113197326660156 181
1679938914283 0.004113197326660156 182
1679938915312 0.004113197326660156 183
1679938915499 0.004113197326660156 184
1679938916444 0.004113197326660156 185
1679938916642 0.004113197326660156 186
1679938917723 0.004113197326660156 187
1679938917920 0.004113197326660156 188
1679938918873 0.004113197326660156 189
1679938919104 0.004113197326660156 190
1679938920192 0.004113197326660156 191
1679938920397 0.004113197326660156 192
1679938921452 0.004113197326660156 193
1679938921645 0.004113197326660156 194
1679938922739 0.004113197326660156 195
1679938922952 0.004113197326660156 196
1679938923943 0.004113197326660156 197
1679938924170 0.004113197326660156 198
1679938925191 0.004113197326660156 199
1679938925381 0.004113197326660156 200
1679938926330 0.004113197326660156 201
1679938926548 0.004113197326660156 202
1679938927532 0.004113197326660156 203
1679938927753 0.004113197326660156 204
1679938928757 0.004113197326660156 205
1679938928963 0.004113197326660156 206
1679938930022 0.004113197326660156 207
1679938930290 0.004113197326660156 208
1679938931226 0.004113197326660156 209
1679938931418 0.004113197326660156 210
1679938932470 0.004113197326660156 211
1679938932678 0.004113197326660156 212
1679938933747 0.004113197326660156 213
1679938933961 0.004113197326660156 214
1679938934915 0.004113197326660156 215
1679938935128 0.004113197326660156 216
1679938936144 0.004113197326660156 217
1679938936417 0.004113197326660156 218
1679938937314 0.004113197326660156 219
1679938937521 0.004113197326660156 220
1679938938406 0.004113197326660156 221
1679938938617 0.004113197326660156 222
1679938939652 0.004113197326660156 223
1679938939841 0.004113197326660156 224
1679938940737 0.004113197326660156 225
1679938940967 0.004113197326660156 226
1679938941954 0.004113197326660156 227
1679938942146 0.004113197326660156 228
1679938943155 0.004113197326660156 229
1679938943352 0.004113197326660156 230
1679938944268 0.004113197326660156 231
1679938944480 0.004113197326660156 232
1679938945453 0.004113197326660156 233
1679938945656 0.004113197326660156 234
1679938946648 0.004113197326660156 235
1679938946869 0.004113197326660156 236
1679938947864 0.004113197326660156 237
1679938948063 0.004113197326660156 238
1679938949044 0.004113197326660156 239
1679938949260 0.004113197326660156 240
1679938950437 0.004113197326660156 241
1679938950696 0.004113197326660156 242
1679938951744 0.004113197326660156 243
1679938951963 0.004113197326660156 244
1679938952947 0.004113197326660156 245
1679938953149 0.004113197326660156 246
1679938954317 0.004113197326660156 247
1679938954520 0.004113197326660156 248
1679938955492 0.004113197326660156 249
1679938955740 0.004113197326660156 250
1679938956892 0.004113197326660156 251
1679938957130 0.004113197326660156 252
1679938958118 0.004113197326660156 253
1679938958317 0.004113197326660156 254
1679938959294 0.004113197326660156 255
1679938959485 0.004113197326660156 256
1679938960614 0.004113197326660156 257
1679938960877 0.004113197326660156 258
1679938962051 0.004113197326660156 259
1679938962336 0.004113197326660156 260
1679938963428 0.004113197326660156 261
1679938963635 0.004113197326660156 262
1679938964669 0.004113197326660156 263
1679938964879 0.004113197326660156 264
1679938965916 0.004113197326660156 265
1679938966167 0.004113197326660156 266
1679938967309 0.004113197326660156 267
1679938967548 0.004113197326660156 268
1679938968592 0.004113197326660156 269
1679938968797 0.004113197326660156 270
1679938969767 0.004113197326660156 271
1679938969964 0.004113197326660156 272
1679938970905 0.004113197326660156 273
1679938971122 0.004113197326660156 274
1679938972176 0.004113197326660156 275
1679938972371 0.004113197326660156 276
1679938973475 0.004113197326660156 277
1679938973662 0.004113197326660156 278
1679938974618 0.004113197326660156 279
1679938974816 0.004113197326660156 280
1679938975771 0.004113197326660156 281
1679938975962 0.004113197326660156 282
1679938977042 0.004113197326660156 283
1679938977277 0.004113197326660156 284
1679938978292 0.004113197326660156 285
1679938978536 0.004113197326660156 286
1679938979585 0.004113197326660156 287
1679938979784 0.004113197326660156 288
1679938980809 0.004113197326660156 289
1679938981046 0.004113197326660156 290
1679938982196 0.004113197326660156 291
1679938982476 0.004113197326660156 292
1679938983690 0.004113197326660156 293
1679938983951 0.004113197326660156 294
1679938985083 0.004113197326660156 295
1679938985302 0.004113197326660156 296
1679938986441 0.004113197326660156 297
1679938986683 0.004113197326660156 298
1679938987781 0.004113197326660156 299
1679938988062 0.004113197326660156 300
1679938988245 0.004113197326660156 301
