1679778211953 0.0 1
1679778212151 0.0 2
1679778213594 0.0 3
1679778213794 0.0 4
1679778215231 0.0 5
1679778215503 0.0 6
1679778216915 0.0 7
1679778217101 0.0 8
1679778218569 0.0 9
1679778218756 0.0 10
1679778220170 0.0 11
1679778220381 0.0 12
1679778221877 0.0 13
1679778222068 0.0 14
1679778223457 0.0 15
1679778223680 0.0 16
1679778225131 0.0 17
1679778225321 0.0 18
1679778226983 0.0 19
1679778227183 0.0 20
1679778228680 0.0 21
1679778228896 0.0 22
1679778230375 0.0 23
1679778230572 0.0 24
1679778232035 0.0 25
1679778232254 0.0 26
1679778233767 0.0 27
1679778234017 0.0 28
1679778235639 0.0 29
1679778235861 0.0 30
1679778237435 0.0 31
1679778237627 0.0 32
1679778239150 0.0 33
1679778239379 0.0 34
1679778240868 0.0 35
1679778241076 0.0 36
1679778242565 0.0 37
1679778242771 0.0 38
1679778244273 0.0 39
1679778244495 0.0 40
1679778246004 0.0 41
1679778246210 0.0 42
1679778247662 0.0 43
1679778247860 0.0 44
1679778249320 0.0 45
1679778249621 0.0 46
1679778251019 0.0 47
1679778251227 0.0 48
1679778252660 0.0 49
1679778252856 0.0 50
1679778254259 0.0 51
1679778254447 0.0 52
1679778255908 0.0 53
1679778256104 0.0 54
1679778257555 0.0 55
1679778257758 0.0 56
1679778259171 0.0 57
1679778259362 0.0 58
1679778260898 0.0 59
1679778261121 0.0 60
1679778262682 0.0 61
1679778262894 0.0 62
1679778264419 0.0 63
1679778264626 0.0 64
1679778266205 0.0 65
1679778266434 0.0 66
1679778267999 0.0 67
1679778268192 0.0 68
1679778269597 0.0 69
1679778269802 0.0 70
1679778271187 0.0 71
1679778271376 0.0 72
1679778272864 0.0 73
1679778273055 0.0 74
1679778274502 0.0 75
1679778274708 0.0 76
1679778276131 0.0 77
1679778276324 0.0 78
1679778277735 0.0 79
1679778277951 0.0 80
1679778279473 0.0 81
1679778279668 0.0 82
1679778281081 0.0 83
1679778281278 0.0 84
1679778282742 0.0 85
1679778282952 0.0 86
1679778284584 0.0 87
1679778284788 0.0 88
1679778286214 0.0 89
1679778286407 0.0 90
1679778287810 0.0 91
1679778288049 0.0 92
1679778289564 0.0 93
1679778289765 0.0 94
1679778291149 0.0 95
1679778291349 0.0 96
1679778292797 0.0 97
1679778292999 0.0 98
1679778294594 0.0 99
1679778294893 0.0 100
1679778296367 0.0 101
1679778296565 0.0 102
1679778298051 0.0 103
1679778298260 0.0 104
1679778299803 0.0 105
1679778300001 0.0 106
1679778301443 0.0 107
1679778301645 0.0 108
1679778303079 0.0 109
1679778303296 0.0 110
1679778304852 0.0 111
1679778305053 0.0 112
1679778306612 0.0 113
1679778306810 0.0 114
1679778308268 0.0 115
1679778308501 0.0 116
1679778310055 0.0 117
1679778310250 0.0 118
1679778311651 0.0 119
1679778311848 0.0 120
1679778313215 0.0 121
1679778313416 0.0 122
1679778314979 0.0 123
1679778315183 0.0 124
1679778316624 0.0 125
1679778316830 0.0 126
1679778318381 0.0 127
1679778318580 0.0 128
1679778320196 0.0 129
1679778320393 0.0 130
1679778321950 0.0 131
1679778322153 0.0 132
1679778323612 0.0 133
1679778323844 0.0 134
1679778325439 0.0 135
1679778325643 0.0 136
1679778327167 0.0 137
1679778327371 0.0 138
1679778328815 0.0 139
1679778329033 0.0 140
1679778330464 0.0 141
1679778330660 0.0 142
1679778332106 0.0 143
1679778332299 0.0 144
1679778333776 0.0 145
1679778333975 0.0 146
1679778335492 0.0 147
1679778335693 0.0 148
1679778337166 0.0 149
1679778337375 0.0 150
1679778338828 0.0 151
1679778339031 0.0 152
1679778340634 0.0 153
1679778340833 0.0 154
1679778342300 0.0 155
1679778342503 0.0 156
1679778343921 0.0 157
1679778344124 0.0 158
1679778345721 0.0 159
1679778345933 0.0 160
1679778347369 0.0 161
1679778347565 0.0 162
1679778349013 0.0 163
1679778349217 0.0 164
1679778350707 0.0 165
1679778350903 0.0 166
1679778352355 0.0 167
1679778352556 0.0 168
1679778354046 0.0 169
1679778354261 0.0 170
1679778355942 0.0 171
1679778356260 0.0 172
1679778357749 0.0 173
1679778357948 0.0 174
1679778359428 0.0 175
1679778359649 0.0 176
1679778361271 0.0 177
1679778361483 0.0 178
1679778362944 0.0 179
1679778363149 0.0 180
1679778364584 0.0 181
1679778364804 0.0 182
1679778366347 0.0 183
1679778366550 0.0 184
1679778368054 0.0 185
1679778368251 0.0 186
1679778369664 0.0 187
1679778369881 0.0 188
1679778371369 0.0 189
1679778371569 0.0 190
1679778372920 0.0 191
1679778373116 0.0 192
1679778374539 0.0 193
1679778374737 0.0 194
1679778376216 0.0 195
1679778376419 0.0 196
1679778377807 0.0 197
1679778378004 0.0 198
1679778379499 0.0 199
1679778379699 0.0 200
1679778381123 0.0 201
1679778381356 0.0 202
1679778383019 0.0 203
1679778383226 0.0 204
1679778384715 0.0 205
1679778384930 0.0 206
1679778386387 0.0 207
1679778386607 0.0 208
1679778388126 0.0 209
1679778388345 0.0 210
1679778389809 0.0 211
1679778390007 0.0 212
1679778391484 0.0 213
1679778391713 0.0 214
1679778393189 0.0 215
1679778393396 0.0 216
1679778394888 0.0 217
1679778395098 0.0 218
1679778396610 0.0 219
1679778396853 0.0 220
1679778398396 0.0 221
1679778398595 0.0 222
1679778400063 0.0 223
1679778400274 0.0 224
1679778401820 0.0 225
1679778402072 0.0 226
1679778403667 0.0 227
1679778403881 0.0 228
1679778405350 0.0 229
1679778405562 0.0 230
1679778407056 0.0 231
1679778407283 0.0 232
1679778408774 0.0 233
1679778408974 0.0 234
1679778410380 0.0 235
1679778410579 0.0 236
1679778412091 0.0 237
1679778412324 0.0 238
1679778414000 0.0 239
1679778414214 0.0 240
1679778415753 0.0 241
1679778415979 0.0 242
1679778417485 0.0 243
1679778417711 0.0 244
1679778419241 0.0 245
1679778419444 0.0 246
1679778420906 0.0 247
1679778421116 0.0 248
1679778422574 0.0 249
1679778422815 0.0 250
1679778424368 0.0 251
1679778424581 0.0 252
1679778426131 0.0 253
1679778426350 0.0 254
1679778427841 0.0 255
1679778428073 0.0 256
1679778429632 0.0 257
1679778429836 0.0 258
1679778431227 0.0 259
1679778431432 0.0 260
1679778432825 0.0 261
1679778433029 0.0 262
1679778434552 0.0 263
1679778434765 0.0 264
1679778436230 0.0 265
1679778436516 0.0 266
1679778438004 0.0 267
1679778438217 0.0 268
1679778439808 0.0 269
1679778440028 0.0 270
1679778441473 0.0 271
1679778441712 0.0 272
1679778443282 0.0 273
1679778443531 0.0 274
1679778445211 0.0 275
1679778445436 0.0 276
1679778447003 0.0 277
1679778447222 0.0 278
1679778448678 0.0 279
1679778448908 0.0 280
1679778450377 0.0 281
1679778450579 0.0 282
1679778451972 0.0 283
1679778452174 0.0 284
1679778453529 0.0 285
1679778453737 0.0 286
1679778455272 0.0 287
1679778455476 0.0 288
1679778456949 0.0 289
1679778457165 0.0 290
1679778458638 0.0 291
1679778458853 0.0 292
1679778460518 0.0 293
1679778460729 0.0 294
1679778462196 0.0 295
1679778462411 0.0 296
1679778463867 0.0 297
1679778464099 0.0 298
1679778465646 0.0 299
1679778465856 0.0 300
1679778466008 0.0 301
