1679778211959 3820.0 1
1679778212157 3820.0 2
1679778213600 3820.0 3
1679778213801 3820.0 4
1679778215237 3820.0 5
1679778215511 3820.0 6
1679778216923 3820.0 7
1679778217107 3820.0 8
1679778218575 3820.0 9
1679778218763 3820.0 10
1679778220176 3820.0 11
1679778220387 3820.0 12
1679778221883 3820.0 13
1679778222074 3820.0 14
1679778223464 3820.0 15
1679778223689 3820.0 16
1679778225138 3820.0 17
1679778225327 3820.0 18
1679778226989 3820.0 19
1679778227189 3820.0 20
1679778228692 3820.0 21
1679778228903 3820.0 22
1679778230381 3820.0 23
1679778230577 3820.0 24
1679778232041 3820.0 25
1679778232262 3820.0 26
1679778233776 3820.0 27
1679778234025 3820.0 28
1679778235645 3820.0 29
1679778235868 3820.0 30
1679778237441 3820.0 31
1679778237633 3820.0 32
1679778239156 3820.0 33
1679778239386 3820.0 34
1679778240876 3820.0 35
1679778241082 3820.0 36
1679778242572 3820.0 37
1679778242778 3820.0 38
1679778244280 3820.0 39
1679778244502 3820.0 40
1679778246009 3820.0 41
1679778246214 3820.0 42
1679778247670 3820.0 43
1679778247865 3820.0 44
1679778249327 3820.0 45
1679778249628 3820.0 46
1679778251027 3820.0 47
1679778251234 3820.0 48
1679778252666 3820.0 49
1679778252861 3820.0 50
1679778254266 3820.0 51
1679778254454 3820.0 52
1679778255916 3820.0 53
1679778256110 3820.0 54
1679778257561 3820.0 55
1679778257766 3820.0 56
1679778259177 3820.0 57
1679778259368 3820.0 58
1679778260906 3820.0 59
1679778261128 3820.0 60
1679778262687 3820.0 61
1679778262902 3820.0 62
1679778264426 3820.0 63
1679778264633 3820.0 64
1679778266211 3820.0 65
1679778266443 3820.0 66
1679778268006 3820.0 67
1679778268198 3820.0 68
1679778269603 3820.0 69
1679778269809 3820.0 70
1679778271193 3820.0 71
1679778271383 3820.0 72
1679778272871 3820.0 73
1679778273060 3820.0 74
1679778274510 3820.0 75
1679778274715 3820.0 76
1679778276137 3820.0 77
1679778276330 3820.0 78
1679778277742 3820.0 79
1679778277959 3820.0 80
1679778279479 3820.0 81
1679778279674 3820.0 82
1679778281088 3820.0 83
1679778281285 3820.0 84
1679778282750 3820.0 85
1679778282958 3820.0 86
1679778284591 3820.0 87
1679778284795 3820.0 88
1679778286221 3820.0 89
1679778286413 3820.0 90
1679778287816 3820.0 91
1679778288057 3820.0 92
1679778289569 3820.0 93
1679778289771 3820.0 94
1679778291157 3820.0 95
1679778291355 3820.0 96
1679778292805 3820.0 97
1679778293007 3820.0 98
1679778294600 3820.0 99
1679778294901 3820.0 100
1679778296373 3820.0 101
1679778296573 3820.0 102
1679778298057 3820.0 103
1679778298267 3820.0 104
1679778299810 3820.0 105
1679778300009 3820.0 106
1679778301449 3820.0 107
1679778301651 3820.0 108
1679778303085 3820.0 109
1679778303304 3820.0 110
1679778304858 3820.0 111
1679778305060 3820.0 112
1679778306618 3820.0 113
1679778306817 3820.0 114
1679778308275 3820.0 115
1679778308508 3820.0 116
1679778310061 3820.0 117
1679778310257 3820.0 118
1679778311658 3820.0 119
1679778311854 3820.0 120
1679778313221 3820.0 121
1679778313424 3820.0 122
1679778314987 3820.0 123
1679778315189 3820.0 124
1679778316629 3820.0 125
1679778316837 3820.0 126
1679778318391 3820.0 127
1679778318586 3820.0 128
1679778320203 3820.0 129
1679778320399 3820.0 130
1679778321958 3820.0 131
1679778322159 3820.0 132
1679778323620 3820.0 133
1679778323851 3820.0 134
1679778325444 3820.0 135
1679778325649 3820.0 136
1679778327174 3820.0 137
1679778327378 3820.0 138
1679778328821 3820.0 139
1679778329040 3820.0 140
1679778330469 3820.0 141
1679778330666 3820.0 142
1679778332113 3820.0 143
1679778332305 3820.0 144
1679778333783 3820.0 145
1679778333981 3820.0 146
1679778335498 3820.0 147
1679778335701 3820.0 148
1679778337173 3820.0 149
1679778337382 3820.0 150
1679778338836 3820.0 151
1679778339038 3820.0 152
1679778340641 3820.0 153
1679778340839 3820.0 154
1679778342306 3820.0 155
1679778342509 3820.0 156
1679778343927 3820.0 157
1679778344130 3820.0 158
1679778345729 3820.0 159
1679778345940 3820.0 160
1679778347375 3820.0 161
1679778347571 3820.0 162
1679778349019 3820.0 163
1679778349223 3820.0 164
1679778350713 3820.0 165
1679778350909 3820.0 166
1679778352362 3820.0 167
1679778352563 3820.0 168
1679778354053 3820.0 169
1679778354268 3820.0 170
1679778355949 3820.0 171
1679778356266 3820.0 172
1679778357757 3820.0 173
1679778357956 3820.0 174
1679778359436 3820.0 175
1679778359657 3820.0 176
1679778361279 3820.0 177
1679778361491 3820.0 178
1679778362949 3820.0 179
1679778363156 3820.0 180
1679778364590 3820.0 181
1679778364810 3820.0 182
1679778366355 3820.0 183
1679778366557 3820.0 184
1679778368061 3820.0 185
1679778368258 3820.0 186
1679778369670 3820.0 187
1679778369889 3820.0 188
1679778371375 3820.0 189
1679778371575 3820.0 190
1679778372927 3820.0 191
1679778373122 3820.0 192
1679778374546 3820.0 193
1679778374744 3820.0 194
1679778376222 3820.0 195
1679778376426 3820.0 196
1679778377813 3820.0 197
1679778378009 3820.0 198
1679778379505 3820.0 199
1679778379705 3820.0 200
1679778381130 3820.0 201
1679778381364 3820.0 202
1679778383024 3820.0 203
1679778383233 3820.0 204
1679778384720 3820.0 205
1679778384938 3820.0 206
1679778386393 3820.0 207
1679778386613 3820.0 208
1679778388133 3820.0 209
1679778388351 3820.0 210
1679778389816 3820.0 211
1679778390013 3820.0 212
1679778391490 3820.0 213
1679778391720 3820.0 214
1679778393195 3820.0 215
1679778393404 3820.0 216
1679778394895 3820.0 217
1679778395105 3820.0 218
1679778396616 3820.0 219
1679778396859 3820.0 220
1679778398403 3820.0 221
1679778398602 3820.0 222
1679778400069 3820.0 223
1679778400280 3820.0 224
1679778401827 3820.0 225
1679778402079 3820.0 226
1679778403673 3820.0 227
1679778403887 3820.0 228
1679778405357 3820.0 229
1679778405569 3820.0 230
1679778407062 3820.0 231
1679778407290 3820.0 232
1679778408781 3820.0 233
1679778408979 3820.0 234
1679778410387 3820.0 235
1679778410585 3820.0 236
1679778412099 3820.0 237
1679778412330 3820.0 238
1679778414007 3820.0 239
1679778414221 3820.0 240
1679778415761 3820.0 241
1679778415985 3820.0 242
1679778417491 3820.0 243
1679778417717 3820.0 244
1679778419247 3820.0 245
1679778419451 3820.0 246
1679778420911 3820.0 247
1679778421123 3820.0 248
1679778422579 3820.0 249
1679778422821 3820.0 250
1679778424375 3820.0 251
1679778424587 3820.0 252
1679778426137 3820.0 253
1679778426357 3820.0 254
1679778427847 3820.0 255
1679778428080 3820.0 256
1679778429639 3820.0 257
1679778429842 3820.0 258
1679778431235 3820.0 259
1679778431438 3820.0 260
1679778432831 3820.0 261
1679778433035 3820.0 262
1679778434559 3820.0 263
1679778434771 3820.0 264
1679778436235 3820.0 265
1679778436523 3820.0 266
1679778438010 3820.0 267
1679778438223 3820.0 268
1679778439815 3820.0 269
1679778440034 3820.0 270
1679778441479 3820.0 271
1679778441719 3820.0 272
1679778443288 3820.0 273
1679778443540 3820.0 274
1679778445217 3820.0 275
1679778445442 3820.0 276
1679778447008 3820.0 277
1679778447228 3820.0 278
1679778448684 3820.0 279
1679778448915 3820.0 280
1679778450383 3820.0 281
1679778450584 3820.0 282
1679778451978 3820.0 283
1679778452180 3820.0 284
1679778453536 3820.0 285
1679778453743 3820.0 286
1679778455277 3820.0 287
1679778455483 3820.0 288
1679778456956 3820.0 289
1679778457172 3820.0 290
1679778458646 3820.0 291
1679778458859 3820.0 292
1679778460524 3820.0 293
1679778460736 3820.0 294
1679778462202 3820.0 295
1679778462417 3820.0 296
1679778463874 3820.0 297
1679778464106 3820.0 298
1679778465651 3820.0 299
1679778465862 3820.0 300
1679778466014 3820.0 301
