1679778211958 3.913198232650757 1
1679778212156 4.091299533843994 2
1679778213599 5.539362668991089 3
1679778213799 5.740285396575928 4
1679778215236 7.1794445514678955 5
1679778215509 7.444239616394043 6
1679778216921 8.859194993972778 7
1679778217105 9.045193910598755 8
1679778218574 10.505186080932617 9
1679778218761 10.699071645736694 10
1679778220174 12.113954305648804 11
1679778220386 12.314866781234741 12
1679778221881 13.820253849029541 13
1679778222073 14.009982824325562 14
1679778223462 15.402273893356323 15
1679778223687 15.615015745162964 16
1679778225136 17.066975116729736 17
1679778225325 17.265035390853882 18
1679778226988 18.912090301513672 19
1679778227188 19.127192735671997 20
1679778228691 20.621185541152954 21
1679778228901 20.834005117416382 22
1679778230379 22.318050384521484 23
1679778230576 22.512057542800903 24
1679778232039 23.971261501312256 25
1679778232259 24.189289569854736 26
1679778233774 25.7013943195343 27
1679778234023 25.946743965148926 28
1679778235643 27.573310136795044 29
1679778235867 27.79311776161194 30
1679778237440 29.376724004745483 31
1679778237632 29.57232141494751 32
1679778239154 31.092854738235474 33
1679778239384 31.307464361190796 34
1679778240874 32.810791969299316 35
1679778241081 33.01020407676697 36
1679778242571 34.49711465835571 37
1679778242776 34.70520520210266 38
1679778244278 36.2138991355896 39
1679778244499 36.428908348083496 40
1679778246008 37.942288637161255 41
1679778246213 38.14423060417175 42
1679778247667 39.604100465774536 43
1679778247864 39.80056691169739 44
1679778249325 41.262906312942505 45
1679778249626 41.5573844909668 46
1679778251025 42.95789647102356 47
1679778251232 43.16304326057434 48
1679778252665 44.6007513999939 49
1679778252860 44.793813705444336 50
1679778254264 46.20356273651123 51
1679778254452 46.38989210128784 52
1679778255913 47.84928846359253 53
1679778256108 48.04479455947876 54
1679778257559 49.49547219276428 55
1679778257764 49.688210248947144 56
1679778259175 51.11056876182556 57
1679778259366 51.3020122051239 58
1679778260904 52.834267377853394 59
1679778261127 53.05496525764465 60
1679778262686 54.61823534965515 61
1679778262900 54.82738471031189 62
1679778264424 56.35592794418335 63
1679778264632 56.56220269203186 64
1679778266210 58.14105749130249 65
1679778266441 58.36581039428711 66
1679778268004 59.93899750709534 67
1679778268196 60.12981820106506 68
1679778269601 61.536917209625244 69
1679778269807 61.73446488380432 70
1679778271192 63.125680923461914 71
1679778271381 63.31790280342102 72
1679778272869 64.80399489402771 73
1679778273059 64.99593901634216 74
1679778274508 66.43757224082947 75
1679778274713 66.64704775810242 76
1679778276136 68.0680820941925 77
1679778276329 68.2630226612091 78
1679778277739 69.67405581474304 79
1679778277957 69.87495160102844 80
1679778279478 71.41230320930481 81
1679778279673 71.60789346694946 82
1679778281086 73.01979422569275 83
1679778281283 73.21589350700378 84
1679778282748 74.67886137962341 85
1679778282957 74.8894772529602 86
1679778284589 76.52454161643982 87
1679778284793 76.72118639945984 88
1679778286219 78.15349769592285 89
1679778286412 78.34491348266602 90
1679778287815 79.74883389472961 91
1679778288055 79.9790096282959 92
1679778289568 81.50209951400757 93
1679778289769 81.69989085197449 94
1679778291155 83.08760929107666 95
1679778291353 83.28501176834106 96
1679778292802 84.72496056556702 97
1679778293005 84.935781955719 98
1679778294598 86.52900815010071 99
1679778294898 86.82045364379883 100
1679778296371 88.30486750602722 101
1679778296570 88.49879455566406 102
1679778298056 89.98614287376404 103
1679778298265 90.19210839271545 104
1679778299808 91.74113821983337 105
1679778300007 91.94111466407776 106
1679778301447 93.38094568252563 107
1679778301649 93.5777440071106 108
1679778303083 95.01396679878235 109
1679778303303 95.2228364944458 110
1679778304857 96.79285454750061 111
1679778305059 96.98775720596313 112
1679778306617 98.54877519607544 113
1679778306816 98.74983096122742 114
1679778308274 100.20571947097778 115
1679778308506 100.43072319030762 116
1679778310060 101.99436378479004 117
1679778310255 102.18465185165405 118
1679778311656 103.58771824836731 119
1679778311853 103.78512668609619 120
1679778313219 105.15237617492676 121
1679778313421 105.35305619239807 122
1679778314984 106.91581106185913 123
1679778315187 107.11582541465759 124
1679778316628 108.56005215644836 125
1679778316835 108.76309967041016 126
1679778318389 110.31804251670837 127
1679778318585 110.51592564582825 128
1679778320201 112.13393044471741 129
1679778320397 112.33067774772644 130
1679778321956 113.88457489013672 131
1679778322157 114.08686876296997 132
1679778323618 115.54570245742798 133
1679778323849 115.77169561386108 134
1679778325444 117.37089681625366 135
1679778325648 117.57467603683472 136
1679778327172 119.10384178161621 137
1679778327376 119.30489730834961 138
1679778328819 120.75086498260498 139
1679778329038 120.95904302597046 140
1679778330469 122.39946937561035 141
1679778330664 122.59482169151306 142
1679778332111 124.04289627075195 143
1679778332304 124.23398518562317 144
1679778333781 125.71108198165894 145
1679778333980 125.91004633903503 146
1679778335497 127.42934322357178 147
1679778335699 127.62873840332031 148
1679778337171 129.10086703300476 149
1679778337381 129.30769324302673 150
1679778338834 130.76694416999817 151
1679778339036 130.9648220539093 152
1679778340640 132.55787181854248 153
1679778340838 132.76973915100098 154
1679778342306 134.23085069656372 155
1679778342508 134.43493580818176 156
1679778343926 135.8528130054474 157
1679778344129 136.05974745750427 158
1679778345727 137.65374851226807 159
1679778345938 137.86196613311768 160
1679778347373 139.3067147731781 161
1679778347569 139.5019247531891 162
1679778349018 140.946674823761 163
1679778349222 141.14870691299438 164
1679778350712 142.64068174362183 165
1679778350908 142.8369598388672 166
1679778352361 144.28764700889587 167
1679778352562 144.4877064228058 168
1679778354051 145.97766876220703 169
1679778354267 146.19410347938538 170
1679778355947 147.86569380760193 171
1679778356265 148.18485498428345 172
1679778357755 149.68176794052124 173
1679778357954 149.88279724121094 174
1679778359434 151.36083507537842 175
1679778359655 151.57863521575928 176
1679778361277 153.203688621521 177
1679778361489 153.413729429245 178
1679778362947 154.87476444244385 179
1679778363155 155.07969307899475 180
1679778364589 156.51700830459595 181
1679778364808 156.7319052219391 182
1679778366353 158.27553725242615 183
1679778366556 158.48294949531555 184
1679778368059 159.98790454864502 185
1679778368256 160.1865770816803 186
1679778369669 161.59592151641846 187
1679778369886 161.80773901939392 188
1679778371374 163.304119348526 189
1679778371573 163.5030083656311 190
1679778372925 164.8536832332611 191
1679778373121 165.05285024642944 192
1679778374544 166.47468638420105 193
1679778374741 166.66878604888916 194
1679778376219 168.14682483673096 195
1679778376424 168.34967923164368 196
1679778377812 169.74259305000305 197
1679778378008 169.94093561172485 198
1679778379504 171.43396615982056 199
1679778379704 171.632821559906 200
1679778381128 173.057541847229 201
1679778381362 173.2771770954132 202
1679778383024 174.9464819431305 203
1679778383230 175.15619540214539 204
1679778384718 176.6428427696228 205
1679778384937 176.8510127067566 206
1679778386391 178.317049741745 207
1679778386611 178.5337529182434 208
1679778388132 180.0605685710907 209
1679778388350 180.27755880355835 210
1679778389814 181.74340629577637 211
1679778390011 181.94077062606812 212
1679778391488 183.41769886016846 213
1679778391718 183.64160084724426 214
1679778393193 185.1195170879364 215
1679778393402 185.32675337791443 216
1679778394893 186.8141646385193 217
1679778395104 187.03066563606262 218
1679778396614 188.53293704986572 219
1679778396857 188.77398490905762 220
1679778398401 190.32552552223206 221
1679778398600 190.52762126922607 222
1679778400068 191.99165868759155 223
1679778400278 192.20578718185425 224
1679778401825 193.74739003181458 225
1679778402077 193.9855499267578 226
1679778403672 195.59965896606445 227
1679778403886 195.80557560920715 228
1679778405355 197.28186535835266 229
1679778405568 197.49350666999817 230
1679778407061 198.98713278770447 231
1679778407288 199.2108154296875 232
1679778408778 200.7019922733307 233
1679778408978 200.90374326705933 234
1679778410385 202.308935880661 235
1679778410583 202.50957942008972 236
1679778412097 204.01742458343506 237
1679778412329 204.24365091323853 238
1679778414005 205.9229621887207 239
1679778414219 206.13956809043884 240
1679778415759 207.67925214767456 241
1679778415983 207.90060782432556 242
1679778417489 209.40973782539368 243
1679778417715 209.63103795051575 244
1679778419246 211.16674637794495 245
1679778419449 211.37560200691223 246
1679778420910 212.83374118804932 247
1679778421121 213.0432209968567 248
1679778422579 214.50319838523865 249
1679778422819 214.73958492279053 250
1679778424374 216.29641151428223 251
1679778424585 216.50972962379456 252
1679778426136 218.0561399459839 253
1679778426355 218.27364206314087 254
1679778427846 219.77162528038025 255
1679778428078 219.99375081062317 256
1679778429637 221.55357241630554 257
1679778429841 221.76861095428467 258
1679778431233 223.1570966243744 259
1679778431437 223.36315035820007 260
1679778432830 224.7518961429596 261
1679778433033 224.95859694480896 262
1679778434557 226.479642868042 263
1679778434770 226.69555950164795 264
1679778436233 228.15830373764038 265
1679778436521 228.44710564613342 266
1679778438008 229.9347288608551 267
1679778438221 230.13854241371155 268
1679778439813 231.72766613960266 269
1679778440032 231.95273852348328 270
1679778441477 233.39947175979614 271
1679778441718 233.61860585212708 272
1679778443287 235.2015995979309 273
1679778443538 235.44437456130981 274
1679778445215 237.13066697120667 275
1679778445441 237.35361695289612 276
1679778447007 238.9185290336609 277
1679778447226 239.1416139602661 278
1679778448683 240.59890508651733 279
1679778448913 240.8208863735199 280
1679778450381 242.3006250858307 281
1679778450583 242.5078320503235 282
1679778451976 243.90186524391174 283
1679778452179 244.10160446166992 284
1679778453535 245.4574797153473 285
1679778453742 245.6657874584198 286
1679778455276 247.19953417778015 287
1679778455481 247.4026665687561 288
1679778456954 248.87532377243042 289
1679778457170 249.08839964866638 290
1679778458644 250.56626749038696 291
1679778458858 250.77962470054626 292
1679778460523 252.44644737243652 293
1679778460734 252.65274238586426 294
1679778462200 254.11459708213806 295
1679778462416 254.3356602191925 296
1679778463871 255.79164171218872 297
1679778464104 256.0174996852875 298
1679778465650 257.5736668109894 299
1679778465861 257.7806055545807 300
1679778466013 257.9315810203552 301
