1679778211949 21.664914491113517 1
1679778213589 6.211774221373628 3
1679778215228 4.868852842467104 5
1679778216911 3.044792312178324 7
1679778218565 2.9888900100024296 9
1679778220167 5.606900282817904 11
1679778221873 5.691547910689832 13
1679778223453 3.414520531372017 15
1679778225121 3.858555430123286 17
1679778226979 2.5480514089286297 19
1679778228677 2.8416853194467677 21
1679778230372 2.499314573188454 23
1679778232032 2.0828567504049595 25
1679778233763 2.195452708098154 27
1679778235635 2.572331644211539 29
1679778237431 1.979943738302706 31
1679778239147 3.4898533761590587 33
1679778240864 2.670161964532678 35
1679778242559 2.231718655770502 37
1679778244269 1.803733021333345 39
1679778246000 1.5645564236881373 41
1679778247658 1.3972841595865404 43
1679778249317 1.7649997617385416 45
1679778251015 1.826029875504036 47
1679778252657 1.4280120008776203 49
1679778254256 1.287956183872042 51
1679778255905 1.4585541328131646 53
1679778257551 1.0681523191768172 55
1679778259167 1.1548414381515724 57
1679778260894 1.414583474710115 59
1679778262678 1.2564392936152335 61
1679778264416 1.3281380336283448 63
1679778266201 1.4138006859357155 65
1679778267995 1.1748285561398275 67
1679778269593 1.2765106012151055 69
1679778271183 1.4092248586553724 71
1679778272861 1.2475137946252162 73
1679778274498 1.402616396107438 75
1679778276128 1.0685356328681417 77
1679778277732 1.172508573270237 79
1679778279470 1.260750364435951 81
1679778281078 1.2659315934374042 83
1679778282738 0.9337268863626558 85
1679778284581 1.1372377293531262 87
1679778286212 0.8851297283196413 89
1679778287806 1.1024449663166993 91
1679778289560 1.0400800455065888 93
1679778291147 1.0739930339057149 95
1679778292793 0.9499195677842489 97
1679778294589 0.9825549330404265 99
1679778296364 1.0138532351804743 101
1679778298047 0.9538887812683002 103
1679778299800 1.0214072255807345 105
1679778301440 0.8579671268039385 107
1679778303075 0.8651094711011371 109
1679778304849 0.93510025312647 111
1679778306609 0.9122397395830064 113
1679778308264 0.9960113294530498 115
1679778310051 1.012223248534124 117
1679778311647 0.9593381107418881 119
1679778313211 0.9641288958129083 121
1679778314975 0.8183058992482041 123
1679778316620 0.8512196527143984 125
1679778318378 0.9239662303010404 127
1679778320193 0.8368778645664945 129
1679778321948 0.8320787688582406 131
1679778323609 0.8314152210281304 133
1679778325436 0.8249065171345079 135
1679778327163 0.8130807183232833 137
1679778328812 0.9089326640099094 139
1679778330460 0.848600236493471 141
1679778332103 0.7962541889680128 143
1679778333772 0.93820642097795 145
1679778335488 0.9106907849341884 147
1679778337162 0.9125347694515051 149
1679778338825 0.9316123456164592 151
1679778340629 0.7401755855744682 153
1679778342297 0.9050805019963342 155
1679778343917 0.8213251309578143 157
1679778345718 0.8534181141520046 159
1679778347365 0.8627111710016572 161
1679778349010 0.8358254999859716 163
1679778350704 0.9500314162423833 165
1679778352352 0.7866496186344492 167
1679778354044 0.9271485765041022 169
1679778355939 0.9398543271670863 171
1679778357746 0.8543528098793429 173
1679778359425 0.7156588645559874 175
1679778361268 0.8669021868789071 177
1679778362940 0.7019160796687773 179
1679778364579 0.6602822519277134 181
1679778366343 0.7128974966745762 183
1679778368049 0.8578796816419734 185
1679778369660 0.9031859627825822 187
1679778371366 0.7807116655040489 189
1679778372915 0.762481753015542 191
1679778374536 0.8374838386097373 193
1679778376213 0.7718035350337483 195
1679778377804 0.753079698910668 197
1679778379496 0.735920603847837 199
1679778381119 0.6418726255580657 201
1679778383016 0.7364906452324649 203
1679778384710 0.7496245859625098 205
1679778386383 0.707590859173181 207
1679778388123 0.7448249464660243 209
1679778389806 0.8685130773114967 211
1679778391481 0.7864497860133857 213
1679778393185 0.7255849486520989 215
1679778394882 0.7535168555933894 217
1679778396607 0.8000171889201796 219
1679778398393 0.6598104179292337 221
1679778400059 0.7087983694067016 223
1679778401817 0.7807524792266023 225
1679778403663 0.7099463693868263 227
1679778405348 0.7589296274820805 229
1679778407052 0.7072855982849494 231
1679778408770 0.6304425467447347 233
1679778410377 0.7664045554307242 235
1679778412087 0.6818241845115208 237
1679778413997 0.7779355681335337 239
1679778415749 0.6676875609668326 241
1679778417481 0.7708243062599742 243
1679778419239 0.6920694909688537 245
1679778420902 0.7763741469895072 247
1679778422570 0.6298704034854815 249
1679778424366 0.7659283755007709 251
1679778426128 0.6479913070388752 253
1679778427837 0.6669368972137935 255
1679778429628 0.6927400292513434 257
1679778431223 0.7942001466479858 259
1679778432821 0.7150802989334567 261
1679778434548 0.7277306768516868 263
1679778436227 0.7311636916530531 265
1679778438000 0.7682016129292552 267
1679778439805 0.698751484341938 269
1679778441469 0.6078191576037357 271
1679778443278 0.8047222807237165 273
1679778445207 0.6802643716365054 275
1679778446999 0.6644260400959211 277
1679778448675 0.7076973410112168 279
1679778450373 0.7780357332927135 281
1679778451969 0.6928018444011762 283
1679778453525 0.6347512570370214 285
1679778455268 0.7396336833179682 287
1679778456946 0.7520802420374756 289
1679778458635 0.7706164303149692 291
1679778460515 0.8310532027402641 293
1679778462193 0.6977836689946655 295
1679778463863 0.6750727567860798 297
1679778465643 0.703572935734876 299
