1677114853572 0.0 1
1677114853794 0.0 2
1677114854971 0.0 3
1677114855181 0.0 4
1677114856264 0.0 5
1677114856472 0.0 6
1677114857542 0.0 7
1677114857756 0.0 8
1677114858879 0.0 9
1677114859102 0.0 10
1677114860204 0.0 11
1677114860425 0.0 12
1677114861562 0.0 13
1677114861782 0.0 14
1677114863001 0.0 15
1677114863213 0.0 16
1677114864333 0.0 17
1677114864547 0.0 18
1677114865637 0.0 19
1677114865860 0.0 20
1677114866990 0.0 21
1677114867205 0.0 22
1677114868298 0.0 23
1677114868520 0.0 24
1677114869627 0.0 25
1677114869944 0.0 26
1677114871021 0.0 27
1677114871245 0.0 28
1677114872385 0.0 29
1677114872633 0.0 30
1677114873729 0.0 31
1677114873952 0.0 32
1677114875075 0.0 33
1677114875291 0.0 34
1677114876408 0.0 35
1677114876638 0.0 36
1677114877813 0.0 37
1677114878025 0.0 38
1677114879134 0.0 39
1677114879361 0.0 40
1677114880480 0.0 41
1677114880702 0.0 42
1677114881793 0.0 43
1677114882010 0.0 44
1677114883101 0.0 45
1677114883315 0.0 46
1677114884393 0.0 47
1677114884604 0.0 48
1677114885908 0.0 49
1677114886127 0.0 50
1677114887235 0.0 51
1677114887455 0.0 52
1677114888546 0.0 53
1677114888774 0.0 54
1677114889918 0.0 55
1677114890135 0.0 56
1677114891207 0.0 57
1677114891428 0.0 58
1677114892543 0.0 59
1677114892770 0.0 60
1677114893955 0.0 61
1677114894179 0.0 62
1677114895256 0.0 63
1677114895470 0.0 64
1677114896550 0.0 65
1677114896777 0.0 66
1677114897847 0.0 67
1677114898064 0.0 68
1677114899147 0.0 69
1677114899365 0.0 70
1677114900544 0.0 71
1677114900769 0.0 72
1677114901994 0.0 73
1677114902216 0.0 74
1677114903345 0.0 75
1677114903564 0.0 76
1677114904640 0.0 77
1677114904859 0.0 78
1677114905990 0.0 79
1677114906204 0.0 80
1677114907300 0.0 81
1677114907520 0.0 82
1677114908640 0.0 83
1677114908873 0.0 84
1677114910074 0.0 85
1677114910293 0.0 86
1677114911362 0.0 87
1677114911588 0.0 88
1677114912673 0.0 89
1677114912898 0.0 90
1677114914016 0.0 91
1677114914239 0.0 92
1677114915338 0.0 93
1677114915557 0.0 94
1677114916669 0.0 95
1677114916977 0.0 96
1677114918068 0.0 97
1677114918299 0.0 98
1677114919466 0.0 99
1677114919694 0.0 100
1677114920821 0.0 101
1677114921037 0.0 102
1677114922149 0.0 103
1677114922369 0.0 104
1677114923444 0.0 105
1677114923656 0.0 106
1677114924858 0.0 107
1677114925095 0.0 108
1677114926210 0.0 109
1677114926432 0.0 110
1677114927628 0.0 111
1677114927848 0.0 112
1677114928963 0.0 113
1677114929195 0.0 114
1677114930303 0.0 115
1677114930522 0.0 116
1677114931637 0.0 117
1677114931871 0.0 118
1677114933175 0.0 119
1677114933408 0.0 120
1677114934518 0.0 121
1677114934754 0.0 122
1677114935902 0.0 123
1677114936126 0.0 124
1677114937205 0.0 125
1677114937423 0.0 126
1677114938509 0.0 127
1677114938733 0.0 128
1677114939887 0.0 129
1677114940124 0.0 130
1677114941343 0.0 131
1677114941572 0.0 132
1677114942660 0.0 133
1677114942899 0.0 134
1677114944000 0.0 135
1677114944239 0.0 136
1677114945353 0.0 137
1677114945577 0.0 138
1677114946648 0.0 139
1677114946879 0.0 140
1677114948017 0.0 141
1677114948243 0.0 142
1677114949436 0.0 143
1677114949662 0.0 144
1677114950757 0.0 145
1677114950990 0.0 146
1677114952092 0.0 147
1677114952324 0.0 148
1677114953479 0.0 149
1677114953700 0.0 150
1677114954844 0.0 151
1677114955063 0.0 152
1677114956181 0.0 153
1677114956500 0.0 154
1677114957574 0.0 155
1677114957798 0.0 156
1677114958900 0.0 157
1677114959134 0.0 158
1677114960220 0.0 159
1677114960443 0.0 160
1677114961552 0.0 161
1677114961781 0.0 162
1677114962874 0.0 163
1677114963100 0.0 164
1677114964333 0.0 165
1677114964550 0.0 166
1677114965677 0.0 167
1677114965919 0.0 168
1677114967028 0.0 169
1677114967262 0.0 170
1677114968391 0.0 171
1677114968612 0.0 172
1677114969731 0.0 173
1677114969956 0.0 174
1677114971052 0.0 175
1677114971278 0.0 176
1677114972470 0.0 177
1677114972722 0.0 178
1677114973789 0.0 179
1677114974012 0.0 180
1677114975118 0.0 181
1677114975339 0.0 182
1677114976421 0.0 183
1677114976647 0.0 184
1677114977710 0.0 185
1677114977936 0.0 186
1677114979090 0.0 187
1677114979357 0.0 188
1677114980647 0.0 189
1677114980867 0.0 190
1677114982005 0.0 191
1677114982233 0.0 192
1677114983439 0.0 193
1677114983669 0.0 194
1677114984761 0.0 195
1677114984982 0.0 196
1677114986084 0.0 197
1677114986303 0.0 198
1677114987417 0.0 199
1677114987652 0.0 200
1677114988853 0.0 201
1677114989088 0.0 202
1677114990185 0.0 203
1677114990414 0.0 204
1677114991483 0.0 205
1677114991720 0.0 206
1677114992877 0.0 207
1677114993108 0.0 208
1677114994284 0.0 209
1677114994520 0.0 210
1677114995637 0.0 211
1677114995962 0.0 212
1677114997103 0.0 213
1677114997320 0.0 214
1677114998423 0.0 215
1677114998658 0.0 216
1677114999759 0.0 217
1677114999994 0.0 218
1677115001116 0.0 219
1677115001400 0.0 220
1677115002513 0.0 221
1677115002755 0.0 222
1677115003951 0.0 223
1677115004185 0.0 224
1677115005335 0.0 225
1677115005572 0.0 226
1677115006681 0.0 227
1677115006918 0.0 228
1677115008024 0.0 229
1677115008264 0.0 230
1677115009399 0.0 231
1677115009683 0.0 232
1677115010752 0.0 233
1677115010989 0.0 234
1677115012207 0.0 235
1677115012451 0.0 236
1677115013567 0.0 237
1677115013815 0.0 238
1677115014922 0.0 239
1677115015164 0.0 240
1677115016263 0.0 241
1677115016503 0.0 242
1677115017600 0.0 243
1677115017879 0.0 244
1677115019018 0.0 245
1677115019261 0.0 246
1677115020466 0.0 247
1677115020702 0.0 248
1677115021811 0.0 249
1677115022062 0.0 250
1677115023169 0.0 251
1677115023413 0.0 252
1677115024506 0.0 253
1677115024747 0.0 254
1677115025851 0.0 255
1677115026127 0.0 256
1677115027245 0.0 257
1677115027569 0.0 258
1677115028664 0.0 259
1677115028910 0.0 260
1677115030050 0.0 261
1677115030289 0.0 262
1677115031408 0.0 263
1677115031640 0.0 264
1677115032744 0.0 265
1677115032981 0.0 266
1677115034164 0.0 267
1677115034395 0.0 268
1677115035527 0.0 269
1677115035856 0.0 270
1677115036869 0.0 271
1677115037076 0.0 272
1677115038094 0.0 273
1677115038317 0.0 274
1677115039287 0.0 275
1677115039507 0.0 276
1677115040491 0.0 277
1677115040706 0.0 278
1677115041840 0.0 279
1677115042073 0.0 280
1677115043287 0.0 281
1677115043522 0.0 282
1677115044640 0.0 283
1677115044872 0.0 284
1677115045976 0.0 285
1677115046185 0.0 286
1677115047159 0.0 287
1677115047365 0.0 288
1677115048379 0.0 289
1677115048589 0.0 290
1677115049557 0.0 291
1677115049765 0.0 292
1677115050888 0.0 293
1677115051098 0.0 294
1677115052101 0.0 295
1677115052314 0.0 296
1677115053355 0.0 297
1677115053572 0.0 298
1677115054541 0.0 299
1677115054754 0.0 300
1677115054962 0.0 301
