1677114853587 1.0 1
1677114853807 2.0 2
1677114854981 3.0 3
1677114855194 4.0 4
1677114856276 5.0 5
1677114856485 6.0 6
1677114857553 7.0 7
1677114857766 8.0 8
1677114858889 9.0 9
1677114859113 10.0 10
1677114860214 11.0 11
1677114860435 12.0 12
1677114861572 13.0 13
1677114861794 14.0 14
1677114863011 15.0 15
1677114863227 16.0 16
1677114864343 17.0 17
1677114864560 18.0 18
1677114865648 19.0 19
1677114865871 20.0 20
1677114867001 21.0 21
1677114867215 22.0 22
1677114868309 23.0 23
1677114868533 24.0 24
1677114869637 25.0 25
1677114869953 26.0 26
1677114871041 27.0 27
1677114871256 28.0 28
1677114872396 29.0 29
1677114872646 30.0 30
1677114873747 31.0 31
1677114873963 32.0 32
1677114875085 33.0 33
1677114875302 34.0 34
1677114876419 35.0 35
1677114876648 36.0 36
1677114877823 37.0 37
1677114878038 38.0 38
1677114879145 39.0 39
1677114879371 40.0 40
1677114880490 41.0 41
1677114880712 42.0 42
1677114881803 43.0 43
1677114882021 44.0 44
1677114883113 45.0 45
1677114883326 46.0 46
1677114884402 47.0 47
1677114884614 48.0 48
1677114885917 49.0 49
1677114886145 50.0 50
1677114887245 51.0 51
1677114887465 52.0 52
1677114888558 53.0 53
1677114888786 54.0 54
1677114889930 55.0 55
1677114890146 56.0 56
1677114891219 57.0 57
1677114891440 58.0 58
1677114892555 59.0 59
1677114892781 60.0 60
1677114893965 61.0 61
1677114894189 62.0 62
1677114895267 63.0 63
1677114895480 64.0 64
1677114896561 65.0 65
1677114896788 66.0 66
1677114897859 67.0 67
1677114898075 68.0 68
1677114899156 69.0 69
1677114899376 70.0 70
1677114900554 71.0 71
1677114900780 72.0 72
1677114902004 73.0 73
1677114902227 74.0 74
1677114903355 75.0 75
1677114903575 76.0 76
1677114904651 77.0 77
1677114904869 78.0 78
1677114905999 79.0 79
1677114906214 80.0 80
1677114907313 81.0 81
1677114907531 82.0 82
1677114908650 83.0 83
1677114908884 84.0 84
1677114910086 85.0 85
1677114910304 86.0 86
1677114911374 87.0 87
1677114911599 88.0 88
1677114912682 89.0 89
1677114912910 90.0 90
1677114914030 91.0 91
1677114914249 92.0 92
1677114915349 93.0 93
1677114915570 94.0 94
1677114916680 95.0 95
1677114916989 96.0 96
1677114918077 97.0 97
1677114918310 98.0 98
1677114919477 99.0 99
1677114919705 100.0 100
1677114920832 101.0 101
1677114921050 102.0 102
1677114922159 103.0 103
1677114922382 104.0 104
1677114923455 105.0 105
1677114923668 106.0 106
1677114924868 107.0 107
1677114925107 108.0 108
1677114926222 109.0 109
1677114926444 110.0 110
1677114927639 111.0 111
1677114927860 112.0 112
1677114928974 113.0 113
1677114929205 114.0 114
1677114930314 115.0 115
1677114930531 116.0 116
1677114931649 117.0 117
1677114931882 118.0 118
1677114933188 119.0 119
1677114933421 120.0 120
1677114934531 121.0 121
1677114934765 122.0 122
1677114935912 123.0 123
1677114936137 124.0 124
1677114937215 125.0 125
1677114937434 126.0 126
1677114938519 127.0 127
1677114938743 128.0 128
1677114939897 129.0 129
1677114940139 130.0 130
1677114941354 131.0 131
1677114941583 132.0 132
1677114942675 133.0 133
1677114942911 134.0 134
1677114944013 135.0 135
1677114944250 136.0 136
1677114945364 137.0 137
1677114945588 138.0 138
1677114946659 139.0 139
1677114946892 140.0 140
1677114948029 141.0 141
1677114948254 142.0 142
1677114949450 143.0 143
1677114949674 144.0 144
1677114950769 145.0 145
1677114951000 146.0 146
1677114952103 147.0 147
1677114952334 148.0 148
1677114953490 149.0 149
1677114953711 150.0 150
1677114954854 151.0 151
1677114955074 152.0 152
1677114956192 153.0 153
1677114956509 154.0 154
1677114957584 155.0 155
1677114957808 156.0 156
1677114958913 157.0 157
1677114959146 158.0 158
1677114960230 159.0 159
1677114960454 160.0 160
1677114961562 161.0 161
1677114961794 162.0 162
1677114962884 163.0 163
1677114963111 164.0 164
1677114964343 165.0 165
1677114964562 166.0 166
1677114965688 167.0 167
1677114965930 168.0 168
1677114967040 169.0 169
1677114967275 170.0 170
1677114968402 171.0 171
1677114968623 172.0 172
1677114969742 173.0 173
1677114969967 174.0 174
1677114971063 175.0 175
1677114971289 176.0 176
1677114972480 177.0 177
1677114972734 178.0 178
1677114973801 179.0 179
1677114974023 180.0 180
1677114975129 181.0 181
1677114975349 182.0 182
1677114976432 183.0 183
1677114976659 184.0 184
1677114977720 185.0 185
1677114977947 186.0 186
1677114979104 187.0 187
1677114979369 188.0 188
1677114980658 189.0 189
1677114980878 190.0 190
1677114982015 191.0 191
1677114982245 192.0 192
1677114983452 193.0 193
1677114983680 194.0 194
1677114984773 195.0 195
1677114984994 196.0 196
1677114986095 197.0 197
1677114986314 198.0 198
1677114987427 199.0 199
1677114987663 200.0 200
1677114988864 201.0 201
1677114989099 202.0 202
1677114990195 203.0 203
1677114990424 204.0 204
1677114991495 205.0 205
1677114991731 206.0 206
1677114992889 207.0 207
1677114993119 208.0 208
1677114994295 209.0 209
1677114994530 210.0 210
1677114995650 211.0 211
1677114995973 212.0 212
1677114997114 213.0 213
1677114997333 214.0 214
1677114998434 215.0 215
1677114998670 216.0 216
1677114999769 217.0 217
1677115000007 218.0 218
1677115001127 219.0 219
1677115001410 220.0 220
1677115002524 221.0 221
1677115002766 222.0 222
1677115003962 223.0 223
1677115004195 224.0 224
1677115005345 225.0 225
1677115005582 226.0 226
1677115006691 227.0 227
1677115006929 228.0 228
1677115008034 229.0 229
1677115008276 230.0 230
1677115009412 231.0 231
1677115009695 232.0 232
1677115010762 233.0 233
1677115011000 234.0 234
1677115012219 235.0 235
1677115012463 236.0 236
1677115013581 237.0 237
1677115013826 238.0 238
1677115014932 239.0 239
1677115015175 240.0 240
1677115016275 241.0 241
1677115016514 242.0 242
1677115017614 243.0 243
1677115017889 244.0 244
1677115019030 245.0 245
1677115019276 246.0 246
1677115020478 247.0 247
1677115020713 248.0 248
1677115021822 249.0 249
1677115022073 250.0 250
1677115023184 251.0 251
1677115023424 252.0 252
1677115024519 253.0 253
1677115024758 254.0 254
1677115025877 255.0 255
1677115026137 256.0 256
1677115027255 257.0 257
1677115027579 258.0 258
1677115028677 259.0 259
1677115028922 260.0 260
1677115030061 261.0 261
1677115030301 262.0 262
1677115031419 263.0 263
1677115031650 264.0 264
1677115032756 265.0 265
1677115032992 266.0 266
1677115034175 267.0 267
1677115034407 268.0 268
1677115035538 269.0 269
1677115035868 270.0 270
1677115036879 271.0 271
1677115037086 272.0 272
1677115038106 273.0 273
1677115038327 274.0 274
1677115039297 275.0 275
1677115039517 276.0 276
1677115040500 277.0 277
1677115040717 278.0 278
1677115041855 279.0 279
1677115042084 280.0 280
1677115043299 281.0 281
1677115043532 282.0 282
1677115044650 283.0 283
1677115044882 284.0 284
1677115045985 285.0 285
1677115046195 286.0 286
1677115047169 287.0 287
1677115047375 288.0 288
1677115048389 289.0 289
1677115048598 290.0 290
1677115049567 291.0 291
1677115049776 292.0 292
1677115050898 293.0 293
1677115051109 294.0 294
1677115052112 295.0 295
1677115052325 296.0 296
1677115053365 297.0 297
1677115053581 298.0 298
1677115054551 299.0 299
1677115054764 300.0 300
1677115054973 301.0 301
