1677114853581 7792.0 1
1677114853802 7792.0 2
1677114854977 7792.0 3
1677114855188 7792.0 4
1677114856271 7792.0 5
1677114856480 7792.0 6
1677114857548 7792.0 7
1677114857762 7792.0 8
1677114858884 7792.0 9
1677114859109 7792.0 10
1677114860210 7792.0 11
1677114860430 7792.0 12
1677114861568 7792.0 13
1677114861788 7792.0 14
1677114863007 7792.0 15
1677114863220 7792.0 16
1677114864339 7792.0 17
1677114864555 7792.0 18
1677114865643 7792.0 19
1677114865866 7792.0 20
1677114866996 7792.0 21
1677114867211 7792.0 22
1677114868304 7792.0 23
1677114868527 7792.0 24
1677114869633 7792.0 25
1677114869949 7792.0 26
1677114871035 7792.0 27
1677114871251 7792.0 28
1677114872392 7792.0 29
1677114872641 7792.0 30
1677114873735 7792.0 31
1677114873959 7792.0 32
1677114875080 7792.0 33
1677114875297 7792.0 34
1677114876414 7792.0 35
1677114876644 7792.0 36
1677114877819 7792.0 37
1677114878032 7792.0 38
1677114879141 7792.0 39
1677114879367 7792.0 40
1677114880485 7792.0 41
1677114880708 7792.0 42
1677114881799 7792.0 43
1677114882016 7792.0 44
1677114883106 7792.0 45
1677114883322 7792.0 46
1677114884397 7792.0 47
1677114884611 7792.0 48
1677114885913 7792.0 49
1677114886133 7792.0 50
1677114887242 7792.0 51
1677114887461 7792.0 52
1677114888553 7792.0 53
1677114888781 7792.0 54
1677114889925 7792.0 55
1677114890142 7792.0 56
1677114891214 7792.0 57
1677114891435 7792.0 58
1677114892549 7792.0 59
1677114892776 7792.0 60
1677114893961 7792.0 61
1677114894184 7792.0 62
1677114895262 7792.0 63
1677114895476 7792.0 64
1677114896557 7792.0 65
1677114896783 7792.0 66
1677114897854 7792.0 67
1677114898071 7792.0 68
1677114899152 7792.0 69
1677114899372 7792.0 70
1677114900550 7792.0 71
1677114900775 7792.0 72
1677114902000 7792.0 73
1677114902222 7792.0 74
1677114903351 7792.0 75
1677114903571 7792.0 76
1677114904647 7792.0 77
1677114904865 7792.0 78
1677114905996 7792.0 79
1677114906210 7792.0 80
1677114907307 7792.0 81
1677114907526 7792.0 82
1677114908646 7792.0 83
1677114908880 7792.0 84
1677114910081 7792.0 85
1677114910299 7792.0 86
1677114911369 7792.0 87
1677114911595 7792.0 88
1677114912678 7792.0 89
1677114912905 7792.0 90
1677114914023 7792.0 91
1677114914244 7792.0 92
1677114915345 7792.0 93
1677114915564 7792.0 94
1677114916676 7792.0 95
1677114916983 7792.0 96
1677114918073 7792.0 97
1677114918304 7792.0 98
1677114919473 7792.0 99
1677114919700 7792.0 100
1677114920828 7792.0 101
1677114921044 7792.0 102
1677114922154 7792.0 103
1677114922376 7792.0 104
1677114923450 7792.0 105
1677114923662 7792.0 106
1677114924863 7792.0 107
1677114925102 7792.0 108
1677114926217 7792.0 109
1677114926440 7792.0 110
1677114927634 7792.0 111
1677114927855 7792.0 112
1677114928970 7792.0 113
1677114929200 7792.0 114
1677114930310 7792.0 115
1677114930527 7792.0 116
1677114931644 7792.0 117
1677114931878 7792.0 118
1677114933183 7792.0 119
1677114933415 7792.0 120
1677114934525 7792.0 121
1677114934761 7792.0 122
1677114935908 7792.0 123
1677114936132 7792.0 124
1677114937210 7792.0 125
1677114937429 7792.0 126
1677114938514 7792.0 127
1677114938739 7792.0 128
1677114939893 7792.0 129
1677114940133 7792.0 130
1677114941349 7792.0 131
1677114941578 7792.0 132
1677114942669 7792.0 133
1677114942905 7792.0 134
1677114944009 7792.0 135
1677114944245 7792.0 136
1677114945360 7792.0 137
1677114945583 7792.0 138
1677114946654 7792.0 139
1677114946886 7792.0 140
1677114948024 7792.0 141
1677114948248 7792.0 142
1677114949444 7792.0 143
1677114949668 7792.0 144
1677114950764 7792.0 145
1677114950996 7792.0 146
1677114952099 7792.0 147
1677114952330 7792.0 148
1677114953484 7792.0 149
1677114953706 7792.0 150
1677114954849 7792.0 151
1677114955069 7792.0 152
1677114956187 7792.0 153
1677114956505 7792.0 154
1677114957581 7792.0 155
1677114957804 7792.0 156
1677114958910 7792.0 157
1677114959141 7792.0 158
1677114960225 7792.0 159
1677114960449 7792.0 160
1677114961557 7792.0 161
1677114961789 7792.0 162
1677114962881 7792.0 163
1677114963106 7792.0 164
1677114964339 7792.0 165
1677114964559 7792.0 166
1677114965683 7792.0 167
1677114965925 7792.0 168
1677114967034 7792.0 169
1677114967269 7792.0 170
1677114968396 7792.0 171
1677114968618 7792.0 172
1677114969736 7792.0 173
1677114969962 7792.0 174
1677114971057 7792.0 175
1677114971285 7792.0 176
1677114972475 7792.0 177
1677114972729 7792.0 178
1677114973795 7792.0 179
1677114974017 7792.0 180
1677114975125 7792.0 181
1677114975345 7792.0 182
1677114976427 7792.0 183
1677114976654 7792.0 184
1677114977716 7792.0 185
1677114977943 7792.0 186
1677114979098 7792.0 187
1677114979364 7792.0 188
1677114980654 7792.0 189
1677114980874 7792.0 190
1677114982011 7792.0 191
1677114982240 7792.0 192
1677114983447 7792.0 193
1677114983675 7792.0 194
1677114984767 7792.0 195
1677114984989 7792.0 196
1677114986090 7792.0 197
1677114986309 7792.0 198
1677114987423 7792.0 199
1677114987659 7792.0 200
1677114988860 7792.0 201
1677114989094 7792.0 202
1677114990192 7792.0 203
1677114990420 7792.0 204
1677114991490 7792.0 205
1677114991727 7792.0 206
1677114992884 7792.0 207
1677114993115 7792.0 208
1677114994290 7792.0 209
1677114994526 7792.0 210
1677114995644 7792.0 211
1677114995968 7792.0 212
1677114997110 7792.0 213
1677114997327 7792.0 214
1677114998429 7792.0 215
1677114998664 7792.0 216
1677114999765 7792.0 217
1677115000001 7792.0 218
1677115001123 7792.0 219
1677115001406 7792.0 220
1677115002519 7792.0 221
1677115002762 7792.0 222
1677115003958 7792.0 223
1677115004191 7792.0 224
1677115005341 7792.0 225
1677115005577 7792.0 226
1677115006686 7792.0 227
1677115006925 7792.0 228
1677115008030 7792.0 229
1677115008271 7792.0 230
1677115009409 7792.0 231
1677115009690 7792.0 232
1677115010758 7792.0 233
1677115010995 7792.0 234
1677115012214 7792.0 235
1677115012459 7792.0 236
1677115013576 7792.0 237
1677115013823 7792.0 238
1677115014928 7792.0 239
1677115015170 7792.0 240
1677115016271 7792.0 241
1677115016510 7792.0 242
1677115017608 7792.0 243
1677115017885 7792.0 244
1677115019025 7792.0 245
1677115019270 7792.0 246
1677115020474 7792.0 247
1677115020707 7792.0 248
1677115021818 7792.0 249
1677115022069 7792.0 250
1677115023178 7792.0 251
1677115023419 7792.0 252
1677115024512 7792.0 253
1677115024754 7792.0 254
1677115025858 7792.0 255
1677115026133 7792.0 256
1677115027251 7792.0 257
1677115027574 7792.0 258
1677115028672 7792.0 259
1677115028917 7792.0 260
1677115030056 7792.0 261
1677115030295 7792.0 262
1677115031414 7792.0 263
1677115031645 7792.0 264
1677115032751 7792.0 265
1677115032986 7792.0 266
1677115034170 7792.0 267
1677115034401 7792.0 268
1677115035533 7792.0 269
1677115035863 7792.0 270
1677115036874 7792.0 271
1677115037082 7792.0 272
1677115038100 7792.0 273
1677115038323 7792.0 274
1677115039293 7792.0 275
1677115039513 7792.0 276
1677115040496 7792.0 277
1677115040712 7792.0 278
1677115041849 7792.0 279
1677115042079 7792.0 280
1677115043294 7792.0 281
1677115043527 7792.0 282
1677115044645 7792.0 283
1677115044878 7792.0 284
1677115045981 7792.0 285
1677115046191 7792.0 286
1677115047165 7792.0 287
1677115047372 7792.0 288
1677115048384 7792.0 289
1677115048593 7792.0 290
1677115049563 7792.0 291
1677115049771 7792.0 292
1677115050894 7792.0 293
1677115051104 7792.0 294
1677115052107 7792.0 295
1677115052320 7792.0 296
1677115053361 7792.0 297
1677115053577 7792.0 298
1677115054547 7792.0 299
1677115054760 7792.0 300
1677115054969 7792.0 301
