1679938080948 1.0 1
1679938081067 2.0 2
1679938081759 3.0 3
1679938081880 4.0 4
1679938082516 5.0 5
1679938082629 6.0 6
1679938083230 7.0 7
1679938083342 8.0 8
1679938084026 9.0 9
1679938084154 10.0 10
1679938084830 11.0 11
1679938084951 12.0 12
1679938085588 13.0 13
1679938085701 14.0 14
1679938086306 15.0 15
1679938086459 16.0 16
1679938087142 17.0 17
1679938087263 18.0 18
1679938087948 19.0 19
1679938088064 20.0 20
1679938088676 21.0 21
1679938088803 22.0 22
1679938089406 23.0 23
1679938089544 24.0 24
1679938090252 25.0 25
1679938090373 26.0 26
1679938090984 27.0 27
1679938091100 28.0 28
1679938091779 29.0 29
1679938091928 30.0 30
1679938092653 31.0 31
1679938092785 32.0 32
1679938093422 33.0 33
1679938093544 34.0 34
1679938094144 35.0 35
1679938094258 36.0 36
1679938094867 37.0 37
1679938095018 38.0 38
1679938095724 39.0 39
1679938095849 40.0 40
1679938096453 41.0 41
1679938096577 42.0 42
1679938097193 43.0 43
1679938097348 44.0 44
1679938098098 45.0 45
1679938098221 46.0 46
1679938098840 47.0 47
1679938098960 48.0 48
1679938099590 49.0 49
1679938099791 50.0 50
1679938100452 51.0 51
1679938100607 52.0 52
1679938101336 53.0 53
1679938101478 54.0 54
1679938102189 55.0 55
1679938102343 56.0 56
1679938103181 57.0 57
1679938103312 58.0 58
1679938103975 59.0 59
1679938104111 60.0 60
1679938104779 61.0 61
1679938104914 62.0 62
1679938105604 63.0 63
1679938105759 64.0 64
1679938106537 65.0 65
1679938106665 66.0 66
1679938107270 67.0 67
1679938107391 68.0 68
1679938108111 69.0 69
1679938108228 70.0 70
1679938108929 71.0 71
1679938109049 72.0 72
1679938109685 73.0 73
1679938109807 74.0 74
1679938110463 75.0 75
1679938110581 76.0 76
1679938111231 77.0 77
1679938111380 78.0 78
1679938112064 79.0 79
1679938112186 80.0 80
1679938112829 81.0 81
1679938112991 82.0 82
1679938113680 83.0 83
1679938113798 84.0 84
1679938114466 85.0 85
1679938114598 86.0 86
1679938115229 87.0 87
1679938115355 88.0 88
1679938115973 89.0 89
1679938116097 90.0 90
1679938116797 91.0 91
1679938116942 92.0 92
1679938117691 93.0 93
1679938117826 94.0 94
1679938118431 95.0 95
1679938118580 96.0 96
1679938119310 97.0 97
1679938119440 98.0 98
1679938120073 99.0 99
1679938120202 100.0 100
1679938120844 101.0 101
1679938120964 102.0 102
1679938121574 103.0 103
1679938121694 104.0 104
1679938122327 105.0 105
1679938122486 106.0 106
1679938123215 107.0 107
1679938123354 108.0 108
1679938123979 109.0 109
1679938124128 110.0 110
1679938124816 111.0 111
1679938124953 112.0 112
1679938125687 113.0 113
1679938125812 114.0 114
1679938126425 115.0 115
1679938126548 116.0 116
1679938127202 117.0 117
1679938127330 118.0 118
1679938128063 119.0 119
1679938128186 120.0 120
1679938128821 121.0 121
1679938128956 122.0 122
1679938129581 123.0 123
1679938129717 124.0 124
1679938130481 125.0 125
1679938130603 126.0 126
1679938131234 127.0 127
1679938131362 128.0 128
1679938132023 129.0 129
1679938132177 130.0 130
1679938132896 131.0 131
1679938133070 132.0 132
1679938133958 133.0 133
1679938134104 134.0 134
1679938134798 135.0 135
1679938134956 136.0 136
1679938135756 137.0 137
1679938135903 138.0 138
1679938136594 139.0 139
1679938136724 140.0 140
1679938137418 141.0 141
1679938137553 142.0 142
1679938138187 143.0 143
1679938138330 144.0 144
1679938139035 145.0 145
1679938139162 146.0 146
1679938139799 147.0 147
1679938139929 148.0 148
1679938140708 149.0 149
1679938140835 150.0 150
1679938141461 151.0 151
1679938141588 152.0 152
1679938142204 153.0 153
1679938142416 154.0 154
1679938143055 155.0 155
1679938143181 156.0 156
1679938143781 157.0 157
1679938143937 158.0 158
1679938144671 159.0 159
1679938144811 160.0 160
1679938145459 161.0 161
1679938145618 162.0 162
1679938146294 163.0 163
1679938146419 164.0 164
1679938147092 165.0 165
1679938147215 166.0 166
1679938147863 167.0 167
1679938147995 168.0 168
1679938148597 169.0 169
1679938148722 170.0 170
1679938149373 171.0 171
1679938149521 172.0 172
1679938150232 173.0 173
1679938150364 174.0 174
1679938151054 175.0 175
1679938151210 176.0 176
1679938151903 177.0 177
1679938152036 178.0 178
1679938152662 179.0 179
1679938152794 180.0 180
1679938153430 181.0 181
1679938153562 182.0 182
1679938154184 183.0 183
1679938154311 184.0 184
1679938154953 185.0 185
1679938155121 186.0 186
1679938155848 187.0 187
1679938155979 188.0 188
1679938156607 189.0 189
1679938156781 190.0 190
1679938157518 191.0 191
1679938157653 192.0 192
1679938158290 193.0 193
1679938158415 194.0 194
1679938159136 195.0 195
1679938159260 196.0 196
1679938159892 197.0 197
1679938160028 198.0 198
1679938160792 199.0 199
1679938160924 200.0 200
1679938161611 201.0 201
1679938161772 202.0 202
1679938162588 203.0 203
1679938162730 204.0 204
1679938163434 205.0 205
1679938163573 206.0 206
1679938164254 207.0 207
1679938164390 208.0 208
1679938165095 209.0 209
1679938165275 210.0 210
1679938166089 211.0 211
1679938166239 212.0 212
1679938166937 213.0 213
1679938167115 214.0 214
1679938167843 215.0 215
1679938168056 216.0 216
1679938168656 217.0 217
1679938168780 218.0 218
1679938169434 219.0 219
1679938169561 220.0 220
1679938170201 221.0 221
1679938170376 222.0 222
1679938171052 223.0 223
1679938171183 224.0 224
1679938171849 225.0 225
1679938171980 226.0 226
1679938172732 227.0 227
1679938172871 228.0 228
1679938173528 229.0 229
1679938173656 230.0 230
1679938174279 231.0 231
1679938174411 232.0 232
1679938175063 233.0 233
1679938175196 234.0 234
1679938175816 235.0 235
1679938175970 236.0 236
1679938176760 237.0 237
1679938176895 238.0 238
1679938177568 239.0 239
1679938177733 240.0 240
1679938178447 241.0 241
1679938178572 242.0 242
1679938179211 243.0 243
1679938179336 244.0 244
1679938179956 245.0 245
1679938180092 246.0 246
1679938180715 247.0 247
1679938180840 248.0 248
1679938181562 249.0 249
1679938181701 250.0 250
1679938182337 251.0 251
1679938182473 252.0 252
1679938183250 253.0 253
1679938183418 254.0 254
1679938184128 255.0 255
1679938184263 256.0 256
1679938184971 257.0 257
1679938185105 258.0 258
1679938185754 259.0 259
1679938185885 260.0 260
1679938186658 261.0 261
1679938186786 262.0 262
1679938187434 263.0 263
1679938187577 264.0 264
1679938188258 265.0 265
1679938188413 266.0 266
1679938189101 267.0 267
1679938189228 268.0 268
1679938189863 269.0 269
1679938189997 270.0 270
1679938190687 271.0 271
1679938190810 272.0 272
1679938191461 273.0 273
1679938191622 274.0 274
1679938192438 275.0 275
1679938192582 276.0 276
1679938193285 277.0 277
1679938193559 278.0 278
1679938194336 279.0 279
1679938194484 280.0 280
1679938195171 281.0 281
1679938195325 282.0 282
1679938196086 283.0 283
1679938196246 284.0 284
1679938196945 285.0 285
1679938197103 286.0 286
1679938197856 287.0 287
1679938197984 288.0 288
1679938198611 289.0 289
1679938198776 290.0 290
1679938199519 291.0 291
1679938199650 292.0 292
1679938200305 293.0 293
1679938200441 294.0 294
1679938201138 295.0 295
1679938201268 296.0 296
1679938201886 297.0 297
1679938202019 298.0 298
1679938202839 299.0 299
1679938202977 300.0 300
1679938203088 301.0 301
