1679938080926 3.377316951751709 1
1679938081049 0.1094210147857666 2
1679938081738 0.688859224319458 3
1679938081862 0.12540459632873535 4
1679938082495 0.6285781860351562 5
1679938082612 0.12010669708251953 6
1679938083212 0.6009299755096436 7
1679938083324 0.11276483535766602 8
1679938084009 0.6820030212402344 9
1679938084127 0.11504411697387695 10
1679938084812 0.6871843338012695 11
1679938084933 0.12285923957824707 12
1679938085569 0.6330509185791016 13
1679938085682 0.11643624305725098 14
1679938086287 0.5990638732910156 15
1679938086437 0.13222646713256836 16
1679938087123 0.7087893486022949 17
1679938087245 0.12034201622009277 18
1679938087924 0.6750757694244385 19
1679938088047 0.12706303596496582 20
1679938088650 0.6011543273925781 21
1679938088782 0.12682747840881348 22
1679938089389 0.6150238513946533 23
1679938089516 0.11783885955810547 24
1679938090232 0.7252252101898193 25
1679938090354 0.12230658531188965 26
1679938090959 0.6045284271240234 27
1679938091083 0.1230156421661377 28
1679938091761 0.6783223152160645 29
1679938091908 0.13576722145080566 30
1679938092636 0.7328891754150391 31
1679938092766 0.12892556190490723 32
1679938093405 0.6451747417449951 33
1679938093518 0.11484265327453613 34
1679938094127 0.610121488571167 35
1679938094241 0.11102604866027832 36
1679938094846 0.6049630641937256 37
1679938094993 0.1300218105316162 38
1679938095705 0.7299563884735107 39
1679938095831 0.1190183162689209 40
1679938096435 0.602924108505249 41
1679938096559 0.1232442855834961 42
1679938097174 0.6237995624542236 43
1679938097328 0.13847970962524414 44
1679938098078 0.7586791515350342 45
1679938098204 0.12890338897705078 46
1679938098824 0.619936466217041 47
1679938098943 0.1221764087677002 48
1679938099572 0.6209375858306885 49
1679938099772 0.20794987678527832 50
1679938100432 0.6580913066864014 51
1679938100588 0.13698816299438477 52
1679938101319 0.7460031509399414 53
1679938101458 0.13723063468933105 54
1679938102170 0.7046740055084229 55
1679938102320 0.14918088912963867 56
1679938103161 0.8496255874633789 57
1679938103292 0.12917518615722656 58
1679938103956 0.6653742790222168 59
1679938104091 0.1337282657623291 60
1679938104757 0.665813684463501 61
1679938104895 0.13605976104736328 62
1679938105586 0.6909146308898926 63
1679938105724 0.13621830940246582 64
1679938106520 0.8077371120452881 65
1679938106646 0.12417244911193848 66
1679938107253 0.6097970008850098 67
1679938107372 0.1181340217590332 68
1679938108093 0.7179830074310303 69
1679938108211 0.12018680572509766 70
1679938108910 0.689826488494873 71
1679938109032 0.12901902198791504 72
1679938109668 0.6360442638397217 73
1679938109790 0.1248619556427002 74
1679938110445 0.6531732082366943 75
1679938110564 0.1211094856262207 76
1679938111213 0.6467351913452148 77
1679938111355 0.12406611442565918 78
1679938112044 0.7040214538574219 79
1679938112168 0.12891077995300293 80
1679938112811 0.640087366104126 81
1679938112970 0.14095735549926758 82
1679938113663 0.7101404666900635 83
1679938113782 0.12099623680114746 84
1679938114447 0.6528851985931396 85
1679938114580 0.14350390434265137 86
1679938115208 0.6298305988311768 87
1679938115339 0.12562894821166992 88
1679938115956 0.6220619678497314 89
1679938116079 0.12048935890197754 90
1679938116779 0.7041409015655518 91
1679938116916 0.12340545654296875 92
1679938117672 0.7690279483795166 93
1679938117808 0.13032293319702148 94
1679938118414 0.6126739978790283 95
1679938118554 0.11996579170227051 96
1679938119292 0.7533624172210693 97
1679938119422 0.12740397453308105 98
1679938120055 0.6329672336578369 99
1679938120184 0.13161563873291016 100
1679938120826 0.644834041595459 101
1679938120946 0.11983180046081543 102
1679938121557 0.6108250617980957 103
1679938121676 0.11894464492797852 104
1679938122309 0.6194009780883789 105
1679938122465 0.1466655731201172 106
1679938123198 0.7460410594940186 107
1679938123335 0.137009859085083 108
1679938123961 0.6330716609954834 109
1679938124106 0.12992334365844727 110
1679938124798 0.7012147903442383 111
1679938124934 0.13292980194091797 112
1679938125670 0.745460033416748 113
1679938125795 0.12053990364074707 114
1679938126406 0.6109030246734619 115
1679938126531 0.12804889678955078 116
1679938127184 0.6563172340393066 117
1679938127311 0.12053060531616211 118
1679938128046 0.7381374835968018 119
1679938128170 0.12310957908630371 120
1679938128803 0.6319282054901123 121
1679938128938 0.1329488754272461 122
1679938129562 0.6269481182098389 123
1679938129694 0.13376712799072266 124
1679938130464 0.7612831592559814 125
1679938130584 0.13002443313598633 126
1679938131216 0.6330099105834961 127
1679938131343 0.12189102172851562 128
1679938132001 0.6509144306182861 129
1679938132156 0.15388774871826172 130
1679938132877 0.725757360458374 131
1679938133045 0.14414238929748535 132
1679938133938 0.9154088497161865 133
1679938134086 0.14039874076843262 134
1679938134780 0.6943330764770508 135
1679938134932 0.15435528755187988 136
1679938135737 0.8099522590637207 137
1679938135882 0.14380979537963867 138
1679938136575 0.6892244815826416 139
1679938136708 0.1380290985107422 140
1679938137400 0.6943948268890381 141
1679938137535 0.1324145793914795 142
1679938138168 0.6358973979949951 143
1679938138304 0.13193702697753906 144
1679938139016 0.7210674285888672 145
1679938139144 0.12699389457702637 146
1679938139780 0.6382160186767578 147
1679938139907 0.12383675575256348 148
1679938140690 0.7797586917877197 149
1679938140816 0.1312086582183838 150
1679938141444 0.62406325340271 151
1679938141571 0.12822222709655762 152
1679938142186 0.6167888641357422 153
1679938142396 0.2033250331878662 154
1679938143038 0.6469378471374512 155
1679938143164 0.12479043006896973 156
1679938143763 0.6036827564239502 157
1679938143915 0.12222075462341309 158
1679938144647 0.7551062107086182 159
1679938144792 0.15085172653198242 160
1679938145441 0.6451065540313721 161
1679938145592 0.1289386749267578 162
1679938146275 0.706486701965332 163
1679938146402 0.12668442726135254 164
1679938147074 0.6719470024108887 165
1679938147197 0.12409138679504395 166
1679938147844 0.640923261642456 167
1679938147977 0.14005064964294434 168
1679938148580 0.6007504463195801 169
1679938148703 0.12325906753540039 170
1679938149356 0.6538043022155762 171
1679938149496 0.1279585361480713 172
1679938150215 0.7300617694854736 173
1679938150346 0.13304924964904785 174
1679938151036 0.6889941692352295 175
1679938151181 0.13731670379638672 176
1679938151885 0.7103674411773682 177
1679938152018 0.13022541999816895 178
1679938152643 0.6261076927185059 179
1679938152776 0.13095688819885254 180
1679938153410 0.6279547214508057 181
1679938153541 0.13740253448486328 182
1679938154160 0.6185524463653564 183
1679938154295 0.13396859169006348 184
1679938154935 0.6379811763763428 185
1679938155102 0.14995431900024414 186
1679938155831 0.744208574295044 187
1679938155962 0.13389158248901367 188
1679938156591 0.6320288181304932 189
1679938156760 0.14949631690979004 190
1679938157501 0.7536544799804688 191
1679938157635 0.13875484466552734 192
1679938158271 0.636094331741333 193
1679938158397 0.13106560707092285 194
1679938159118 0.7231731414794922 195
1679938159240 0.12427735328674316 196
1679938159875 0.6267392635345459 197
1679938160010 0.13468718528747559 198
1679938160774 0.7560811042785645 199
1679938160902 0.142045259475708 200
1679938161593 0.6839480400085449 201
1679938161746 0.13991403579711914 202
1679938162570 0.8361411094665527 203
1679938162712 0.13991475105285645 204
1679938163414 0.7038297653198242 205
1679938163554 0.1401686668395996 206
1679938164232 0.6751062870025635 207
1679938164372 0.1412353515625 208
1679938165074 0.7007930278778076 209
1679938165246 0.15391135215759277 210
1679938166070 0.8320155143737793 211
1679938166218 0.15955376625061035 212
1679938166920 0.7014598846435547 213
1679938167087 0.15387725830078125 214
1679938167826 0.7553672790527344 215
1679938168036 0.20628762245178223 216
1679938168638 0.6115713119506836 217
1679938168764 0.1238090991973877 218
1679938169417 0.6484377384185791 219
1679938169543 0.13061165809631348 220
1679938170181 0.637251615524292 221
1679938170355 0.15068745613098145 222
1679938171034 0.6900568008422852 223
1679938171165 0.14586114883422852 224
1679938171832 0.6640081405639648 225
1679938171960 0.12697505950927734 226
1679938172715 0.753746747970581 227
1679938172851 0.13433027267456055 228
1679938173511 0.6652400493621826 229
1679938173639 0.12493324279785156 230
1679938174261 0.625741720199585 231
1679938174393 0.1292133331298828 232
1679938175042 0.6441423892974854 233
1679938175178 0.14162611961364746 234
1679938175800 0.6230683326721191 235
1679938175945 0.12886428833007812 236
1679938176742 0.8121142387390137 237
1679938176878 0.13601946830749512 238
1679938177551 0.6672894954681396 239
1679938177710 0.1432492733001709 240
1679938178428 0.7398941516876221 241
1679938178554 0.12955093383789062 242
1679938179193 0.6341845989227295 243
1679938179320 0.1279292106628418 244
1679938179938 0.6141538619995117 245
1679938180073 0.13983845710754395 246
1679938180698 0.6239039897918701 247
1679938180823 0.12804913520812988 248
1679938181544 0.7118349075317383 249
1679938181683 0.14572811126708984 250
1679938182319 0.6275465488433838 251
1679938182454 0.1432027816772461 252
1679938183231 0.7625319957733154 253
1679938183397 0.1543571949005127 254
1679938184111 0.7307596206665039 255
1679938184241 0.13899517059326172 256
1679938184953 0.7102859020233154 257
1679938185087 0.1328134536743164 258
1679938185737 0.6520843505859375 259
1679938185867 0.12885260581970215 260
1679938186640 0.7676348686218262 261
1679938186769 0.1373279094696045 262
1679938187415 0.6401305198669434 263
1679938187557 0.1448831558227539 264
1679938188240 0.6820733547210693 265
1679938188387 0.14268279075622559 266
1679938189082 0.7022953033447266 267
1679938189209 0.12791872024536133 268
1679938189844 0.6261258125305176 269
1679938189980 0.14298343658447266 270
1679938190665 0.6809182167053223 271
1679938190792 0.13322925567626953 272
1679938191443 0.6458806991577148 273
1679938191602 0.13988447189331055 274
1679938192415 0.8271119594573975 275
1679938192560 0.14891362190246582 276
1679938193263 0.7002406120300293 277
1679938193537 0.26664209365844727 278
1679938194313 0.781400203704834 279
1679938194465 0.14978456497192383 280
1679938195152 0.6902182102203369 281
1679938195302 0.1465129852294922 282
1679938196055 0.7483353614807129 283
1679938196226 0.18182921409606934 284
1679938196926 0.6982729434967041 285
1679938197082 0.1439976692199707 286
1679938197836 0.7679224014282227 287
1679938197966 0.1348726749420166 288
1679938198594 0.6238353252410889 289
1679938198757 0.15537381172180176 290
1679938199502 0.7536561489105225 291
1679938199631 0.13179826736450195 292
1679938200286 0.647296667098999 293
1679938200422 0.1391284465789795 294
1679938201120 0.7038156986236572 295
1679938201251 0.1289656162261963 296
1679938201868 0.6191985607147217 297
1679938202002 0.13291287422180176 298
1679938202821 0.8141155242919922 299
1679938202959 0.14280986785888672 300
1679938203071 0.10724329948425293 301
