1679775764184 0.0 1
1679775764396 0.0 2
1679775765400 0.0 3
1679775765581 0.0 4
1679775766549 0.0 5
1679775766734 0.0 6
1679775767782 0.0 7
1679775767954 0.0 8
1679775768935 0.0 9
1679775769116 0.0 10
1679775770063 0.0 11
1679775770244 0.0 12
1679775771228 0.0 13
1679775771410 0.0 14
1679775772394 0.0 15
1679775772607 0.0 16
1679775773708 0.0 17
1679775773907 0.0 18
1679775774920 0.0 19
1679775775111 0.0 20
1679775776141 0.0 21
1679775776330 0.0 22
1679775777362 0.0 23
1679775777578 0.0 24
1679775778579 0.0 25
1679775778750 0.0 26
1679775779791 0.0 27
1679775779970 0.0 28
1679775780950 0.0 29
1679775781138 0.0 30
1679775782130 0.0 31
1679775782316 0.0 32
1679775783353 0.0 33
1679775783538 0.0 34
1679775784610 0.0 35
1679775784787 0.0 36
1679775785744 0.0 37
1679775785920 0.0 38
1679775786901 0.0 39
1679775787110 0.0 40
1679775788160 0.0 41
1679775788349 0.0 42
1679775789342 0.0 43
1679775789519 0.0 44
1679775790453 0.0 45
1679775790631 0.0 46
1679775791672 0.0 47
1679775791847 0.0 48
1679775792766 0.0 49
1679775792946 0.0 50
1679775793919 0.0 51
1679775794122 0.0 52
1679775795208 0.0 53
1679775795399 0.0 54
1679775796393 0.0 55
1679775796587 0.0 56
1679775797554 0.0 57
1679775797737 0.0 58
1679775798773 0.0 59
1679775798980 0.0 60
1679775800027 0.0 61
1679775800232 0.0 62
1679775801198 0.0 63
1679775801371 0.0 64
1679775802479 0.0 65
1679775802697 0.0 66
1679775803710 0.0 67
1679775803905 0.0 68
1679775805000 0.0 69
1679775805205 0.0 70
1679775806381 0.0 71
1679775806580 0.0 72
1679775807538 0.0 73
1679775807720 0.0 74
1679775808714 0.0 75
1679775808904 0.0 76
1679775809896 0.0 77
1679775810089 0.0 78
1679775811066 0.0 79
1679775811241 0.0 80
1679775812248 0.0 81
1679775812420 0.0 82
1679775813350 0.0 83
1679775813537 0.0 84
1679775814512 0.0 85
1679775814694 0.0 86
1679775815666 0.0 87
1679775815871 0.0 88
1679775816864 0.0 89
1679775817056 0.0 90
1679775818136 0.0 91
1679775818332 0.0 92
1679775819302 0.0 93
1679775819475 0.0 94
1679775820443 0.0 95
1679775820618 0.0 96
1679775821569 0.0 97
1679775821765 0.0 98
1679775822782 0.0 99
1679775822962 0.0 100
1679775824027 0.0 101
1679775824206 0.0 102
1679775825186 0.0 103
1679775825364 0.0 104
1679775826327 0.0 105
1679775826509 0.0 106
1679775827489 0.0 107
1679775827715 0.0 108
1679775828734 0.0 109
1679775828921 0.0 110
1679775829972 0.0 111
1679775830145 0.0 112
1679775831074 0.0 113
1679775831252 0.0 114
1679775832263 0.0 115
1679775832453 0.0 116
1679775833465 0.0 117
1679775833696 0.0 118
1679775834775 0.0 119
1679775834986 0.0 120
1679775836123 0.0 121
1679775836320 0.0 122
1679775837313 0.0 123
1679775837498 0.0 124
1679775838460 0.0 125
1679775838648 0.0 126
1679775839648 0.0 127
1679775839827 0.0 128
1679775840836 0.0 129
1679775841031 0.0 130
1679775842095 0.0 131
1679775842293 0.0 132
1679775843250 0.0 133
1679775843439 0.0 134
1679775844405 0.0 135
1679775844610 0.0 136
1679775845629 0.0 137
1679775845819 0.0 138
1679775846808 0.0 139
1679775846998 0.0 140
1679775848068 0.0 141
1679775848270 0.0 142
1679775849260 0.0 143
1679775849455 0.0 144
1679775850472 0.0 145
1679775850665 0.0 146
1679775851629 0.0 147
1679775851807 0.0 148
1679775852755 0.0 149
1679775852936 0.0 150
1679775853888 0.0 151
1679775854167 0.0 152
1679775855134 0.0 153
1679775855349 0.0 154
1679775856355 0.0 155
1679775856538 0.0 156
1679775857587 0.0 157
1679775857793 0.0 158
1679775858784 0.0 159
1679775858979 0.0 160
1679775859946 0.0 161
1679775860134 0.0 162
1679775861102 0.0 163
1679775861303 0.0 164
1679775862377 0.0 165
1679775862578 0.0 166
1679775863618 0.0 167
1679775863913 0.0 168
1679775864956 0.0 169
1679775865149 0.0 170
1679775866167 0.0 171
1679775866377 0.0 172
1679775867515 0.0 173
1679775867697 0.0 174
1679775868760 0.0 175
1679775868951 0.0 176
1679775869921 0.0 177
1679775870095 0.0 178
1679775871022 0.0 179
1679775871209 0.0 180
1679775872327 0.0 181
1679775872523 0.0 182
1679775873461 0.0 183
1679775873640 0.0 184
1679775874617 0.0 185
1679775874804 0.0 186
1679775875764 0.0 187
1679775875962 0.0 188
1679775876953 0.0 189
1679775877160 0.0 190
1679775878262 0.0 191
1679775878462 0.0 192
1679775879436 0.0 193
1679775879624 0.0 194
1679775880604 0.0 195
1679775880813 0.0 196
1679775881874 0.0 197
1679775882079 0.0 198
1679775883080 0.0 199
1679775883266 0.0 200
1679775884251 0.0 201
1679775884438 0.0 202
1679775885416 0.0 203
1679775885600 0.0 204
1679775886586 0.0 205
1679775886772 0.0 206
1679775887842 0.0 207
1679775888052 0.0 208
1679775889063 0.0 209
1679775889250 0.0 210
1679775890216 0.0 211
1679775890403 0.0 212
1679775891456 0.0 213
1679775891682 0.0 214
1679775892661 0.0 215
1679775892897 0.0 216
1679775893953 0.0 217
1679775894166 0.0 218
1679775895287 0.0 219
1679775895494 0.0 220
1679775896503 0.0 221
1679775896696 0.0 222
1679775897664 0.0 223
1679775897862 0.0 224
1679775898856 0.0 225
1679775899063 0.0 226
1679775900135 0.0 227
1679775900330 0.0 228
1679775901404 0.0 229
1679775901593 0.0 230
1679775902592 0.0 231
1679775902789 0.0 232
1679775903815 0.0 233
1679775904011 0.0 234
1679775905141 0.0 235
1679775905334 0.0 236
1679775906294 0.0 237
1679775906487 0.0 238
1679775907494 0.0 239
1679775907795 0.0 240
1679775908776 0.0 241
1679775908973 0.0 242
1679775909937 0.0 243
1679775910130 0.0 244
1679775911132 0.0 245
1679775911321 0.0 246
1679775912274 0.0 247
1679775912466 0.0 248
1679775913407 0.0 249
1679775913589 0.0 250
1679775914691 0.0 251
1679775914884 0.0 252
1679775915862 0.0 253
1679775916077 0.0 254
1679775917164 0.0 255
1679775917439 0.0 256
1679775918447 0.0 257
1679775918634 0.0 258
1679775919630 0.0 259
1679775919817 0.0 260
1679775920811 0.0 261
1679775921011 0.0 262
1679775922285 0.0 263
1679775922491 0.0 264
1679775923515 0.0 265
1679775923729 0.0 266
1679775924779 0.0 267
1679775924986 0.0 268
1679775926142 0.0 269
1679775926385 0.0 270
1679775927484 0.0 271
1679775927676 0.0 272
1679775928671 0.0 273
1679775928861 0.0 274
1679775929938 0.0 275
1679775930141 0.0 276
1679775931095 0.0 277
1679775931282 0.0 278
1679775932302 0.0 279
1679775932494 0.0 280
1679775933450 0.0 281
1679775933647 0.0 282
1679775934650 0.0 283
1679775934856 0.0 284
1679775935931 0.0 285
1679775936157 0.0 286
1679775937167 0.0 287
1679775937392 0.0 288
1679775938434 0.0 289
1679775938646 0.0 290
1679775939647 0.0 291
1679775939946 0.0 292
1679775940958 0.0 293
1679775941161 0.0 294
1679775942166 0.0 295
1679775942360 0.0 296
1679775943520 0.0 297
1679775943727 0.0 298
1679775944728 0.0 299
1679775944923 0.0 300
1679775945054 0.0 301
