1679775764178 21.01998782157898 1
1679775764391 21.2201144695282 2
1679775765395 22.234063863754272 3
1679775765576 22.411289930343628 4
1679775766545 23.38674235343933 5
1679775766729 23.564127922058105 6
1679775767778 24.613604068756104 7
1679775767949 24.788478136062622 8
1679775768929 25.765167713165283 9
1679775769112 25.946993350982666 10
1679775770059 26.900030851364136 11
1679775770239 27.075831174850464 12
1679775771223 28.062004804611206 13
1679775771404 28.238051176071167 14
1679775772388 29.21526336669922 15
1679775772601 29.429972171783447 16
1679775773703 30.536980867385864 17
1679775773901 30.732073068618774 18
1679775774916 31.74902629852295 19
1679775775107 31.940973043441772 20
1679775776136 32.969064474105835 21
1679775776326 33.155062675476074 22
1679775777358 34.19098877906799 23
1679775777573 34.40288233757019 24
1679775778575 35.40686845779419 25
1679775778746 35.584142446517944 26
1679775779786 36.614208459854126 27
1679775779964 36.79727911949158 28
1679775780938 37.77610468864441 29
1679775781132 37.96360898017883 30
1679775782125 38.9539110660553 31
1679775782310 39.14181661605835 32
1679775783347 40.183327198028564 33
1679775783533 40.36101841926575 34
1679775784605 41.429447412490845 35
1679775784782 41.62122178077698 36
1679775785739 42.576822996139526 37
1679775785914 42.749770164489746 38
1679775786896 43.72301912307739 39
1679775787104 43.92912983894348 40
1679775788156 44.992122173309326 41
1679775788343 45.174989461898804 42
1679775789338 46.17489147186279 43
1679775789515 46.34646558761597 44
1679775790448 47.28286862373352 45
1679775790626 47.458112478256226 46
1679775791668 48.50509452819824 47
1679775791843 48.67749333381653 48
1679775792762 49.59995937347412 49
1679775792941 49.7746045589447 50
1679775793915 50.74092102050781 51
1679775794115 50.94314980506897 52
1679775795203 52.03989124298096 53
1679775795394 52.225285053253174 54
1679775796388 53.21898055076599 55
1679775796583 53.408708572387695 56
1679775797550 54.38529396057129 57
1679775797731 54.566078424453735 58
1679775798768 55.60399293899536 59
1679775798976 55.805174350738525 60
1679775800022 56.84986472129822 61
1679775800227 57.05402398109436 62
1679775801194 58.02985501289368 63
1679775801367 58.20369052886963 64
1679775802475 59.29316711425781 65
1679775802692 59.51965141296387 66
1679775803705 60.5340039730072 67
1679775803901 60.72865295410156 68
1679775804995 61.820045709609985 69
1679775805200 62.02478241920471 70
1679775806376 63.20968437194824 71
1679775806575 63.40415549278259 72
1679775807535 64.36792159080505 73
1679775807716 64.54971480369568 74
1679775808709 65.53936219215393 75
1679775808900 65.72698616981506 76
1679775809892 66.72677874565125 77
1679775810085 66.91186666488647 78
1679775811062 67.89784073829651 79
1679775811237 68.07282948493958 80
1679775812244 69.07929587364197 81
1679775812416 69.25003170967102 82
1679775813345 70.17820191383362 83
1679775813533 70.36298394203186 84
1679775814508 71.34091377258301 85
1679775814689 71.51998853683472 86
1679775815662 72.49739909172058 87
1679775815866 72.69090127944946 88
1679775816860 73.69090437889099 89
1679775817051 73.88309502601624 90
1679775818130 74.95102000236511 91
1679775818326 75.14996671676636 92
1679775819297 76.12993121147156 93
1679775819470 76.3018798828125 94
1679775820439 77.26968121528625 95
1679775820613 77.4461567401886 96
1679775821564 78.39980840682983 97
1679775821760 78.588045835495 98
1679775822778 79.60716271400452 99
1679775822958 79.790931224823 100
1679775824022 80.85592484474182 101
1679775824202 81.03295230865479 102
1679775825181 82.01332473754883 103
1679775825360 82.19181108474731 104
1679775826323 83.15498232841492 105
1679775826504 83.33792614936829 106
1679775827485 84.31351590156555 107
1679775827710 84.52671027183533 108
1679775828730 85.56457734107971 109
1679775828915 85.74304151535034 110
1679775829968 86.7968361377716 111
1679775830140 86.97348308563232 112
1679775831070 87.90392446517944 113
1679775831247 88.07521796226501 114
1679775832259 89.08809065818787 115
1679775832449 89.2769455909729 116
1679775833460 90.29085373878479 117
1679775833691 90.51078081130981 118
1679775834771 91.59893822669983 119
1679775834981 91.79334664344788 120
1679775836117 92.94304084777832 121
1679775836315 93.14198803901672 122
1679775837307 94.13879561424255 123
1679775837493 94.32493448257446 124
1679775838456 95.28927183151245 125
1679775838644 95.47488188743591 126
1679775839643 96.47412133216858 127
1679775839822 96.65181183815002 128
1679775840830 97.65299987792969 129
1679775841027 97.85717058181763 130
1679775842091 98.91697120666504 131
1679775842289 99.10931515693665 132
1679775843245 100.07084155082703 133
1679775843434 100.25798773765564 134
1679775844400 101.2239203453064 135
1679775844606 101.42692184448242 136
1679775845624 102.44761157035828 137
1679775845815 102.63880968093872 138
1679775846803 103.62984371185303 139
1679775846992 103.8169355392456 140
1679775848063 104.88910961151123 141
1679775848264 105.08478021621704 142
1679775849255 106.07389616966248 143
1679775849451 106.27238345146179 144
1679775850468 107.28883838653564 145
1679775850660 107.48776412010193 146
1679775851625 108.44876885414124 147
1679775851802 108.62732243537903 148
1679775852751 109.5752625465393 149
1679775852931 109.7583749294281 150
1679775853883 110.70961308479309 151
1679775854163 110.99213862419128 152
1679775855129 111.95705819129944 153
1679775855344 112.16110134124756 154
1679775856351 113.18184542655945 155
1679775856534 113.35923433303833 156
1679775857581 114.41098713874817 157
1679775857789 114.6134295463562 158
1679775858780 115.61013793945312 159
1679775858975 115.80305576324463 160
1679775859941 116.77086853981018 161
1679775860130 116.95585751533508 162
1679775861097 117.92664289474487 163
1679775861297 118.12288403511047 164
1679775862372 119.18924903869629 165
1679775862574 119.39601111412048 166
1679775863612 120.42609214782715 167
1679775863908 120.73071050643921 168
1679775864952 121.77678060531616 169
1679775865145 121.96988916397095 170
1679775866162 122.9877061843872 171
1679775866372 123.19294095039368 172
1679775867510 124.33471393585205 173
1679775867694 124.52195978164673 174
1679775868755 125.58486485481262 175
1679775868947 125.76928901672363 176
1679775869917 126.7448320388794 177
1679775870091 126.92172265052795 178
1679775871017 127.8487160205841 179
1679775871204 128.03271317481995 180
1679775872322 129.14682912826538 181
1679775872519 129.34881329536438 182
1679775873456 130.2867681980133 183
1679775873636 130.46175527572632 184
1679775874613 131.4407835006714 185
1679775874798 131.62493562698364 186
1679775875760 132.58678317070007 187
1679775875956 132.77963662147522 188
1679775876949 133.7759313583374 189
1679775877155 133.97679257392883 190
1679775878256 135.0846803188324 191
1679775878458 135.27482891082764 192
1679775879430 136.26168942451477 193
1679775879618 136.4416286945343 194
1679775880600 137.4268774986267 195
1679775880808 137.62826681137085 196
1679775881870 138.69779801368713 197
1679775882075 138.89488339424133 198
1679775883076 139.90581560134888 199
1679775883262 140.08793544769287 200
1679775884246 141.0718879699707 201
1679775884434 141.25789546966553 202
1679775885412 142.24180555343628 203
1679775885596 142.42287707328796 204
1679775886581 143.40769267082214 205
1679775886767 143.59581470489502 206
1679775887836 144.6586844921112 207
1679775888047 144.86821818351746 208
1679775889058 145.88688206672668 209
1679775889246 146.069650888443 210
1679775890213 147.04297518730164 211
1679775890399 147.21777892112732 212
1679775891450 148.2617974281311 213
1679775891678 148.49465775489807 214
1679775892656 149.4750485420227 215
1679775892892 149.70951795578003 216
1679775893948 150.75798177719116 217
1679775894161 150.9778516292572 218
1679775895283 152.10310316085815 219
1679775895488 152.30573725700378 220
1679775896499 153.32583117485046 221
1679775896691 153.5127990245819 222
1679775897660 154.4826500415802 223
1679775897857 154.67895650863647 224
1679775898851 155.67098021507263 225
1679775899058 155.87951183319092 226
1679775900131 156.94962310791016 227
1679775900324 157.144775390625 228
1679775901399 158.22408485412598 229
1679775901587 158.40991258621216 230
1679775902588 159.4123706817627 231
1679775902784 159.60679459571838 232
1679775903811 160.63567209243774 233
1679775904007 160.8239824771881 234
1679775905136 161.96159625053406 235
1679775905331 162.1495749950409 236
1679775906290 163.11455726623535 237
1679775906483 163.3033504486084 238
1679775907488 164.29963302612305 239
1679775907790 164.60967755317688 240
1679775908771 165.59649658203125 241
1679775908967 165.79172897338867 242
1679775909932 166.75680017471313 243
1679775910127 166.9487247467041 244
1679775911127 167.9499146938324 245
1679775911315 168.14069414138794 246
1679775912269 169.09074425697327 247
1679775912462 169.28283882141113 248
1679775913402 170.2155683040619 249
1679775913585 170.4091145992279 250
1679775914687 171.50867199897766 251
1679775914879 171.70066952705383 252
1679775915857 172.67880058288574 253
1679775916073 172.8884506225586 254
1679775917159 173.97874546051025 255
1679775917435 174.25555443763733 256
1679775918443 175.26400542259216 257
1679775918629 175.44965887069702 258
1679775919624 176.44870805740356 259
1679775919813 176.63401675224304 260
1679775920807 177.62770104408264 261
1679775921008 177.82279086112976 262
1679775922280 179.08599662780762 263
1679775922487 179.30211758613586 264
1679775923510 180.33089137077332 265
1679775923724 180.53358602523804 266
1679775924773 181.58593273162842 267
1679775924981 181.7955265045166 268
1679775926137 182.95519638061523 269
1679775926378 183.17556834220886 270
1679775927479 184.29908895492554 271
1679775927671 184.49569463729858 272
1679775928665 185.4887092113495 273
1679775928857 185.67944502830505 274
1679775929934 186.74968075752258 275
1679775930137 186.95564937591553 276
1679775931090 187.9143180847168 277
1679775931277 188.09816026687622 278
1679775932297 189.11298060417175 279
1679775932490 189.30965447425842 280
1679775933446 190.250581741333 281
1679775933643 190.45944547653198 282
1679775934646 191.46711897850037 283
1679775934852 191.66668462753296 284
1679775935927 192.74087142944336 285
1679775936151 192.95590615272522 286
1679775937162 193.96922969818115 287
1679775937388 194.18835306167603 288
1679775938430 195.2430021762848 289
1679775938642 195.44451761245728 290
1679775939643 196.45555591583252 291
1679775939941 196.74475026130676 292
1679775940954 197.77270793914795 293
1679775941157 197.97675681114197 294
1679775942160 198.98091578483582 295
1679775942356 199.1748230457306 296
1679775943516 200.32875967025757 297
1679775943723 200.54355335235596 298
1679775944723 201.53853821754456 299
1679775944919 201.73665285110474 300
1679775945049 201.86897253990173 301
