1679775764163 21.01998782157898 1
1679775764383 0.20012664794921875 2
1679775765389 1.0139493942260742 3
1679775765570 0.17722606658935547 4
1679775766539 0.9754524230957031 5
1679775766722 0.17738556861877441 6
1679775767772 1.049476146697998 7
1679775767944 0.17487406730651855 8
1679775768922 0.9766895771026611 9
1679775769105 0.1818256378173828 10
1679775770052 0.9530375003814697 11
1679775770232 0.17580032348632812 12
1679775771216 0.9861736297607422 13
1679775771398 0.17604637145996094 14
1679775772380 0.9772121906280518 15
1679775772594 0.21470880508422852 16
1679775773697 1.107008695602417 17
1679775773893 0.19509220123291016 18
1679775774910 1.0169532299041748 19
1679775775101 0.19194674491882324 20
1679775776128 1.0280914306640625 21
1679775776319 0.18599820137023926 22
1679775777351 1.035926103591919 23
1679775777565 0.21189355850219727 24
1679775778569 1.003986120223999 25
1679775778740 0.17727398872375488 26
1679775779773 1.0300660133361816 27
1679775779958 0.18307065963745117 28
1679775780932 0.978825569152832 29
1679775781125 0.18750429153442383 30
1679775782118 0.9903020858764648 31
1679775782303 0.18790555000305176 32
1679775783342 1.0415105819702148 33
1679775783520 0.17769122123718262 34
1679775784599 1.0684289932250977 35
1679775784775 0.1917743682861328 36
1679775785733 0.9556012153625488 37
1679775785910 0.17294716835021973 38
1679775786890 0.9732489585876465 39
1679775787097 0.20611071586608887 40
1679775788149 1.0629923343658447 41
1679775788336 0.18286728858947754 42
1679775789331 0.9999020099639893 43
1679775789507 0.17157411575317383 44
1679775790442 0.9364030361175537 45
1679775790617 0.17524385452270508 46
1679775791662 1.0469820499420166 47
1679775791837 0.17239880561828613 48
1679775792756 0.9224660396575928 49
1679775792934 0.17464518547058105 50
1679775793909 0.9663164615631104 51
1679775794108 0.20222878456115723 52
1679775795197 1.0967414379119873 53
1679775795387 0.1853938102722168 54
1679775796382 0.9936954975128174 55
1679775796575 0.1897280216217041 56
1679775797544 0.9765853881835938 57
1679775797725 0.1807844638824463 58
1679775798762 1.037914514541626 59
1679775798969 0.20118141174316406 60
1679775800015 1.0446903705596924 61
1679775800219 0.20415925979614258 62
1679775801188 0.9758310317993164 63
1679775801362 0.17383551597595215 64
1679775802466 1.0894765853881836 65
1679775802686 0.2264842987060547 66
1679775803699 1.014352560043335 67
1679775803894 0.19464898109436035 68
1679775804988 1.0913927555084229 69
1679775805192 0.20473670959472656 70
1679775806371 1.1849019527435303 71
1679775806569 0.19447112083435059 72
1679775807528 0.9637660980224609 73
1679775807710 0.181793212890625 74
1679775808701 0.989647388458252 75
1679775808894 0.1876239776611328 76
1679775809887 0.9997925758361816 77
1679775810079 0.1850879192352295 78
1679775811057 0.9859740734100342 79
1679775811230 0.1749887466430664 80
1679775812238 1.0064663887023926 81
1679775812411 0.17073583602905273 82
1679775813340 0.9281702041625977 83
1679775813526 0.1847820281982422 84
1679775814502 0.9779298305511475 85
1679775814684 0.17907476425170898 86
1679775815657 0.9774105548858643 87
1679775815859 0.19350218772888184 88
1679775816855 1.0000030994415283 89
1679775817045 0.19219064712524414 90
1679775818124 1.067924976348877 91
1679775818319 0.19894671440124512 92
1679775819291 0.9799644947052002 93
1679775819464 0.17194867134094238 94
1679775820433 0.9678013324737549 95
1679775820607 0.17647552490234375 96
1679775821559 0.9536516666412354 97
1679775821754 0.18823742866516113 98
1679775822772 1.0191168785095215 99
1679775822951 0.18376851081848145 100
1679775824014 1.0649936199188232 101
1679775824195 0.17702746391296387 102
1679775825174 0.980372428894043 103
1679775825354 0.17848634719848633 104
1679775826317 0.9631712436676025 105
1679775826498 0.18294382095336914 106
1679775827479 0.9755897521972656 107
1679775827702 0.2131943702697754 108
1679775828725 1.0378670692443848 109
1679775828909 0.17846417427062988 110
1679775829962 1.0537946224212646 111
1679775830134 0.17664694786071777 112
1679775831064 0.9304413795471191 113
1679775831241 0.1712934970855713 114
1679775832254 1.0128726959228516 115
1679775832443 0.18885493278503418 116
1679775833453 1.0139081478118896 117
1679775833683 0.21992707252502441 118
1679775834765 1.0881574153900146 119
1679775834975 0.19440841674804688 120
1679775836111 1.1496942043304443 121
1679775836309 0.19894719123840332 122
1679775837301 0.9968075752258301 123
1679775837487 0.18613886833190918 124
1679775838451 0.9643373489379883 125
1679775838638 0.18561005592346191 126
1679775839637 0.999239444732666 127
1679775839816 0.1776905059814453 128
1679775840825 1.001188039779663 129
1679775841021 0.20417070388793945 130
1679775842083 1.059800624847412 131
1679775842282 0.19234395027160645 132
1679775843239 0.9615263938903809 133
1679775843427 0.18714618682861328 134
1679775844394 0.9659326076507568 135
1679775844599 0.2030014991760254 136
1679775845617 1.0206897258758545 137
1679775845809 0.19119811058044434 138
1679775846798 0.9910340309143066 139
1679775846985 0.18709182739257812 140
1679775848057 1.072174072265625 141
1679775848258 0.19567060470581055 142
1679775849248 0.9891159534454346 143
1679775849444 0.1984872817993164 144
1679775850462 1.0164549350738525 145
1679775850653 0.19892573356628418 146
1679775851617 0.9610047340393066 147
1679775851796 0.17855358123779297 148
1679775852745 0.9479401111602783 149
1679775852926 0.18311238288879395 150
1679775853876 0.9512381553649902 151
1679775854157 0.28252553939819336 152
1679775855122 0.9649195671081543 153
1679775855337 0.20404314994812012 154
1679775856345 1.0207440853118896 155
1679775856528 0.17738890647888184 156
1679775857574 1.0517528057098389 157
1679775857782 0.20244240760803223 158
1679775858774 0.9967083930969238 159
1679775858968 0.1929178237915039 160
1679775859936 0.9678127765655518 161
1679775860124 0.18498897552490234 162
1679775861091 0.97078537940979 163
1679775861291 0.19624114036560059 164
1679775862364 1.0663650035858154 165
1679775862568 0.20676207542419434 166
1679775863604 1.030081033706665 167
1679775863903 0.30461835861206055 168
1679775864946 1.0460700988769531 169
1679775865138 0.19310855865478516 170
1679775866155 1.0178170204162598 171
1679775866366 0.20523476600646973 172
1679775867503 1.141772985458374 173
1679775867688 0.18724584579467773 174
1679775868749 1.0629050731658936 175
1679775868940 0.18442416191101074 176
1679775869911 0.9755430221557617 177
1679775870085 0.17689061164855957 178
1679775871012 0.9269933700561523 179
1679775871198 0.18399715423583984 180
1679775872316 1.1141159534454346 181
1679775872513 0.20198416709899902 182
1679775873450 0.9379549026489258 183
1679775873630 0.1749870777130127 184
1679775874607 0.9790282249450684 185
1679775874791 0.18415212631225586 186
1679775875754 0.9618475437164307 187
1679775875949 0.19285345077514648 188
1679775876944 0.9962947368621826 189
1679775877147 0.20086121559143066 190
1679775878251 1.1078877449035645 191
1679775878452 0.19014859199523926 192
1679775879425 0.9868605136871338 193
1679775879612 0.17993927001953125 194
1679775880595 0.9852488040924072 195
1679775880801 0.20138931274414062 196
1679775881864 1.0695312023162842 197
1679775882068 0.19708538055419922 198
1679775883071 1.010932207107544 199
1679775883256 0.18211984634399414 200
1679775884240 0.983952522277832 201
1679775884427 0.18600749969482422 202
1679775885407 0.983910083770752 203
1679775885589 0.18107151985168457 204
1679775886575 0.9848155975341797 205
1679775886761 0.18812203407287598 206
1679775887828 1.0628697872161865 207
1679775888040 0.20953369140625 208
1679775889052 1.0186638832092285 209
1679775889239 0.1827688217163086 210
1679775890207 0.9733242988586426 211
1679775890392 0.1748037338256836 212
1679775891443 1.0440185070037842 213
1679775891671 0.23286032676696777 214
1679775892650 0.9803907871246338 215
1679775892887 0.23446941375732422 216
1679775893941 1.0484638214111328 217
1679775894154 0.21986985206604004 218
1679775895276 1.1252515316009521 219
1679775895479 0.20263409614562988 220
1679775896494 1.0200939178466797 221
1679775896683 0.1869678497314453 222
1679775897654 0.969851016998291 223
1679775897848 0.19630646705627441 224
1679775898845 0.9920237064361572 225
1679775899052 0.20853161811828613 226
1679775900123 1.0701112747192383 227
1679775900317 0.19515228271484375 228
1679775901394 1.0793094635009766 229
1679775901580 0.18582773208618164 230
1679775902582 1.002458095550537 231
1679775902777 0.19442391395568848 232
1679775903804 1.0288774967193604 233
1679775903999 0.1883103847503662 234
1679775905129 1.1376137733459473 235
1679775905325 0.18797874450683594 236
1679775906285 0.964982271194458 237
1679775906477 0.18879318237304688 238
1679775907481 0.9962825775146484 239
1679775907783 0.310044527053833 240
1679775908766 0.9868190288543701 241
1679775908961 0.19523239135742188 242
1679775909926 0.9650712013244629 243
1679775910121 0.1919245719909668 244
1679775911121 1.001189947128296 245
1679775911310 0.190779447555542 246
1679775912263 0.9500501155853271 247
1679775912457 0.1920945644378662 248
1679775913396 0.9327294826507568 249
1679775913578 0.19354629516601562 250
1679775914681 1.0995573997497559 251
1679775914872 0.19199752807617188 252
1679775915851 0.9781310558319092 253
1679775916066 0.20965003967285156 254
1679775917154 1.0902948379516602 255
1679775917429 0.2768089771270752 256
1679775918437 1.008450984954834 257
1679775918625 0.1856534481048584 258
1679775919619 0.999049186706543 259
1679775919807 0.18530869483947754 260
1679775920801 0.9936842918395996 261
1679775921001 0.19508981704711914 262
1679775922274 1.2632057666778564 263
1679775922480 0.21612095832824707 264
1679775923504 1.0287737846374512 265
1679775923718 0.20269465446472168 266
1679775924767 1.0523467063903809 267
1679775924974 0.2095937728881836 268
1679775926130 1.1596698760986328 269
1679775926371 0.22037196159362793 270
1679775927473 1.1235206127166748 271
1679775927664 0.19660568237304688 272
1679775928659 0.9930145740509033 273
1679775928851 0.1907358169555664 274
1679775929926 1.0702357292175293 275
1679775930131 0.20596861839294434 276
1679775931084 0.9586687088012695 277
1679775931271 0.18384218215942383 278
1679775932291 1.0148203372955322 279
1679775932484 0.19667387008666992 280
1679775933439 0.940927267074585 281
1679775933636 0.2088637351989746 282
1679775934640 1.0076735019683838 283
1679775934845 0.19956564903259277 284
1679775935920 1.0741868019104004 285
1679775936146 0.21503472328186035 286
1679775937156 1.0133235454559326 287
1679775937381 0.21912336349487305 288
1679775938426 1.0546491146087646 289
1679775938634 0.20151543617248535 290
1679775939637 1.0110383033752441 291
1679775939935 0.28919434547424316 292
1679775940948 1.0279576778411865 293
1679775941150 0.20404887199401855 294
1679775942154 1.0041589736938477 295
1679775942350 0.1939072608947754 296
1679775943510 1.1539366245269775 297
1679775943717 0.21479368209838867 298
1679775944718 0.9949848651885986 299
1679775944913 0.19811463356018066 300
1679775945043 0.13231968879699707 301
