1679775764160 81.23272509580634 1
1679775765388 58.21787961172361 3
1679775766537 57.389624401599974 5
1679775767771 57.348713149225986 7
1679775768920 57.30924862883283 9
1679775770051 57.060064949986725 11
1679775771215 51.28938680054354 13
1679775772379 40.884360127168435 15
1679775773695 33.83696487652769 17
1679775774908 30.524610253432023 19
1679775776126 26.78917650004833 21
1679775777348 24.63722070544062 23
1679775778567 24.22705546475491 25
1679775779771 21.961818115600426 27
1679775780930 19.858231572678385 29
1679775782116 17.987351641209234 31
1679775783340 16.920459961429895 33
1679775784591 16.185754255885644 35
1679775785731 15.440302271803644 37
1679775786887 13.93139443285215 39
1679775788148 13.380040136973815 41
1679775789330 13.287518890717713 43
1679775790440 11.882956242156382 45
1679775791660 11.315711728123697 47
1679775792755 11.246756437828408 49
1679775793908 10.334851779478942 51
1679775795196 10.137853219787301 53
1679775796381 9.699834867539913 55
1679775797543 9.345715187016701 57
1679775798760 9.00336677614531 59
1679775800013 8.55592733112724 61
1679775801186 8.537821018575583 63
1679775802463 8.013323849952014 65
1679775803698 7.801853259499075 67
1679775804986 7.380463163817377 69
1679775806368 6.781238982381823 71
1679775807527 6.9744236417226855 73
1679775808699 6.745885740488184 75
1679775809884 6.199412278704807 77
1679775811055 5.949565747996776 79
1679775812237 6.152933475409744 81
1679775813338 6.091961140900837 83
1679775814500 5.530198222535199 85
1679775815654 5.326571462744704 87
1679775816853 5.22185674338807 89
1679775818122 5.290112936314531 91
1679775819290 4.95211173367476 93
1679775820431 5.0207549783842245 95
1679775821556 4.641637062863657 97
1679775822770 4.527589009616983 99
1679775824013 4.046229168761081 101
1679775825173 4.165690239652207 103
1679775826315 4.002531792659002 105
1679775827477 3.8586456281097816 107
1679775828724 4.26683011780088 109
1679775829960 3.87286651672652 111
1679775831062 3.87156820705579 113
1679775832252 3.362447427444783 115
1679775833451 3.4670166368282413 117
1679775834763 3.3246811041884126 119
1679775836109 3.232041983186406 121
1679775837300 3.168793628191909 123
1679775838449 2.998217856545223 125
1679775839635 3.2079686963023977 127
1679775840823 2.8760414190333585 129
1679775842081 2.86717657021669 131
1679775843238 2.785064430253544 133
1679775844393 2.8256550537363028 135
1679775845615 2.60658611483832 137
1679775846796 2.504461474866798 139
1679775848054 2.477703420978054 141
1679775849246 2.587231980019853 143
1679775850460 2.3109992731977993 145
1679775851616 2.6028505160537594 147
1679775852744 2.3222692017644677 149
1679775853874 2.090984340448326 151
1679775855121 2.3030471936854258 153
1679775856343 2.452610605866557 155
1679775857573 1.9648501342177231 157
1679775858772 2.0887906147360122 159
1679775859934 2.013763269265519 161
1679775861089 1.9792916315440146 163
1679775862362 2.025787154967711 165
1679775863602 1.7165808826815196 167
1679775864945 1.911614962363772 169
1679775866153 2.0493941352322964 171
1679775867502 2.115083310888017 173
1679775868747 1.7015372573666179 175
1679775869910 1.5977627292800987 177
1679775871010 1.6287088438364086 179
1679775872315 1.4519344703327888 181
1679775873449 1.7910241629545622 183
1679775874606 1.7878123521269746 185
1679775875752 1.6172445419168058 187
1679775876942 1.7804684281237946 189
1679775878249 1.5230595646538507 191
1679775879423 1.4334110950869432 193
1679775880593 1.313479465110041 195
1679775881863 1.3800203850624093 197
1679775883069 1.7022210250392287 199
1679775884238 1.4809396203321044 201
1679775885405 1.2707487033426499 203
1679775886574 1.2967038110529732 205
1679775887826 1.1883464302393398 207
1679775889050 1.3509455167952376 209
1679775890206 1.2879206382792647 211
1679775891441 1.1382193069012947 213
1679775892649 1.278786064619233 215
1679775893939 1.4636380298966563 217
1679775895274 1.1811222826935242 219
1679775896492 1.20672149369804 221
1679775897651 1.2086908900486564 223
1679775898843 1.1998383375324964 225
1679775900121 1.195092195352846 227
1679775901392 1.002064689226113 229
1679775902580 1.0881027844910167 231
1679775903803 1.0584630763256722 233
1679775905127 1.0575901487796133 235
1679775906283 0.987605737924818 237
1679775907479 1.082724515164657 239
1679775908765 0.8603193082978641 241
1679775909924 1.1342332157593948 243
1679775911120 0.9719822011441496 245
1679775912262 0.9802215890101967 247
1679775913395 1.0424393360754907 249
1679775914679 0.8728583912973223 251
1679775915849 0.9145274548080168 253
1679775917152 0.8553805860243339 255
1679775918435 1.125301408334299 257
1679775919617 1.0449744492036346 259
1679775920799 1.2011930835142561 261
1679775922272 0.8065050376168144 263
1679775923502 0.8048955431989796 265
1679775924765 1.0720227666443682 267
1679775926128 0.9597353893133624 269
1679775927471 0.9572790484290303 271
1679775928657 0.7713244744216337 273
1679775929923 0.9174631840683242 275
1679775931082 1.059517475907654 277
1679775932289 0.9258203083826033 279
1679775933438 1.0224841905615702 281
1679775934638 0.7427053048867743 283
1679775935918 0.7740734316862206 285
1679775937154 0.753958660465109 287
1679775938424 0.8513830935534601 289
1679775939635 0.7604748784731181 291
1679775940946 0.7549091797293082 293
1679775942152 0.74686997798419 295
1679775943508 1.0670498889057105 297
1679775944716 0.6659345782266947 299
