1679853973251 1.0 1
1679853973403 2.0 2
1679853974384 3.0 3
1679853974527 4.0 4
1679853975528 5.0 5
1679853975682 6.0 6
1679853976774 7.0 7
1679853976925 8.0 8
1679853977905 9.0 9
1679853978044 10.0 10
1679853979004 11.0 11
1679853979168 12.0 12
1679853980188 13.0 13
1679853980338 14.0 14
1679853981320 15.0 15
1679853981466 16.0 16
1679853982433 17.0 17
1679853982572 18.0 18
1679853983518 19.0 19
1679853983660 20.0 20
1679853984604 21.0 21
1679853984765 22.0 22
1679853985817 23.0 23
1679853985960 24.0 24
1679853986907 25.0 25
1679853987048 26.0 26
1679853988030 27.0 27
1679853988169 28.0 28
1679853989139 29.0 29
1679853989296 30.0 30
1679853990326 31.0 31
1679853990483 32.0 32
1679853991508 33.0 33
1679853991654 34.0 34
1679853992650 35.0 35
1679853992795 36.0 36
1679853993826 37.0 37
1679853993970 38.0 38
1679853994919 39.0 39
1679853995071 40.0 40
1679853996114 41.0 41
1679853996265 42.0 42
1679853997240 43.0 43
1679853997383 44.0 44
1679853998337 45.0 45
1679853998482 46.0 46
1679853999427 47.0 47
1679853999576 48.0 48
1679854000567 49.0 49
1679854000714 50.0 50
1679854001681 51.0 51
1679854001836 52.0 52
1679854002832 53.0 53
1679854002983 54.0 54
1679854003966 55.0 55
1679854004109 56.0 56
1679854005214 57.0 57
1679854005362 58.0 58
1679854006349 59.0 59
1679854006493 60.0 60
1679854007432 61.0 61
1679854007588 62.0 62
1679854008534 63.0 63
1679854008684 64.0 64
1679854009658 65.0 65
1679854009807 66.0 66
1679854010755 67.0 67
1679854010901 68.0 68
1679854011865 69.0 69
1679854012023 70.0 70
1679854012962 71.0 71
1679854013109 72.0 72
1679854014140 73.0 73
1679854014289 74.0 74
1679854015256 75.0 75
1679854015403 76.0 76
1679854016395 77.0 77
1679854016539 78.0 78
1679854017515 79.0 79
1679854017658 80.0 80
1679854018612 81.0 81
1679854018760 82.0 82
1679854019755 83.0 83
1679854019927 84.0 84
1679854020877 85.0 85
1679854021028 86.0 86
1679854021988 87.0 87
1679854022150 88.0 88
1679854023152 89.0 89
1679854023308 90.0 90
1679854024379 91.0 91
1679854024568 92.0 92
1679854025616 93.0 93
1679854025761 94.0 94
1679854026767 95.0 95
1679854026925 96.0 96
1679854027966 97.0 97
1679854028128 98.0 98
1679854029201 99.0 99
1679854029395 100.0 100
1679854030437 101.0 101
1679854030624 102.0 102
1679854031659 103.0 103
1679854031824 104.0 104
1679854032980 105.0 105
1679854033145 106.0 106
1679854034248 107.0 107
1679854034428 108.0 108
1679854035648 109.0 109
1679854035829 110.0 110
1679854036943 111.0 111
1679854037125 112.0 112
1679854038259 113.0 113
1679854038447 114.0 114
1679854039572 115.0 115
1679854039758 116.0 116
1679854040953 117.0 117
1679854041126 118.0 118
1679854042285 119.0 119
1679854042458 120.0 120
1679854043591 121.0 121
1679854043760 122.0 122
1679854044961 123.0 123
1679854045140 124.0 124
1679854046273 125.0 125
1679854046451 126.0 126
1679854047589 127.0 127
1679854047761 128.0 128
1679854048866 129.0 129
1679854049034 130.0 130
1679854050260 131.0 131
1679854050435 132.0 132
1679854051626 133.0 133
1679854051811 134.0 134
1679854052971 135.0 135
1679854053146 136.0 136
1679854054278 137.0 137
1679854054460 138.0 138
1679854055655 139.0 139
1679854055914 140.0 140
1679854057073 141.0 141
1679854057250 142.0 142
1679854058373 143.0 143
1679854058585 144.0 144
1679854059793 145.0 145
1679854059972 146.0 146
1679854061104 147.0 147
1679854061300 148.0 148
1679854062355 149.0 149
1679854062520 150.0 150
1679854063587 151.0 151
1679854063768 152.0 152
1679854064863 153.0 153
1679854065042 154.0 154
1679854066161 155.0 155
1679854066339 156.0 156
1679854067582 157.0 157
1679854067757 158.0 158
1679854068915 159.0 159
1679854069117 160.0 160
1679854070312 161.0 161
1679854070500 162.0 162
1679854071633 163.0 163
1679854071839 164.0 164
1679854072991 165.0 165
1679854073169 166.0 166
1679854074275 167.0 167
1679854074452 168.0 168
1679854075660 169.0 169
1679854075842 170.0 170
1679854076980 171.0 171
1679854077162 172.0 172
1679854078372 173.0 173
1679854078558 174.0 174
1679854079723 175.0 175
1679854079931 176.0 176
1679854081136 177.0 177
1679854081322 178.0 178
1679854082439 179.0 179
1679854082612 180.0 180
1679854083695 181.0 181
1679854083866 182.0 182
1679854084955 183.0 183
1679854085154 184.0 184
1679854086311 185.0 185
1679854086490 186.0 186
1679854087654 187.0 187
1679854087832 188.0 188
1679854088943 189.0 189
1679854089200 190.0 190
1679854090370 191.0 191
1679854090572 192.0 192
1679854091718 193.0 193
1679854091893 194.0 194
1679854093068 195.0 195
1679854093252 196.0 196
1679854094401 197.0 197
1679854094574 198.0 198
1679854095822 199.0 199
1679854096012 200.0 200
1679854097159 201.0 201
1679854097339 202.0 202
1679854098519 203.0 203
1679854098719 204.0 204
1679854099884 205.0 205
1679854100068 206.0 206
1679854101320 207.0 207
1679854101501 208.0 208
1679854102615 209.0 209
1679854102784 210.0 210
1679854103860 211.0 211
1679854104049 212.0 212
1679854105164 213.0 213
1679854105338 214.0 214
1679854106514 215.0 215
1679854106702 216.0 216
1679854107893 217.0 217
1679854108074 218.0 218
1679854109245 219.0 219
1679854109444 220.0 220
1679854110626 221.0 221
1679854110812 222.0 222
1679854112083 223.0 223
1679854112268 224.0 224
1679854113433 225.0 225
1679854113611 226.0 226
1679854114772 227.0 227
1679854114982 228.0 228
1679854116199 229.0 229
1679854116380 230.0 230
1679854117510 231.0 231
1679854117693 232.0 232
1679854118820 233.0 233
1679854119000 234.0 234
1679854120231 235.0 235
1679854120423 236.0 236
1679854121614 237.0 237
1679854121784 238.0 238
1679854122886 239.0 239
1679854123158 240.0 240
1679854124263 241.0 241
1679854124438 242.0 242
1679854125533 243.0 243
1679854125739 244.0 244
1679854126910 245.0 245
1679854127105 246.0 246
1679854128322 247.0 247
1679854128520 248.0 248
1679854129674 249.0 249
1679854129861 250.0 250
1679854131012 251.0 251
1679854131221 252.0 252
1679854132403 253.0 253
1679854132593 254.0 254
1679854133747 255.0 255
1679854133937 256.0 256
1679854135154 257.0 257
1679854135334 258.0 258
1679854136606 259.0 259
1679854136806 260.0 260
1679854137980 261.0 261
1679854138172 262.0 262
1679854139367 263.0 263
1679854139561 264.0 264
1679854140733 265.0 265
1679854140924 266.0 266
1679854142074 267.0 267
1679854142272 268.0 268
1679854143335 269.0 269
1679854143507 270.0 270
1679854144608 271.0 271
1679854144792 272.0 272
1679854145983 273.0 273
1679854146176 274.0 274
1679854147385 275.0 275
1679854147583 276.0 276
1679854148751 277.0 277
1679854148936 278.0 278
1679854150097 279.0 279
1679854150288 280.0 280
1679854151494 281.0 281
1679854151683 282.0 282
1679854152868 283.0 283
1679854153056 284.0 284
1679854154196 285.0 285
1679854154383 286.0 286
1679854155584 287.0 287
1679854155786 288.0 288
1679854157017 289.0 289
1679854157287 290.0 290
1679854158428 291.0 291
1679854158614 292.0 292
1679854159766 293.0 293
1679854159951 294.0 294
1679854161135 295.0 295
1679854161321 296.0 296
1679854162515 297.0 297
1679854162698 298.0 298
1679854163813 299.0 299
1679854163995 300.0 300
1679854164116 301.0 301
