1679853973243 1679853973.0 1
1679853973391 1679853973.0 2
1679853974375 1679853974.0 3
1679853974519 1679853974.0 4
1679853975519 1679853975.0 5
1679853975672 1679853975.0 6
1679853976766 1679853976.0 7
1679853976917 1679853976.0 8
1679853977897 1679853977.0 9
1679853978036 1679853977.0 10
1679853978996 1679853978.0 11
1679853979160 1679853979.0 12
1679853980180 1679853980.0 13
1679853980330 1679853980.0 14
1679853981312 1679853981.0 15
1679853981458 1679853981.0 16
1679853982424 1679853982.0 17
1679853982564 1679853982.0 18
1679853983509 1679853983.0 19
1679853983652 1679853983.0 20
1679853984595 1679853984.0 21
1679853984757 1679853984.0 22
1679853985808 1679853985.0 23
1679853985952 1679853985.0 24
1679853986898 1679853986.0 25
1679853987040 1679853986.0 26
1679853988022 1679853987.0 27
1679853988160 1679853988.0 28
1679853989123 1679853989.0 29
1679853989287 1679853989.0 30
1679853990318 1679853990.0 31
1679853990473 1679853990.0 32
1679853991499 1679853991.0 33
1679853991644 1679853991.0 34
1679853992642 1679853992.0 35
1679853992786 1679853992.0 36
1679853993816 1679853993.0 37
1679853993961 1679853993.0 38
1679853994910 1679853994.0 39
1679853995062 1679853995.0 40
1679853996106 1679853996.0 41
1679853996257 1679853996.0 42
1679853997232 1679853997.0 43
1679853997375 1679853997.0 44
1679853998329 1679853998.0 45
1679853998474 1679853998.0 46
1679853999419 1679853999.0 47
1679853999567 1679853999.0 48
1679854000558 1679854000.0 49
1679854000706 1679854000.0 50
1679854001673 1679854001.0 51
1679854001828 1679854001.0 52
1679854002824 1679854002.0 53
1679854002975 1679854002.0 54
1679854003958 1679854003.0 55
1679854004100 1679854004.0 56
1679854005205 1679854005.0 57
1679854005354 1679854005.0 58
1679854006341 1679854006.0 59
1679854006485 1679854006.0 60
1679854007424 1679854007.0 61
1679854007581 1679854007.0 62
1679854008519 1679854008.0 63
1679854008675 1679854008.0 64
1679854009649 1679854009.0 65
1679854009799 1679854009.0 66
1679854010747 1679854010.0 67
1679854010893 1679854010.0 68
1679854011855 1679854011.0 69
1679854012015 1679854011.0 70
1679854012954 1679854012.0 71
1679854013101 1679854013.0 72
1679854014131 1679854014.0 73
1679854014281 1679854014.0 74
1679854015248 1679854015.0 75
1679854015395 1679854015.0 76
1679854016387 1679854016.0 77
1679854016531 1679854016.0 78
1679854017507 1679854017.0 79
1679854017650 1679854017.0 80
1679854018604 1679854018.0 81
1679854018752 1679854018.0 82
1679854019747 1679854019.0 83
1679854019919 1679854019.0 84
1679854020869 1679854020.0 85
1679854021020 1679854020.0 86
1679854021980 1679854021.0 87
1679854022139 1679854022.0 88
1679854023143 1679854023.0 89
1679854023300 1679854023.0 90
1679854024371 1679854024.0 91
1679854024558 1679854024.0 92
1679854025609 1679854025.0 93
1679854025754 1679854025.0 94
1679854026757 1679854026.0 95
1679854026917 1679854026.0 96
1679854027959 1679854027.0 97
1679854028112 1679854028.0 98
1679854029191 1679854029.0 99
1679854029385 1679854029.0 100
1679854030427 1679854030.0 101
1679854030615 1679854030.0 102
1679854031650 1679854031.0 103
1679854031816 1679854031.0 104
1679854032968 1679854032.0 105
1679854033136 1679854033.0 106
1679854034238 1679854034.0 107
1679854034417 1679854034.0 108
1679854035638 1679854035.0 109
1679854035819 1679854035.0 110
1679854036934 1679854036.0 111
1679854037115 1679854037.0 112
1679854038249 1679854038.0 113
1679854038438 1679854038.0 114
1679854039563 1679854039.0 115
1679854039750 1679854039.0 116
1679854040944 1679854040.0 117
1679854041117 1679854041.0 118
1679854042276 1679854042.0 119
1679854042449 1679854042.0 120
1679854043583 1679854043.0 121
1679854043751 1679854043.0 122
1679854044951 1679854044.0 123
1679854045132 1679854045.0 124
1679854046264 1679854046.0 125
1679854046442 1679854046.0 126
1679854047581 1679854047.0 127
1679854047753 1679854047.0 128
1679854048857 1679854048.0 129
1679854049026 1679854048.0 130
1679854050250 1679854050.0 131
1679854050426 1679854050.0 132
1679854051617 1679854051.0 133
1679854051799 1679854051.0 134
1679854052961 1679854052.0 135
1679854053137 1679854053.0 136
1679854054269 1679854054.0 137
1679854054450 1679854054.0 138
1679854055647 1679854055.0 139
1679854055905 1679854055.0 140
1679854057061 1679854056.0 141
1679854057242 1679854057.0 142
1679854058363 1679854058.0 143
1679854058576 1679854058.0 144
1679854059783 1679854059.0 145
1679854059962 1679854059.0 146
1679854061095 1679854061.0 147
1679854061292 1679854061.0 148
1679854062346 1679854062.0 149
1679854062511 1679854062.0 150
1679854063578 1679854063.0 151
1679854063759 1679854063.0 152
1679854064854 1679854064.0 153
1679854065033 1679854064.0 154
1679854066150 1679854066.0 155
1679854066329 1679854066.0 156
1679854067575 1679854067.0 157
1679854067746 1679854067.0 158
1679854068906 1679854068.0 159
1679854069107 1679854069.0 160
1679854070302 1679854070.0 161
1679854070491 1679854070.0 162
1679854071622 1679854071.0 163
1679854071830 1679854071.0 164
1679854072982 1679854072.0 165
1679854073157 1679854073.0 166
1679854074267 1679854074.0 167
1679854074443 1679854074.0 168
1679854075652 1679854075.0 169
1679854075832 1679854075.0 170
1679854076971 1679854076.0 171
1679854077153 1679854077.0 172
1679854078363 1679854078.0 173
1679854078547 1679854078.0 174
1679854079714 1679854079.0 175
1679854079922 1679854079.0 176
1679854081125 1679854081.0 177
1679854081310 1679854081.0 178
1679854082430 1679854082.0 179
1679854082602 1679854082.0 180
1679854083686 1679854083.0 181
1679854083857 1679854083.0 182
1679854084946 1679854084.0 183
1679854085146 1679854085.0 184
1679854086301 1679854086.0 185
1679854086481 1679854086.0 186
1679854087643 1679854087.0 187
1679854087822 1679854087.0 188
1679854088934 1679854088.0 189
1679854089192 1679854089.0 190
1679854090360 1679854090.0 191
1679854090563 1679854090.0 192
1679854091708 1679854091.0 193
1679854091884 1679854091.0 194
1679854093060 1679854092.0 195
1679854093243 1679854093.0 196
1679854094391 1679854094.0 197
1679854094565 1679854094.0 198
1679854095813 1679854095.0 199
1679854096003 1679854095.0 200
1679854097151 1679854097.0 201
1679854097328 1679854097.0 202
1679854098509 1679854098.0 203
1679854098710 1679854098.0 204
1679854099875 1679854099.0 205
1679854100058 1679854099.0 206
1679854101310 1679854101.0 207
1679854101492 1679854101.0 208
1679854102606 1679854102.0 209
1679854102775 1679854102.0 210
1679854103849 1679854103.0 211
1679854104041 1679854103.0 212
1679854105156 1679854105.0 213
1679854105329 1679854105.0 214
1679854106506 1679854106.0 215
1679854106693 1679854106.0 216
1679854107883 1679854107.0 217
1679854108063 1679854107.0 218
1679854109236 1679854109.0 219
1679854109436 1679854109.0 220
1679854110616 1679854110.0 221
1679854110803 1679854110.0 222
1679854112074 1679854112.0 223
1679854112260 1679854112.0 224
1679854113425 1679854113.0 225
1679854113603 1679854113.0 226
1679854114763 1679854114.0 227
1679854114970 1679854114.0 228
1679854116189 1679854116.0 229
1679854116372 1679854116.0 230
1679854117499 1679854117.0 231
1679854117684 1679854117.0 232
1679854118811 1679854118.0 233
1679854118991 1679854118.0 234
1679854120222 1679854120.0 235
1679854120414 1679854120.0 236
1679854121605 1679854121.0 237
1679854121776 1679854121.0 238
1679854122878 1679854122.0 239
1679854123150 1679854123.0 240
1679854124253 1679854124.0 241
1679854124428 1679854124.0 242
1679854125523 1679854125.0 243
1679854125730 1679854125.0 244
1679854126901 1679854126.0 245
1679854127096 1679854127.0 246
1679854128310 1679854128.0 247
1679854128511 1679854128.0 248
1679854129665 1679854129.0 249
1679854129850 1679854129.0 250
1679854131003 1679854130.0 251
1679854131209 1679854131.0 252
1679854132393 1679854132.0 253
1679854132584 1679854132.0 254
1679854133738 1679854133.0 255
1679854133928 1679854133.0 256
1679854135145 1679854135.0 257
1679854135325 1679854135.0 258
1679854136596 1679854136.0 259
1679854136796 1679854136.0 260
1679854137971 1679854137.0 261
1679854138164 1679854138.0 262
1679854139358 1679854139.0 263
1679854139551 1679854139.0 264
1679854140724 1679854140.0 265
1679854140913 1679854140.0 266
1679854142066 1679854141.0 267
1679854142263 1679854142.0 268
1679854143327 1679854143.0 269
1679854143498 1679854143.0 270
1679854144599 1679854144.0 271
1679854144782 1679854144.0 272
1679854145973 1679854145.0 273
1679854146167 1679854146.0 274
1679854147375 1679854147.0 275
1679854147566 1679854147.0 276
1679854148741 1679854148.0 277
1679854148928 1679854148.0 278
1679854150087 1679854150.0 279
1679854150279 1679854150.0 280
1679854151484 1679854151.0 281
1679854151673 1679854151.0 282
1679854152860 1679854152.0 283
1679854153047 1679854152.0 284
1679854154187 1679854154.0 285
1679854154374 1679854154.0 286
1679854155570 1679854155.0 287
1679854155770 1679854155.0 288
1679854157006 1679854156.0 289
1679854157278 1679854157.0 290
1679854158417 1679854158.0 291
1679854158605 1679854158.0 292
1679854159757 1679854159.0 293
1679854159942 1679854159.0 294
1679854161124 1679854161.0 295
1679854161312 1679854161.0 296
1679854162506 1679854162.0 297
1679854162687 1679854162.0 298
1679854163804 1679854163.0 299
1679854163986 1679854163.0 300
1679854164108 1679854164.0 301
