1679774847294 0.0 1
1679774847460 0.0 2
1679774848386 0.0 3
1679774848537 0.0 4
1679774849357 0.0 5
1679774849512 0.0 6
1679774850274 0.0 7
1679774850421 0.0 8
1679774851199 0.0 9
1679774851349 0.0 10
1679774852179 0.0 11
1679774852319 0.0 12
1679774853177 0.0 13
1679774853317 0.0 14
1679774854130 0.0 15
1679774854272 0.0 16
1679774855090 0.0 17
1679774855240 0.0 18
1679774856063 0.0 19
1679774856218 0.0 20
1679774857085 0.0 21
1679774857236 0.0 22
1679774858148 0.0 23
1679774858316 0.0 24
1679774859182 0.0 25
1679774859334 0.0 26
1679774860169 0.0 27
1679774860326 0.0 28
1679774861144 0.0 29
1679774861304 0.0 30
1679774862150 0.0 31
1679774862385 0.0 32
1679774863206 0.0 33
1679774863364 0.0 34
1679774864208 0.0 35
1679774864359 0.0 36
1679774865206 0.0 37
1679774865373 0.0 38
1679774866198 0.0 39
1679774866344 0.0 40
1679774867172 0.0 41
1679774867415 0.0 42
1679774868222 0.0 43
1679774868372 0.0 44
1679774869265 0.0 45
1679774869419 0.0 46
1679774870242 0.0 47
1679774870383 0.0 48
1679774871187 0.0 49
1679774871342 0.0 50
1679774872163 0.0 51
1679774872414 0.0 52
1679774873257 0.0 53
1679774873427 0.0 54
1679774874316 0.0 55
1679774874484 0.0 56
1679774875350 0.0 57
1679774875516 0.0 58
1679774876366 0.0 59
1679774876545 0.0 60
1679774877401 0.0 61
1679774877634 0.0 62
1679774878424 0.0 63
1679774878594 0.0 64
1679774879437 0.0 65
1679774879589 0.0 66
1679774880445 0.0 67
1679774880603 0.0 68
1679774881430 0.0 69
1679774881590 0.0 70
1679774882440 0.0 71
1679774882603 0.0 72
1679774883508 0.0 73
1679774883672 0.0 74
1679774884530 0.0 75
1679774884684 0.0 76
1679774885517 0.0 77
1679774885674 0.0 78
1679774886490 0.0 79
1679774886646 0.0 80
1679774887495 0.0 81
1679774887747 0.0 82
1679774888560 0.0 83
1679774888729 0.0 84
1679774889591 0.0 85
1679774889754 0.0 86
1679774890536 0.0 87
1679774890691 0.0 88
1679774891478 0.0 89
1679774891629 0.0 90
1679774892442 0.0 91
1679774892668 0.0 92
1679774893472 0.0 93
1679774893627 0.0 94
1679774894471 0.0 95
1679774894637 0.0 96
1679774895515 0.0 97
1679774895682 0.0 98
1679774896528 0.0 99
1679774896692 0.0 100
1679774897572 0.0 101
1679774897832 0.0 102
1679774898698 0.0 103
1679774898879 0.0 104
1679774899729 0.0 105
1679774899888 0.0 106
1679774900733 0.0 107
1679774900895 0.0 108
1679774901749 0.0 109
1679774901912 0.0 110
1679774902941 0.0 111
1679774903122 0.0 112
1679774904009 0.0 113
1679774904198 0.0 114
1679774905143 0.0 115
1679774905328 0.0 116
1679774906275 0.0 117
1679774906451 0.0 118
1679774907327 0.0 119
1679774907484 0.0 120
1679774908399 0.0 121
1679774908554 0.0 122
1679774909379 0.0 123
1679774909539 0.0 124
1679774910329 0.0 125
1679774910488 0.0 126
1679774911320 0.0 127
1679774911476 0.0 128
1679774912276 0.0 129
1679774912511 0.0 130
1679774913312 0.0 131
1679774913462 0.0 132
1679774914249 0.0 133
1679774914407 0.0 134
1679774915208 0.0 135
1679774915361 0.0 136
1679774916157 0.0 137
1679774916314 0.0 138
1679774917199 0.0 139
1679774917356 0.0 140
1679774918178 0.0 141
1679774918347 0.0 142
1679774919218 0.0 143
1679774919377 0.0 144
1679774920220 0.0 145
1679774920382 0.0 146
1679774921228 0.0 147
1679774921388 0.0 148
1679774922351 0.0 149
1679774922519 0.0 150
1679774923370 0.0 151
1679774923544 0.0 152
1679774924410 0.0 153
1679774924571 0.0 154
1679774925389 0.0 155
1679774925557 0.0 156
1679774926404 0.0 157
1679774926559 0.0 158
1679774927461 0.0 159
1679774927622 0.0 160
1679774928478 0.0 161
1679774928649 0.0 162
1679774929491 0.0 163
1679774929646 0.0 164
1679774930425 0.0 165
1679774930577 0.0 166
1679774931411 0.0 167
1679774931569 0.0 168
1679774932489 0.0 169
1679774932646 0.0 170
1679774933483 0.0 171
1679774933672 0.0 172
1679774934596 0.0 173
1679774934772 0.0 174
1679774935665 0.0 175
1679774935848 0.0 176
1679774936749 0.0 177
1679774936939 0.0 178
1679774937910 0.0 179
1679774938076 0.0 180
1679774938899 0.0 181
1679774939061 0.0 182
1679774939899 0.0 183
1679774940060 0.0 184
1679774940872 0.0 185
1679774941049 0.0 186
1679774941935 0.0 187
1679774942179 0.0 188
1679774943019 0.0 189
1679774943181 0.0 190
1679774944012 0.0 191
1679774944178 0.0 192
1679774945040 0.0 193
1679774945195 0.0 194
1679774946060 0.0 195
1679774946235 0.0 196
1679774947087 0.0 197
1679774947326 0.0 198
1679774948145 0.0 199
1679774948300 0.0 200
1679774949142 0.0 201
1679774949304 0.0 202
1679774950131 0.0 203
1679774950298 0.0 204
1679774951095 0.0 205
1679774951267 0.0 206
1679774952098 0.0 207
1679774952338 0.0 208
1679774953152 0.0 209
1679774953309 0.0 210
1679774954120 0.0 211
1679774954279 0.0 212
1679774955137 0.0 213
1679774955306 0.0 214
1679774956127 0.0 215
1679774956299 0.0 216
1679774957196 0.0 217
1679774957361 0.0 218
1679774958191 0.0 219
1679774958355 0.0 220
1679774959193 0.0 221
1679774959358 0.0 222
1679774960303 0.0 223
1679774960515 0.0 224
1679774961393 0.0 225
1679774961566 0.0 226
1679774962616 0.0 227
1679774962804 0.0 228
1679774963707 0.0 229
1679774963903 0.0 230
1679774964833 0.0 231
1679774965025 0.0 232
1679774965955 0.0 233
1679774966135 0.0 234
1679774967040 0.0 235
1679774967304 0.0 236
1679774968180 0.0 237
1679774968353 0.0 238
1679774969221 0.0 239
1679774969390 0.0 240
1679774970201 0.0 241
1679774970369 0.0 242
1679774971219 0.0 243
1679774971392 0.0 244
1679774972287 0.0 245
1679774972454 0.0 246
1679774973293 0.0 247
1679774973451 0.0 248
1679774974289 0.0 249
1679774974456 0.0 250
1679774975323 0.0 251
1679774975492 0.0 252
1679774976331 0.0 253
1679774976494 0.0 254
1679774977424 0.0 255
1679774977606 0.0 256
1679774978430 0.0 257
1679774978622 0.0 258
1679774979457 0.0 259
1679774979620 0.0 260
1679774980434 0.0 261
1679774980602 0.0 262
1679774981447 0.0 263
1679774981617 0.0 264
1679774982539 0.0 265
1679774982716 0.0 266
1679774983563 0.0 267
1679774983728 0.0 268
1679774984575 0.0 269
1679774984733 0.0 270
1679774985588 0.0 271
1679774985767 0.0 272
1679774986664 0.0 273
1679774986829 0.0 274
1679774987773 0.0 275
1679774987949 0.0 276
1679774988779 0.0 277
1679774988969 0.0 278
1679774989816 0.0 279
1679774989973 0.0 280
1679774990798 0.0 281
1679774990975 0.0 282
1679774991799 0.0 283
1679774992004 0.0 284
1679774992985 0.0 285
1679774993174 0.0 286
1679774994093 0.0 287
1679774994266 0.0 288
1679774995230 0.0 289
1679774995418 0.0 290
1679774996335 0.0 291
1679774996531 0.0 292
1679774997404 0.0 293
1679774997665 0.0 294
1679774998516 0.0 295
1679774998698 0.0 296
1679774999548 0.0 297
1679774999719 0.0 298
1679775000551 0.0 299
1679775000718 0.0 300
1679775000839 0.0 301
