1679774847307 1.0 1
1679774847472 2.0 2
1679774848395 3.0 3
1679774848548 4.0 4
1679774849367 5.0 5
1679774849521 6.0 6
1679774850283 7.0 7
1679774850430 8.0 8
1679774851208 9.0 9
1679774851359 10.0 10
1679774852190 11.0 11
1679774852328 12.0 12
1679774853187 13.0 13
1679774853328 14.0 14
1679774854139 15.0 15
1679774854282 16.0 16
1679774855102 17.0 17
1679774855250 18.0 18
1679774856073 19.0 19
1679774856229 20.0 20
1679774857096 21.0 21
1679774857247 22.0 22
1679774858160 23.0 23
1679774858327 24.0 24
1679774859191 25.0 25
1679774859343 26.0 26
1679774860181 27.0 27
1679774860336 28.0 28
1679774861161 29.0 29
1679774861315 30.0 30
1679774862160 31.0 31
1679774862395 32.0 32
1679774863216 33.0 33
1679774863387 34.0 34
1679774864218 35.0 35
1679774864369 36.0 36
1679774865217 37.0 37
1679774865383 38.0 38
1679774866207 39.0 39
1679774866354 40.0 40
1679774867182 41.0 41
1679774867425 42.0 42
1679774868232 43.0 43
1679774868382 44.0 44
1679774869275 45.0 45
1679774869429 46.0 46
1679774870252 47.0 47
1679774870394 48.0 48
1679774871198 49.0 49
1679774871352 50.0 50
1679774872177 51.0 51
1679774872425 52.0 52
1679774873267 53.0 53
1679774873440 54.0 54
1679774874327 55.0 55
1679774874494 56.0 56
1679774875359 57.0 57
1679774875527 58.0 58
1679774876378 59.0 59
1679774876555 60.0 60
1679774877410 61.0 61
1679774877644 62.0 62
1679774878433 63.0 63
1679774878604 64.0 64
1679774879446 65.0 65
1679774879598 66.0 66
1679774880457 67.0 67
1679774880613 68.0 68
1679774881440 69.0 69
1679774881599 70.0 70
1679774882449 71.0 71
1679774882612 72.0 72
1679774883519 73.0 73
1679774883683 74.0 74
1679774884540 75.0 75
1679774884693 76.0 76
1679774885527 77.0 77
1679774885684 78.0 78
1679774886499 79.0 79
1679774886656 80.0 80
1679774887505 81.0 81
1679774887757 82.0 82
1679774888571 83.0 83
1679774888739 84.0 84
1679774889601 85.0 85
1679774889763 86.0 86
1679774890547 87.0 87
1679774890700 88.0 88
1679774891487 89.0 89
1679774891640 90.0 90
1679774892451 91.0 91
1679774892677 92.0 92
1679774893482 93.0 93
1679774893637 94.0 94
1679774894481 95.0 95
1679774894649 96.0 96
1679774895525 97.0 97
1679774895693 98.0 98
1679774896538 99.0 99
1679774896705 100.0 100
1679774897582 101.0 101
1679774897843 102.0 102
1679774898708 103.0 103
1679774898892 104.0 104
1679774899739 105.0 105
1679774899898 106.0 106
1679774900744 107.0 107
1679774900905 108.0 108
1679774901759 109.0 109
1679774901922 110.0 110
1679774902952 111.0 111
1679774903132 112.0 112
1679774904022 113.0 113
1679774904219 114.0 114
1679774905156 115.0 115
1679774905339 116.0 116
1679774906284 117.0 117
1679774906462 118.0 118
1679774907337 119.0 119
1679774907494 120.0 120
1679774908409 121.0 121
1679774908564 122.0 122
1679774909388 123.0 123
1679774909549 124.0 124
1679774910339 125.0 125
1679774910497 126.0 126
1679774911331 127.0 127
1679774911486 128.0 128
1679774912286 129.0 129
1679774912523 130.0 130
1679774913323 131.0 131
1679774913471 132.0 132
1679774914259 133.0 133
1679774914419 134.0 134
1679774915217 135.0 135
1679774915370 136.0 136
1679774916166 137.0 137
1679774916323 138.0 138
1679774917210 139.0 139
1679774917365 140.0 140
1679774918189 141.0 141
1679774918358 142.0 142
1679774919229 143.0 143
1679774919386 144.0 144
1679774920230 145.0 145
1679774920393 146.0 146
1679774921239 147.0 147
1679774921399 148.0 148
1679774922361 149.0 149
1679774922528 150.0 150
1679774923380 151.0 151
1679774923555 152.0 152
1679774924422 153.0 153
1679774924581 154.0 154
1679774925398 155.0 155
1679774925572 156.0 156
1679774926414 157.0 157
1679774926569 158.0 158
1679774927472 159.0 159
1679774927631 160.0 160
1679774928487 161.0 161
1679774928663 162.0 162
1679774929502 163.0 163
1679774929655 164.0 164
1679774930435 165.0 165
1679774930587 166.0 166
1679774931421 167.0 167
1679774931578 168.0 168
1679774932501 169.0 169
1679774932656 170.0 170
1679774933496 171.0 171
1679774933686 172.0 172
1679774934606 173.0 173
1679774934783 174.0 174
1679774935678 175.0 175
1679774935860 176.0 176
1679774936764 177.0 177
1679774936950 178.0 178
1679774937919 179.0 179
1679774938085 180.0 180
1679774938908 181.0 181
1679774939071 182.0 182
1679774939910 183.0 183
1679774940069 184.0 184
1679774940883 185.0 185
1679774941061 186.0 186
1679774941945 187.0 187
1679774942189 188.0 188
1679774943030 189.0 189
1679774943192 190.0 190
1679774944022 191.0 191
1679774944189 192.0 192
1679774945050 193.0 193
1679774945204 194.0 194
1679774946070 195.0 195
1679774946245 196.0 196
1679774947096 197.0 197
1679774947336 198.0 198
1679774948155 199.0 199
1679774948310 200.0 200
1679774949152 201.0 201
1679774949315 202.0 202
1679774950143 203.0 203
1679774950307 204.0 204
1679774951106 205.0 205
1679774951283 206.0 206
1679774952108 207.0 207
1679774952348 208.0 208
1679774953162 209.0 209
1679774953319 210.0 210
1679774954131 211.0 211
1679774954291 212.0 212
1679774955149 213.0 213
1679774955315 214.0 214
1679774956137 215.0 215
1679774956311 216.0 216
1679774957206 217.0 217
1679774957371 218.0 218
1679774958201 219.0 219
1679774958364 220.0 220
1679774959203 221.0 221
1679774959367 222.0 222
1679774960316 223.0 223
1679774960527 224.0 224
1679774961403 225.0 225
1679774961577 226.0 226
1679774962626 227.0 227
1679774962817 228.0 228
1679774963718 229.0 229
1679774963915 230.0 230
1679774964843 231.0 231
1679774965040 232.0 232
1679774965965 233.0 233
1679774966146 234.0 234
1679774967050 235.0 235
1679774967315 236.0 236
1679774968191 237.0 237
1679774968363 238.0 238
1679774969231 239.0 239
1679774969399 240.0 240
1679774970212 241.0 241
1679774970381 242.0 242
1679774971233 243.0 243
1679774971402 244.0 244
1679774972297 245.0 245
1679774972464 246.0 246
1679774973303 247.0 247
1679774973459 248.0 248
1679774974301 249.0 249
1679774974465 250.0 250
1679774975332 251.0 251
1679774975503 252.0 252
1679774976342 253.0 253
1679774976504 254.0 254
1679774977435 255.0 255
1679774977615 256.0 256
1679774978446 257.0 257
1679774978633 258.0 258
1679774979466 259.0 259
1679774979629 260.0 260
1679774980444 261.0 261
1679774980613 262.0 262
1679774981459 263.0 263
1679774981627 264.0 264
1679774982550 265.0 265
1679774982726 266.0 266
1679774983572 267.0 267
1679774983737 268.0 268
1679774984585 269.0 269
1679774984743 270.0 270
1679774985597 271.0 271
1679774985781 272.0 272
1679774986675 273.0 273
1679774986839 274.0 274
1679774987783 275.0 275
1679774987964 276.0 276
1679774988789 277.0 277
1679774988980 278.0 278
1679774989825 279.0 279
1679774989982 280.0 280
1679774990808 281.0 281
1679774990986 282.0 282
1679774991811 283.0 283
1679774992018 284.0 284
1679774992995 285.0 285
1679774993184 286.0 286
1679774994102 287.0 287
1679774994276 288.0 288
1679774995244 289.0 289
1679774995428 290.0 290
1679774996347 291.0 291
1679774996543 292.0 292
1679774997416 293.0 293
1679774997674 294.0 294
1679774998526 295.0 295
1679774998708 296.0 296
1679774999558 297.0 297
1679774999729 298.0 298
1679775000561 299.0 299
1679775000728 300.0 300
1679775000849 301.0 301
