1679774847305 0.0 1
1679774847470 0.0 2
1679774848394 0.0 3
1679774848546 0.0 4
1679774849366 0.0 5
1679774849520 0.0 6
1679774850282 0.0 7
1679774850429 0.0 8
1679774851207 0.0 9
1679774851358 0.0 10
1679774852188 0.0 11
1679774852327 0.0 12
1679774853186 0.0 13
1679774853326 0.0 14
1679774854137 0.0 15
1679774854280 0.0 16
1679774855100 0.0 17
1679774855248 0.0 18
1679774856072 0.0 19
1679774856227 0.0 20
1679774857094 0.0 21
1679774857246 0.0 22
1679774858158 0.0 23
1679774858326 0.0 24
1679774859190 0.0 25
1679774859342 0.0 26
1679774860180 0.0 27
1679774860335 0.0 28
1679774861160 0.0 29
1679774861314 0.0 30
1679774862159 0.0 31
1679774862393 0.0 32
1679774863215 0.0 33
1679774863384 0.0 34
1679774864216 0.0 35
1679774864368 0.0 36
1679774865216 0.0 37
1679774865382 0.0 38
1679774866206 0.0 39
1679774866352 0.0 40
1679774867181 0.0 41
1679774867424 0.0 42
1679774868230 0.0 43
1679774868381 0.0 44
1679774869273 0.0 45
1679774869428 0.0 46
1679774870250 0.0 47
1679774870392 0.0 48
1679774871196 0.0 49
1679774871350 0.0 50
1679774872176 0.0 51
1679774872424 0.0 52
1679774873266 0.0 53
1679774873438 0.0 54
1679774874326 0.0 55
1679774874492 0.0 56
1679774875358 0.0 57
1679774875526 0.0 58
1679774876377 0.0 59
1679774876554 0.0 60
1679774877410 0.0 61
1679774877642 0.0 62
1679774878431 0.0 63
1679774878603 0.0 64
1679774879445 0.0 65
1679774879596 0.0 66
1679774880455 0.0 67
1679774880612 0.0 68
1679774881438 0.0 69
1679774881598 0.0 70
1679774882448 0.0 71
1679774882611 0.0 72
1679774883517 0.0 73
1679774883681 0.0 74
1679774884539 0.0 75
1679774884692 0.0 76
1679774885525 0.0 77
1679774885683 0.0 78
1679774886498 0.0 79
1679774886654 0.0 80
1679774887503 0.0 81
1679774887756 0.0 82
1679774888568 0.0 83
1679774888738 0.0 84
1679774889599 0.0 85
1679774889762 0.0 86
1679774890546 0.0 87
1679774890699 0.0 88
1679774891486 0.0 89
1679774891638 0.0 90
1679774892449 0.0 91
1679774892676 0.0 92
1679774893481 0.0 93
1679774893636 0.0 94
1679774894479 0.0 95
1679774894647 0.0 96
1679774895524 0.0 97
1679774895692 0.0 98
1679774896536 0.0 99
1679774896703 0.0 100
1679774897581 0.0 101
1679774897841 0.0 102
1679774898707 0.0 103
1679774898891 0.0 104
1679774899737 0.0 105
1679774899897 0.0 106
1679774900742 0.0 107
1679774900903 0.0 108
1679774901758 0.0 109
1679774901920 0.0 110
1679774902950 0.0 111
1679774903131 0.0 112
1679774904020 0.0 113
1679774904217 0.0 114
1679774905154 0.0 115
1679774905338 0.0 116
1679774906283 0.0 117
1679774906460 0.0 118
1679774907336 0.0 119
1679774907492 0.0 120
1679774908408 0.0 121
1679774908562 0.0 122
1679774909387 0.0 123
1679774909548 0.0 124
1679774910338 0.0 125
1679774910496 0.0 126
1679774911329 0.0 127
1679774911485 0.0 128
1679774912285 0.0 129
1679774912522 0.0 130
1679774913321 0.0 131
1679774913470 0.0 132
1679774914257 0.0 133
1679774914417 0.0 134
1679774915216 0.0 135
1679774915369 0.0 136
1679774916165 0.0 137
1679774916322 0.0 138
1679774917208 0.0 139
1679774917364 0.0 140
1679774918188 0.0 141
1679774918356 0.0 142
1679774919227 0.0 143
1679774919385 0.0 144
1679774920229 0.0 145
1679774920392 0.0 146
1679774921237 0.0 147
1679774921397 0.0 148
1679774922359 0.0 149
1679774922527 0.0 150
1679774923379 0.0 151
1679774923554 0.0 152
1679774924420 0.0 153
1679774924580 0.0 154
1679774925397 0.0 155
1679774925570 0.0 156
1679774926413 0.0 157
1679774926568 0.0 158
1679774927471 0.0 159
1679774927630 0.0 160
1679774928486 0.0 161
1679774928661 0.0 162
1679774929500 0.0 163
1679774929654 0.0 164
1679774930434 0.0 165
1679774930585 0.0 166
1679774931420 0.0 167
1679774931577 0.0 168
1679774932499 0.0 169
1679774932655 0.0 170
1679774933494 0.0 171
1679774933683 0.0 172
1679774934604 0.0 173
1679774934782 0.0 174
1679774935675 0.0 175
1679774935858 0.0 176
1679774936762 0.0 177
1679774936948 0.0 178
1679774937918 0.0 179
1679774938085 0.0 180
1679774938907 0.0 181
1679774939070 0.0 182
1679774939909 0.0 183
1679774940068 0.0 184
1679774940882 0.0 185
1679774941059 0.0 186
1679774941943 0.0 187
1679774942188 0.0 188
1679774943028 0.0 189
1679774943189 0.0 190
1679774944021 0.0 191
1679774944187 0.0 192
1679774945049 0.0 193
1679774945203 0.0 194
1679774946069 0.0 195
1679774946244 0.0 196
1679774947096 0.0 197
1679774947335 0.0 198
1679774948153 0.0 199
1679774948309 0.0 200
1679774949151 0.0 201
1679774949313 0.0 202
1679774950141 0.0 203
1679774950306 0.0 204
1679774951104 0.0 205
1679774951279 0.0 206
1679774952107 0.0 207
1679774952347 0.0 208
1679774953160 0.0 209
1679774953318 0.0 210
1679774954129 0.0 211
1679774954288 0.0 212
1679774955147 0.0 213
1679774955314 0.0 214
1679774956135 0.0 215
1679774956309 0.0 216
1679774957205 0.0 217
1679774957370 0.0 218
1679774958199 0.0 219
1679774958363 0.0 220
1679774959202 0.0 221
1679774959366 0.0 222
1679774960315 0.0 223
1679774960526 0.0 224
1679774961401 0.0 225
1679774961575 0.0 226
1679774962625 0.0 227
1679774962815 0.0 228
1679774963716 0.0 229
1679774963913 0.0 230
1679774964842 0.0 231
1679774965038 0.0 232
1679774965964 0.0 233
1679774966144 0.0 234
1679774967049 0.0 235
1679774967313 0.0 236
1679774968190 0.0 237
1679774968362 0.0 238
1679774969229 0.0 239
1679774969397 0.0 240
1679774970211 0.0 241
1679774970379 0.0 242
1679774971231 0.0 243
1679774971401 0.0 244
1679774972296 0.0 245
1679774972463 0.0 246
1679774973301 0.0 247
1679774973458 0.0 248
1679774974299 0.0 249
1679774974464 0.0 250
1679774975331 0.0 251
1679774975501 0.0 252
1679774976340 0.0 253
1679774976502 0.0 254
1679774977434 0.0 255
1679774977614 0.0 256
1679774978444 0.0 257
1679774978630 0.0 258
1679774979465 0.0 259
1679774979628 0.0 260
1679774980442 0.0 261
1679774980611 0.0 262
1679774981457 0.0 263
1679774981626 0.0 264
1679774982549 0.0 265
1679774982724 0.0 266
1679774983571 0.0 267
1679774983736 0.0 268
1679774984584 0.0 269
1679774984742 0.0 270
1679774985596 0.0 271
1679774985779 0.0 272
1679774986673 0.0 273
1679774986838 0.0 274
1679774987782 0.0 275
1679774987962 0.0 276
1679774988788 0.0 277
1679774988979 0.0 278
1679774989824 0.0 279
1679774989981 0.0 280
1679774990807 0.0 281
1679774990985 0.0 282
1679774991809 0.0 283
1679774992016 0.0 284
1679774992993 0.0 285
1679774993181 0.0 286
1679774994101 0.0 287
1679774994275 0.0 288
1679774995242 0.0 289
1679774995427 0.0 290
1679774996345 0.0 291
1679774996541 0.0 292
1679774997414 0.0 293
1679774997672 0.0 294
1679774998525 0.0 295
1679774998706 0.0 296
1679774999557 0.0 297
1679774999727 0.0 298
1679775000560 0.0 299
1679775000726 0.0 300
1679775000847 0.0 301
