1679774847296 1.0 1
1679774847461 2.0 2
1679774848387 3.0 3
1679774848539 4.0 4
1679774849359 5.0 5
1679774849514 6.0 6
1679774850275 7.0 7
1679774850422 8.0 8
1679774851200 9.0 9
1679774851351 10.0 10
1679774852182 11.0 11
1679774852320 12.0 12
1679774853179 13.0 13
1679774853319 14.0 14
1679774854131 15.0 15
1679774854274 16.0 16
1679774855091 17.0 17
1679774855241 18.0 18
1679774856064 19.0 19
1679774856219 20.0 20
1679774857087 21.0 21
1679774857238 22.0 22
1679774858149 23.0 23
1679774858317 24.0 24
1679774859183 25.0 25
1679774859335 26.0 26
1679774860170 27.0 27
1679774860328 28.0 28
1679774861146 29.0 29
1679774861307 30.0 30
1679774862152 31.0 31
1679774862387 32.0 32
1679774863208 33.0 33
1679774863373 34.0 34
1679774864209 35.0 35
1679774864360 36.0 36
1679774865208 37.0 37
1679774865375 38.0 38
1679774866199 39.0 39
1679774866346 40.0 40
1679774867173 41.0 41
1679774867417 42.0 42
1679774868224 43.0 43
1679774868374 44.0 44
1679774869267 45.0 45
1679774869420 46.0 46
1679774870244 47.0 47
1679774870385 48.0 48
1679774871188 49.0 49
1679774871343 50.0 50
1679774872165 51.0 51
1679774872416 52.0 52
1679774873259 53.0 53
1679774873429 54.0 54
1679774874318 55.0 55
1679774874485 56.0 56
1679774875351 57.0 57
1679774875517 58.0 58
1679774876368 59.0 59
1679774876546 60.0 60
1679774877402 61.0 61
1679774877635 62.0 62
1679774878425 63.0 63
1679774878595 64.0 64
1679774879438 65.0 65
1679774879590 66.0 66
1679774880447 67.0 67
1679774880605 68.0 68
1679774881430 69.0 69
1679774881591 70.0 70
1679774882441 71.0 71
1679774882604 72.0 72
1679774883509 73.0 73
1679774883673 74.0 74
1679774884532 75.0 75
1679774884686 76.0 76
1679774885518 77.0 77
1679774885675 78.0 78
1679774886491 79.0 79
1679774886648 80.0 80
1679774887496 81.0 81
1679774887749 82.0 82
1679774888561 83.0 83
1679774888730 84.0 84
1679774889592 85.0 85
1679774889755 86.0 86
1679774890538 87.0 87
1679774890692 88.0 88
1679774891479 89.0 89
1679774891631 90.0 90
1679774892443 91.0 91
1679774892669 92.0 92
1679774893474 93.0 93
1679774893629 94.0 94
1679774894472 95.0 95
1679774894639 96.0 96
1679774895516 97.0 97
1679774895683 98.0 98
1679774896529 99.0 99
1679774896694 100.0 100
1679774897573 101.0 101
1679774897834 102.0 102
1679774898700 103.0 103
1679774898881 104.0 104
1679774899730 105.0 105
1679774899889 106.0 106
1679774900735 107.0 107
1679774900896 108.0 108
1679774901751 109.0 109
1679774901913 110.0 110
1679774902943 111.0 111
1679774903124 112.0 112
1679774904011 113.0 113
1679774904199 114.0 114
1679774905145 115.0 115
1679774905330 116.0 116
1679774906277 117.0 117
1679774906452 118.0 118
1679774907328 119.0 119
1679774907485 120.0 120
1679774908400 121.0 121
1679774908556 122.0 122
1679774909380 123.0 123
1679774909540 124.0 124
1679774910331 125.0 125
1679774910489 126.0 126
1679774911322 127.0 127
1679774911478 128.0 128
1679774912277 129.0 129
1679774912513 130.0 130
1679774913314 131.0 131
1679774913463 132.0 132
1679774914250 133.0 133
1679774914409 134.0 134
1679774915210 135.0 135
1679774915362 136.0 136
1679774916158 137.0 137
1679774916315 138.0 138
1679774917201 139.0 139
1679774917358 140.0 140
1679774918179 141.0 141
1679774918349 142.0 142
1679774919219 143.0 143
1679774919378 144.0 144
1679774920221 145.0 145
1679774920384 146.0 146
1679774921230 147.0 147
1679774921389 148.0 148
1679774922353 149.0 149
1679774922520 150.0 150
1679774923371 151.0 151
1679774923546 152.0 152
1679774924412 153.0 153
1679774924572 154.0 154
1679774925391 155.0 155
1679774925558 156.0 156
1679774926406 157.0 157
1679774926560 158.0 158
1679774927463 159.0 159
1679774927623 160.0 160
1679774928479 161.0 161
1679774928652 162.0 162
1679774929493 163.0 163
1679774929647 164.0 164
1679774930427 165.0 165
1679774930578 166.0 166
1679774931412 167.0 167
1679774931570 168.0 168
1679774932492 169.0 169
1679774932648 170.0 170
1679774933484 171.0 171
1679774933674 172.0 172
1679774934597 173.0 173
1679774934774 174.0 174
1679774935667 175.0 175
1679774935849 176.0 176
1679774936752 177.0 177
1679774936941 178.0 178
1679774937911 179.0 179
1679774938077 180.0 180
1679774938899 181.0 181
1679774939063 182.0 182
1679774939901 183.0 183
1679774940061 184.0 184
1679774940873 185.0 185
1679774941052 186.0 186
1679774941936 187.0 187
1679774942181 188.0 188
1679774943021 189.0 189
1679774943182 190.0 190
1679774944013 191.0 191
1679774944180 192.0 192
1679774945042 193.0 193
1679774945196 194.0 194
1679774946061 195.0 195
1679774946236 196.0 196
1679774947088 197.0 197
1679774947327 198.0 198
1679774948146 199.0 199
1679774948301 200.0 200
1679774949143 201.0 201
1679774949306 202.0 202
1679774950132 203.0 203
1679774950298 204.0 204
1679774951097 205.0 205
1679774951269 206.0 206
1679774952100 207.0 207
1679774952339 208.0 208
1679774953153 209.0 209
1679774953311 210.0 210
1679774954122 211.0 211
1679774954281 212.0 212
1679774955139 213.0 213
1679774955307 214.0 214
1679774956127 215.0 215
1679774956301 216.0 216
1679774957197 217.0 217
1679774957363 218.0 218
1679774958192 219.0 219
1679774958357 220.0 220
1679774959195 221.0 221
1679774959359 222.0 222
1679774960305 223.0 223
1679774960518 224.0 224
1679774961394 225.0 225
1679774961568 226.0 226
1679774962617 227.0 227
1679774962806 228.0 228
1679774963709 229.0 229
1679774963905 230.0 230
1679774964835 231.0 231
1679774965027 232.0 232
1679774965956 233.0 233
1679774966136 234.0 234
1679774967041 235.0 235
1679774967306 236.0 236
1679774968182 237.0 237
1679774968354 238.0 238
1679774969222 239.0 239
1679774969391 240.0 240
1679774970203 241.0 241
1679774970371 242.0 242
1679774971222 243.0 243
1679774971393 244.0 244
1679774972289 245.0 245
1679774972456 246.0 246
1679774973295 247.0 247
1679774973452 248.0 248
1679774974292 249.0 249
1679774974457 250.0 250
1679774975324 251.0 251
1679774975494 252.0 252
1679774976332 253.0 253
1679774976496 254.0 254
1679774977426 255.0 255
1679774977606 256.0 256
1679774978431 257.0 257
1679774978623 258.0 258
1679774979458 259.0 259
1679774979621 260.0 260
1679774980436 261.0 261
1679774980604 262.0 262
1679774981449 263.0 263
1679774981618 264.0 264
1679774982541 265.0 265
1679774982718 266.0 266
1679774983565 267.0 267
1679774983729 268.0 268
1679774984576 269.0 269
1679774984734 270.0 270
1679774985589 271.0 271
1679774985769 272.0 272
1679774986665 273.0 273
1679774986831 274.0 274
1679774987774 275.0 275
1679774987951 276.0 276
1679774988781 277.0 277
1679774988972 278.0 278
1679774989818 279.0 279
1679774989974 280.0 280
1679774990800 281.0 281
1679774990978 282.0 282
1679774991802 283.0 283
1679774992006 284.0 284
1679774992986 285.0 285
1679774993175 286.0 286
1679774994094 287.0 287
1679774994267 288.0 288
1679774995232 289.0 289
1679774995419 290.0 290
1679774996336 291.0 291
1679774996532 292.0 292
1679774997406 293.0 293
1679774997666 294.0 294
1679774998517 295.0 295
1679774998700 296.0 296
1679774999549 297.0 297
1679774999721 298.0 298
1679775000553 299.0 299
1679775000719 300.0 300
1679775000840 301.0 301
