1679774847308 0.00390625 1
1679774847473 0.00390625 2
1679774848397 0.00390625 3
1679774848549 0.00390625 4
1679774849369 0.00390625 5
1679774849524 0.00390625 6
1679774850285 0.00390625 7
1679774850431 0.00390625 8
1679774851210 0.00390625 9
1679774851361 0.00390625 10
1679774852192 0.00390625 11
1679774852329 0.00390625 12
1679774853188 0.00390625 13
1679774853331 0.00390625 14
1679774854141 0.00390625 15
1679774854283 0.00390625 16
1679774855103 0.00390625 17
1679774855251 0.00390625 18
1679774856074 0.00390625 19
1679774856230 0.00390625 20
1679774857097 0.00390625 21
1679774857249 0.00390625 22
1679774858161 0.00390625 23
1679774858328 0.00390625 24
1679774859193 0.00390625 25
1679774859345 0.00390625 26
1679774860182 0.00390625 27
1679774860338 0.00390625 28
1679774861163 0.00390625 29
1679774861317 0.00390625 30
1679774862162 0.00390625 31
1679774862396 0.00390625 32
1679774863218 0.00390625 33
1679774863388 0.00390625 34
1679774864220 0.00390625 35
1679774864371 0.00390625 36
1679774865219 0.00390625 37
1679774865385 0.00390625 38
1679774866209 0.00390625 39
1679774866355 0.00390625 40
1679774867183 0.00390625 41
1679774867427 0.00390625 42
1679774868233 0.00390625 43
1679774868384 0.00390625 44
1679774869276 0.00390625 45
1679774869431 0.00390625 46
1679774870253 0.00390625 47
1679774870395 0.00390625 48
1679774871199 0.00390625 49
1679774871353 0.00390625 50
1679774872179 0.00390625 51
1679774872426 0.00390625 52
1679774873269 0.00390625 53
1679774873442 0.00390625 54
1679774874329 0.00390625 55
1679774874495 0.00390625 56
1679774875362 0.00390625 57
1679774875529 0.00390625 58
1679774876379 0.00390625 59
1679774876557 0.00390625 60
1679774877411 0.00390625 61
1679774877645 0.00390625 62
1679774878434 0.00390625 63
1679774878606 0.00390625 64
1679774879448 0.00390625 65
1679774879599 0.00390625 66
1679774880458 0.00390625 67
1679774880615 0.00390625 68
1679774881443 0.00390625 69
1679774881601 0.00390625 70
1679774882452 0.00390625 71
1679774882613 0.00390625 72
1679774883520 0.00390625 73
1679774883685 0.00390625 74
1679774884542 0.00390625 75
1679774884695 0.00390625 76
1679774885528 0.00390625 77
1679774885686 0.00390625 78
1679774886500 0.00390625 79
1679774886657 0.00390625 80
1679774887506 0.00390625 81
1679774887759 0.00390625 82
1679774888572 0.00390625 83
1679774888741 0.00390625 84
1679774889602 0.00390625 85
1679774889765 0.00390625 86
1679774890549 0.00390625 87
1679774890702 0.00390625 88
1679774891489 0.00390625 89
1679774891641 0.00390625 90
1679774892453 0.00390625 91
1679774892679 0.00390625 92
1679774893483 0.00390625 93
1679774893639 0.00390625 94
1679774894482 0.00390625 95
1679774894650 0.00390625 96
1679774895527 0.00390625 97
1679774895694 0.00390625 98
1679774896540 0.00390625 99
1679774896706 0.00390625 100
1679774897583 0.00390625 101
1679774897845 0.00390625 102
1679774898710 0.00390625 103
1679774898893 0.00390625 104
1679774899740 0.00390625 105
1679774899899 0.00390625 106
1679774900745 0.00390625 107
1679774900906 0.00390625 108
1679774901761 0.00390625 109
1679774901923 0.00390625 110
1679774902954 0.00390625 111
1679774903134 0.00390625 112
1679774904024 0.00390625 113
1679774904227 0.00390625 114
1679774905158 0.00390625 115
1679774905342 0.00390625 116
1679774906286 0.00390625 117
1679774906464 0.00390625 118
1679774907339 0.00390625 119
1679774907495 0.00390625 120
1679774908411 0.00390625 121
1679774908565 0.00390625 122
1679774909390 0.00390625 123
1679774909551 0.00390625 124
1679774910340 0.00390625 125
1679774910498 0.00390625 126
1679774911332 0.00390625 127
1679774911488 0.00390625 128
1679774912288 0.00390625 129
1679774912524 0.00390625 130
1679774913324 0.00390625 131
1679774913473 0.00390625 132
1679774914260 0.00390625 133
1679774914420 0.00390625 134
1679774915219 0.00390625 135
1679774915372 0.00390625 136
1679774916167 0.00390625 137
1679774916324 0.00390625 138
1679774917211 0.00390625 139
1679774917366 0.00390625 140
1679774918191 0.00390625 141
1679774918360 0.00390625 142
1679774919230 0.00390625 143
1679774919387 0.00390625 144
1679774920231 0.00390625 145
1679774920395 0.00390625 146
1679774921240 0.00390625 147
1679774921401 0.00390625 148
1679774922362 0.00390625 149
1679774922529 0.00390625 150
1679774923382 0.00390625 151
1679774923556 0.00390625 152
1679774924423 0.00390625 153
1679774924582 0.00390625 154
1679774925399 0.00390625 155
1679774925574 0.00390625 156
1679774926416 0.00390625 157
1679774926571 0.00390625 158
1679774927474 0.00390625 159
1679774927632 0.00390625 160
1679774928489 0.00390625 161
1679774928664 0.00390625 162
1679774929503 0.00390625 163
1679774929657 0.00390625 164
1679774930437 0.00390625 165
1679774930588 0.00390625 166
1679774931422 0.00390625 167
1679774931580 0.00390625 168
1679774932502 0.00390625 169
1679774932658 0.00390625 170
1679774933497 0.00390625 171
1679774933687 0.00390625 172
1679774934607 0.00390625 173
1679774934785 0.00390625 174
1679774935679 0.00390625 175
1679774935862 0.00390625 176
1679774936766 0.00390625 177
1679774936951 0.00390625 178
1679774937921 0.00390625 179
1679774938087 0.00390625 180
1679774938910 0.00390625 181
1679774939073 0.00390625 182
1679774939912 0.00390625 183
1679774940071 0.00390625 184
1679774940885 0.00390625 185
1679774941062 0.00390625 186
1679774941946 0.00390625 187
1679774942190 0.00390625 188
1679774943031 0.00390625 189
1679774943193 0.00390625 190
1679774944023 0.00390625 191
1679774944190 0.00390625 192
1679774945052 0.00390625 193
1679774945206 0.00390625 194
1679774946072 0.00390625 195
1679774946246 0.00390625 196
1679774947097 0.00390625 197
1679774947338 0.00390625 198
1679774948156 0.00390625 199
1679774948312 0.00390625 200
1679774949153 0.00390625 201
1679774949316 0.00390625 202
1679774950145 0.00390625 203
1679774950309 0.00390625 204
1679774951107 0.00390625 205
1679774951286 0.00390625 206
1679774952110 0.00390625 207
1679774952350 0.00390625 208
1679774953163 0.00390625 209
1679774953321 0.00390625 210
1679774954133 0.00390625 211
1679774954292 0.00390625 212
1679774955150 0.00390625 213
1679774955317 0.00390625 214
1679774956139 0.00390625 215
1679774956313 0.00390625 216
1679774957208 0.00390625 217
1679774957371 0.00390625 218
1679774958202 0.00390625 219
1679774958366 0.00390625 220
1679774959205 0.00390625 221
1679774959368 0.00390625 222
1679774960318 0.00390625 223
1679774960529 0.00390625 224
1679774961404 0.00390625 225
1679774961580 0.00390625 226
1679774962629 0.00390625 227
1679774962817 0.00390625 228
1679774963719 0.00390625 229
1679774963916 0.00390625 230
1679774964845 0.00390625 231
1679774965042 0.00390625 232
1679774965967 0.00390625 233
1679774966147 0.00390625 234
1679774967052 0.00390625 235
1679774967316 0.00390625 236
1679774968193 0.00390625 237
1679774968364 0.00390625 238
1679774969232 0.00390625 239
1679774969401 0.00390625 240
1679774970213 0.00390625 241
1679774970382 0.00390625 242
1679774971236 0.00390625 243
1679774971404 0.00390625 244
1679774972298 0.00390625 245
1679774972465 0.00390625 246
1679774973305 0.00390625 247
1679774973462 0.00390625 248
1679774974302 0.00390625 249
1679774974467 0.00390625 250
1679774975333 0.00390625 251
1679774975504 0.00390625 252
1679774976343 0.00390625 253
1679774976505 0.00390625 254
1679774977437 0.00390625 255
1679774977617 0.00390625 256
1679774978448 0.00390625 257
1679774978634 0.00390625 258
1679774979467 0.00390625 259
1679774979630 0.00390625 260
1679774980445 0.00390625 261
1679774980614 0.00390625 262
1679774981461 0.00390625 263
1679774981629 0.00390625 264
1679774982551 0.00390625 265
1679774982727 0.00390625 266
1679774983574 0.00390625 267
1679774983739 0.00390625 268
1679774984587 0.00390625 269
1679774984745 0.00390625 270
1679774985598 0.00390625 271
1679774985782 0.00390625 272
1679774986677 0.00390625 273
1679774986841 0.00390625 274
1679774987784 0.00390625 275
1679774987965 0.00390625 276
1679774988791 0.00390625 277
1679774988982 0.00390625 278
1679774989827 0.00390625 279
1679774989983 0.00390625 280
1679774990809 0.00390625 281
1679774990988 0.00390625 282
1679774991813 0.00390625 283
1679774992020 0.00390625 284
1679774992996 0.00390625 285
1679774993185 0.00390625 286
1679774994104 0.00390625 287
1679774994278 0.00390625 288
1679774995247 0.00390625 289
1679774995429 0.00390625 290
1679774996348 0.00390625 291
1679774996544 0.00390625 292
1679774997418 0.00390625 293
1679774997675 0.00390625 294
1679774998527 0.00390625 295
1679774998709 0.00390625 296
1679774999560 0.00390625 297
1679774999731 0.00390625 298
1679775000562 0.00390625 299
1679775000729 0.00390625 300
1679775000849 0.00390625 301
