1677119522805 0.0 1
1677119523068 0.0 2
1677119525015 0.0 3
1677119525263 0.0 4
1677119527087 0.0 5
1677119527338 0.0 6
1677119529187 0.0 7
1677119529444 0.0 8
1677119531319 0.0 9
1677119531574 0.0 10
1677119533471 0.0 11
1677119533722 0.0 12
1677119535657 0.0 13
1677119535920 0.0 14
1677119537847 0.0 15
1677119538122 0.0 16
1677119539986 0.0 17
1677119540235 0.0 18
1677119542077 0.0 19
1677119542338 0.0 20
1677119544186 0.0 21
1677119544449 0.0 22
1677119546354 0.0 23
1677119546606 0.0 24
1677119548571 0.0 25
1677119548838 0.0 26
1677119550740 0.0 27
1677119550987 0.0 28
1677119552866 0.0 29
1677119553124 0.0 30
1677119555005 0.0 31
1677119555269 0.0 32
1677119557123 0.0 33
1677119557398 0.0 34
1677119559329 0.0 35
1677119559581 0.0 36
1677119561458 0.0 37
1677119561720 0.0 38
1677119563603 0.0 39
1677119563859 0.0 40
1677119565723 0.0 41
1677119565982 0.0 42
1677119567896 0.0 43
1677119568158 0.0 44
1677119570051 0.0 45
1677119570311 0.0 46
1677119572232 0.0 47
1677119572489 0.0 48
1677119574410 0.0 49
1677119574672 0.0 50
1677119576564 0.0 51
1677119576841 0.0 52
1677119578723 0.0 53
1677119578980 0.0 54
1677119580868 0.0 55
1677119581131 0.0 56
1677119583003 0.0 57
1677119583260 0.0 58
1677119585178 0.0 59
1677119585426 0.0 60
1677119587361 0.0 61
1677119587622 0.0 62
1677119589489 0.0 63
1677119589747 0.0 64
1677119591623 0.0 65
1677119591879 0.0 66
1677119593722 0.0 67
1677119593983 0.0 68
1677119595832 0.0 69
1677119596113 0.0 70
1677119598011 0.0 71
1677119598269 0.0 72
1677119600212 0.0 73
1677119600472 0.0 74
1677119602374 0.0 75
1677119602641 0.0 76
1677119604549 0.0 77
1677119604802 0.0 78
1677119606745 0.0 79
1677119607017 0.0 80
1677119608891 0.0 81
1677119609142 0.0 82
1677119611064 0.0 83
1677119611321 0.0 84
1677119613225 0.0 85
1677119613495 0.0 86
1677119615412 0.0 87
1677119615696 0.0 88
1677119617597 0.0 89
1677119617851 0.0 90
1677119619742 0.0 91
1677119620006 0.0 92
1677119621901 0.0 93
1677119622160 0.0 94
1677119624026 0.0 95
1677119624289 0.0 96
1677119626199 0.0 97
1677119626463 0.0 98
1677119628336 0.0 99
1677119628597 0.0 100
1677119630504 0.0 101
1677119630765 0.0 102
1677119632614 0.0 103
1677119632892 0.0 104
1677119634762 0.0 105
1677119635052 0.0 106
1677119636955 0.0 107
1677119637213 0.0 108
1677119639124 0.0 109
1677119639389 0.0 110
1677119641279 0.0 111
1677119641538 0.0 112
1677119643419 0.0 113
1677119643678 0.0 114
1677119645612 0.0 115
1677119645901 0.0 116
1677119647761 0.0 117
1677119648019 0.0 118
1677119649921 0.0 119
1677119650177 0.0 120
1677119652109 0.0 121
1677119652384 0.0 122
1677119654341 0.0 123
1677119654608 0.0 124
1677119656526 0.0 125
1677119656781 0.0 126
1677119658656 0.0 127
1677119658923 0.0 128
1677119660804 0.0 129
1677119661062 0.0 130
1677119662932 0.0 131
1677119663191 0.0 132
1677119665173 0.0 133
1677119665446 0.0 134
1677119667332 0.0 135
1677119667600 0.0 136
1677119669489 0.0 137
1677119669750 0.0 138
1677119671615 0.0 139
1677119671879 0.0 140
1677119673758 0.0 141
1677119674039 0.0 142
1677119675917 0.0 143
1677119676179 0.0 144
1677119678070 0.0 145
1677119678347 0.0 146
1677119680281 0.0 147
1677119680547 0.0 148
1677119682427 0.0 149
1677119682701 0.0 150
1677119684627 0.0 151
1677119684909 0.0 152
1677119686938 0.0 153
1677119687196 0.0 154
1677119689083 0.0 155
1677119689343 0.0 156
1677119691223 0.0 157
1677119691492 0.0 158
1677119693393 0.0 159
1677119693654 0.0 160
1677119695589 0.0 161
1677119695852 0.0 162
1677119697729 0.0 163
1677119698008 0.0 164
1677119699892 0.0 165
1677119700153 0.0 166
1677119702021 0.0 167
1677119702279 0.0 168
1677119704195 0.0 169
1677119704467 0.0 170
1677119706465 0.0 171
1677119706703 0.0 172
1677119708579 0.0 173
1677119708841 0.0 174
1677119710703 0.0 175
1677119710976 0.0 176
1677119712839 0.0 177
1677119713103 0.0 178
1677119715009 0.0 179
1677119715279 0.0 180
1677119717187 0.0 181
1677119717461 0.0 182
1677119719401 0.0 183
1677119719658 0.0 184
1677119721599 0.0 185
1677119721845 0.0 186
1677119723754 0.0 187
1677119724023 0.0 188
1677119725895 0.0 189
1677119726155 0.0 190
1677119728033 0.0 191
1677119728301 0.0 192
1677119730248 0.0 193
1677119730523 0.0 194
1677119732480 0.0 195
1677119732744 0.0 196
1677119734723 0.0 197
1677119734987 0.0 198
1677119736905 0.0 199
1677119737188 0.0 200
1677119739089 0.0 201
1677119739355 0.0 202
1677119741238 0.0 203
1677119741499 0.0 204
1677119743391 0.0 205
1677119743666 0.0 206
1677119745645 0.0 207
1677119745916 0.0 208
1677119747842 0.0 209
1677119748103 0.0 210
1677119750013 0.0 211
1677119750282 0.0 212
1677119752142 0.0 213
1677119752407 0.0 214
1677119754325 0.0 215
1677119754589 0.0 216
1677119756497 0.0 217
1677119756769 0.0 218
1677119758656 0.0 219
1677119758919 0.0 220
1677119760839 0.0 221
1677119761107 0.0 222
1677119763046 0.0 223
1677119763321 0.0 224
1677119765200 0.0 225
1677119765465 0.0 226
1677119767328 0.0 227
1677119767599 0.0 228
1677119769488 0.0 229
1677119769757 0.0 230
1677119771666 0.0 231
1677119771933 0.0 232
1677119773855 0.0 233
1677119774119 0.0 234
1677119776041 0.0 235
1677119776316 0.0 236
1677119778180 0.0 237
1677119778447 0.0 238
1677119780317 0.0 239
1677119780581 0.0 240
1677119782474 0.0 241
1677119782745 0.0 242
1677119784663 0.0 243
1677119784926 0.0 244
1677119786884 0.0 245
1677119787146 0.0 246
1677119789031 0.0 247
1677119789307 0.0 248
1677119791179 0.0 249
1677119791444 0.0 250
1677119793366 0.0 251
1677119793631 0.0 252
1677119795509 0.0 253
1677119795785 0.0 254
1677119797685 0.0 255
1677119797950 0.0 256
1677119799856 0.0 257
1677119800124 0.0 258
1677119802045 0.0 259
1677119802342 0.0 260
1677119804208 0.0 261
1677119804476 0.0 262
1677119806322 0.0 263
1677119806583 0.0 264
1677119808456 0.0 265
1677119808731 0.0 266
1677119810642 0.0 267
1677119810913 0.0 268
1677119812863 0.0 269
1677119813129 0.0 270
1677119815039 0.0 271
1677119815313 0.0 272
1677119817198 0.0 273
1677119817465 0.0 274
1677119819350 0.0 275
1677119819612 0.0 276
1677119821485 0.0 277
1677119821789 0.0 278
1677119823697 0.0 279
1677119823965 0.0 280
1677119825908 0.0 281
1677119826171 0.0 282
1677119828089 0.0 283
1677119828362 0.0 284
1677119830264 0.0 285
1677119830530 0.0 286
1677119832437 0.0 287
1677119832695 0.0 288
1677119834579 0.0 289
1677119834860 0.0 290
1677119836765 0.0 291
1677119837029 0.0 292
1677119838933 0.0 293
1677119839201 0.0 294
1677119841121 0.0 295
1677119841418 0.0 296
1677119843281 0.0 297
1677119843549 0.0 298
1677119845441 0.0 299
1677119845706 0.0 300
1677119845974 0.0 301
