1677119522823 1.0 1
1677119523079 2.0 2
1677119525024 3.0 3
1677119525272 4.0 4
1677119527097 5.0 5
1677119527347 6.0 6
1677119529197 7.0 7
1677119529453 8.0 8
1677119531329 9.0 9
1677119531583 10.0 10
1677119533479 11.0 11
1677119533730 12.0 12
1677119535666 13.0 13
1677119535929 14.0 14
1677119537856 15.0 15
1677119538131 16.0 16
1677119539996 17.0 17
1677119540247 18.0 18
1677119542087 19.0 19
1677119542348 20.0 20
1677119544197 21.0 21
1677119544458 22.0 22
1677119546364 23.0 23
1677119546616 24.0 24
1677119548581 25.0 25
1677119548848 26.0 26
1677119550749 27.0 27
1677119550996 28.0 28
1677119552882 29.0 29
1677119553134 30.0 30
1677119555015 31.0 31
1677119555280 32.0 32
1677119557133 33.0 33
1677119557416 34.0 34
1677119559338 35.0 35
1677119559591 36.0 36
1677119561468 37.0 37
1677119561730 38.0 38
1677119563612 39.0 39
1677119563868 40.0 40
1677119565732 41.0 41
1677119565992 42.0 42
1677119567906 43.0 43
1677119568168 44.0 44
1677119570062 45.0 45
1677119570320 46.0 46
1677119572243 47.0 47
1677119572499 48.0 48
1677119574419 49.0 49
1677119574682 50.0 50
1677119576573 51.0 51
1677119576850 52.0 52
1677119578733 53.0 53
1677119578991 54.0 54
1677119580878 55.0 55
1677119581141 56.0 56
1677119583014 57.0 57
1677119583269 58.0 58
1677119585186 59.0 59
1677119585435 60.0 60
1677119587371 61.0 61
1677119587631 62.0 62
1677119589499 63.0 63
1677119589756 64.0 64
1677119591632 65.0 65
1677119591888 66.0 66
1677119593732 67.0 67
1677119593993 68.0 68
1677119595842 69.0 69
1677119596122 70.0 70
1677119598020 71.0 71
1677119598278 72.0 72
1677119600221 73.0 73
1677119600482 74.0 74
1677119602384 75.0 75
1677119602651 76.0 76
1677119604558 77.0 77
1677119604811 78.0 78
1677119606755 79.0 79
1677119607028 80.0 80
1677119608900 81.0 81
1677119609152 82.0 82
1677119611074 83.0 83
1677119611331 84.0 84
1677119613234 85.0 85
1677119613505 86.0 86
1677119615424 87.0 87
1677119615706 88.0 88
1677119617606 89.0 89
1677119617862 90.0 90
1677119619752 91.0 91
1677119620016 92.0 92
1677119621911 93.0 93
1677119622171 94.0 94
1677119624036 95.0 95
1677119624299 96.0 96
1677119626209 97.0 97
1677119626472 98.0 98
1677119628346 99.0 99
1677119628607 100.0 100
1677119630514 101.0 101
1677119630776 102.0 102
1677119632630 103.0 103
1677119632903 104.0 104
1677119634772 105.0 105
1677119635063 106.0 106
1677119636964 107.0 107
1677119637223 108.0 108
1677119639133 109.0 109
1677119639398 110.0 110
1677119641289 111.0 111
1677119641549 112.0 112
1677119643429 113.0 113
1677119643687 114.0 114
1677119645623 115.0 115
1677119645910 116.0 116
1677119647769 117.0 117
1677119648029 118.0 118
1677119649930 119.0 119
1677119650187 120.0 120
1677119652119 121.0 121
1677119652393 122.0 122
1677119654354 123.0 123
1677119654618 124.0 124
1677119656535 125.0 125
1677119656791 126.0 126
1677119658666 127.0 127
1677119658933 128.0 128
1677119660813 129.0 129
1677119661072 130.0 130
1677119662943 131.0 131
1677119663201 132.0 132
1677119665182 133.0 133
1677119665456 134.0 134
1677119667341 135.0 135
1677119667609 136.0 136
1677119669499 137.0 137
1677119669761 138.0 138
1677119671625 139.0 139
1677119671889 140.0 140
1677119673768 141.0 141
1677119674048 142.0 142
1677119675927 143.0 143
1677119676189 144.0 144
1677119678080 145.0 145
1677119678358 146.0 146
1677119680291 147.0 147
1677119680557 148.0 148
1677119682439 149.0 149
1677119682711 150.0 150
1677119684637 151.0 151
1677119684919 152.0 152
1677119686947 153.0 153
1677119687205 154.0 154
1677119689093 155.0 155
1677119689353 156.0 156
1677119691232 157.0 157
1677119691502 158.0 158
1677119693403 159.0 159
1677119693663 160.0 160
1677119695599 161.0 161
1677119695862 162.0 162
1677119697739 163.0 163
1677119698018 164.0 164
1677119699902 165.0 165
1677119700162 166.0 166
1677119702031 167.0 167
1677119702288 168.0 168
1677119704204 169.0 169
1677119704476 170.0 170
1677119706475 171.0 171
1677119706712 172.0 172
1677119708588 173.0 173
1677119708849 174.0 174
1677119710713 175.0 175
1677119710985 176.0 176
1677119712848 177.0 177
1677119713112 178.0 178
1677119715018 179.0 179
1677119715289 180.0 180
1677119717197 181.0 181
1677119717473 182.0 182
1677119719410 183.0 183
1677119719668 184.0 184
1677119721608 185.0 185
1677119721855 186.0 186
1677119723764 187.0 187
1677119724031 188.0 188
1677119725905 189.0 189
1677119726165 190.0 190
1677119728044 191.0 191
1677119728311 192.0 192
1677119730259 193.0 193
1677119730532 194.0 194
1677119732490 195.0 195
1677119732755 196.0 196
1677119734733 197.0 197
1677119734997 198.0 198
1677119736915 199.0 199
1677119737198 200.0 200
1677119739098 201.0 201
1677119739364 202.0 202
1677119741248 203.0 203
1677119741509 204.0 204
1677119743400 205.0 205
1677119743676 206.0 206
1677119745654 207.0 207
1677119745926 208.0 208
1677119747852 209.0 209
1677119748113 210.0 210
1677119750023 211.0 211
1677119750293 212.0 212
1677119752150 213.0 213
1677119752417 214.0 214
1677119754334 215.0 215
1677119754599 216.0 216
1677119756507 217.0 217
1677119756778 218.0 218
1677119758666 219.0 219
1677119758928 220.0 220
1677119760849 221.0 221
1677119761117 222.0 222
1677119763055 223.0 223
1677119763330 224.0 224
1677119765209 225.0 225
1677119765475 226.0 226
1677119767339 227.0 227
1677119767609 228.0 228
1677119769497 229.0 229
1677119769766 230.0 230
1677119771676 231.0 231
1677119771943 232.0 232
1677119773865 233.0 233
1677119774129 234.0 234
1677119776051 235.0 235
1677119776326 236.0 236
1677119778190 237.0 237
1677119778459 238.0 238
1677119780326 239.0 239
1677119780591 240.0 240
1677119782483 241.0 241
1677119782755 242.0 242
1677119784672 243.0 243
1677119784936 244.0 244
1677119786894 245.0 245
1677119787155 246.0 246
1677119789042 247.0 247
1677119789316 248.0 248
1677119791189 249.0 249
1677119791453 250.0 250
1677119793377 251.0 251
1677119793640 252.0 252
1677119795520 253.0 253
1677119795794 254.0 254
1677119797695 255.0 255
1677119797959 256.0 256
1677119799865 257.0 257
1677119800133 258.0 258
1677119802055 259.0 259
1677119802351 260.0 260
1677119804218 261.0 261
1677119804485 262.0 262
1677119806331 263.0 263
1677119806592 264.0 264
1677119808467 265.0 265
1677119808740 266.0 266
1677119810652 267.0 267
1677119810923 268.0 268
1677119812872 269.0 269
1677119813140 270.0 270
1677119815049 271.0 271
1677119815323 272.0 272
1677119817207 273.0 273
1677119817474 274.0 274
1677119819360 275.0 275
1677119819622 276.0 276
1677119821495 277.0 277
1677119821799 278.0 278
1677119823707 279.0 279
1677119823975 280.0 280
1677119825917 281.0 281
1677119826179 282.0 282
1677119828099 283.0 283
1677119828372 284.0 284
1677119830273 285.0 285
1677119830539 286.0 286
1677119832446 287.0 287
1677119832705 288.0 288
1677119834590 289.0 289
1677119834870 290.0 290
1677119836774 291.0 291
1677119837039 292.0 292
1677119838943 293.0 293
1677119839210 294.0 294
1677119841130 295.0 295
1677119841429 296.0 296
1677119843291 297.0 297
1677119843559 298.0 298
1677119845449 299.0 299
1677119845716 300.0 300
1677119845984 301.0 301
