1677119522817 23428.0 1
1677119523074 23428.0 2
1677119525020 23428.0 3
1677119525268 23428.0 4
1677119527093 23428.0 5
1677119527343 23428.0 6
1677119529192 23428.0 7
1677119529449 23428.0 8
1677119531325 23428.0 9
1677119531579 23428.0 10
1677119533476 23428.0 11
1677119533727 23428.0 12
1677119535661 23428.0 13
1677119535926 23428.0 14
1677119537852 23428.0 15
1677119538127 23428.0 16
1677119539991 23428.0 17
1677119540243 23428.0 18
1677119542083 23428.0 19
1677119542344 23428.0 20
1677119544192 23428.0 21
1677119544454 23428.0 22
1677119546360 23428.0 23
1677119546612 23428.0 24
1677119548576 23428.0 25
1677119548844 23428.0 26
1677119550746 23428.0 27
1677119550993 23428.0 28
1677119552871 23428.0 29
1677119553130 23428.0 30
1677119555011 23428.0 31
1677119555275 23428.0 32
1677119557129 23428.0 33
1677119557412 23428.0 34
1677119559334 23428.0 35
1677119559587 23428.0 36
1677119561463 23428.0 37
1677119561726 23428.0 38
1677119563608 23428.0 39
1677119563865 23428.0 40
1677119565728 23428.0 41
1677119565987 23428.0 42
1677119567901 23428.0 43
1677119568164 23428.0 44
1677119570057 23428.0 45
1677119570316 23428.0 46
1677119572239 23428.0 47
1677119572495 23428.0 48
1677119574415 23428.0 49
1677119574678 23428.0 50
1677119576569 23428.0 51
1677119576847 23428.0 52
1677119578728 23428.0 53
1677119578987 23428.0 54
1677119580874 23428.0 55
1677119581136 23428.0 56
1677119583011 23428.0 57
1677119583266 23428.0 58
1677119585182 23428.0 59
1677119585430 23428.0 60
1677119587367 23428.0 61
1677119587627 23428.0 62
1677119589495 23428.0 63
1677119589752 23428.0 64
1677119591627 23428.0 65
1677119591885 23428.0 66
1677119593727 23428.0 67
1677119593988 23428.0 68
1677119595838 23428.0 69
1677119596118 23428.0 70
1677119598016 23428.0 71
1677119598274 23428.0 72
1677119600217 23428.0 73
1677119600478 23428.0 74
1677119602379 23428.0 75
1677119602646 23428.0 76
1677119604554 23428.0 77
1677119604807 23428.0 78
1677119606751 23428.0 79
1677119607024 23428.0 80
1677119608896 23428.0 81
1677119609148 23428.0 82
1677119611069 23428.0 83
1677119611327 23428.0 84
1677119613231 23428.0 85
1677119613501 23428.0 86
1677119615418 23428.0 87
1677119615701 23428.0 88
1677119617602 23428.0 89
1677119617857 23428.0 90
1677119619747 23428.0 91
1677119620011 23428.0 92
1677119621906 23428.0 93
1677119622167 23428.0 94
1677119624032 23428.0 95
1677119624295 23428.0 96
1677119626205 23428.0 97
1677119626469 23428.0 98
1677119628342 23428.0 99
1677119628603 23428.0 100
1677119630510 23428.0 101
1677119630772 23428.0 102
1677119632626 23428.0 103
1677119632898 23428.0 104
1677119634768 23428.0 105
1677119635058 23428.0 106
1677119636961 23428.0 107
1677119637218 23428.0 108
1677119639129 23428.0 109
1677119639394 23428.0 110
1677119641285 23428.0 111
1677119641545 23428.0 112
1677119643425 23428.0 113
1677119643683 23428.0 114
1677119645618 23428.0 115
1677119645906 23428.0 116
1677119647766 23428.0 117
1677119648025 23428.0 118
1677119649927 23428.0 119
1677119650183 23428.0 120
1677119652115 23428.0 121
1677119652390 23428.0 122
1677119654349 23428.0 123
1677119654614 23428.0 124
1677119656531 23428.0 125
1677119656788 23428.0 126
1677119658660 23428.0 127
1677119658929 23428.0 128
1677119660809 23428.0 129
1677119661068 23428.0 130
1677119662938 23428.0 131
1677119663197 23428.0 132
1677119665178 23428.0 133
1677119665452 23428.0 134
1677119667337 23428.0 135
1677119667605 23428.0 136
1677119669495 23428.0 137
1677119669757 23428.0 138
1677119671620 23428.0 139
1677119671885 23428.0 140
1677119673764 23428.0 141
1677119674044 23428.0 142
1677119675922 23428.0 143
1677119676184 23428.0 144
1677119678076 23428.0 145
1677119678353 23428.0 146
1677119680286 23428.0 147
1677119680553 23428.0 148
1677119682433 23428.0 149
1677119682707 23428.0 150
1677119684633 23428.0 151
1677119684915 23428.0 152
1677119686943 23428.0 153
1677119687201 23428.0 154
1677119689088 23428.0 155
1677119689349 23428.0 156
1677119691228 23428.0 157
1677119691498 23428.0 158
1677119693399 23428.0 159
1677119693659 23428.0 160
1677119695595 23428.0 161
1677119695858 23428.0 162
1677119697735 23428.0 163
1677119698014 23428.0 164
1677119699898 23428.0 165
1677119700159 23428.0 166
1677119702026 23428.0 167
1677119702285 23428.0 168
1677119704200 23428.0 169
1677119704472 23428.0 170
1677119706471 23428.0 171
1677119706709 23428.0 172
1677119708584 23428.0 173
1677119708846 23428.0 174
1677119710709 23428.0 175
1677119710981 23428.0 176
1677119712844 23428.0 177
1677119713108 23428.0 178
1677119715014 23428.0 179
1677119715285 23428.0 180
1677119717193 23428.0 181
1677119717467 23428.0 182
1677119719406 23428.0 183
1677119719664 23428.0 184
1677119721604 23428.0 185
1677119721851 23428.0 186
1677119723759 23428.0 187
1677119724028 23428.0 188
1677119725901 23428.0 189
1677119726161 23428.0 190
1677119728039 23428.0 191
1677119728307 23428.0 192
1677119730255 23428.0 193
1677119730528 23428.0 194
1677119732486 23428.0 195
1677119732750 23428.0 196
1677119734729 23428.0 197
1677119734993 23428.0 198
1677119736911 23428.0 199
1677119737194 23428.0 200
1677119739093 23428.0 201
1677119739361 23428.0 202
1677119741244 23428.0 203
1677119741505 23428.0 204
1677119743396 23428.0 205
1677119743672 23428.0 206
1677119745651 23428.0 207
1677119745922 23428.0 208
1677119747848 23428.0 209
1677119748109 23428.0 210
1677119750018 23428.0 211
1677119750288 23428.0 212
1677119752147 23428.0 213
1677119752413 23428.0 214
1677119754330 23428.0 215
1677119754594 23428.0 216
1677119756502 23428.0 217
1677119756775 23428.0 218
1677119758662 23428.0 219
1677119758925 23428.0 220
1677119760844 23428.0 221
1677119761113 23428.0 222
1677119763051 23428.0 223
1677119763327 23428.0 224
1677119765206 23428.0 225
1677119765471 23428.0 226
1677119767334 23428.0 227
1677119767605 23428.0 228
1677119769494 23428.0 229
1677119769762 23428.0 230
1677119771672 23428.0 231
1677119771938 23428.0 232
1677119773861 23428.0 233
1677119774124 23428.0 234
1677119776046 23428.0 235
1677119776322 23428.0 236
1677119778186 23428.0 237
1677119778454 23428.0 238
1677119780322 23428.0 239
1677119780587 23428.0 240
1677119782479 23428.0 241
1677119782751 23428.0 242
1677119784668 23428.0 243
1677119784932 23428.0 244
1677119786889 23428.0 245
1677119787151 23428.0 246
1677119789037 23428.0 247
1677119789312 23428.0 248
1677119791185 23428.0 249
1677119791449 23428.0 250
1677119793373 23428.0 251
1677119793636 23428.0 252
1677119795515 23428.0 253
1677119795791 23428.0 254
1677119797691 23428.0 255
1677119797955 23428.0 256
1677119799861 23428.0 257
1677119800129 23428.0 258
1677119802050 23428.0 259
1677119802347 23428.0 260
1677119804214 23428.0 261
1677119804481 23428.0 262
1677119806328 23428.0 263
1677119806588 23428.0 264
1677119808462 23428.0 265
1677119808736 23428.0 266
1677119810648 23428.0 267
1677119810919 23428.0 268
1677119812868 23428.0 269
1677119813136 23428.0 270
1677119815046 23428.0 271
1677119815319 23428.0 272
1677119817203 23428.0 273
1677119817471 23428.0 274
1677119819356 23428.0 275
1677119819618 23428.0 276
1677119821491 23428.0 277
1677119821795 23428.0 278
1677119823703 23428.0 279
1677119823972 23428.0 280
1677119825913 23428.0 281
1677119826176 23428.0 282
1677119828095 23428.0 283
1677119828368 23428.0 284
1677119830269 23428.0 285
1677119830536 23428.0 286
1677119832442 23428.0 287
1677119832700 23428.0 288
1677119834585 23428.0 289
1677119834865 23428.0 290
1677119836770 23428.0 291
1677119837035 23428.0 292
1677119838939 23428.0 293
1677119839206 23428.0 294
1677119841127 23428.0 295
1677119841425 23428.0 296
1677119843287 23428.0 297
1677119843555 23428.0 298
1677119845445 23428.0 299
1677119845712 23428.0 300
1677119845980 23428.0 301
