1677119522825 0.0029299259185791016 1
1677119523080 0.0029299259185791016 2
1677119525026 0.0029299259185791016 3
1677119525273 0.0029299259185791016 4
1677119527098 0.0029299259185791016 5
1677119527348 0.0029299259185791016 6
1677119529198 0.0029299259185791016 7
1677119529455 0.0029299259185791016 8
1677119531330 0.0029299259185791016 9
1677119531585 0.0029299259185791016 10
1677119533481 0.0029299259185791016 11
1677119533732 0.0029299259185791016 12
1677119535668 0.0029299259185791016 13
1677119535932 0.0029299259185791016 14
1677119537857 0.0029299259185791016 15
1677119538133 0.0029299259185791016 16
1677119539997 0.0029299259185791016 17
1677119540247 0.0029299259185791016 18
1677119542088 0.0029299259185791016 19
1677119542349 0.0029299259185791016 20
1677119544198 0.0029299259185791016 21
1677119544460 0.0029299259185791016 22
1677119546365 0.0029299259185791016 23
1677119546617 0.0029299259185791016 24
1677119548581 0.0029299259185791016 25
1677119548849 0.0029299259185791016 26
1677119550751 0.0029299259185791016 27
1677119550998 0.0029299259185791016 28
1677119552884 0.0029299259185791016 29
1677119553136 0.0029299259185791016 30
1677119555016 0.0029299259185791016 31
1677119555281 0.0029299259185791016 32
1677119557134 0.0029299259185791016 33
1677119557418 0.0029299259185791016 34
1677119559339 0.0029299259185791016 35
1677119559593 0.0029299259185791016 36
1677119561469 0.0029299259185791016 37
1677119561731 0.0029299259185791016 38
1677119563614 0.0029299259185791016 39
1677119563870 0.0029299259185791016 40
1677119565733 0.0029299259185791016 41
1677119565992 0.0029299259185791016 42
1677119567907 0.0029299259185791016 43
1677119568169 0.0029299259185791016 44
1677119570063 0.0029299259185791016 45
1677119570322 0.0029299259185791016 46
1677119572244 0.0029299259185791016 47
1677119572501 0.0029299259185791016 48
1677119574421 0.0029299259185791016 49
1677119574683 0.0029299259185791016 50
1677119576574 0.0029299259185791016 51
1677119576851 0.0029299259185791016 52
1677119578734 0.0029299259185791016 53
1677119578993 0.0029299259185791016 54
1677119580880 0.0029299259185791016 55
1677119581142 0.0029299259185791016 56
1677119583015 0.0029299259185791016 57
1677119583272 0.0029299259185791016 58
1677119585188 0.0029299259185791016 59
1677119585436 0.0029299259185791016 60
1677119587373 0.0029299259185791016 61
1677119587632 0.0029299259185791016 62
1677119589499 0.0029299259185791016 63
1677119589758 0.0029299259185791016 64
1677119591633 0.0029299259185791016 65
1677119591890 0.0029299259185791016 66
1677119593733 0.0029299259185791016 67
1677119593994 0.0029299259185791016 68
1677119595843 0.0029299259185791016 69
1677119596123 0.0029299259185791016 70
1677119598021 0.0029299259185791016 71
1677119598279 0.0029299259185791016 72
1677119600222 0.0029299259185791016 73
1677119600484 0.0029299259185791016 74
1677119602385 0.0029299259185791016 75
1677119602653 0.0029299259185791016 76
1677119604559 0.0029299259185791016 77
1677119604813 0.0029299259185791016 78
1677119606756 0.0029299259185791016 79
1677119607030 0.0029299259185791016 80
1677119608902 0.0029299259185791016 81
1677119609153 0.0029299259185791016 82
1677119611075 0.0029299259185791016 83
1677119611332 0.0029299259185791016 84
1677119613235 0.0029299259185791016 85
1677119613506 0.0029299259185791016 86
1677119615425 0.0029299259185791016 87
1677119615707 0.0029299259185791016 88
1677119617608 0.0029299259185791016 89
1677119617862 0.0029299259185791016 90
1677119619752 0.0029299259185791016 91
1677119620016 0.0029299259185791016 92
1677119621912 0.0029299259185791016 93
1677119622172 0.0029299259185791016 94
1677119624037 0.0029299259185791016 95
1677119624300 0.0029299259185791016 96
1677119626210 0.0029299259185791016 97
1677119626474 0.0029299259185791016 98
1677119628347 0.0029299259185791016 99
1677119628608 0.0029299259185791016 100
1677119630515 0.0029299259185791016 101
1677119630777 0.0029299259185791016 102
1677119632631 0.0029299259185791016 103
1677119632903 0.0029299259185791016 104
1677119634773 0.0029299259185791016 105
1677119635064 0.0029299259185791016 106
1677119636966 0.0029299259185791016 107
1677119637224 0.0029299259185791016 108
1677119639134 0.0029299259185791016 109
1677119639399 0.0029299259185791016 110
1677119641291 0.0029299259185791016 111
1677119641551 0.0029299259185791016 112
1677119643431 0.0029299259185791016 113
1677119643688 0.0029299259185791016 114
1677119645625 0.0029299259185791016 115
1677119645911 0.0029299259185791016 116
1677119647771 0.0029299259185791016 117
1677119648031 0.0029299259185791016 118
1677119649932 0.0029299259185791016 119
1677119650188 0.0029299259185791016 120
1677119652120 0.0029299259185791016 121
1677119652394 0.0029299259185791016 122
1677119654356 0.0029299259185791016 123
1677119654619 0.0029299259185791016 124
1677119656537 0.0029299259185791016 125
1677119656793 0.0029299259185791016 126
1677119658667 0.0029299259185791016 127
1677119658935 0.0029299259185791016 128
1677119660814 0.0029299259185791016 129
1677119661074 0.0029299259185791016 130
1677119662943 0.0029299259185791016 131
1677119663202 0.0029299259185791016 132
1677119665184 0.0029299259185791016 133
1677119665457 0.0029299259185791016 134
1677119667342 0.0029299259185791016 135
1677119667610 0.0029299259185791016 136
1677119669501 0.0029299259185791016 137
1677119669763 0.0029299259185791016 138
1677119671626 0.0029299259185791016 139
1677119671890 0.0029299259185791016 140
1677119673769 0.0029299259185791016 141
1677119674050 0.0029299259185791016 142
1677119675928 0.0029299259185791016 143
1677119676191 0.0029299259185791016 144
1677119678082 0.0029299259185791016 145
1677119678359 0.0029299259185791016 146
1677119680292 0.0029299259185791016 147
1677119680559 0.0029299259185791016 148
1677119682439 0.0029299259185791016 149
1677119682712 0.0029299259185791016 150
1677119684638 0.0029299259185791016 151
1677119684920 0.0029299259185791016 152
1677119686948 0.0029299259185791016 153
1677119687206 0.0029299259185791016 154
1677119689094 0.0029299259185791016 155
1677119689354 0.0029299259185791016 156
1677119691234 0.0029299259185791016 157
1677119691503 0.0029299259185791016 158
1677119693404 0.0029299259185791016 159
1677119693664 0.0029299259185791016 160
1677119695600 0.0029299259185791016 161
1677119695863 0.0029299259185791016 162
1677119697740 0.0029299259185791016 163
1677119698020 0.0029299259185791016 164
1677119699903 0.0029299259185791016 165
1677119700164 0.0029299259185791016 166
1677119702032 0.0029299259185791016 167
1677119702289 0.0029299259185791016 168
1677119704205 0.0029299259185791016 169
1677119704478 0.0029299259185791016 170
1677119706476 0.0029299259185791016 171
1677119706714 0.0029299259185791016 172
1677119708589 0.0029299259185791016 173
1677119708851 0.0029299259185791016 174
1677119710714 0.0029299259185791016 175
1677119710986 0.0029299259185791016 176
1677119712850 0.0029299259185791016 177
1677119713114 0.0029299259185791016 178
1677119715019 0.0029299259185791016 179
1677119715290 0.0029299259185791016 180
1677119717198 0.0029299259185791016 181
1677119717474 0.0029299259185791016 182
1677119719411 0.0029299259185791016 183
1677119719669 0.0029299259185791016 184
1677119721610 0.0029299259185791016 185
1677119721856 0.0029299259185791016 186
1677119723765 0.0029299259185791016 187
1677119724033 0.0029299259185791016 188
1677119725906 0.0029299259185791016 189
1677119726166 0.0029299259185791016 190
1677119728045 0.0029299259185791016 191
1677119728313 0.0029299259185791016 192
1677119730260 0.0029299259185791016 193
1677119730533 0.0029299259185791016 194
1677119732491 0.0029299259185791016 195
1677119732756 0.0029299259185791016 196
1677119734735 0.0029299259185791016 197
1677119734998 0.0029299259185791016 198
1677119736916 0.0029299259185791016 199
1677119737199 0.0029299259185791016 200
1677119739099 0.0029299259185791016 201
1677119739366 0.0029299259185791016 202
1677119741249 0.0029299259185791016 203
1677119741510 0.0029299259185791016 204
1677119743402 0.0029299259185791016 205
1677119743677 0.0029299259185791016 206
1677119745656 0.0029299259185791016 207
1677119745927 0.0029299259185791016 208
1677119747853 0.0029299259185791016 209
1677119748114 0.0029299259185791016 210
1677119750024 0.0029299259185791016 211
1677119750294 0.0029299259185791016 212
1677119752152 0.0029299259185791016 213
1677119752419 0.0029299259185791016 214
1677119754335 0.0029299259185791016 215
1677119754601 0.0029299259185791016 216
1677119756508 0.0029299259185791016 217
1677119756779 0.0029299259185791016 218
1677119758667 0.0029299259185791016 219
1677119758930 0.0029299259185791016 220
1677119760851 0.0029299259185791016 221
1677119761118 0.0029299259185791016 222
1677119763057 0.0029299259185791016 223
1677119763331 0.0029299259185791016 224
1677119765211 0.0029299259185791016 225
1677119765476 0.0029299259185791016 226
1677119767341 0.0029299259185791016 227
1677119767609 0.0029299259185791016 228
1677119769498 0.0029299259185791016 229
1677119769768 0.0029299259185791016 230
1677119771677 0.0029299259185791016 231
1677119771944 0.0029299259185791016 232
1677119773866 0.0029299259185791016 233
1677119774130 0.0029299259185791016 234
1677119776053 0.0029299259185791016 235
1677119776327 0.0029299259185791016 236
1677119778191 0.0029299259185791016 237
1677119778459 0.0029299259185791016 238
1677119780328 0.0029299259185791016 239
1677119780592 0.0029299259185791016 240
1677119782485 0.0029299259185791016 241
1677119782757 0.0029299259185791016 242
1677119784673 0.0029299259185791016 243
1677119784937 0.0029299259185791016 244
1677119786895 0.0029299259185791016 245
1677119787157 0.0029299259185791016 246
1677119789043 0.0029299259185791016 247
1677119789318 0.0029299259185791016 248
1677119791190 0.0029299259185791016 249
1677119791454 0.0029299259185791016 250
1677119793378 0.0029299259185791016 251
1677119793642 0.0029299259185791016 252
1677119795522 0.0029299259185791016 253
1677119795796 0.0029299259185791016 254
1677119797696 0.0029299259185791016 255
1677119797961 0.0029299259185791016 256
1677119799867 0.0029299259185791016 257
1677119800135 0.0029299259185791016 258
1677119802056 0.0029299259185791016 259
1677119802352 0.0029299259185791016 260
1677119804219 0.0029299259185791016 261
1677119804487 0.0029299259185791016 262
1677119806333 0.0029299259185791016 263
1677119806593 0.0029299259185791016 264
1677119808470 0.0029299259185791016 265
1677119808742 0.0029299259185791016 266
1677119810653 0.0029299259185791016 267
1677119810924 0.0029299259185791016 268
1677119812874 0.0029299259185791016 269
1677119813141 0.0029299259185791016 270
1677119815050 0.0029299259185791016 271
1677119815324 0.0029299259185791016 272
1677119817209 0.0029299259185791016 273
1677119817476 0.0029299259185791016 274
1677119819361 0.0029299259185791016 275
1677119819624 0.0029299259185791016 276
1677119821496 0.0029299259185791016 277
1677119821800 0.0029299259185791016 278
1677119823708 0.0029299259185791016 279
1677119823977 0.0029299259185791016 280
1677119825918 0.0029299259185791016 281
1677119826181 0.0029299259185791016 282
1677119828100 0.0029299259185791016 283
1677119828373 0.0029299259185791016 284
1677119830275 0.0029299259185791016 285
1677119830540 0.0029299259185791016 286
1677119832448 0.0029299259185791016 287
1677119832706 0.0029299259185791016 288
1677119834591 0.0029299259185791016 289
1677119834871 0.0029299259185791016 290
1677119836775 0.0029299259185791016 291
1677119837040 0.0029299259185791016 292
1677119838944 0.0029299259185791016 293
1677119839212 0.0029299259185791016 294
1677119841132 0.0029299259185791016 295
1677119841430 0.0029299259185791016 296
1677119843293 0.0029299259185791016 297
1677119843560 0.0029299259185791016 298
1677119845451 0.0029299259185791016 299
1677119845717 0.0029299259185791016 300
1677119845986 0.0029299259185791016 301
