1679939477707 3.666179656982422 1
1679939477915 0.1866745948791504 2
1679939479441 1.5369951725006104 3
1679939479600 0.15821075439453125 4
1679939481040 1.4410550594329834 5
1679939481226 0.16808295249938965 6
1679939482772 1.5570576190948486 7
1679939483028 0.2383410930633545 8
1679939484816 1.8103950023651123 9
1679939485005 0.17701172828674316 10
1679939486673 1.6799695491790771 11
1679939486876 0.19018268585205078 12
1679939488380 1.5175650119781494 13
1679939488598 0.2063734531402588 14
1679939490255 1.667433500289917 15
1679939490428 0.17148470878601074 16
1679939491871 1.4429168701171875 17
1679939492082 0.19001245498657227 18
1679939493690 1.629774570465088 19
1679939493887 0.18132853507995605 20
1679939495510 1.6379914283752441 21
1679939495707 0.19411635398864746 22
1679939497418 1.7068290710449219 23
1679939497623 0.18899941444396973 24
1679939499373 1.7659893035888672 25
1679939499596 0.20594048500061035 26
1679939501629 2.0128426551818848 27
1679939501811 0.22415947914123535 28
1679939503482 1.6659634113311768 29
1679939503704 0.20707201957702637 30
1679939505522 1.8300535678863525 31
1679939505738 0.21007180213928223 32
1679939507508 1.7827084064483643 33
1679939507690 0.18292951583862305 34
1679939509189 1.5007596015930176 35
1679939509397 0.1883993148803711 36
1679939511010 1.633190393447876 37
1679939511225 0.18942832946777344 38
1679939512897 1.6943726539611816 39
1679939513081 0.18149042129516602 40
1679939514556 1.4825990200042725 41
1679939514751 0.18391132354736328 42
1679939516375 1.6339526176452637 43
1679939516580 0.18704843521118164 44
1679939518178 1.608008861541748 45
1679939518365 0.19075250625610352 46
1679939519947 1.584662675857544 47
1679939520183 0.22119784355163574 48
1679939521901 1.7313952445983887 49
1679939522111 0.19807887077331543 50
1679939523720 1.6240003108978271 51
1679939523902 0.1808161735534668 52
1679939525563 1.6451516151428223 53
1679939525802 0.2378833293914795 54
1679939527499 1.7138786315917969 55
1679939527714 0.18493342399597168 56
1679939529472 1.7752666473388672 57
1679939529681 0.21200037002563477 58
1679939531283 1.6111338138580322 59
1679939531499 0.1996598243713379 60
1679939533212 1.728210687637329 61
1679939533430 0.21420669555664062 62
1679939535152 1.7249677181243896 63
1679939535338 0.18581295013427734 64
1679939536975 1.6370482444763184 65
1679939537181 0.20142316818237305 66
1679939538897 1.720571517944336 67
1679939539111 0.2127673625946045 68
1679939540836 1.7271192073822021 69
1679939541022 0.1818552017211914 70
1679939542599 1.5813844203948975 71
1679939542821 0.20990753173828125 72
1679939544410 1.5994677543640137 73
1679939544605 0.1894230842590332 74
1679939546243 1.6477172374725342 75
1679939546407 0.1611335277557373 76
1679939547888 1.4804003238677979 77
1679939548099 0.2013533115386963 78
1679939549802 1.7122855186462402 79
1679939550023 0.2151045799255371 80
1679939551746 1.725862979888916 81
1679939551930 0.18718481063842773 82
1679939553612 1.6833884716033936 83
1679939553825 0.19846343994140625 84
1679939555497 1.6791892051696777 85
1679939555712 0.2023487091064453 86
1679939557291 1.5975852012634277 87
1679939557470 0.1794748306274414 88
1679939558932 1.4624428749084473 89
1679939559130 0.1949915885925293 90
1679939560729 1.5967891216278076 91
1679939560961 0.22034215927124023 92
1679939562610 1.6537237167358398 93
1679939562781 0.18218183517456055 94
1679939564272 1.487856149673462 95
1679939564507 0.22215628623962402 96
1679939566284 1.7914109230041504 97
1679939566513 0.21267056465148926 98
1679939568089 1.5907323360443115 99
1679939568282 0.19434452056884766 100
1679939569863 1.582777738571167 101
1679939570072 0.19104766845703125 102
1679939571631 1.5738575458526611 103
1679939571849 0.21412920951843262 104
1679939573580 1.734884262084961 105
1679939573760 0.18103575706481934 106
1679939575368 1.606841802597046 107
1679939575584 0.20413994789123535 108
1679939577244 1.6748511791229248 109
1679939577457 0.20114922523498535 110
1679939579150 1.7015478610992432 111
1679939579330 0.181793212890625 112
1679939580884 1.554616928100586 113
1679939581097 0.2036573886871338 114
1679939582788 1.699213981628418 115
1679939583003 0.20219683647155762 116
1679939584680 1.6930058002471924 117
1679939584861 0.1779632568359375 118
1679939586443 1.5841703414916992 119
1679939586647 0.18581914901733398 120
1679939588210 1.577709436416626 121
1679939588407 0.18770503997802734 122
1679939589986 1.5906178951263428 123
1679939590166 0.18195033073425293 124
1679939591621 1.4553921222686768 125
1679939591821 0.19139671325683594 126
1679939593389 1.5760469436645508 127
1679939593601 0.2046668529510498 128
1679939595164 1.5677587985992432 129
1679939595343 0.17986655235290527 130
1679939596813 1.4678349494934082 131
1679939597010 0.18314790725708008 132
1679939598596 1.6031503677368164 133
1679939598808 0.19859027862548828 134
1679939600383 1.589210033416748 135
1679939600555 0.17183756828308105 136
1679939602008 1.4508788585662842 137
1679939602213 0.19993233680725098 138
1679939603813 1.6054282188415527 139
1679939604020 0.20261144638061523 140
1679939605592 1.5752649307250977 141
1679939605763 0.17252182960510254 142
1679939607220 1.4553518295288086 143
1679939607421 0.1832447052001953 144
1679939608956 1.5538222789764404 145
1679939609172 0.2105393409729004 146
1679939610727 1.5584871768951416 147
1679939610908 0.18090152740478516 148
1679939612391 1.4853763580322266 149
1679939612588 0.1893632411956787 150
1679939614160 1.5784053802490234 151
1679939614360 0.19404935836791992 152
1679939615899 1.5440404415130615 153
1679939616074 0.1759042739868164 154
1679939617512 1.43904709815979 155
1679939617733 0.21716523170471191 156
1679939619319 1.5876591205596924 157
1679939619524 0.19543147087097168 158
1679939621067 1.549501895904541 159
1679939621248 0.1831510066986084 160
1679939622713 1.4628112316131592 161
1679939622918 0.19602370262145996 162
1679939624503 1.5970711708068848 163
1679939624717 0.20899295806884766 164
1679939626313 1.6010737419128418 165
1679939626485 0.17328834533691406 166
1679939628034 1.5478811264038086 167
1679939628235 0.1978130340576172 168
1679939629819 1.5870704650878906 169
1679939630040 0.2040266990661621 170
1679939631771 1.7421889305114746 171
1679939631961 0.19173669815063477 172
1679939633572 1.6050288677215576 173
1679939633790 0.2221989631652832 174
1679939635420 1.63246750831604 175
1679939635646 0.22275733947753906 176
1679939637272 1.6305081844329834 177
1679939637452 0.1799790859222412 178
1679939638977 1.525573492050171 179
1679939639193 0.20576071739196777 180
1679939640848 1.6597270965576172 181
1679939641067 0.21102309226989746 182
1679939642680 1.625701665878296 183
1679939642858 0.17905879020690918 184
1679939644347 1.4840788841247559 185
1679939644614 0.25217700004577637 186
1679939646277 1.6800482273101807 187
1679939646491 0.19494271278381348 188
1679939648201 1.7283380031585693 189
1679939648388 0.18769359588623047 190
1679939649894 1.5057365894317627 191
1679939650118 0.21984529495239258 192
1679939651887 1.7712960243225098 193
1679939652104 0.20604205131530762 194
1679939653819 1.7228496074676514 195
1679939653998 0.18518853187561035 196
1679939655514 1.5127310752868652 197
1679939655735 0.204207181930542 198
1679939657326 1.6109609603881836 199
1679939657536 0.19021987915039062 200
1679939659096 1.5818774700164795 201
1679939659278 0.1809377670288086 202
1679939660755 1.478548526763916 203
1679939660954 0.18053102493286133 204
1679939662502 1.5639519691467285 205
1679939662705 0.18404126167297363 206
1679939664236 1.5498347282409668 207
1679939664421 0.18601775169372559 208
1679939665899 1.476140022277832 209
1679939666109 0.20690131187438965 210
1679939667686 1.5810513496398926 211
1679939667892 0.18877744674682617 212
1679939669446 1.5745229721069336 213
1679939669623 0.17452120780944824 214
1679939671069 1.4489636421203613 215
1679939671272 0.1783766746520996 216
1679939672767 1.516402006149292 217
1679939672973 0.20508694648742676 218
1679939674520 1.5493056774139404 219
1679939674699 0.17816710472106934 220
1679939676150 1.448805570602417 221
1679939676346 0.17922568321228027 222
1679939677927 1.5973961353302002 223
1679939678133 0.20135211944580078 224
1679939679841 1.7127892971038818 225
1679939680020 0.18071603775024414 226
1679939681518 1.491950273513794 227
1679939681721 0.19851946830749512 228
1679939683295 1.5841431617736816 229
1679939683523 0.20898842811584473 230
1679939685116 1.6090002059936523 231
1679939685299 0.1839754581451416 232
1679939686821 1.5199873447418213 233
1679939687041 0.19782710075378418 234
1679939688645 1.6263890266418457 235
1679939688860 0.1959519386291504 236
1679939690440 1.601719856262207 237
1679939690631 0.19001054763793945 238
1679939692124 1.4925427436828613 239
1679939692326 0.18564796447753906 240
1679939693919 1.6092262268066406 241
1679939694131 0.19540977478027344 242
1679939695891 1.7722041606903076 243
1679939696089 0.19649696350097656 244
1679939697700 1.616668462753296 245
1679939697920 0.2132091522216797 246
1679939699673 1.754485845565796 247
1679939699909 0.22594237327575684 248
1679939701587 1.6941025257110596 249
1679939701773 0.18520069122314453 250
1679939703291 1.517193078994751 251
1679939703523 0.22121047973632812 252
1679939705226 1.7135374546051025 253
1679939705456 0.20592427253723145 254
1679939707297 1.8586363792419434 255
1679939707510 0.21160006523132324 256
1679939709130 1.6218464374542236 257
1679939709351 0.21481823921203613 258
1679939710936 1.599168300628662 259
1679939711196 0.237015962600708 260
1679939712745 1.575160264968872 261
1679939712930 0.1837167739868164 262
1679939714437 1.501023769378662 263
1679939714672 0.22200918197631836 264
1679939716244 1.5894358158111572 265
1679939716469 0.21946930885314941 266
1679939718119 1.6523492336273193 267
1679939718299 0.17884469032287598 268
1679939719771 1.4694287776947021 269
1679939719986 0.2005901336669922 270
1679939721590 1.6248276233673096 271
1679939721809 0.20494771003723145 272
1679939723403 1.6061954498291016 273
1679939723587 0.1825709342956543 274
1679939725074 1.4911365509033203 275
1679939725288 0.20309972763061523 276
1679939726934 1.6509156227111816 277
1679939727156 0.2217252254486084 278
1679939728803 1.6499927043914795 279
1679939728989 0.18628501892089844 280
1679939730522 1.5361707210540771 281
1679939730745 0.21138811111450195 282
1679939732443 1.7076191902160645 283
1679939732673 0.22291970252990723 284
1679939734357 1.6920158863067627 285
1679939734538 0.1809215545654297 286
1679939736113 1.5731346607208252 287
1679939736319 0.18776464462280273 288
1679939737957 1.6599326133728027 289
1679939738168 0.19141602516174316 290
1679939739751 1.6025457382202148 291
1679939739928 0.1763138771057129 292
1679939741441 1.5068576335906982 293
1679939741667 0.22112321853637695 294
1679939743254 1.5976853370666504 295
1679939743473 0.20799803733825684 296
1679939745239 1.7764103412628174 297
1679939745410 0.17117691040039062 298
1679939746964 1.5505578517913818 299
1679939747186 0.20512962341308594 300
1679939747319 0.15008068084716797 301
