1679939477720 3.666179656982422 1
1679939477929 3.8528542518615723 2
1679939479455 5.389849424362183 3
1679939479613 5.548060178756714 4
1679939481052 6.989115238189697 5
1679939481240 7.157198190689087 6
1679939482786 8.714255809783936 7
1679939483045 8.95259690284729 8
1679939484831 10.762991905212402 9
1679939485021 10.940003633499146 10
1679939486687 12.619973182678223 11
1679939486892 12.810155868530273 12
1679939488394 14.327720880508423 13
1679939488613 14.534094333648682 14
1679939490267 16.2015278339386 15
1679939490440 16.37301254272461 16
1679939491885 17.815929412841797 17
1679939492098 18.00594186782837 18
1679939493703 19.635716438293457 19
1679939493904 19.817044973373413 20
1679939495525 21.455036401748657 21
1679939495720 21.649152755737305 22
1679939497433 23.355981826782227 23
1679939497638 23.544981241226196 24
1679939499387 25.310970544815063 25
1679939499613 25.516911029815674 26
1679939501643 27.52975368499756 27
1679939501825 27.753913164138794 28
1679939503497 29.41987657546997 29
1679939503721 29.626948595046997 30
1679939505537 31.45700216293335 31
1679939505755 31.667073965072632 32
1679939507520 33.449782371520996 33
1679939507704 33.63271188735962 34
1679939509202 35.13347148895264 35
1679939509416 35.32187080383301 36
1679939511022 36.955061197280884 37
1679939511243 37.14448952674866 38
1679939512910 38.83886218070984 39
1679939513093 39.020352602005005 40
1679939514569 40.50295162200928 41
1679939514767 40.68686294555664 42
1679939516388 42.320815563201904 43
1679939516594 42.507863998413086 44
1679939518190 44.115872859954834 45
1679939518379 44.30662536621094 46
1679939519963 45.89128804206848 47
1679939520196 46.11248588562012 48
1679939521913 47.843881130218506 49
1679939522125 48.04196000099182 50
1679939523733 49.66596031188965 51
1679939523914 49.846776485443115 52
1679939525580 51.49192810058594 53
1679939525817 51.72981142997742 54
1679939527513 53.443690061569214 55
1679939527732 53.628623485565186 56
1679939529493 55.40389013290405 57
1679939529696 55.61589050292969 58
1679939531298 57.22702431678772 59
1679939531513 57.42668414115906 60
1679939533224 59.15489482879639 61
1679939533446 59.36910152435303 62
1679939535165 61.09406924247742 63
1679939535351 61.279882192611694 64
1679939536987 62.91693043708801 65
1679939537194 63.118353605270386 66
1679939538909 64.83892512321472 67
1679939539128 65.05169248580933 68
1679939540850 66.77881169319153 69
1679939541034 66.96066689491272 70
1679939542612 68.54205131530762 71
1679939542834 68.7519588470459 72
1679939544423 70.35142660140991 73
1679939544618 70.54084968566895 74
1679939546256 72.18856692314148 75
1679939546420 72.34970045089722 76
1679939547901 73.83010077476501 77
1679939548114 74.03145408630371 78
1679939549817 75.74373960494995 79
1679939550037 75.95884418487549 80
1679939551760 77.6847071647644 81
1679939551943 77.87189197540283 82
1679939553625 79.55528044700623 83
1679939553838 79.75374388694763 84
1679939555509 81.43293309211731 85
1679939555729 81.63528180122375 86
1679939557303 83.23286700248718 87
1679939557483 83.41234183311462 88
1679939558944 84.87478470802307 89
1679939559144 85.0697762966156 90
1679939560742 86.66656541824341 91
1679939560975 86.88690757751465 92
1679939562623 88.54063129425049 93
1679939562794 88.72281312942505 94
1679939564287 90.21066927909851 95
1679939564523 90.43282556533813 96
1679939566298 92.22423648834229 97
1679939566529 92.43690705299377 98
1679939568101 94.02763938903809 99
1679939568297 94.22198390960693 100
1679939569877 95.8047616481781 101
1679939570089 95.99580931663513 102
1679939571645 97.5696668624878 103
1679939571865 97.78379607200623 104
1679939573592 99.51868033409119 105
1679939573773 99.699716091156 106
1679939575382 101.30655789375305 107
1679939575598 101.51069784164429 108
1679939577257 103.18554902076721 109
1679939577472 103.3866982460022 110
1679939579163 105.08824610710144 111
1679939579343 105.27003931999207 112
1679939580897 106.82465624809265 113
1679939581112 107.02831363677979 114
1679939582802 108.7275276184082 115
1679939583017 108.92972445487976 116
1679939584693 110.62273025512695 117
1679939584873 110.80069351196289 118
1679939586455 112.38486385345459 119
1679939586664 112.57068300247192 120
1679939588223 114.14839243888855 121
1679939588421 114.33609747886658 122
1679939589999 115.92671537399292 123
1679939590180 116.10866570472717 124
1679939591634 117.56405782699585 125
1679939591834 117.75545454025269 126
1679939593402 119.33150148391724 127
1679939593615 119.53616833686829 128
1679939595177 121.10392713546753 129
1679939595357 121.28379368782043 130
1679939596826 122.75162863731384 131
1679939597027 122.93477654457092 132
1679939598610 124.53792691230774 133
1679939598822 124.73651719093323 134
1679939600396 126.32572722434998 135
1679939600569 126.49756479263306 136
1679939602021 127.94844365119934 137
1679939602227 128.1483759880066 138
1679939603828 129.75380420684814 139
1679939604036 129.95641565322876 140
1679939605604 131.53168058395386 141
1679939605776 131.70420241355896 142
1679939607234 133.15955424308777 143
1679939607436 133.34279894828796 144
1679939608970 134.8966212272644 145
1679939609191 135.1071605682373 146
1679939610741 136.66564774513245 147
1679939610923 136.84654927253723 148
1679939612405 138.33192563056946 149
1679939612602 138.52128887176514 150
1679939614172 140.09969425201416 151
1679939614374 140.29374361038208 152
1679939615913 141.83778405189514 153
1679939616087 142.01368832588196 154
1679939617527 143.45273542404175 155
1679939617747 143.66990065574646 156
1679939619332 145.25755977630615 157
1679939619538 145.45299124717712 158
1679939621082 147.00249314308167 159
1679939621260 147.18564414978027 160
1679939622728 148.64845538139343 161
1679939622934 148.8444790840149 162
1679939624515 150.44155025482178 163
1679939624730 150.65054321289062 164
1679939626326 152.25161695480347 165
1679939626498 152.42490530014038 166
1679939628048 153.9727864265442 167
1679939628249 154.1705994606018 168
1679939629834 155.7576699256897 169
1679939630057 155.96169662475586 170
1679939631784 157.70388555526733 171
1679939631974 157.89562225341797 172
1679939633585 159.50065112113953 173
1679939633806 159.7228500843048 174
1679939635432 161.35531759262085 175
1679939635661 161.5780749320984 176
1679939637288 163.20858311653137 177
1679939637464 163.3885622024536 178
1679939638990 164.91413569450378 179
1679939639207 165.11989641189575 180
1679939640862 166.77962350845337 181
1679939641082 166.99064660072327 182
1679939642693 168.61634826660156 183
1679939642871 168.79540705680847 184
1679939644360 170.27948594093323 185
1679939644629 170.531662940979 186
1679939646290 172.21171116828918 187
1679939646512 172.406653881073 188
1679939648216 174.13499188423157 189
1679939648400 174.3226854801178 190
1679939649909 175.82842206954956 191
1679939650132 176.04826736450195 192
1679939651902 177.81956338882446 193
1679939652118 178.02560544013977 194
1679939653833 179.74845504760742 195
1679939654013 179.93364357948303 196
1679939655527 181.4463746547699 197
1679939655750 181.65058183670044 198
1679939657339 183.26154279708862 199
1679939657554 183.451762676239 200
1679939659110 185.0336401462555 201
1679939659290 185.2145779132843 202
1679939660768 186.69312644004822 203
1679939660971 186.87365746498108 204
1679939662515 188.4376094341278 205
1679939662721 188.62165069580078 206
1679939664250 190.17148542404175 207
1679939664433 190.35750317573547 208
1679939665914 191.8336431980133 209
1679939666123 192.0405445098877 210
1679939667700 193.6215958595276 211
1679939667906 193.8103733062744 212
1679939669460 195.38489627838135 213
1679939669635 195.5594174861908 214
1679939671082 197.00838112831116 215
1679939671287 197.18675780296326 216
1679939672779 198.70315980911255 217
1679939672988 198.90824675559998 218
1679939674533 200.45755243301392 219
1679939674713 200.63571953773499 220
1679939676163 202.0845251083374 221
1679939676363 202.26375079154968 222
1679939677940 203.86114692687988 223
1679939678148 204.06249904632568 224
1679939679854 205.77528834342957 225
1679939680033 205.9560043811798 226
1679939681532 207.4479546546936 227
1679939681735 207.6464741230011 228
1679939683309 209.23061728477478 229
1679939683540 209.43960571289062 230
1679939685130 211.04860591888428 231
1679939685314 211.23258137702942 232
1679939686834 212.75256872177124 233
1679939687056 212.95039582252502 234
1679939688660 214.57678484916687 235
1679939688879 214.77273678779602 236
1679939690453 216.37445664405823 237
1679939690644 216.56446719169617 238
1679939692137 218.05700993537903 239
1679939692340 218.24265789985657 240
1679939693932 219.8518841266632 241
1679939694149 220.04729390144348 242
1679939695904 221.8194980621338 243
1679939696105 222.01599502563477 244
1679939697713 223.63266348838806 245
1679939697937 223.84587264060974 246
1679939699688 225.60035848617554 247
1679939699928 225.8263008594513 248
1679939701600 227.52040338516235 249
1679939701787 227.7056040763855 250
1679939703306 229.22279715538025 251
1679939703538 229.44400763511658 252
1679939705241 231.15754508972168 253
1679939705469 231.3634693622589 254
1679939707312 233.22210574150085 255
1679939707524 233.43370580673218 256
1679939709143 235.0555522441864 257
1679939709367 235.27037048339844 258
1679939710950 236.8695387840271 259
1679939711213 237.1065547466278 260
1679939712759 238.68171501159668 261
1679939712943 238.8654317855835 262
1679939714451 240.36645555496216 263
1679939714686 240.58846473693848 264
1679939716262 242.17790055274963 265
1679939716484 242.39736986160278 266
1679939718132 244.0497190952301 267
1679939718313 244.22856378555298 268
1679939719784 245.69799256324768 269
1679939720001 245.89858269691467 270
1679939721603 247.52341032028198 271
1679939721823 247.7283580303192 272
1679939723416 249.33455348014832 273
1679939723601 249.51712441444397 274
1679939725087 251.0082609653473 275
1679939725302 251.2113606929779 276
1679939726947 252.8622763156891 277
1679939727172 253.0840015411377 278
1679939728820 254.73399424552917 279
1679939729002 254.92027926445007 280
1679939730535 256.45644998550415 281
1679939730761 256.66783809661865 282
1679939732457 258.3754572868347 283
1679939732688 258.5983769893646 284
1679939734370 260.2903928756714 285
1679939734551 260.4713144302368 286
1679939736125 262.04444909095764 287
1679939736334 262.23221373558044 288
1679939737970 263.89214634895325 289
1679939738185 264.083562374115 290
1679939739763 265.6861081123352 291
1679939739942 265.8624219894409 292
1679939741454 267.3692796230316 293
1679939741683 267.590402841568 294
1679939743267 269.18808817863464 295
1679939743489 269.3960862159729 296
1679939745251 271.1724965572357 297
1679939745423 271.3436734676361 298
1679939746977 272.8942313194275 299
1679939747201 273.0993609428406 300
1679939747338 273.24944162368774 301
