1679939477713 1679939477.0 1
1679939477921 1679939477.0 2
1679939479449 1679939479.0 3
1679939479606 1679939479.0 4
1679939481046 1679939481.0 5
1679939481233 1679939481.0 6
1679939482779 1679939482.0 7
1679939483036 1679939482.0 8
1679939484823 1679939484.0 9
1679939485013 1679939484.0 10
1679939486679 1679939486.0 11
1679939486883 1679939486.0 12
1679939488387 1679939488.0 13
1679939488605 1679939488.0 14
1679939490260 1679939490.0 15
1679939490434 1679939490.0 16
1679939491878 1679939491.0 17
1679939492089 1679939492.0 18
1679939493697 1679939493.0 19
1679939493896 1679939493.0 20
1679939495517 1679939495.0 21
1679939495713 1679939495.0 22
1679939497425 1679939497.0 23
1679939497631 1679939497.0 24
1679939499381 1679939499.0 25
1679939499605 1679939499.0 26
1679939501636 1679939501.0 27
1679939501818 1679939501.0 28
1679939503489 1679939503.0 29
1679939503713 1679939503.0 30
1679939505529 1679939505.0 31
1679939505746 1679939505.0 32
1679939507514 1679939507.0 33
1679939507698 1679939507.0 34
1679939509195 1679939509.0 35
1679939509406 1679939509.0 36
1679939511016 1679939510.0 37
1679939511234 1679939511.0 38
1679939512904 1679939512.0 39
1679939513088 1679939513.0 40
1679939514563 1679939514.0 41
1679939514759 1679939514.0 42
1679939516382 1679939516.0 43
1679939516587 1679939516.0 44
1679939518183 1679939518.0 45
1679939518372 1679939518.0 46
1679939519955 1679939519.0 47
1679939520189 1679939520.0 48
1679939521907 1679939521.0 49
1679939522119 1679939522.0 50
1679939523727 1679939523.0 51
1679939523909 1679939523.0 52
1679939525572 1679939525.0 53
1679939525810 1679939525.0 54
1679939527505 1679939527.0 55
1679939527724 1679939527.0 56
1679939529482 1679939529.0 57
1679939529688 1679939529.0 58
1679939531290 1679939531.0 59
1679939531505 1679939531.0 60
1679939533218 1679939533.0 61
1679939533437 1679939533.0 62
1679939535159 1679939535.0 63
1679939535344 1679939535.0 64
1679939536982 1679939536.0 65
1679939537187 1679939537.0 66
1679939538902 1679939538.0 67
1679939539119 1679939539.0 68
1679939540842 1679939540.0 69
1679939541027 1679939540.0 70
1679939542606 1679939542.0 71
1679939542828 1679939542.0 72
1679939544416 1679939544.0 73
1679939544611 1679939544.0 74
1679939546249 1679939546.0 75
1679939546413 1679939546.0 76
1679939547895 1679939547.0 77
1679939548108 1679939548.0 78
1679939549810 1679939549.0 79
1679939550030 1679939549.0 80
1679939551753 1679939551.0 81
1679939551936 1679939551.0 82
1679939553618 1679939553.0 83
1679939553831 1679939553.0 84
1679939555502 1679939555.0 85
1679939555722 1679939555.0 86
1679939557297 1679939557.0 87
1679939557478 1679939557.0 88
1679939558938 1679939558.0 89
1679939559138 1679939559.0 90
1679939560737 1679939560.0 91
1679939560968 1679939560.0 92
1679939562617 1679939562.0 93
1679939562787 1679939562.0 94
1679939564279 1679939564.0 95
1679939564515 1679939564.0 96
1679939566289 1679939566.0 97
1679939566521 1679939566.0 98
1679939568096 1679939568.0 99
1679939568289 1679939568.0 100
1679939569870 1679939569.0 101
1679939570080 1679939570.0 102
1679939571638 1679939571.0 103
1679939571857 1679939571.0 104
1679939573585 1679939573.0 105
1679939573767 1679939573.0 106
1679939575375 1679939575.0 107
1679939575591 1679939575.0 108
1679939577251 1679939577.0 109
1679939577464 1679939577.0 110
1679939579155 1679939579.0 111
1679939579337 1679939579.0 112
1679939580890 1679939580.0 113
1679939581104 1679939581.0 114
1679939582796 1679939582.0 115
1679939583010 1679939582.0 116
1679939584687 1679939584.0 117
1679939584868 1679939584.0 118
1679939586450 1679939586.0 119
1679939586656 1679939586.0 120
1679939588217 1679939588.0 121
1679939588414 1679939588.0 122
1679939589992 1679939589.0 123
1679939590173 1679939590.0 124
1679939591628 1679939591.0 125
1679939591828 1679939591.0 126
1679939593395 1679939593.0 127
1679939593608 1679939593.0 128
1679939595170 1679939595.0 129
1679939595350 1679939595.0 130
1679939596819 1679939596.0 131
1679939597020 1679939596.0 132
1679939598603 1679939598.0 133
1679939598815 1679939598.0 134
1679939600390 1679939600.0 135
1679939600562 1679939600.0 136
1679939602015 1679939601.0 137
1679939602219 1679939602.0 138
1679939603821 1679939603.0 139
1679939604029 1679939603.0 140
1679939605598 1679939605.0 141
1679939605770 1679939605.0 142
1679939607227 1679939607.0 143
1679939607429 1679939607.0 144
1679939608964 1679939608.0 145
1679939609182 1679939609.0 146
1679939610734 1679939610.0 147
1679939610917 1679939610.0 148
1679939612398 1679939612.0 149
1679939612595 1679939612.0 150
1679939614167 1679939614.0 151
1679939614367 1679939614.0 152
1679939615906 1679939615.0 153
1679939616082 1679939616.0 154
1679939617519 1679939617.0 155
1679939617740 1679939617.0 156
1679939619326 1679939619.0 157
1679939619532 1679939619.0 158
1679939621073 1679939621.0 159
1679939621253 1679939621.0 160
1679939622720 1679939622.0 161
1679939622925 1679939622.0 162
1679939624509 1679939624.0 163
1679939624723 1679939624.0 164
1679939626320 1679939626.0 165
1679939626491 1679939626.0 166
1679939628041 1679939627.0 167
1679939628242 1679939628.0 168
1679939629827 1679939629.0 169
1679939630048 1679939629.0 170
1679939631777 1679939631.0 171
1679939631967 1679939631.0 172
1679939633578 1679939633.0 173
1679939633798 1679939633.0 174
1679939635426 1679939635.0 175
1679939635653 1679939635.0 176
1679939637281 1679939637.0 177
1679939637458 1679939637.0 178
1679939638983 1679939638.0 179
1679939639200 1679939639.0 180
1679939640855 1679939640.0 181
1679939641073 1679939641.0 182
1679939642687 1679939642.0 183
1679939642864 1679939642.0 184
1679939644354 1679939644.0 185
1679939644621 1679939644.0 186
1679939646283 1679939646.0 187
1679939646503 1679939646.0 188
1679939648209 1679939648.0 189
1679939648394 1679939648.0 190
1679939649900 1679939649.0 191
1679939650125 1679939650.0 192
1679939651894 1679939651.0 193
1679939652111 1679939652.0 194
1679939653826 1679939653.0 195
1679939654006 1679939653.0 196
1679939655520 1679939655.0 197
1679939655743 1679939655.0 198
1679939657332 1679939657.0 199
1679939657545 1679939657.0 200
1679939659103 1679939659.0 201
1679939659285 1679939659.0 202
1679939660761 1679939660.0 203
1679939660963 1679939660.0 204
1679939662509 1679939662.0 205
1679939662713 1679939662.0 206
1679939664242 1679939664.0 207
1679939664426 1679939664.0 208
1679939665906 1679939665.0 209
1679939666116 1679939666.0 210
1679939667693 1679939667.0 211
1679939667899 1679939667.0 212
1679939669453 1679939669.0 213
1679939669629 1679939669.0 214
1679939671076 1679939671.0 215
1679939671280 1679939671.0 216
1679939672773 1679939672.0 217
1679939672981 1679939672.0 218
1679939674527 1679939674.0 219
1679939674706 1679939674.0 220
1679939676156 1679939676.0 221
1679939676355 1679939676.0 222
1679939677934 1679939677.0 223
1679939678141 1679939678.0 224
1679939679847 1679939679.0 225
1679939680027 1679939679.0 226
1679939681524 1679939681.0 227
1679939681728 1679939681.0 228
1679939683302 1679939683.0 229
1679939683532 1679939683.0 230
1679939685123 1679939685.0 231
1679939685307 1679939685.0 232
1679939686827 1679939686.0 233
1679939687050 1679939686.0 234
1679939688652 1679939688.0 235
1679939688871 1679939688.0 236
1679939690446 1679939690.0 237
1679939690637 1679939690.0 238
1679939692130 1679939692.0 239
1679939692333 1679939692.0 240
1679939693926 1679939693.0 241
1679939694140 1679939694.0 242
1679939695897 1679939695.0 243
1679939696097 1679939696.0 244
1679939697706 1679939697.0 245
1679939697928 1679939697.0 246
1679939699681 1679939699.0 247
1679939699920 1679939699.0 248
1679939701594 1679939701.0 249
1679939701780 1679939701.0 250
1679939703298 1679939703.0 251
1679939703531 1679939703.0 252
1679939705234 1679939705.0 253
1679939705463 1679939705.0 254
1679939707304 1679939707.0 255
1679939707517 1679939707.0 256
1679939709136 1679939709.0 257
1679939709360 1679939709.0 258
1679939710943 1679939710.0 259
1679939711204 1679939711.0 260
1679939712752 1679939712.0 261
1679939712936 1679939712.0 262
1679939714444 1679939714.0 263
1679939714679 1679939714.0 264
1679939716251 1679939716.0 265
1679939716477 1679939716.0 266
1679939718126 1679939718.0 267
1679939718306 1679939718.0 268
1679939719778 1679939719.0 269
1679939719995 1679939719.0 270
1679939721596 1679939721.0 271
1679939721816 1679939721.0 272
1679939723410 1679939723.0 273
1679939723594 1679939723.0 274
1679939725080 1679939725.0 275
1679939725295 1679939725.0 276
1679939726942 1679939726.0 277
1679939727163 1679939727.0 278
1679939728811 1679939728.0 279
1679939728996 1679939728.0 280
1679939730528 1679939730.0 281
1679939730752 1679939730.0 282
1679939732450 1679939732.0 283
1679939732682 1679939732.0 284
1679939734364 1679939734.0 285
1679939734545 1679939734.0 286
1679939736119 1679939736.0 287
1679939736327 1679939736.0 288
1679939737963 1679939737.0 289
1679939738176 1679939738.0 290
1679939739757 1679939739.0 291
1679939739936 1679939739.0 292
1679939741447 1679939741.0 293
1679939741673 1679939741.0 294
1679939743260 1679939743.0 295
1679939743481 1679939743.0 296
1679939745245 1679939745.0 297
1679939745416 1679939745.0 298
1679939746970 1679939746.0 299
1679939747194 1679939747.0 300
1679939747329 1679939747.0 301
