1679939477722 0.0 1
1679939477931 0.0 2
1679939479457 0.0 3
1679939479615 0.0 4
1679939481055 0.0 5
1679939481242 0.0 6
1679939482788 0.0 7
1679939483047 0.0 8
1679939484834 0.0 9
1679939485024 0.0 10
1679939486689 0.0 11
1679939486895 0.0 12
1679939488396 0.0 13
1679939488616 0.0 14
1679939490269 0.0 15
1679939490442 0.0 16
1679939491887 0.0 17
1679939492101 0.0 18
1679939493705 0.0 19
1679939493906 0.0 20
1679939495528 0.0 21
1679939495722 0.0 22
1679939497437 0.0 23
1679939497641 0.0 24
1679939499389 0.0 25
1679939499617 0.0 26
1679939501646 0.0 27
1679939501827 0.0 28
1679939503500 0.0 29
1679939503723 0.0 30
1679939505539 0.0 31
1679939505757 0.0 32
1679939507523 0.0 33
1679939507707 0.0 34
1679939509204 0.0 35
1679939509418 0.0 36
1679939511025 0.0 37
1679939511246 0.0 38
1679939512912 0.0 39
1679939513095 0.0 40
1679939514572 0.0 41
1679939514769 0.0 42
1679939516391 0.0 43
1679939516597 0.0 44
1679939518193 0.0 45
1679939518381 0.0 46
1679939519965 0.0 47
1679939520198 0.0 48
1679939521915 0.0 49
1679939522129 0.0 50
1679939523737 0.0 51
1679939523917 0.0 52
1679939525583 0.0 53
1679939525820 0.0 54
1679939527515 0.0 55
1679939527735 0.0 56
1679939529495 0.0 57
1679939529698 0.0 58
1679939531300 0.0 59
1679939531515 0.0 60
1679939533227 0.0 61
1679939533449 0.0 62
1679939535167 0.0 63
1679939535353 0.0 64
1679939536989 0.0 65
1679939537196 0.0 66
1679939538911 0.0 67
1679939539131 0.0 68
1679939540852 0.0 69
1679939541036 0.0 70
1679939542614 0.0 71
1679939542837 0.0 72
1679939544425 0.0 73
1679939544620 0.0 74
1679939546258 0.0 75
1679939546422 0.0 76
1679939547902 0.0 77
1679939548116 0.0 78
1679939549819 0.0 79
1679939550039 0.0 80
1679939551762 0.0 81
1679939551945 0.0 82
1679939553628 0.0 83
1679939553840 0.0 84
1679939555511 0.0 85
1679939555732 0.0 86
1679939557305 0.0 87
1679939557486 0.0 88
1679939558947 0.0 89
1679939559147 0.0 90
1679939560744 0.0 91
1679939560978 0.0 92
1679939562625 0.0 93
1679939562797 0.0 94
1679939564289 0.0 95
1679939564526 0.0 96
1679939566300 0.0 97
1679939566531 0.0 98
1679939568104 0.0 99
1679939568299 0.0 100
1679939569879 0.0 101
1679939570091 0.0 102
1679939571648 0.0 103
1679939571867 0.0 104
1679939573594 0.0 105
1679939573775 0.0 106
1679939575383 0.0 107
1679939575600 0.0 108
1679939577260 0.0 109
1679939577475 0.0 110
1679939579165 0.0 111
1679939579346 0.0 112
1679939580900 0.0 113
1679939581115 0.0 114
1679939582804 0.0 115
1679939583020 0.0 116
1679939584695 0.0 117
1679939584875 0.0 118
1679939586459 0.0 119
1679939586666 0.0 120
1679939588225 0.0 121
1679939588423 0.0 122
1679939590001 0.0 123
1679939590183 0.0 124
1679939591636 0.0 125
1679939591837 0.0 126
1679939593404 0.0 127
1679939593617 0.0 128
1679939595179 0.0 129
1679939595359 0.0 130
1679939596828 0.0 131
1679939597030 0.0 132
1679939598612 0.0 133
1679939598824 0.0 134
1679939600399 0.0 135
1679939600571 0.0 136
1679939602024 0.0 137
1679939602228 0.0 138
1679939603830 0.0 139
1679939604038 0.0 140
1679939605606 0.0 141
1679939605778 0.0 142
1679939607236 0.0 143
1679939607438 0.0 144
1679939608972 0.0 145
1679939609194 0.0 146
1679939610743 0.0 147
1679939610925 0.0 148
1679939612408 0.0 149
1679939612604 0.0 150
1679939614174 0.0 151
1679939614376 0.0 152
1679939615916 0.0 153
1679939616090 0.0 154
1679939617529 0.0 155
1679939617748 0.0 156
1679939619335 0.0 157
1679939619540 0.0 158
1679939621084 0.0 159
1679939621262 0.0 160
1679939622731 0.0 161
1679939622936 0.0 162
1679939624518 0.0 163
1679939624732 0.0 164
1679939626328 0.0 165
1679939626500 0.0 166
1679939628051 0.0 167
1679939628251 0.0 168
1679939629836 0.0 169
1679939630060 0.0 170
1679939631787 0.0 171
1679939631977 0.0 172
1679939633587 0.0 173
1679939633809 0.0 174
1679939635434 0.0 175
1679939635663 0.0 176
1679939637289 0.0 177
1679939637466 0.0 178
1679939638992 0.0 179
1679939639210 0.0 180
1679939640864 0.0 181
1679939641085 0.0 182
1679939642695 0.0 183
1679939642873 0.0 184
1679939644362 0.0 185
1679939644631 0.0 186
1679939646292 0.0 187
1679939646514 0.0 188
1679939648218 0.0 189
1679939648402 0.0 190
1679939649911 0.0 191
1679939650134 0.0 192
1679939651905 0.0 193
1679939652120 0.0 194
1679939653835 0.0 195
1679939654015 0.0 196
1679939655529 0.0 197
1679939655752 0.0 198
1679939657341 0.0 199
1679939657556 0.0 200
1679939659112 0.0 201
1679939659292 0.0 202
1679939660770 0.0 203
1679939660975 0.0 204
1679939662517 0.0 205
1679939662724 0.0 206
1679939664252 0.0 207
1679939664434 0.0 208
1679939665916 0.0 209
1679939666125 0.0 210
1679939667702 0.0 211
1679939667909 0.0 212
1679939669462 0.0 213
1679939669637 0.0 214
1679939671085 0.0 215
1679939671289 0.0 216
1679939672782 0.0 217
1679939672990 0.0 218
1679939674536 0.0 219
1679939674715 0.0 220
1679939676165 0.0 221
1679939676366 0.0 222
1679939677943 0.0 223
1679939678150 0.0 224
1679939679856 0.0 225
1679939680035 0.0 226
1679939681534 0.0 227
1679939681737 0.0 228
1679939683311 0.0 229
1679939683543 0.0 230
1679939685133 0.0 231
1679939685316 0.0 232
1679939686836 0.0 233
1679939687059 0.0 234
1679939688662 0.0 235
1679939688882 0.0 236
1679939690455 0.0 237
1679939690646 0.0 238
1679939692139 0.0 239
1679939692343 0.0 240
1679939693934 0.0 241
1679939694152 0.0 242
1679939695906 0.0 243
1679939696109 0.0 244
1679939697715 0.0 245
1679939697941 0.0 246
1679939699690 0.0 247
1679939699930 0.0 248
1679939701602 0.0 249
1679939701789 0.0 250
1679939703309 0.0 251
1679939703541 0.0 252
1679939705243 0.0 253
1679939705472 0.0 254
1679939707315 0.0 255
1679939707526 0.0 256
1679939709144 0.0 257
1679939709369 0.0 258
1679939710953 0.0 259
1679939711215 0.0 260
1679939712761 0.0 261
1679939712945 0.0 262
1679939714454 0.0 263
1679939714688 0.0 264
1679939716264 0.0 265
1679939716486 0.0 266
1679939718135 0.0 267
1679939718315 0.0 268
1679939719786 0.0 269
1679939720004 0.0 270
1679939721605 0.0 271
1679939721824 0.0 272
1679939723418 0.0 273
1679939723603 0.0 274
1679939725089 0.0 275
1679939725303 0.0 276
1679939726950 0.0 277
1679939727176 0.0 278
1679939728823 0.0 279
1679939729005 0.0 280
1679939730537 0.0 281
1679939730762 0.0 282
1679939732459 0.0 283
1679939732690 0.0 284
1679939734372 0.0 285
1679939734554 0.0 286
1679939736127 0.0 287
1679939736336 0.0 288
1679939737972 0.0 289
1679939738188 0.0 290
1679939739765 0.0 291
1679939739945 0.0 292
1679939741456 0.0 293
1679939741685 0.0 294
1679939743269 0.0 295
1679939743491 0.0 296
1679939745253 0.0 297
1679939745425 0.0 298
1679939746979 0.0 299
1679939747203 0.0 300
1679939747341 0.0 301
