1679939477728 0.003933429718017578 1
1679939477935 0.003933429718017578 2
1679939479462 0.003933429718017578 3
1679939479620 0.003933429718017578 4
1679939481060 0.003933429718017578 5
1679939481247 0.003933429718017578 6
1679939482793 0.003933429718017578 7
1679939483052 0.003933429718017578 8
1679939484838 0.003933429718017578 9
1679939485028 0.003933429718017578 10
1679939486693 0.003933429718017578 11
1679939486901 0.003933429718017578 12
1679939488400 0.003933429718017578 13
1679939488619 0.003933429718017578 14
1679939490273 0.003933429718017578 15
1679939490447 0.003933429718017578 16
1679939491892 0.003933429718017578 17
1679939492105 0.003933429718017578 18
1679939493709 0.003933429718017578 19
1679939493910 0.003933429718017578 20
1679939495534 0.003933429718017578 21
1679939495727 0.003933429718017578 22
1679939497442 0.003933429718017578 23
1679939497649 0.003933429718017578 24
1679939499393 0.003933429718017578 25
1679939499624 0.003933429718017578 26
1679939501651 0.003933429718017578 27
1679939501832 0.003933429718017578 28
1679939503504 0.003933429718017578 29
1679939503728 0.003933429718017578 30
1679939505542 0.003933429718017578 31
1679939505764 0.003933429718017578 32
1679939507528 0.003933429718017578 33
1679939507710 0.003933429718017578 34
1679939509209 0.003933429718017578 35
1679939509423 0.003933429718017578 36
1679939511029 0.003933429718017578 37
1679939511250 0.003933429718017578 38
1679939512916 0.003933429718017578 39
1679939513101 0.003933429718017578 40
1679939514575 0.003933429718017578 41
1679939514773 0.003933429718017578 42
1679939516396 0.003933429718017578 43
1679939516601 0.003933429718017578 44
1679939518197 0.003933429718017578 45
1679939518384 0.003933429718017578 46
1679939519969 0.003933429718017578 47
1679939520203 0.003933429718017578 48
1679939521920 0.003933429718017578 49
1679939522133 0.003933429718017578 50
1679939523741 0.003933429718017578 51
1679939523922 0.003933429718017578 52
1679939525588 0.003933429718017578 53
1679939525825 0.003933429718017578 54
1679939527519 0.003933429718017578 55
1679939527741 0.003933429718017578 56
1679939529502 0.003933429718017578 57
1679939529702 0.003933429718017578 58
1679939531304 0.003933429718017578 59
1679939531520 0.003933429718017578 60
1679939533231 0.003933429718017578 61
1679939533454 0.003933429718017578 62
1679939535172 0.003933429718017578 63
1679939535358 0.003933429718017578 64
1679939536994 0.003933429718017578 65
1679939537201 0.003933429718017578 66
1679939538916 0.003933429718017578 67
1679939539137 0.003933429718017578 68
1679939540857 0.003933429718017578 69
1679939541040 0.003933429718017578 70
1679939542619 0.003933429718017578 71
1679939542841 0.003933429718017578 72
1679939544430 0.003933429718017578 73
1679939544625 0.003933429718017578 74
1679939546262 0.003933429718017578 75
1679939546427 0.003933429718017578 76
1679939547907 0.003933429718017578 77
1679939548122 0.003933429718017578 78
1679939549824 0.003933429718017578 79
1679939550043 0.003933429718017578 80
1679939551766 0.003933429718017578 81
1679939551950 0.003933429718017578 82
1679939553633 0.003933429718017578 83
1679939553846 0.003933429718017578 84
1679939555515 0.003933429718017578 85
1679939555738 0.003933429718017578 86
1679939557310 0.003933429718017578 87
1679939557490 0.003933429718017578 88
1679939558951 0.003933429718017578 89
1679939559151 0.003933429718017578 90
1679939560749 0.003933429718017578 91
1679939560982 0.003933429718017578 92
1679939562630 0.003933429718017578 93
1679939562801 0.003933429718017578 94
1679939564293 0.003933429718017578 95
1679939564531 0.003933429718017578 96
1679939566303 0.003933429718017578 97
1679939566537 0.003933429718017578 98
1679939568109 0.003933429718017578 99
1679939568304 0.003933429718017578 100
1679939569883 0.003933429718017578 101
1679939570095 0.003933429718017578 102
1679939571653 0.003933429718017578 103
1679939571872 0.003933429718017578 104
1679939573599 0.003933429718017578 105
1679939573780 0.003933429718017578 106
1679939575388 0.003933429718017578 107
1679939575604 0.003933429718017578 108
1679939577265 0.003933429718017578 109
1679939577480 0.003933429718017578 110
1679939579169 0.003933429718017578 111
1679939579349 0.003933429718017578 112
1679939580903 0.003933429718017578 113
1679939581120 0.003933429718017578 114
1679939582808 0.003933429718017578 115
1679939583025 0.003933429718017578 116
1679939584700 0.003933429718017578 117
1679939584881 0.003933429718017578 118
1679939586463 0.003933429718017578 119
1679939586671 0.003933429718017578 120
1679939588229 0.003933429718017578 121
1679939588429 0.003933429718017578 122
1679939590005 0.003933429718017578 123
1679939590187 0.003933429718017578 124
1679939591640 0.003933429718017578 125
1679939591842 0.003933429718017578 126
1679939593408 0.003933429718017578 127
1679939593621 0.003933429718017578 128
1679939595183 0.003933429718017578 129
1679939595364 0.003933429718017578 130
1679939596832 0.003933429718017578 131
1679939597034 0.003933429718017578 132
1679939598616 0.003933429718017578 133
1679939598830 0.003933429718017578 134
1679939600403 0.003933429718017578 135
1679939600576 0.003933429718017578 136
1679939602029 0.003933429718017578 137
1679939602233 0.003933429718017578 138
1679939603834 0.003933429718017578 139
1679939604045 0.003933429718017578 140
1679939605611 0.003933429718017578 141
1679939605783 0.003933429718017578 142
1679939607240 0.003933429718017578 143
1679939607443 0.003933429718017578 144
1679939608977 0.003933429718017578 145
1679939609199 0.003933429718017578 146
1679939610747 0.003933429718017578 147
1679939610930 0.003933429718017578 148
1679939612412 0.003933429718017578 149
1679939612608 0.003933429718017578 150
1679939614179 0.003933429718017578 151
1679939614381 0.003933429718017578 152
1679939615920 0.003933429718017578 153
1679939616094 0.003933429718017578 154
1679939617533 0.003933429718017578 155
1679939617753 0.003933429718017578 156
1679939619339 0.003933429718017578 157
1679939619545 0.003933429718017578 158
1679939621089 0.003933429718017578 159
1679939621266 0.003933429718017578 160
1679939622735 0.003933429718017578 161
1679939622941 0.003933429718017578 162
1679939624521 0.003933429718017578 163
1679939624737 0.003933429718017578 164
1679939626332 0.003933429718017578 165
1679939626505 0.003933429718017578 166
1679939628055 0.003933429718017578 167
1679939628255 0.003933429718017578 168
1679939629840 0.003933429718017578 169
1679939630067 0.003933429718017578 170
1679939631792 0.003933429718017578 171
1679939631980 0.003933429718017578 172
1679939633594 0.003933429718017578 173
1679939633813 0.003933429718017578 174
1679939635439 0.003933429718017578 175
1679939635667 0.003933429718017578 176
1679939637294 0.003933429718017578 177
1679939637471 0.003933429718017578 178
1679939638997 0.003933429718017578 179
1679939639215 0.003933429718017578 180
1679939640869 0.003933429718017578 181
1679939641090 0.003933429718017578 182
1679939642700 0.003933429718017578 183
1679939642877 0.003933429718017578 184
1679939644366 0.003933429718017578 185
1679939644638 0.003933429718017578 186
1679939646296 0.003933429718017578 187
1679939646519 0.003933429718017578 188
1679939648223 0.003933429718017578 189
1679939648407 0.003933429718017578 190
1679939649916 0.003933429718017578 191
1679939650140 0.003933429718017578 192
1679939651909 0.003933429718017578 193
1679939652124 0.003933429718017578 194
1679939653840 0.003933429718017578 195
1679939654020 0.003933429718017578 196
1679939655533 0.003933429718017578 197
1679939655757 0.003933429718017578 198
1679939657345 0.003933429718017578 199
1679939657561 0.003933429718017578 200
1679939659118 0.003933429718017578 201
1679939659297 0.003933429718017578 202
1679939660775 0.003933429718017578 203
1679939660981 0.003933429718017578 204
1679939662521 0.003933429718017578 205
1679939662729 0.003933429718017578 206
1679939664256 0.003933429718017578 207
1679939664439 0.003933429718017578 208
1679939665921 0.003933429718017578 209
1679939666130 0.003933429718017578 210
1679939667706 0.003933429718017578 211
1679939667914 0.003933429718017578 212
1679939669466 0.003933429718017578 213
1679939669642 0.003933429718017578 214
1679939671089 0.003933429718017578 215
1679939671294 0.003933429718017578 216
1679939672786 0.003933429718017578 217
1679939672994 0.003933429718017578 218
1679939674540 0.003933429718017578 219
1679939674719 0.003933429718017578 220
1679939676169 0.003933429718017578 221
1679939676369 0.003933429718017578 222
1679939677947 0.003933429718017578 223
1679939678155 0.003933429718017578 224
1679939679861 0.003933429718017578 225
1679939680039 0.003933429718017578 226
1679939681538 0.003933429718017578 227
1679939681742 0.003933429718017578 228
1679939683315 0.003933429718017578 229
1679939683547 0.003933429718017578 230
1679939685136 0.003933429718017578 231
1679939685321 0.003933429718017578 232
1679939686840 0.003933429718017578 233
1679939687063 0.003933429718017578 234
1679939688666 0.003933429718017578 235
1679939688886 0.003933429718017578 236
1679939690459 0.003933429718017578 237
1679939690650 0.003933429718017578 238
1679939692144 0.003933429718017578 239
1679939692347 0.003933429718017578 240
1679939693939 0.003933429718017578 241
1679939694156 0.003933429718017578 242
1679939695911 0.003933429718017578 243
1679939696115 0.003933429718017578 244
1679939697720 0.003933429718017578 245
1679939697945 0.003933429718017578 246
1679939699695 0.003933429718017578 247
1679939699935 0.003933429718017578 248
1679939701607 0.003933429718017578 249
1679939701794 0.003933429718017578 250
1679939703313 0.003933429718017578 251
1679939703545 0.003933429718017578 252
1679939705247 0.003933429718017578 253
1679939705477 0.003933429718017578 254
1679939707321 0.003933429718017578 255
1679939707531 0.003933429718017578 256
1679939709150 0.003933429718017578 257
1679939709373 0.003933429718017578 258
1679939710959 0.003933429718017578 259
1679939711222 0.003933429718017578 260
1679939712764 0.003933429718017578 261
1679939712950 0.003933429718017578 262
1679939714459 0.003933429718017578 263
1679939714692 0.003933429718017578 264
1679939716269 0.003933429718017578 265
1679939716490 0.003933429718017578 266
1679939718139 0.003933429718017578 267
1679939718319 0.003933429718017578 268
1679939719790 0.003933429718017578 269
1679939720008 0.003933429718017578 270
1679939721609 0.003933429718017578 271
1679939721830 0.003933429718017578 272
1679939723423 0.003933429718017578 273
1679939723607 0.003933429718017578 274
1679939725094 0.003933429718017578 275
1679939725308 0.003933429718017578 276
1679939726954 0.003933429718017578 277
1679939727183 0.003933429718017578 278
1679939728827 0.003933429718017578 279
1679939729009 0.003933429718017578 280
1679939730541 0.003933429718017578 281
1679939730767 0.003933429718017578 282
1679939732463 0.003933429718017578 283
1679939732696 0.003933429718017578 284
1679939734376 0.003933429718017578 285
1679939734557 0.003933429718017578 286
1679939736132 0.003933429718017578 287
1679939736343 0.003933429718017578 288
1679939737976 0.003933429718017578 289
1679939738193 0.003933429718017578 290
1679939739770 0.003933429718017578 291
1679939739950 0.003933429718017578 292
1679939741461 0.003933429718017578 293
1679939741689 0.003933429718017578 294
1679939743273 0.003933429718017578 295
1679939743496 0.003933429718017578 296
1679939745257 0.003933429718017578 297
1679939745429 0.003933429718017578 298
1679939746983 0.003933429718017578 299
1679939747208 0.003933429718017578 300
1679939747347 0.003933429718017578 301
