1679774594787 18.240366458892822 1
1679774594992 18.437031030654907 2
1679774596322 19.767337799072266 3
1679774596525 19.97107768058777 4
1679774597754 21.201054096221924 5
1679774597949 21.396615266799927 6
1679774599248 22.692888498306274 7
1679774599443 22.886351823806763 8
1679774600791 24.235881567001343 9
1679774601001 24.44878077507019 10
1679774602335 25.775870323181152 11
1679774602555 25.994980096817017 12
1679774603912 27.3539137840271 13
1679774604133 27.571018934249878 14
1679774605463 28.90314221382141 15
1679774605763 29.203900814056396 16
1679774607035 30.478086233139038 17
1679774607239 30.684662342071533 18
1679774608515 31.957754135131836 19
1679774608716 32.157803535461426 20
1679774609971 33.41308665275574 21
1679774610266 33.7077579498291 22
1679774611463 34.90468144416809 23
1679774611662 35.107744216918945 24
1679774612859 36.30423164367676 25
1679774613058 36.503509521484375 26
1679774614277 37.72103714942932 27
1679774614479 37.92388319969177 28
1679774615830 39.27523708343506 29
1679774616064 39.49213695526123 30
1679774617324 40.765990257263184 31
1679774617519 40.96404719352722 32
1679774618776 42.218910932540894 33
1679774618987 42.430967807769775 34
1679774620335 43.773839712142944 35
1679774620533 43.97504997253418 36
1679774621815 45.256826877593994 37
1679774622024 45.46662425994873 38
1679774623323 46.764710903167725 39
1679774623526 46.964898109436035 40
1679774624882 48.321882009506226 41
1679774625116 48.55388021469116 42
1679774626404 49.84562945365906 43
1679774626616 50.05973815917969 44
1679774627862 51.30397081375122 45
1679774628104 51.524489879608154 46
1679774629354 52.7948739528656 47
1679774629574 53.00775647163391 48
1679774630891 54.33389759063721 49
1679774631100 54.54391956329346 50
1679774632434 55.868945360183716 51
1679774632653 56.09151220321655 52
1679774633967 57.39767074584961 53
1679774634227 57.638744831085205 54
1679774635663 59.09973216056824 55
1679774635900 59.33098554611206 56
1679774637246 60.68502926826477 57
1679774637445 60.885886430740356 58
1679774638721 62.155086278915405 59
1679774638937 62.37390208244324 60
1679774640239 63.67883276939392 61
1679774640548 63.98404788970947 62
1679774641851 65.28871488571167 63
1679774642100 65.52188014984131 64
1679774643380 66.81429934501648 65
1679774643591 67.02876353263855 66
1679774644870 68.30911254882812 67
1679774645166 68.59985303878784 68
1679774646429 69.86975502967834 69
1679774646640 70.0818932056427 70
1679774647934 71.37094688415527 71
1679774648153 71.59390354156494 72
1679774649460 72.90208578109741 73
1679774649667 73.10261869430542 74
1679774650945 74.38679313659668 75
1679774651147 74.58455801010132 76
1679774652395 75.83482098579407 77
1679774652600 76.03975439071655 78
1679774653841 77.28082609176636 79
1679774654075 77.50972104072571 80
1679774655458 78.89757251739502 81
1679774655665 79.10528016090393 82
1679774656981 80.42084336280823 83
1679774657194 80.63084053993225 84
1679774658488 81.92774868011475 85
1679774658745 82.15624022483826 86
1679774660131 83.5619568824768 87
1679774660367 83.80572056770325 88
1679774661675 85.10915565490723 89
1679774661910 85.34085631370544 90
1679774663296 86.73037338256836 91
1679774663516 86.95082569122314 92
1679774664904 88.33667850494385 93
1679774665134 88.56692123413086 94
1679774666624 90.05966591835022 95
1679774666841 90.27976036071777 96
1679774668099 91.54176425933838 97
1679774668300 91.74183797836304 98
1679774669548 92.98871207237244 99
1679774669785 93.19467091560364 100
1679774671110 94.54980444908142 101
1679774671324 94.76177859306335 102
1679774672536 95.96893334388733 103
1679774672750 96.18783164024353 104
1679774673971 97.41090416908264 105
1679774674178 97.61666703224182 106
1679774675442 98.87767720222473 107
1679774675733 99.17281603813171 108
1679774676999 100.43666553497314 109
1679774677212 100.64964461326599 110
1679774678484 101.91975164413452 111
1679774678705 102.13380146026611 112
1679774679991 103.42856121063232 113
1679774680206 103.63970351219177 114
1679774681594 105.0312659740448 115
1679774681828 105.249755859375 116
1679774683098 106.53627228736877 117
1679774683356 106.76749205589294 118
1679774684638 108.07743000984192 119
1679774684848 108.28563404083252 120
1679774686221 109.65572142601013 121
1679774686436 109.87353682518005 122
1679774687717 111.14972281455994 123
1679774687959 111.39224100112915 124
1679774689244 112.6797525882721 125
1679774689473 112.9129490852356 126
1679774690808 114.24425101280212 127
1679774691009 114.44958305358887 128
1679774692349 115.78058981895447 129
1679774692570 115.99960446357727 130
1679774693896 117.3251519203186 131
1679774694142 117.57000827789307 132
1679774695489 118.91799187660217 133
1679774695758 119.1717619895935 134
1679774697191 120.62895393371582 135
1679774697407 120.84170866012573 136
1679774698689 122.12697172164917 137
1679774698905 122.34171795845032 138
1679774700218 123.65570163726807 139
1679774700432 123.86972236633301 140
1679774701817 125.24971628189087 141
1679774702044 125.48269200325012 142
1679774703318 126.75651502609253 143
1679774703532 126.96375799179077 144
1679774704813 128.2489619255066 145
1679774705085 128.47454833984375 146
1679774706358 129.79560232162476 147
1679774706651 130.08584427833557 148
1679774707934 131.36956477165222 149
1679774708152 131.58738040924072 150
1679774709404 132.8428316116333 151
1679774709610 133.04404640197754 152
1679774710841 134.27664709091187 153
1679774711096 134.4849569797516 154
1679774712412 135.8468201160431 155
1679774712615 136.05073022842407 156
1679774713834 137.26965641975403 157
1679774714056 137.49155259132385 158
1679774715347 138.77644968032837 159
1679774715558 138.99179410934448 160
1679774716903 140.33709287643433 161
1679774717115 140.5499131679535 162
1679774718376 141.80089044570923 163
1679774718588 142.01658844947815 164
1679774719858 143.2928967475891 165
1679774720137 143.5549280643463 166
1679774721650 145.08656215667725 167
1679774721861 145.29585361480713 168
1679774723215 146.63675570487976 169
1679774723486 146.8978888988495 170
1679774724861 148.28954648971558 171
1679774725110 148.5373260974884 172
1679774726496 149.92463374137878 173
1679774726730 150.1596484184265 174
1679774728148 151.58283066749573 175
1679774728361 151.79764199256897 176
1679774729681 153.11558365821838 177
1679774729885 153.32166743278503 178
1679774731117 154.55363273620605 179
1679774731334 154.76670265197754 180
1679774732660 156.09184885025024 181
1679774732875 156.30890774726868 182
1679774734127 157.5611515045166 183
1679774734349 157.7774600982666 184
1679774735659 159.0927894115448 185
1679774735900 159.32480692863464 186
1679774737207 160.63486194610596 187
1679774737511 160.94754147529602 188
1679774738825 162.25652742385864 189
1679774739059 162.48886108398438 190
1679774740338 163.77160358428955 191
1679774740562 163.99362063407898 192
1679774741858 165.29064059257507 193
1679774742089 165.52362608909607 194
1679774743441 166.8752737045288 195
1679774743657 167.08885550498962 196
1679774744960 168.3937406539917 197
1679774745175 168.60760736465454 198
1679774746490 169.9187729358673 199
1679774746731 170.15662813186646 200
1679774748096 171.52859592437744 201
1679774748319 171.75262069702148 202
1679774749594 173.0264778137207 203
1679774749808 173.2374927997589 204
1679774751031 174.46559929847717 205
1679774751243 174.6774604320526 206
1679774752589 176.0175018310547 207
1679774752871 176.25562500953674 208
1679774754255 177.67772603034973 209
1679774754515 177.93960046768188 210
1679774755870 179.29536199569702 211
1679774756103 179.52959179878235 212
1679774757421 180.85207724571228 213
1679774757731 181.15856051445007 214
1679774759053 182.477388381958 215
1679774759267 182.69743394851685 216
1679774760543 183.97705817222595 217
1679774760758 184.1895341873169 218
1679774762058 185.4888186454773 219
1679774762276 185.70647501945496 220
1679774763655 187.0846951007843 221
1679774763892 187.31649732589722 222
1679774765194 188.62551474571228 223
1679774765422 188.8527114391327 224
1679774766709 190.13461637496948 225
1679774766939 190.36450815200806 226
1679774768263 191.69094252586365 227
1679774768574 192.0005910396576 228
1679774769839 193.26945066452026 229
1679774770071 193.47860503196716 230
1679774771323 194.74597692489624 231
1679774771563 194.99014329910278 232
1679774772846 196.2784640789032 233
1679774773134 196.56945061683655 234
1679774774396 197.8287341594696 235
1679774774611 198.04261350631714 236
1679774775910 199.33377957344055 237
1679774776178 199.56839871406555 238
1679774777496 200.92348432540894 239
1679774777747 201.17345786094666 240
1679774779118 202.54763913154602 241
1679774779340 202.7634768486023 242
1679774780627 204.0575249195099 243
1679774780844 204.27008390426636 244
1679774782226 205.644446849823 245
1679774782505 205.89024686813354 246
1679774783975 207.39646244049072 247
1679774784217 207.64262628555298 248
1679774785573 208.99434185028076 249
1679774785810 209.23561811447144 250
1679774787169 210.6015248298645 251
1679774787385 210.813978433609 252
1679774788779 212.20946550369263 253
1679774789003 212.43353581428528 254
1679774790264 213.69723796844482 255
1679774790471 213.90268850326538 256
1679774791711 215.1424753665924 257
1679774791919 215.34949684143066 258
1679774793131 216.55945920944214 259
1679774793355 216.77444410324097 260
1679774794724 218.14943027496338 261
1679774794974 218.3825511932373 262
1679774796248 219.67541694641113 263
1679774796468 219.89643263816833 264
1679774797749 221.17636060714722 265
1679774797964 221.39056420326233 266
1679774799341 222.77352285385132 267
1679774799595 223.0074324607849 268
1679774800911 224.34047055244446 269
1679774801140 224.56638431549072 270
1679774802451 225.8805627822876 271
1679774802671 226.1006133556366 272
1679774803963 227.39554738998413 273
1679774804261 227.6916205883026 274
1679774805554 228.98452949523926 275
1679774805836 229.2155725955963 276
1679774807143 230.57342743873596 277
1679774807372 230.80139660835266 278
1679774808686 232.11467695236206 279
1679774808996 232.42447304725647 280
1679774810257 233.6899061203003 281
1679774810467 233.89540076255798 282
1679774811733 235.1644995212555 283
1679774811966 235.3825364112854 284
1679774813288 236.71164345741272 285
1679774813540 236.94693517684937 286
1679774814982 238.40548467636108 287
1679774815222 238.64542746543884 288
1679774816583 240.00075340270996 289
1679774816826 240.24985146522522 290
1679774818173 241.59937953948975 291
1679774818394 241.82551980018616 292
1679774819793 243.2224109172821 293
1679774820007 243.43633031845093 294
1679774821289 244.71494483947754 295
1679774821507 244.93667602539062 296
1679774822775 246.20644211769104 297
1679774823024 246.4245641231537 298
1679774824369 247.80144262313843 299
1679774824605 248.03458523750305 300
1679774824751 248.1805601119995 301
