1679774594786 1679774594.0 1
1679774594991 1679774594.0 2
1679774596320 1679774596.0 3
1679774596524 1679774596.0 4
1679774597752 1679774597.0 5
1679774597948 1679774597.0 6
1679774599246 1679774599.0 7
1679774599442 1679774599.0 8
1679774600789 1679774600.0 9
1679774601000 1679774600.0 10
1679774602334 1679774602.0 11
1679774602553 1679774602.0 12
1679774603911 1679774603.0 13
1679774604132 1679774604.0 14
1679774605461 1679774605.0 15
1679774605762 1679774605.0 16
1679774607033 1679774606.0 17
1679774607238 1679774607.0 18
1679774608514 1679774608.0 19
1679774608715 1679774608.0 20
1679774609968 1679774609.0 21
1679774610264 1679774610.0 22
1679774611462 1679774611.0 23
1679774611660 1679774611.0 24
1679774612857 1679774612.0 25
1679774613056 1679774613.0 26
1679774614276 1679774614.0 27
1679774614478 1679774614.0 28
1679774615829 1679774615.0 29
1679774616063 1679774616.0 30
1679774617321 1679774617.0 31
1679774617518 1679774617.0 32
1679774618774 1679774618.0 33
1679774618986 1679774618.0 34
1679774620334 1679774620.0 35
1679774620532 1679774620.0 36
1679774621813 1679774621.0 37
1679774622022 1679774621.0 38
1679774623322 1679774623.0 39
1679774623525 1679774623.0 40
1679774624881 1679774624.0 41
1679774625114 1679774625.0 42
1679774626403 1679774626.0 43
1679774626615 1679774626.0 44
1679774627861 1679774627.0 45
1679774628103 1679774628.0 46
1679774629353 1679774629.0 47
1679774629573 1679774629.0 48
1679774630890 1679774630.0 49
1679774631099 1679774631.0 50
1679774632433 1679774632.0 51
1679774632652 1679774632.0 52
1679774633965 1679774633.0 53
1679774634226 1679774634.0 54
1679774635661 1679774635.0 55
1679774635897 1679774635.0 56
1679774637245 1679774637.0 57
1679774637444 1679774637.0 58
1679774638719 1679774638.0 59
1679774638935 1679774638.0 60
1679774640238 1679774640.0 61
1679774640547 1679774640.0 62
1679774641849 1679774641.0 63
1679774642099 1679774642.0 64
1679774643378 1679774643.0 65
1679774643590 1679774643.0 66
1679774644869 1679774644.0 67
1679774645165 1679774645.0 68
1679774646427 1679774646.0 69
1679774646639 1679774646.0 70
1679774647933 1679774647.0 71
1679774648152 1679774648.0 72
1679774649459 1679774649.0 73
1679774649665 1679774649.0 74
1679774650943 1679774650.0 75
1679774651145 1679774651.0 76
1679774652393 1679774652.0 77
1679774652599 1679774652.0 78
1679774653839 1679774653.0 79
1679774654074 1679774654.0 80
1679774655457 1679774655.0 81
1679774655664 1679774655.0 82
1679774656979 1679774656.0 83
1679774657193 1679774657.0 84
1679774658486 1679774658.0 85
1679774658743 1679774658.0 86
1679774660129 1679774660.0 87
1679774660365 1679774660.0 88
1679774661673 1679774661.0 89
1679774661908 1679774661.0 90
1679774663295 1679774663.0 91
1679774663514 1679774663.0 92
1679774664902 1679774664.0 93
1679774665133 1679774665.0 94
1679774666623 1679774666.0 95
1679774666839 1679774666.0 96
1679774668098 1679774668.0 97
1679774668298 1679774668.0 98
1679774669546 1679774669.0 99
1679774669784 1679774669.0 100
1679774671109 1679774671.0 101
1679774671322 1679774671.0 102
1679774672535 1679774672.0 103
1679774672748 1679774672.0 104
1679774673970 1679774673.0 105
1679774674177 1679774674.0 106
1679774675440 1679774675.0 107
1679774675732 1679774675.0 108
1679774676997 1679774676.0 109
1679774677211 1679774677.0 110
1679774678483 1679774678.0 111
1679774678704 1679774678.0 112
1679774679989 1679774679.0 113
1679774680204 1679774680.0 114
1679774681593 1679774681.0 115
1679774681826 1679774681.0 116
1679774683097 1679774683.0 117
1679774683355 1679774683.0 118
1679774684637 1679774684.0 119
1679774684847 1679774684.0 120
1679774686220 1679774686.0 121
1679774686434 1679774686.0 122
1679774687715 1679774687.0 123
1679774687957 1679774687.0 124
1679774689243 1679774689.0 125
1679774689472 1679774689.0 126
1679774690807 1679774690.0 127
1679774691008 1679774690.0 128
1679774692348 1679774692.0 129
1679774692569 1679774692.0 130
1679774693894 1679774693.0 131
1679774694141 1679774694.0 132
1679774695486 1679774695.0 133
1679774695757 1679774695.0 134
1679774697190 1679774697.0 135
1679774697405 1679774697.0 136
1679774698688 1679774698.0 137
1679774698904 1679774698.0 138
1679774700216 1679774700.0 139
1679774700430 1679774700.0 140
1679774701816 1679774701.0 141
1679774702044 1679774701.0 142
1679774703317 1679774703.0 143
1679774703530 1679774703.0 144
1679774704810 1679774704.0 145
1679774705084 1679774704.0 146
1679774706356 1679774706.0 147
1679774706650 1679774706.0 148
1679774707933 1679774707.0 149
1679774708151 1679774708.0 150
1679774709402 1679774709.0 151
1679774709608 1679774709.0 152
1679774710840 1679774710.0 153
1679774711094 1679774710.0 154
1679774712410 1679774712.0 155
1679774712613 1679774712.0 156
1679774713832 1679774713.0 157
1679774714054 1679774714.0 158
1679774715346 1679774715.0 159
1679774715556 1679774715.0 160
1679774716901 1679774716.0 161
1679774717114 1679774717.0 162
1679774718374 1679774718.0 163
1679774718587 1679774718.0 164
1679774719856 1679774719.0 165
1679774720136 1679774720.0 166
1679774721649 1679774721.0 167
1679774721859 1679774721.0 168
1679774723213 1679774723.0 169
1679774723485 1679774723.0 170
1679774724859 1679774724.0 171
1679774725109 1679774725.0 172
1679774726494 1679774726.0 173
1679774726729 1679774726.0 174
1679774728147 1679774728.0 175
1679774728360 1679774728.0 176
1679774729679 1679774729.0 177
1679774729884 1679774729.0 178
1679774731115 1679774731.0 179
1679774731333 1679774731.0 180
1679774732658 1679774732.0 181
1679774732873 1679774732.0 182
1679774734126 1679774734.0 183
1679774734347 1679774734.0 184
1679774735658 1679774735.0 185
1679774735898 1679774735.0 186
1679774737206 1679774737.0 187
1679774737509 1679774737.0 188
1679774738823 1679774738.0 189
1679774739057 1679774739.0 190
1679774740336 1679774740.0 191
1679774740561 1679774740.0 192
1679774741856 1679774741.0 193
1679774742088 1679774742.0 194
1679774743439 1679774743.0 195
1679774743656 1679774743.0 196
1679774744958 1679774744.0 197
1679774745173 1679774745.0 198
1679774746489 1679774746.0 199
1679774746730 1679774746.0 200
1679774748095 1679774748.0 201
1679774748317 1679774748.0 202
1679774749592 1679774749.0 203
1679774749806 1679774749.0 204
1679774751029 1679774750.0 205
1679774751242 1679774751.0 206
1679774752588 1679774752.0 207
1679774752868 1679774752.0 208
1679774754254 1679774754.0 209
1679774754513 1679774754.0 210
1679774755869 1679774755.0 211
1679774756102 1679774756.0 212
1679774757419 1679774757.0 213
1679774757729 1679774757.0 214
1679774759052 1679774758.0 215
1679774759266 1679774759.0 216
1679774760541 1679774760.0 217
1679774760757 1679774760.0 218
1679774762057 1679774762.0 219
1679774762275 1679774762.0 220
1679774763654 1679774763.0 221
1679774763891 1679774763.0 222
1679774765192 1679774765.0 223
1679774765421 1679774765.0 224
1679774766707 1679774766.0 225
1679774766938 1679774766.0 226
1679774768262 1679774768.0 227
1679774768573 1679774768.0 228
1679774769838 1679774769.0 229
1679774770069 1679774769.0 230
1679774771322 1679774771.0 231
1679774771562 1679774771.0 232
1679774772844 1679774772.0 233
1679774773133 1679774773.0 234
1679774774394 1679774774.0 235
1679774774609 1679774774.0 236
1679774775908 1679774775.0 237
1679774776177 1679774776.0 238
1679774777495 1679774777.0 239
1679774777746 1679774777.0 240
1679774779116 1679774779.0 241
1679774779338 1679774779.0 242
1679774780626 1679774780.0 243
1679774780843 1679774780.0 244
1679774782224 1679774782.0 245
1679774782503 1679774782.0 246
1679774783973 1679774783.0 247
1679774784216 1679774784.0 248
1679774785571 1679774785.0 249
1679774785809 1679774785.0 250
1679774787168 1679774787.0 251
1679774787383 1679774787.0 252
1679774788778 1679774788.0 253
1679774789002 1679774788.0 254
1679774790262 1679774790.0 255
1679774790470 1679774790.0 256
1679774791709 1679774791.0 257
1679774791918 1679774791.0 258
1679774793129 1679774793.0 259
1679774793353 1679774793.0 260
1679774794723 1679774794.0 261
1679774794972 1679774794.0 262
1679774796247 1679774796.0 263
1679774796467 1679774796.0 264
1679774797747 1679774797.0 265
1679774797963 1679774797.0 266
1679774799339 1679774799.0 267
1679774799594 1679774799.0 268
1679774800909 1679774800.0 269
1679774801139 1679774801.0 270
1679774802450 1679774802.0 271
1679774802669 1679774802.0 272
1679774803961 1679774803.0 273
1679774804259 1679774804.0 274
1679774805553 1679774805.0 275
1679774805835 1679774805.0 276
1679774807141 1679774807.0 277
1679774807370 1679774807.0 278
1679774808685 1679774808.0 279
1679774808995 1679774808.0 280
1679774810256 1679774810.0 281
1679774810465 1679774810.0 282
1679774811731 1679774811.0 283
1679774811965 1679774811.0 284
1679774813286 1679774813.0 285
1679774813539 1679774813.0 286
1679774814981 1679774814.0 287
1679774815221 1679774815.0 288
1679774816581 1679774816.0 289
1679774816824 1679774816.0 290
1679774818172 1679774818.0 291
1679774818393 1679774818.0 292
1679774819791 1679774819.0 293
1679774820005 1679774819.0 294
1679774821288 1679774821.0 295
1679774821505 1679774821.0 296
1679774822774 1679774822.0 297
1679774823022 1679774822.0 298
1679774824367 1679774824.0 299
1679774824603 1679774824.0 300
1679774824749 1679774824.0 301
