1679774594795 0.003948211669921875 1
1679774595000 0.003948211669921875 2
1679774596329 0.003948211669921875 3
1679774596532 0.003948211669921875 4
1679774597761 0.003948211669921875 5
1679774597964 0.003948211669921875 6
1679774599255 0.003948211669921875 7
1679774599451 0.003948211669921875 8
1679774600798 0.003948211669921875 9
1679774601009 0.003948211669921875 10
1679774602341 0.003948211669921875 11
1679774602562 0.003948211669921875 12
1679774603919 0.003948211669921875 13
1679774604139 0.003948211669921875 14
1679774605471 0.003948211669921875 15
1679774605771 0.003948211669921875 16
1679774607044 0.003948211669921875 17
1679774607246 0.003948211669921875 18
1679774608522 0.003948211669921875 19
1679774608725 0.003948211669921875 20
1679774609977 0.003948211669921875 21
1679774610273 0.003948211669921875 22
1679774611470 0.003948211669921875 23
1679774611669 0.003948211669921875 24
1679774612866 0.003948211669921875 25
1679774613064 0.003948211669921875 26
1679774614285 0.003948211669921875 27
1679774614488 0.003948211669921875 28
1679774615839 0.003948211669921875 29
1679774616072 0.003948211669921875 30
1679774617332 0.003948211669921875 31
1679774617527 0.003948211669921875 32
1679774618782 0.003948211669921875 33
1679774618994 0.003948211669921875 34
1679774620342 0.003948211669921875 35
1679774620540 0.003948211669921875 36
1679774621822 0.003948211669921875 37
1679774622030 0.003948211669921875 38
1679774623330 0.003948211669921875 39
1679774623532 0.003948211669921875 40
1679774624889 0.003948211669921875 41
1679774625124 0.003948211669921875 42
1679774626413 0.003948211669921875 43
1679774626624 0.003948211669921875 44
1679774627869 0.003948211669921875 45
1679774628111 0.003948211669921875 46
1679774629361 0.003948211669921875 47
1679774629584 0.003948211669921875 48
1679774630899 0.003948211669921875 49
1679774631107 0.003948211669921875 50
1679774632441 0.003948211669921875 51
1679774632660 0.003948211669921875 52
1679774633975 0.003948211669921875 53
1679774634236 0.003948211669921875 54
1679774635672 0.003948211669921875 55
1679774635909 0.003948211669921875 56
1679774637254 0.003948211669921875 57
1679774637452 0.003948211669921875 58
1679774638728 0.003948211669921875 59
1679774638945 0.003948211669921875 60
1679774640247 0.003948211669921875 61
1679774640555 0.003948211669921875 62
1679774641859 0.003948211669921875 63
1679774642108 0.003948211669921875 64
1679774643387 0.003948211669921875 65
1679774643598 0.003948211669921875 66
1679774644878 0.003948211669921875 67
1679774645173 0.003948211669921875 68
1679774646435 0.003948211669921875 69
1679774646647 0.003948211669921875 70
1679774647942 0.003948211669921875 71
1679774648160 0.003948211669921875 72
1679774649467 0.003948211669921875 73
1679774649674 0.003948211669921875 74
1679774650952 0.003948211669921875 75
1679774651155 0.003948211669921875 76
1679774652402 0.003948211669921875 77
1679774652607 0.003948211669921875 78
1679774653848 0.003948211669921875 79
1679774654081 0.003948211669921875 80
1679774655466 0.003948211669921875 81
1679774655672 0.003948211669921875 82
1679774656988 0.003948211669921875 83
1679774657202 0.003948211669921875 84
1679774658495 0.003948211669921875 85
1679774658751 0.003948211669921875 86
1679774660138 0.003948211669921875 87
1679774660374 0.003948211669921875 88
1679774661684 0.003948211669921875 89
1679774661920 0.003948211669921875 90
1679774663304 0.003948211669921875 91
1679774663522 0.003948211669921875 92
1679774664912 0.003948211669921875 93
1679774665142 0.003948211669921875 94
1679774666632 0.003948211669921875 95
1679774666848 0.003948211669921875 96
1679774668106 0.003948211669921875 97
1679774668306 0.003948211669921875 98
1679774669555 0.003948211669921875 99
1679774669792 0.003948211669921875 100
1679774671117 0.003948211669921875 101
1679774671331 0.003948211669921875 102
1679774672543 0.003948211669921875 103
1679774672756 0.003948211669921875 104
1679774673978 0.003948211669921875 105
1679774674185 0.003948211669921875 106
1679774675448 0.003948211669921875 107
1679774675742 0.003948211669921875 108
1679774677006 0.003948211669921875 109
1679774677220 0.003948211669921875 110
1679774678491 0.003948211669921875 111
1679774678712 0.003948211669921875 112
1679774679997 0.003948211669921875 113
1679774680213 0.003948211669921875 114
1679774681601 0.003948211669921875 115
1679774681834 0.003948211669921875 116
1679774683106 0.003948211669921875 117
1679774683363 0.003948211669921875 118
1679774684646 0.003948211669921875 119
1679774684855 0.003948211669921875 120
1679774686228 0.003948211669921875 121
1679774686443 0.003948211669921875 122
1679774687724 0.003948211669921875 123
1679774687965 0.003948211669921875 124
1679774689252 0.003948211669921875 125
1679774689487 0.003948211669921875 126
1679774690816 0.003948211669921875 127
1679774691016 0.003948211669921875 128
1679774692358 0.003948211669921875 129
1679774692577 0.003948211669921875 130
1679774693905 0.003948211669921875 131
1679774694150 0.003948211669921875 132
1679774695496 0.003948211669921875 133
1679774695765 0.003948211669921875 134
1679774697198 0.003948211669921875 135
1679774697414 0.003948211669921875 136
1679774698696 0.003948211669921875 137
1679774698912 0.003948211669921875 138
1679774700227 0.003948211669921875 139
1679774700439 0.003948211669921875 140
1679774701824 0.003948211669921875 141
1679774702051 0.003948211669921875 142
1679774703325 0.003948211669921875 143
1679774703538 0.003948211669921875 144
1679774704820 0.003948211669921875 145
1679774705092 0.003948211669921875 146
1679774706364 0.003948211669921875 147
1679774706659 0.003948211669921875 148
1679774707941 0.003948211669921875 149
1679774708159 0.003948211669921875 150
1679774709411 0.003948211669921875 151
1679774709617 0.003948211669921875 152
1679774710848 0.003948211669921875 153
1679774711104 0.003948211669921875 154
1679774712417 0.003948211669921875 155
1679774712621 0.003948211669921875 156
1679774713840 0.003948211669921875 157
1679774714063 0.003948211669921875 158
1679774715354 0.003948211669921875 159
1679774715564 0.003948211669921875 160
1679774716910 0.003948211669921875 161
1679774717122 0.003948211669921875 162
1679774718383 0.003948211669921875 163
1679774718596 0.003948211669921875 164
1679774719865 0.003948211669921875 165
1679774720144 0.003948211669921875 166
1679774721657 0.003948211669921875 167
1679774721870 0.003948211669921875 168
1679774723224 0.003948211669921875 169
1679774723494 0.003948211669921875 170
1679774724868 0.003948211669921875 171
1679774725117 0.003948211669921875 172
1679774726503 0.003948211669921875 173
1679774726738 0.003948211669921875 174
1679774728156 0.003948211669921875 175
1679774728368 0.003948211669921875 176
1679774729688 0.003948211669921875 177
1679774729893 0.003948211669921875 178
1679774731125 0.003948211669921875 179
1679774731341 0.003948211669921875 180
1679774732667 0.003948211669921875 181
1679774732882 0.003948211669921875 182
1679774734134 0.003948211669921875 183
1679774734357 0.003948211669921875 184
1679774735666 0.003948211669921875 185
1679774735907 0.003948211669921875 186
1679774737214 0.003948211669921875 187
1679774737518 0.003948211669921875 188
1679774738832 0.003948211669921875 189
1679774739065 0.003948211669921875 190
1679774740345 0.003948211669921875 191
1679774740570 0.003948211669921875 192
1679774741865 0.003948211669921875 193
1679774742096 0.003948211669921875 194
1679774743448 0.003948211669921875 195
1679774743663 0.003948211669921875 196
1679774744966 0.003948211669921875 197
1679774745181 0.003948211669921875 198
1679774746497 0.003948211669921875 199
1679774746740 0.003948211669921875 200
1679774748102 0.003948211669921875 201
1679774748327 0.003948211669921875 202
1679774749601 0.003948211669921875 203
1679774749815 0.003948211669921875 204
1679774751038 0.003948211669921875 205
1679774751250 0.003948211669921875 206
1679774752596 0.003948211669921875 207
1679774752878 0.003948211669921875 208
1679774754262 0.003948211669921875 209
1679774754524 0.003948211669921875 210
1679774755878 0.003948211669921875 211
1679774756110 0.003948211669921875 212
1679774757427 0.003948211669921875 213
1679774757738 0.003948211669921875 214
1679774759060 0.003948211669921875 215
1679774759274 0.003948211669921875 216
1679774760550 0.003948211669921875 217
1679774760765 0.003948211669921875 218
1679774762064 0.003948211669921875 219
1679774762283 0.003948211669921875 220
1679774763662 0.003948211669921875 221
1679774763899 0.003948211669921875 222
1679774765202 0.003948211669921875 223
1679774765430 0.003948211669921875 224
1679774766716 0.003948211669921875 225
1679774766947 0.003948211669921875 226
1679774768271 0.003948211669921875 227
1679774768582 0.003948211669921875 228
1679774769846 0.003948211669921875 229
1679774770079 0.003948211669921875 230
1679774771330 0.003948211669921875 231
1679774771570 0.003948211669921875 232
1679774772853 0.003948211669921875 233
1679774773143 0.003948211669921875 234
1679774774403 0.003948211669921875 235
1679774774618 0.003948211669921875 236
1679774775919 0.003948211669921875 237
1679774776186 0.003948211669921875 238
1679774777504 0.003948211669921875 239
1679774777754 0.003948211669921875 240
1679774779125 0.003948211669921875 241
1679774779347 0.003948211669921875 242
1679774780633 0.003948211669921875 243
1679774780851 0.003948211669921875 244
1679774782233 0.003948211669921875 245
1679774782512 0.003948211669921875 246
1679774783982 0.003948211669921875 247
1679774784225 0.003948211669921875 248
1679774785583 0.003948211669921875 249
1679774785818 0.003948211669921875 250
1679774787177 0.003948211669921875 251
1679774787393 0.003948211669921875 252
1679774788787 0.003948211669921875 253
1679774789010 0.003948211669921875 254
1679774790271 0.003948211669921875 255
1679774790478 0.003948211669921875 256
1679774791717 0.003948211669921875 257
1679774791926 0.003948211669921875 258
1679774793137 0.003948211669921875 259
1679774793361 0.003948211669921875 260
1679774794731 0.003948211669921875 261
1679774794981 0.003948211669921875 262
1679774796255 0.003948211669921875 263
1679774796476 0.003948211669921875 264
1679774797755 0.003948211669921875 265
1679774797971 0.003948211669921875 266
1679774799348 0.003948211669921875 267
1679774799602 0.003948211669921875 268
1679774800917 0.003948211669921875 269
1679774801148 0.003948211669921875 270
1679774802458 0.003948211669921875 271
1679774802679 0.003948211669921875 272
1679774803970 0.003948211669921875 273
1679774804268 0.003948211669921875 274
1679774805561 0.003948211669921875 275
1679774805843 0.003948211669921875 276
1679774807149 0.003948211669921875 277
1679774807379 0.003948211669921875 278
1679774808692 0.003948211669921875 279
1679774809003 0.003948211669921875 280
1679774810264 0.003948211669921875 281
1679774810473 0.003948211669921875 282
1679774811739 0.003948211669921875 283
1679774811974 0.003948211669921875 284
1679774813296 0.003948211669921875 285
1679774813547 0.003948211669921875 286
1679774814989 0.003948211669921875 287
1679774815229 0.003948211669921875 288
1679774816589 0.003948211669921875 289
1679774816833 0.003948211669921875 290
1679774818180 0.003948211669921875 291
1679774818400 0.003948211669921875 292
1679774819799 0.003948211669921875 293
1679774820016 0.003948211669921875 294
1679774821297 0.003948211669921875 295
1679774821514 0.003948211669921875 296
1679774822782 0.003948211669921875 297
1679774823031 0.003948211669921875 298
1679774824375 0.003948211669921875 299
1679774824611 0.003948211669921875 300
1679774824758 0.003948211669921875 301
