1677084402485 1.0 1
1677084402653 2.0 2
1677084403619 3.0 3
1677084403771 4.0 4
1677084404854 5.0 5
1677084405011 6.0 6
1677084406113 7.0 7
1677084406283 8.0 8
1677084407424 9.0 9
1677084407600 10.0 10
1677084408733 11.0 11
1677084408906 12.0 12
1677084410043 13.0 13
1677084410227 14.0 14
1677084411361 15.0 15
1677084411548 16.0 16
1677084412752 17.0 17
1677084412939 18.0 18
1677084414026 19.0 19
1677084414201 20.0 20
1677084415322 21.0 21
1677084415490 22.0 22
1677084416513 23.0 23
1677084416678 24.0 24
1677084417692 25.0 25
1677084417861 26.0 26
1677084418994 27.0 27
1677084419161 28.0 28
1677084420242 29.0 29
1677084420411 30.0 30
1677084421425 31.0 31
1677084421596 32.0 32
1677084422633 33.0 33
1677084422809 34.0 34
1677084423867 35.0 35
1677084424030 36.0 36
1677084425069 37.0 37
1677084425238 38.0 38
1677084426335 39.0 39
1677084426500 40.0 40
1677084427548 41.0 41
1677084427726 42.0 42
1677084428710 43.0 43
1677084428877 44.0 44
1677084429904 45.0 45
1677084430080 46.0 46
1677084431092 47.0 47
1677084431261 48.0 48
1677084432332 49.0 49
1677084432516 50.0 50
1677084433549 51.0 51
1677084433718 52.0 52
1677084434754 53.0 53
1677084434921 54.0 54
1677084435936 55.0 55
1677084436102 56.0 56
1677084437144 57.0 57
1677084437317 58.0 58
1677084438351 59.0 59
1677084438531 60.0 60
1677084439639 61.0 61
1677084439809 62.0 62
1677084440895 63.0 63
1677084441072 64.0 64
1677084442194 65.0 65
1677084442370 66.0 66
1677084443458 67.0 67
1677084443641 68.0 68
1677084444727 69.0 69
1677084444909 70.0 70
1677084446039 71.0 71
1677084446193 72.0 72
1677084447175 73.0 73
1677084447344 74.0 74
1677084448374 75.0 75
1677084448543 76.0 76
1677084449560 77.0 77
1677084449736 78.0 78
1677084450787 79.0 79
1677084450961 80.0 80
1677084451982 81.0 81
1677084452217 82.0 82
1677084453235 83.0 83
1677084453397 84.0 84
1677084454425 85.0 85
1677084454590 86.0 86
1677084455630 87.0 87
1677084455793 88.0 88
1677084456797 89.0 89
1677084456964 90.0 90
1677084458054 91.0 91
1677084458219 92.0 92
1677084459326 93.0 93
1677084459493 94.0 94
1677084460539 95.0 95
1677084460703 96.0 96
1677084461720 97.0 97
1677084461884 98.0 98
1677084462906 99.0 99
1677084463075 100.0 100
1677084464085 101.0 101
1677084464247 102.0 102
1677084465272 103.0 103
1677084465517 104.0 104
1677084466549 105.0 105
1677084466716 106.0 106
1677084467756 107.0 107
1677084467922 108.0 108
1677084468944 109.0 109
1677084469110 110.0 110
1677084470202 111.0 111
1677084470385 112.0 112
1677084471534 113.0 113
1677084471709 114.0 114
1677084472984 115.0 115
1677084473167 116.0 116
1677084474280 117.0 117
1677084474466 118.0 118
1677084475543 119.0 119
1677084475710 120.0 120
1677084476770 121.0 121
1677084476954 122.0 122
1677084478028 123.0 123
1677084478195 124.0 124
1677084479208 125.0 125
1677084479452 126.0 126
1677084480492 127.0 127
1677084480657 128.0 128
1677084481658 129.0 129
1677084481823 130.0 130
1677084482917 131.0 131
1677084483091 132.0 132
1677084484124 133.0 133
1677084484287 134.0 134
1677084485321 135.0 135
1677084485487 136.0 136
1677084486573 137.0 137
1677084486738 138.0 138
1677084487797 139.0 139
1677084487971 140.0 140
1677084488998 141.0 141
1677084489167 142.0 142
1677084490205 143.0 143
1677084490375 144.0 144
1677084491415 145.0 145
1677084491594 146.0 146
1677084492624 147.0 147
1677084492872 148.0 148
1677084493885 149.0 149
1677084494051 150.0 150
1677084495078 151.0 151
1677084495274 152.0 152
1677084496296 153.0 153
1677084496464 154.0 154
1677084497482 155.0 155
1677084497652 156.0 156
1677084498700 157.0 157
1677084498881 158.0 158
1677084499972 159.0 159
1677084500145 160.0 160
1677084501159 161.0 161
1677084501330 162.0 162
1677084502363 163.0 163
1677084502535 164.0 164
1677084503591 165.0 165
1677084503762 166.0 166
1677084504766 167.0 167
1677084504916 168.0 168
1677084505954 169.0 169
1677084506205 170.0 170
1677084507199 171.0 171
1677084507367 172.0 172
1677084508436 173.0 173
1677084508605 174.0 174
1677084509638 175.0 175
1677084509811 176.0 176
1677084510849 177.0 177
1677084511029 178.0 178
1677084512054 179.0 179
1677084512230 180.0 180
1677084513368 181.0 181
1677084513537 182.0 182
1677084514576 183.0 183
1677084514753 184.0 184
1677084515791 185.0 185
1677084515969 186.0 186
1677084516984 187.0 187
1677084517156 188.0 188
1677084518216 189.0 189
1677084518379 190.0 190
1677084519375 191.0 191
1677084519616 192.0 192
1677084520600 193.0 193
1677084520774 194.0 194
1677084521797 195.0 195
1677084521972 196.0 196
1677084523013 197.0 197
1677084523189 198.0 198
1677084524243 199.0 199
1677084524413 200.0 200
1677084525468 201.0 201
1677084525637 202.0 202
1677084526745 203.0 203
1677084526919 204.0 204
1677084527970 205.0 205
1677084528146 206.0 206
1677084529217 207.0 207
1677084529392 208.0 208
1677084530447 209.0 209
1677084530618 210.0 210
1677084531696 211.0 211
1677084531868 212.0 212
1677084532885 213.0 213
1677084533146 214.0 214
1677084534184 215.0 215
1677084534355 216.0 216
1677084535354 217.0 217
1677084535529 218.0 218
1677084536669 219.0 219
1677084536844 220.0 220
1677084537920 221.0 221
1677084538102 222.0 222
1677084539122 223.0 223
1677084539301 224.0 224
1677084540396 225.0 225
1677084540574 226.0 226
1677084541668 227.0 227
1677084541837 228.0 228
1677084542885 229.0 229
1677084543060 230.0 230
1677084544057 231.0 231
1677084544228 232.0 232
1677084545263 233.0 233
1677084545451 234.0 234
1677084546452 235.0 235
1677084546700 236.0 236
1677084547728 237.0 237
1677084547912 238.0 238
1677084548925 239.0 239
1677084549101 240.0 240
1677084550086 241.0 241
1677084550269 242.0 242
1677084551274 243.0 243
1677084551449 244.0 244
1677084552476 245.0 245
1677084552659 246.0 246
1677084553771 247.0 247
1677084553979 248.0 248
1677084555001 249.0 249
1677084555181 250.0 250
1677084556232 251.0 251
1677084556412 252.0 252
1677084557432 253.0 253
1677084557602 254.0 254
1677084558630 255.0 255
1677084558803 256.0 256
1677084559828 257.0 257
1677084560089 258.0 258
1677084561165 259.0 259
1677084561338 260.0 260
1677084562345 261.0 261
1677084562519 262.0 262
1677084563560 263.0 263
1677084563734 264.0 264
1677084564725 265.0 265
1677084564904 266.0 266
1677084565964 267.0 267
1677084566139 268.0 268
1677084567253 269.0 269
1677084567428 270.0 270
1677084568470 271.0 271
1677084568642 272.0 272
1677084569655 273.0 273
1677084569827 274.0 274
1677084570875 275.0 275
1677084571049 276.0 276
1677084572134 277.0 277
1677084572304 278.0 278
1677084573344 279.0 279
1677084573592 280.0 280
1677084574607 281.0 281
1677084574789 282.0 282
1677084575814 283.0 283
1677084575994 284.0 284
1677084577024 285.0 285
1677084577215 286.0 286
1677084578299 287.0 287
1677084578489 288.0 288
1677084579526 289.0 289
1677084579704 290.0 290
1677084580823 291.0 291
1677084581003 292.0 292
1677084582082 293.0 293
1677084582274 294.0 294
1677084583367 295.0 295
1677084583538 296.0 296
1677084584559 297.0 297
1677084584740 298.0 298
1677084585778 299.0 299
1677084585955 300.0 300
1677084586131 301.0 301
