1677084402481 26660.0 1
1677084402650 26660.0 2
1677084403616 26660.0 3
1677084403769 26660.0 4
1677084404851 26660.0 5
1677084405007 26660.0 6
1677084406110 26660.0 7
1677084406279 26660.0 8
1677084407421 26660.0 9
1677084407597 26660.0 10
1677084408729 26660.0 11
1677084408902 26660.0 12
1677084410039 26660.0 13
1677084410223 26660.0 14
1677084411357 26660.0 15
1677084411545 26660.0 16
1677084412750 26660.0 17
1677084412935 26660.0 18
1677084414023 26660.0 19
1677084414198 26660.0 20
1677084415319 26660.0 21
1677084415486 26660.0 22
1677084416510 26660.0 23
1677084416675 26660.0 24
1677084417689 26660.0 25
1677084417858 26660.0 26
1677084418991 26660.0 27
1677084419157 26660.0 28
1677084420230 26660.0 29
1677084420407 26660.0 30
1677084421422 26660.0 31
1677084421592 26660.0 32
1677084422629 26660.0 33
1677084422805 26660.0 34
1677084423864 26660.0 35
1677084424025 26660.0 36
1677084425066 26660.0 37
1677084425235 26660.0 38
1677084426333 26660.0 39
1677084426496 26660.0 40
1677084427545 26660.0 41
1677084427722 26660.0 42
1677084428706 26660.0 43
1677084428874 26660.0 44
1677084429900 26660.0 45
1677084430076 26660.0 46
1677084431088 26660.0 47
1677084431257 26660.0 48
1677084432328 26660.0 49
1677084432512 26660.0 50
1677084433545 26660.0 51
1677084433714 26660.0 52
1677084434750 26660.0 53
1677084434917 26660.0 54
1677084435933 26660.0 55
1677084436099 26660.0 56
1677084437141 26660.0 57
1677084437313 26660.0 58
1677084438348 26660.0 59
1677084438528 26660.0 60
1677084439636 26660.0 61
1677084439805 26660.0 62
1677084440891 26660.0 63
1677084441068 26660.0 64
1677084442190 26660.0 65
1677084442367 26660.0 66
1677084443454 26660.0 67
1677084443634 26660.0 68
1677084444723 26660.0 69
1677084444906 26660.0 70
1677084446035 26660.0 71
1677084446189 26660.0 72
1677084447171 26660.0 73
1677084447341 26660.0 74
1677084448370 26660.0 75
1677084448540 26660.0 76
1677084449556 26660.0 77
1677084449731 26660.0 78
1677084450784 26660.0 79
1677084450957 26660.0 80
1677084451978 26660.0 81
1677084452214 26660.0 82
1677084453231 26660.0 83
1677084453392 26660.0 84
1677084454421 26660.0 85
1677084454586 26660.0 86
1677084455625 26660.0 87
1677084455790 26660.0 88
1677084456793 26660.0 89
1677084456961 26660.0 90
1677084458050 26660.0 91
1677084458216 26660.0 92
1677084459323 26660.0 93
1677084459489 26660.0 94
1677084460534 26660.0 95
1677084460700 26660.0 96
1677084461717 26660.0 97
1677084461881 26660.0 98
1677084462901 26660.0 99
1677084463071 26660.0 100
1677084464082 26660.0 101
1677084464243 26660.0 102
1677084465268 26660.0 103
1677084465514 26660.0 104
1677084466546 26660.0 105
1677084466713 26660.0 106
1677084467752 26660.0 107
1677084467919 26660.0 108
1677084468941 26660.0 109
1677084469107 26660.0 110
1677084470198 26660.0 111
1677084470382 26660.0 112
1677084471530 26660.0 113
1677084471706 26660.0 114
1677084472981 26660.0 115
1677084473164 26660.0 116
1677084474277 26660.0 117
1677084474463 26660.0 118
1677084475540 26660.0 119
1677084475707 26660.0 120
1677084476767 26660.0 121
1677084476951 26660.0 122
1677084478025 26660.0 123
1677084478191 26660.0 124
1677084479205 26660.0 125
1677084479448 26660.0 126
1677084480488 26660.0 127
1677084480654 26660.0 128
1677084481654 26660.0 129
1677084481819 26660.0 130
1677084482914 26660.0 131
1677084483083 26660.0 132
1677084484120 26660.0 133
1677084484283 26660.0 134
1677084485317 26660.0 135
1677084485484 26660.0 136
1677084486569 26660.0 137
1677084486733 26660.0 138
1677084487794 26660.0 139
1677084487967 26660.0 140
1677084488995 26660.0 141
1677084489165 26660.0 142
1677084490200 26660.0 143
1677084490372 26660.0 144
1677084491411 26660.0 145
1677084491591 26660.0 146
1677084492620 26660.0 147
1677084492868 26660.0 148
1677084493881 26660.0 149
1677084494047 26660.0 150
1677084495075 26660.0 151
1677084495270 26660.0 152
1677084496293 26660.0 153
1677084496460 26660.0 154
1677084497479 26660.0 155
1677084497649 26660.0 156
1677084498697 26660.0 157
1677084498878 26660.0 158
1677084499968 26660.0 159
1677084500143 26660.0 160
1677084501156 26660.0 161
1677084501321 26660.0 162
1677084502360 26660.0 163
1677084502532 26660.0 164
1677084503588 26660.0 165
1677084503758 26660.0 166
1677084504763 26660.0 167
1677084504914 26660.0 168
1677084505951 26660.0 169
1677084506201 26660.0 170
1677084507195 26660.0 171
1677084507364 26660.0 172
1677084508432 26660.0 173
1677084508601 26660.0 174
1677084509633 26660.0 175
1677084509808 26660.0 176
1677084510845 26660.0 177
1677084511024 26660.0 178
1677084512051 26660.0 179
1677084512226 26660.0 180
1677084513365 26660.0 181
1677084513534 26660.0 182
1677084514572 26660.0 183
1677084514749 26660.0 184
1677084515787 26660.0 185
1677084515966 26660.0 186
1677084516980 26660.0 187
1677084517152 26660.0 188
1677084518212 26660.0 189
1677084518376 26660.0 190
1677084519372 26660.0 191
1677084519614 26660.0 192
1677084520597 26660.0 193
1677084520771 26660.0 194
1677084521794 26660.0 195
1677084521969 26660.0 196
1677084523009 26660.0 197
1677084523186 26660.0 198
1677084524238 26660.0 199
1677084524409 26660.0 200
1677084525465 26660.0 201
1677084525634 26660.0 202
1677084526742 26660.0 203
1677084526916 26660.0 204
1677084527967 26660.0 205
1677084528143 26660.0 206
1677084529212 26660.0 207
1677084529389 26660.0 208
1677084530443 26660.0 209
1677084530615 26660.0 210
1677084531693 26660.0 211
1677084531865 26660.0 212
1677084532881 26660.0 213
1677084533143 26660.0 214
1677084534180 26660.0 215
1677084534351 26660.0 216
1677084535351 26660.0 217
1677084535525 26660.0 218
1677084536666 26660.0 219
1677084536840 26660.0 220
1677084537917 26660.0 221
1677084538099 26660.0 222
1677084539119 26660.0 223
1677084539296 26660.0 224
1677084540392 26660.0 225
1677084540570 26660.0 226
1677084541665 26660.0 227
1677084541834 26660.0 228
1677084542881 26660.0 229
1677084543056 26660.0 230
1677084544054 26660.0 231
1677084544225 26660.0 232
1677084545260 26660.0 233
1677084545448 26660.0 234
1677084546449 26660.0 235
1677084546697 26660.0 236
1677084547724 26660.0 237
1677084547908 26660.0 238
1677084548922 26660.0 239
1677084549097 26660.0 240
1677084550083 26660.0 241
1677084550265 26660.0 242
1677084551270 26660.0 243
1677084551445 26660.0 244
1677084552473 26660.0 245
1677084552655 26660.0 246
1677084553768 26660.0 247
1677084553976 26660.0 248
1677084554996 26660.0 249
1677084555177 26660.0 250
1677084556229 26660.0 251
1677084556408 26660.0 252
1677084557428 26660.0 253
1677084557599 26660.0 254
1677084558627 26660.0 255
1677084558799 26660.0 256
1677084559825 26660.0 257
1677084560085 26660.0 258
1677084561162 26660.0 259
1677084561335 26660.0 260
1677084562341 26660.0 261
1677084562514 26660.0 262
1677084563557 26660.0 263
1677084563730 26660.0 264
1677084564722 26660.0 265
1677084564900 26660.0 266
1677084565960 26660.0 267
1677084566136 26660.0 268
1677084567250 26660.0 269
1677084567424 26660.0 270
1677084568466 26660.0 271
1677084568638 26660.0 272
1677084569651 26660.0 273
1677084569824 26660.0 274
1677084570872 26660.0 275
1677084571046 26660.0 276
1677084572131 26660.0 277
1677084572301 26660.0 278
1677084573340 26660.0 279
1677084573589 26660.0 280
1677084574604 26660.0 281
1677084574785 26660.0 282
1677084575811 26660.0 283
1677084575991 26660.0 284
1677084577021 26660.0 285
1677084577211 26660.0 286
1677084578297 26660.0 287
1677084578486 26660.0 288
1677084579523 26660.0 289
1677084579701 26660.0 290
1677084580819 26660.0 291
1677084581001 26660.0 292
1677084582080 26660.0 293
1677084582270 26660.0 294
1677084583363 26660.0 295
1677084583534 26660.0 296
1677084584556 26660.0 297
1677084584737 26660.0 298
1677084585774 26660.0 299
1677084585952 26660.0 300
1677084586128 26660.0 301
