1677084402479 1677084402.0 1
1677084402647 1677084402.0 2
1677084403614 1677084403.0 3
1677084403766 1677084403.0 4
1677084404849 1677084404.0 5
1677084405005 1677084404.0 6
1677084406107 1677084406.0 7
1677084406276 1677084406.0 8
1677084407420 1677084407.0 9
1677084407594 1677084407.0 10
1677084408727 1677084408.0 11
1677084408899 1677084408.0 12
1677084410036 1677084409.0 13
1677084410221 1677084410.0 14
1677084411354 1677084411.0 15
1677084411542 1677084411.0 16
1677084412748 1677084412.0 17
1677084412931 1677084412.0 18
1677084414021 1677084413.0 19
1677084414196 1677084414.0 20
1677084415315 1677084415.0 21
1677084415482 1677084415.0 22
1677084416507 1677084416.0 23
1677084416672 1677084416.0 24
1677084417686 1677084417.0 25
1677084417855 1677084417.0 26
1677084418988 1677084418.0 27
1677084419155 1677084419.0 28
1677084420228 1677084420.0 29
1677084420405 1677084420.0 30
1677084421420 1677084421.0 31
1677084421590 1677084421.0 32
1677084422627 1677084422.0 33
1677084422802 1677084422.0 34
1677084423862 1677084423.0 35
1677084424023 1677084423.0 36
1677084425064 1677084425.0 37
1677084425233 1677084425.0 38
1677084426330 1677084426.0 39
1677084426493 1677084426.0 40
1677084427543 1677084427.0 41
1677084427719 1677084427.0 42
1677084428704 1677084428.0 43
1677084428871 1677084428.0 44
1677084429899 1677084429.0 45
1677084430073 1677084430.0 46
1677084431086 1677084431.0 47
1677084431254 1677084431.0 48
1677084432326 1677084432.0 49
1677084432510 1677084432.0 50
1677084433544 1677084433.0 51
1677084433712 1677084433.0 52
1677084434747 1677084434.0 53
1677084434915 1677084434.0 54
1677084435931 1677084435.0 55
1677084436097 1677084436.0 56
1677084437139 1677084437.0 57
1677084437311 1677084437.0 58
1677084438346 1677084438.0 59
1677084438526 1677084438.0 60
1677084439634 1677084439.0 61
1677084439802 1677084439.0 62
1677084440889 1677084440.0 63
1677084441064 1677084441.0 64
1677084442185 1677084442.0 65
1677084442365 1677084442.0 66
1677084443452 1677084443.0 67
1677084443632 1677084443.0 68
1677084444720 1677084444.0 69
1677084444903 1677084444.0 70
1677084446033 1677084445.0 71
1677084446186 1677084446.0 72
1677084447169 1677084447.0 73
1677084447339 1677084447.0 74
1677084448367 1677084448.0 75
1677084448537 1677084448.0 76
1677084449554 1677084449.0 77
1677084449729 1677084449.0 78
1677084450782 1677084450.0 79
1677084450954 1677084450.0 80
1677084451976 1677084451.0 81
1677084452212 1677084452.0 82
1677084453230 1677084453.0 83
1677084453390 1677084453.0 84
1677084454419 1677084454.0 85
1677084454583 1677084454.0 86
1677084455622 1677084455.0 87
1677084455788 1677084455.0 88
1677084456791 1677084456.0 89
1677084456959 1677084456.0 90
1677084458048 1677084458.0 91
1677084458214 1677084458.0 92
1677084459321 1677084459.0 93
1677084459486 1677084459.0 94
1677084460532 1677084460.0 95
1677084460698 1677084460.0 96
1677084461714 1677084461.0 97
1677084461879 1677084461.0 98
1677084462899 1677084462.0 99
1677084463069 1677084463.0 100
1677084464080 1677084464.0 101
1677084464242 1677084464.0 102
1677084465266 1677084465.0 103
1677084465512 1677084465.0 104
1677084466544 1677084466.0 105
1677084466711 1677084466.0 106
1677084467751 1677084467.0 107
1677084467916 1677084467.0 108
1677084468938 1677084468.0 109
1677084469105 1677084469.0 110
1677084470195 1677084470.0 111
1677084470379 1677084470.0 112
1677084471526 1677084471.0 113
1677084471703 1677084471.0 114
1677084472979 1677084472.0 115
1677084473161 1677084473.0 116
1677084474274 1677084474.0 117
1677084474460 1677084474.0 118
1677084475538 1677084475.0 119
1677084475704 1677084475.0 120
1677084476765 1677084476.0 121
1677084476949 1677084476.0 122
1677084478022 1677084477.0 123
1677084478189 1677084478.0 124
1677084479202 1677084479.0 125
1677084479446 1677084479.0 126
1677084480485 1677084480.0 127
1677084480652 1677084480.0 128
1677084481652 1677084481.0 129
1677084481817 1677084481.0 130
1677084482912 1677084482.0 131
1677084483080 1677084483.0 132
1677084484118 1677084484.0 133
1677084484281 1677084484.0 134
1677084485315 1677084485.0 135
1677084485481 1677084485.0 136
1677084486567 1677084486.0 137
1677084486731 1677084486.0 138
1677084487791 1677084487.0 139
1677084487964 1677084487.0 140
1677084488992 1677084488.0 141
1677084489162 1677084489.0 142
1677084490197 1677084490.0 143
1677084490369 1677084490.0 144
1677084491409 1677084491.0 145
1677084491589 1677084491.0 146
1677084492618 1677084492.0 147
1677084492865 1677084492.0 148
1677084493879 1677084493.0 149
1677084494045 1677084493.0 150
1677084495073 1677084495.0 151
1677084495268 1677084495.0 152
1677084496291 1677084496.0 153
1677084496458 1677084496.0 154
1677084497477 1677084497.0 155
1677084497647 1677084497.0 156
1677084498695 1677084498.0 157
1677084498875 1677084498.0 158
1677084499966 1677084499.0 159
1677084500140 1677084500.0 160
1677084501153 1677084501.0 161
1677084501317 1677084501.0 162
1677084502358 1677084502.0 163
1677084502530 1677084502.0 164
1677084503586 1677084503.0 165
1677084503756 1677084503.0 166
1677084504760 1677084504.0 167
1677084504911 1677084504.0 168
1677084505949 1677084505.0 169
1677084506198 1677084506.0 170
1677084507193 1677084507.0 171
1677084507362 1677084507.0 172
1677084508430 1677084508.0 173
1677084508599 1677084508.0 174
1677084509630 1677084509.0 175
1677084509806 1677084509.0 176
1677084510843 1677084510.0 177
1677084511022 1677084510.0 178
1677084512049 1677084511.0 179
1677084512224 1677084512.0 180
1677084513363 1677084513.0 181
1677084513531 1677084513.0 182
1677084514569 1677084514.0 183
1677084514746 1677084514.0 184
1677084515785 1677084515.0 185
1677084515964 1677084515.0 186
1677084516979 1677084516.0 187
1677084517150 1677084517.0 188
1677084518210 1677084518.0 189
1677084518374 1677084518.0 190
1677084519369 1677084519.0 191
1677084519612 1677084519.0 192
1677084520595 1677084520.0 193
1677084520769 1677084520.0 194
1677084521792 1677084521.0 195
1677084521967 1677084521.0 196
1677084523007 1677084522.0 197
1677084523184 1677084523.0 198
1677084524235 1677084524.0 199
1677084524407 1677084524.0 200
1677084525463 1677084525.0 201
1677084525632 1677084525.0 202
1677084526739 1677084526.0 203
1677084526914 1677084526.0 204
1677084527965 1677084527.0 205
1677084528141 1677084528.0 206
1677084529210 1677084529.0 207
1677084529386 1677084529.0 208
1677084530441 1677084530.0 209
1677084530612 1677084530.0 210
1677084531690 1677084531.0 211
1677084531863 1677084531.0 212
1677084532879 1677084532.0 213
1677084533140 1677084533.0 214
1677084534179 1677084534.0 215
1677084534350 1677084534.0 216
1677084535349 1677084535.0 217
1677084535523 1677084535.0 218
1677084536663 1677084536.0 219
1677084536838 1677084536.0 220
1677084537915 1677084537.0 221
1677084538097 1677084538.0 222
1677084539117 1677084539.0 223
1677084539293 1677084539.0 224
1677084540389 1677084540.0 225
1677084540567 1677084540.0 226
1677084541663 1677084541.0 227
1677084541832 1677084541.0 228
1677084542879 1677084542.0 229
1677084543054 1677084543.0 230
1677084544052 1677084543.0 231
1677084544224 1677084544.0 232
1677084545257 1677084545.0 233
1677084545445 1677084545.0 234
1677084546446 1677084546.0 235
1677084546695 1677084546.0 236
1677084547722 1677084547.0 237
1677084547905 1677084547.0 238
1677084548920 1677084548.0 239
1677084549095 1677084549.0 240
1677084550080 1677084550.0 241
1677084550263 1677084550.0 242
1677084551268 1677084551.0 243
1677084551443 1677084551.0 244
1677084552471 1677084552.0 245
1677084552653 1677084552.0 246
1677084553766 1677084553.0 247
1677084553973 1677084553.0 248
1677084554994 1677084554.0 249
1677084555175 1677084555.0 250
1677084556227 1677084556.0 251
1677084556406 1677084556.0 252
1677084557426 1677084557.0 253
1677084557597 1677084557.0 254
1677084558625 1677084558.0 255
1677084558797 1677084558.0 256
1677084559823 1677084559.0 257
1677084560083 1677084560.0 258
1677084561160 1677084561.0 259
1677084561332 1677084561.0 260
1677084562339 1677084562.0 261
1677084562512 1677084562.0 262
1677084563555 1677084563.0 263
1677084563728 1677084563.0 264
1677084564719 1677084564.0 265
1677084564897 1677084564.0 266
1677084565959 1677084565.0 267
1677084566133 1677084566.0 268
1677084567248 1677084567.0 269
1677084567421 1677084567.0 270
1677084568464 1677084568.0 271
1677084568636 1677084568.0 272
1677084569648 1677084569.0 273
1677084569821 1677084569.0 274
1677084570870 1677084570.0 275
1677084571044 1677084570.0 276
1677084572129 1677084572.0 277
1677084572299 1677084572.0 278
1677084573337 1677084573.0 279
1677084573586 1677084573.0 280
1677084574601 1677084574.0 281
1677084574783 1677084574.0 282
1677084575808 1677084575.0 283
1677084575988 1677084575.0 284
1677084577018 1677084576.0 285
1677084577200 1677084577.0 286
1677084578295 1677084578.0 287
1677084578484 1677084578.0 288
1677084579521 1677084579.0 289
1677084579698 1677084579.0 290
1677084580817 1677084580.0 291
1677084580999 1677084580.0 292
1677084582078 1677084582.0 293
1677084582268 1677084582.0 294
1677084583359 1677084583.0 295
1677084583532 1677084583.0 296
1677084584554 1677084584.0 297
1677084584735 1677084584.0 298
1677084585772 1677084585.0 299
1677084585950 1677084585.0 300
1677084586124 1677084586.0 301
