1677084402473 2.785207509994507 1
1677084402643 0.13774895668029785 2
1677084403609 0.9673223495483398 3
1677084403761 0.15201807022094727 4
1677084404843 1.0799243450164795 5
1677084405001 0.15826201438903809 6
1677084406103 1.0998644828796387 7
1677084406272 0.16953635215759277 8
1677084407414 1.1404767036437988 9
1677084407590 0.17377805709838867 10
1677084408721 1.1242766380310059 11
1677084408894 0.18007326126098633 12
1677084410031 1.1348249912261963 13
1677084410216 0.18350481986999512 14
1677084411347 1.1355133056640625 15
1677084411536 0.18782734870910645 16
1677084412735 1.2039828300476074 17
1677084412925 0.18119025230407715 18
1677084414016 1.0948975086212158 19
1677084414191 0.17417669296264648 20
1677084415310 1.1548845767974854 21
1677084415476 0.13387393951416016 22
1677084416503 1.025634527206421 23
1677084416667 0.16756892204284668 24
1677084417681 1.0124459266662598 25
1677084417850 0.16640377044677734 26
1677084418976 1.1293373107910156 27
1677084419149 0.1719655990600586 28
1677084420223 1.0746700763702393 29
1677084420400 0.17606782913208008 30
1677084421416 1.013927698135376 31
1677084421585 0.17202401161193848 32
1677084422622 1.0331645011901855 33
1677084422791 0.17290401458740234 34
1677084423857 1.0619487762451172 35
1677084424019 0.16776514053344727 36
1677084425059 1.0322093963623047 37
1677084425228 0.17008423805236816 38
1677084426326 1.1020655632019043 39
1677084426488 0.16335177421569824 40
1677084427537 1.0446534156799316 41
1677084427715 0.17279696464538574 42
1677084428699 0.9921391010284424 43
1677084428866 0.16396856307983398 44
1677084429893 1.0414505004882812 45
1677084430069 0.16240739822387695 46
1677084431081 1.0110251903533936 47
1677084431249 0.17116665840148926 48
1677084432322 1.0719459056854248 49
1677084432503 0.17473149299621582 50
1677084433539 1.0380899906158447 51
1677084433708 0.17224621772766113 52
1677084434743 1.0330328941345215 53
1677084434911 0.1688389778137207 54
1677084435926 1.0150318145751953 55
1677084436092 0.16605472564697266 56
1677084437135 1.0439062118530273 57
1677084437306 0.16907167434692383 58
1677084438342 1.038106918334961 59
1677084438521 0.1733100414276123 60
1677084439629 1.1113996505737305 61
1677084439798 0.17240381240844727 62
1677084440884 1.0798976421356201 63
1677084441059 0.17976093292236328 64
1677084442181 1.1163592338562012 65
1677084442360 0.1828000545501709 66
1677084443447 1.0837898254394531 67
1677084443627 0.18195247650146484 68
1677084444714 1.0870916843414307 69
1677084444897 0.19303441047668457 70
1677084446028 1.1239924430847168 71
1677084446182 0.15606451034545898 72
1677084447164 0.9799752235412598 73
1677084447334 0.16715359687805176 74
1677084448363 1.0304334163665771 75
1677084448533 0.1724100112915039 76
1677084449549 1.0130302906036377 77
1677084449725 0.17501139640808105 78
1677084450777 1.0549273490905762 79
1677084450949 0.16708135604858398 80
1677084451972 1.0237336158752441 81
1677084452208 0.2382957935333252 82
1677084453224 1.0170423984527588 83
1677084453385 0.16396260261535645 84
1677084454414 1.0204167366027832 85
1677084454579 0.1715095043182373 86
1677084455619 1.0384273529052734 87
1677084455784 0.16956114768981934 88
1677084456786 1.0000483989715576 89
1677084456952 0.16091156005859375 90
1677084458043 1.0950877666473389 91
1677084458209 0.16597557067871094 92
1677084459317 1.103114128112793 93
1677084459482 0.16994166374206543 94
1677084460529 1.0780513286590576 95
1677084460693 0.12982726097106934 96
1677084461709 1.0190043449401855 97
1677084461875 0.16427326202392578 98
1677084462894 1.0200140476226807 99
1677084463064 0.1676948070526123 100
1677084464075 1.0121920108795166 101
1677084464237 0.1629021167755127 102
1677084465261 1.0238869190216064 103
1677084465507 0.24416565895080566 104
1677084466540 1.0337889194488525 105
1677084466707 0.16811847686767578 106
1677084467745 1.032979965209961 107
1677084467911 0.17120766639709473 108
1677084468933 1.0207815170288086 109
1677084469100 0.16600394248962402 110
1677084470190 1.0819880962371826 111
1677084470374 0.18885374069213867 112
1677084471519 1.1421847343444824 113
1677084471698 0.18308663368225098 114
1677084472973 1.2759416103363037 115
1677084473156 0.17994141578674316 116
1677084474269 1.1109859943389893 117
1677084474454 0.18507742881774902 118
1677084475533 1.1214025020599365 119
1677084475699 0.13152194023132324 120
1677084476760 1.0522253513336182 121
1677084476944 0.1858367919921875 122
1677084478018 1.0780022144317627 123
1677084478184 0.16808867454528809 124
1677084479198 1.0109012126922607 125
1677084479442 0.2469649314880371 126
1677084480481 1.040663480758667 127
1677084480647 0.1617569923400879 128
1677084481647 0.9987120628356934 129
1677084481813 0.1668686866760254 130
1677084482907 1.0960495471954346 131
1677084483072 0.1649768352508545 132
1677084484113 1.0359880924224854 133
1677084484277 0.1680583953857422 134
1677084485311 1.0319416522979736 135
1677084485477 0.1690385341644287 136
1677084486563 1.0848701000213623 137
1677084486726 0.1631612777709961 138
1677084487787 1.0610079765319824 139
1677084487960 0.17396116256713867 140
1677084488989 1.0228757858276367 141
1677084489158 0.1755685806274414 142
1677084490192 1.0683612823486328 143
1677084490365 0.13723254203796387 144
1677084491404 1.0380642414093018 145
1677084491583 0.17578530311584473 146
1677084492613 1.0310547351837158 147
1677084492860 0.2509746551513672 148
1677084493875 1.0129518508911133 149
1677084494042 0.1678774356842041 150
1677084495067 1.025801658630371 151
1677084495264 0.1826000213623047 152
1677084496285 1.0329148769378662 153
1677084496453 0.17201638221740723 154
1677084497471 1.0139448642730713 155
1677084497642 0.171614408493042 156
1677084498690 1.0475492477416992 157
1677084498871 0.18471384048461914 158
1677084499962 1.0860559940338135 159
1677084500135 0.17595314979553223 160
1677084501149 1.0127191543579102 161
1677084501312 0.16445207595825195 162
1677084502352 1.039388656616211 163
1677084502526 0.17457079887390137 164
1677084503581 1.0519094467163086 165
1677084503751 0.17350339889526367 166
1677084504756 1.0017731189727783 167
1677084504905 0.1767749786376953 168
1677084505943 1.0107872486114502 169
1677084506193 0.2520923614501953 170
1677084507187 0.9929957389831543 171
1677084507358 0.1703810691833496 172
1677084508425 1.0576660633087158 173
1677084508594 0.1789388656616211 174
1677084509625 1.0314440727233887 175
1677084509801 0.17570018768310547 176
1677084510838 1.0372276306152344 177
1677084511016 0.16981768608093262 178
1677084512044 1.0346112251281738 179
1677084512219 0.16733694076538086 180
1677084513358 1.1462390422821045 181
1677084513525 0.16880345344543457 182
1677084514564 1.0380260944366455 183
1677084514742 0.17842507362365723 184
1677084515780 1.035576343536377 185
1677084515958 0.1799147129058838 186
1677084516974 1.0154049396514893 187
1677084517145 0.1725780963897705 188
1677084518205 1.0530738830566406 189
1677084518369 0.17189598083496094 190
1677084519365 0.9941496849060059 191
1677084519607 0.24293899536132812 192
1677084520590 1.0201542377471924 193
1677084520764 0.13276100158691406 194
1677084521787 1.0272338390350342 195
1677084521961 0.17035460472106934 196
1677084523002 1.0394749641418457 197
1677084523178 0.17998290061950684 198
1677084524229 1.0250120162963867 199
1677084524402 0.20012879371643066 200
1677084525459 1.055779218673706 201
1677084525627 0.1659836769104004 202
1677084526734 1.104156255722046 203
1677084526909 0.17920374870300293 204
1677084527960 1.0507786273956299 205
1677084528136 0.17484235763549805 206
1677084529205 1.0630764961242676 207
1677084529381 0.18113398551940918 208
1677084530436 1.0522050857543945 209
1677084530607 0.1735544204711914 210
1677084531685 1.0799808502197266 211
1677084531858 0.173231840133667 212
1677084532875 1.0149035453796387 213
1677084533136 0.25881505012512207 214
1677084534174 1.0393497943878174 215
1677084534345 0.17325115203857422 216
1677084535345 1.036771535873413 217
1677084535518 0.1327662467956543 218
1677084536659 1.1407279968261719 219
1677084536833 0.17736053466796875 220
1677084537911 1.0738954544067383 221
1677084538092 0.18114662170410156 222
1677084539113 1.0210511684417725 223
1677084539288 0.17699122428894043 224
1677084540385 1.0998456478118896 225
1677084540563 0.17894673347473145 226
1677084541658 1.0890650749206543 227
1677084541827 0.17420244216918945 228
1677084542874 1.0423507690429688 229
1677084543050 0.1798851490020752 230
1677084544046 0.996572732925415 231
1677084544219 0.17203354835510254 232
1677084545252 1.0311846733093262 233
1677084545441 0.189849853515625 234
1677084546441 1.0009584426879883 235
1677084546690 0.2481095790863037 236
1677084547719 1.0289971828460693 237
1677084547900 0.17127752304077148 238
1677084548915 1.02085542678833 239
1677084549090 0.17350554466247559 240
1677084550074 1.028794527053833 241
1677084550258 0.13960695266723633 242
1677084551263 1.0069708824157715 243
1677084551439 0.17365145683288574 244
1677084552466 1.0241479873657227 245
1677084552648 0.18603992462158203 246
1677084553762 1.1129496097564697 247
1677084553969 0.20780658721923828 248
1677084554990 1.0163235664367676 249
1677084555170 0.18493247032165527 250
1677084556222 1.0529170036315918 251
1677084556400 0.17803573608398438 252
1677084557422 1.0191645622253418 253
1677084557592 0.1749255657196045 254
1677084558621 1.025977611541748 255
1677084558793 0.17612075805664062 256
1677084559818 1.023871660232544 257
1677084560078 0.2559354305267334 258
1677084561155 1.077092170715332 259
1677084561328 0.17390871047973633 260
1677084562335 1.0061838626861572 261
1677084562507 0.17277765274047852 262
1677084563550 1.0430667400360107 263
1677084563723 0.17917966842651367 264
1677084564715 0.9907987117767334 265
1677084564892 0.17512059211730957 266
1677084565952 1.0599238872528076 267
1677084566129 0.17316007614135742 268
1677084567243 1.1171066761016846 269
1677084567416 0.17482924461364746 270
1677084568460 1.0408406257629395 271
1677084568632 0.1741797924041748 272
1677084569642 1.0102286338806152 273
1677084569817 0.17269515991210938 274
1677084570865 1.0489742755889893 275
1677084571039 0.17146635055541992 276
1677084572124 1.0612759590148926 277
1677084572294 0.19923996925354004 278
1677084573333 1.0341026782989502 279
1677084573583 0.24894118309020996 280
1677084574597 1.0149919986724854 281
1677084574779 0.17995262145996094 282
1677084575803 1.028651237487793 283
1677084575984 0.17844510078430176 284
1677084577014 1.0240437984466553 285
1677084577195 0.1824493408203125 286
1677084578291 1.0982320308685303 287
1677084578479 0.18531537055969238 288
1677084579517 1.039961576461792 289
1677084579694 0.17574048042297363 290
1677084580813 1.1654577255249023 291
1677084580994 0.13926434516906738 292
1677084582072 1.0762758255004883 293
1677084582262 0.18731904029846191 294
1677084583355 1.0964114665985107 295
1677084583527 0.17532944679260254 296
1677084584549 1.021049976348877 297
1677084584730 0.17703008651733398 298
1677084585767 1.0390636920928955 299
1677084585946 0.17703962326049805 300
1677084586119 0.1759166717529297 301
