1677084402476 1.0 1
1677084402645 2.0 2
1677084403611 3.0 3
1677084403764 4.0 4
1677084404845 5.0 5
1677084405004 6.0 6
1677084406105 7.0 7
1677084406274 8.0 8
1677084407416 9.0 9
1677084407591 10.0 10
1677084408724 11.0 11
1677084408897 12.0 12
1677084410034 13.0 13
1677084410219 14.0 14
1677084411351 15.0 15
1677084411540 16.0 16
1677084412745 17.0 17
1677084412927 18.0 18
1677084414019 19.0 19
1677084414194 20.0 20
1677084415312 21.0 21
1677084415479 22.0 22
1677084416505 23.0 23
1677084416670 24.0 24
1677084417684 25.0 25
1677084417853 26.0 26
1677084418979 27.0 27
1677084419151 28.0 28
1677084420226 29.0 29
1677084420403 30.0 30
1677084421418 31.0 31
1677084421588 32.0 32
1677084422625 33.0 33
1677084422801 34.0 34
1677084423860 35.0 35
1677084424021 36.0 36
1677084425061 37.0 37
1677084425230 38.0 38
1677084426328 39.0 39
1677084426491 40.0 40
1677084427540 41.0 41
1677084427717 42.0 42
1677084428702 43.0 43
1677084428869 44.0 44
1677084429896 45.0 45
1677084430071 46.0 46
1677084431084 47.0 47
1677084431251 48.0 48
1677084432325 49.0 49
1677084432506 50.0 50
1677084433541 51.0 51
1677084433710 52.0 52
1677084434745 53.0 53
1677084434913 54.0 54
1677084435929 55.0 55
1677084436095 56.0 56
1677084437136 57.0 57
1677084437308 58.0 58
1677084438344 59.0 59
1677084438524 60.0 60
1677084439632 61.0 61
1677084439800 62.0 62
1677084440886 63.0 63
1677084441062 64.0 64
1677084442183 65.0 65
1677084442363 66.0 66
1677084443449 67.0 67
1677084443629 68.0 68
1677084444717 69.0 69
1677084444900 70.0 70
1677084446030 71.0 71
1677084446184 72.0 72
1677084447166 73.0 73
1677084447337 74.0 74
1677084448365 75.0 75
1677084448535 76.0 76
1677084449552 77.0 77
1677084449728 78.0 78
1677084450779 79.0 79
1677084450951 80.0 80
1677084451974 81.0 81
1677084452210 82.0 82
1677084453227 83.0 83
1677084453388 84.0 84
1677084454416 85.0 85
1677084454582 86.0 86
1677084455620 87.0 87
1677084455786 88.0 88
1677084456788 89.0 89
1677084456955 90.0 90
1677084458046 91.0 91
1677084458212 92.0 92
1677084459319 93.0 93
1677084459484 94.0 94
1677084460530 95.0 95
1677084460695 96.0 96
1677084461712 97.0 97
1677084461877 98.0 98
1677084462896 99.0 99
1677084463066 100.0 100
1677084464078 101.0 101
1677084464240 102.0 102
1677084465264 103.0 103
1677084465509 104.0 104
1677084466542 105.0 105
1677084466709 106.0 106
1677084467747 107.0 107
1677084467914 108.0 108
1677084468936 109.0 109
1677084469102 110.0 110
1677084470193 111.0 111
1677084470377 112.0 112
1677084471523 113.0 113
1677084471701 114.0 114
1677084472977 115.0 115
1677084473159 116.0 116
1677084474272 117.0 117
1677084474457 118.0 118
1677084475535 119.0 119
1677084475702 120.0 120
1677084476763 121.0 121
1677084476946 122.0 122
1677084478020 123.0 123
1677084478187 124.0 124
1677084479200 125.0 125
1677084479444 126.0 126
1677084480484 127.0 127
1677084480649 128.0 128
1677084481650 129.0 129
1677084481815 130.0 130
1677084482910 131.0 131
1677084483077 132.0 132
1677084484115 133.0 133
1677084484279 134.0 134
1677084485313 135.0 135
1677084485480 136.0 136
1677084486565 137.0 137
1677084486728 138.0 138
1677084487789 139.0 139
1677084487962 140.0 140
1677084488990 141.0 141
1677084489160 142.0 142
1677084490195 143.0 143
1677084490367 144.0 144
1677084491407 145.0 145
1677084491586 146.0 146
1677084492616 147.0 147
1677084492863 148.0 148
1677084493877 149.0 149
1677084494044 150.0 150
1677084495071 151.0 151
1677084495266 152.0 152
1677084496288 153.0 153
1677084496455 154.0 154
1677084497474 155.0 155
1677084497644 156.0 156
1677084498692 157.0 157
1677084498873 158.0 158
1677084499964 159.0 159
1677084500138 160.0 160
1677084501151 161.0 161
1677084501314 162.0 162
1677084502355 163.0 163
1677084502528 164.0 164
1677084503583 165.0 165
1677084503754 166.0 166
1677084504758 167.0 167
1677084504909 168.0 168
1677084505947 169.0 169
1677084506195 170.0 170
1677084507190 171.0 171
1677084507360 172.0 172
1677084508428 173.0 173
1677084508597 174.0 174
1677084509628 175.0 175
1677084509804 176.0 176
1677084510841 177.0 177
1677084511018 178.0 178
1677084512046 179.0 179
1677084512221 180.0 180
1677084513361 181.0 181
1677084513528 182.0 182
1677084514566 183.0 183
1677084514744 184.0 184
1677084515783 185.0 185
1677084515962 186.0 186
1677084516976 187.0 187
1677084517147 188.0 188
1677084518208 189.0 189
1677084518372 190.0 190
1677084519367 191.0 191
1677084519609 192.0 192
1677084520593 193.0 193
1677084520767 194.0 194
1677084521790 195.0 195
1677084521965 196.0 196
1677084523004 197.0 197
1677084523181 198.0 198
1677084524232 199.0 199
1677084524405 200.0 200
1677084525461 201.0 201
1677084525630 202.0 202
1677084526737 203.0 203
1677084526912 204.0 204
1677084527963 205.0 205
1677084528138 206.0 206
1677084529208 207.0 207
1677084529384 208.0 208
1677084530439 209.0 209
1677084530611 210.0 210
1677084531688 211.0 211
1677084531861 212.0 212
1677084532877 213.0 213
1677084533138 214.0 214
1677084534177 215.0 215
1677084534347 216.0 216
1677084535347 217.0 217
1677084535521 218.0 218
1677084536661 219.0 219
1677084536835 220.0 220
1677084537913 221.0 221
1677084538094 222.0 222
1677084539115 223.0 223
1677084539290 224.0 224
1677084540387 225.0 225
1677084540565 226.0 226
1677084541660 227.0 227
1677084541830 228.0 228
1677084542877 229.0 229
1677084543052 230.0 230
1677084544049 231.0 231
1677084544221 232.0 232
1677084545255 233.0 233
1677084545443 234.0 234
1677084546444 235.0 235
1677084546693 236.0 236
1677084547720 237.0 237
1677084547903 238.0 238
1677084548917 239.0 239
1677084549093 240.0 240
1677084550077 241.0 241
1677084550260 242.0 242
1677084551265 243.0 243
1677084551441 244.0 244
1677084552468 245.0 245
1677084552651 246.0 246
1677084553764 247.0 247
1677084553972 248.0 248
1677084554992 249.0 249
1677084555172 250.0 250
1677084556225 251.0 251
1677084556403 252.0 252
1677084557424 253.0 253
1677084557594 254.0 254
1677084558623 255.0 255
1677084558795 256.0 256
1677084559820 257.0 257
1677084560081 258.0 258
1677084561157 259.0 259
1677084561330 260.0 260
1677084562337 261.0 261
1677084562510 262.0 262
1677084563553 263.0 263
1677084563725 264.0 264
1677084564717 265.0 265
1677084564895 266.0 266
1677084565956 267.0 267
1677084566131 268.0 268
1677084567245 269.0 269
1677084567418 270.0 270
1677084568462 271.0 271
1677084568634 272.0 272
1677084569645 273.0 273
1677084569819 274.0 274
1677084570866 275.0 275
1677084571042 276.0 276
1677084572127 277.0 277
1677084572297 278.0 278
1677084573335 279.0 279
1677084573584 280.0 280
1677084574599 281.0 281
1677084574780 282.0 282
1677084575805 283.0 283
1677084575986 284.0 284
1677084577016 285.0 285
1677084577198 286.0 286
1677084578293 287.0 287
1677084578482 288.0 288
1677084579519 289.0 289
1677084579696 290.0 290
1677084580815 291.0 291
1677084580995 292.0 292
1677084582075 293.0 293
1677084582265 294.0 294
1677084583357 295.0 295
1677084583529 296.0 296
1677084584552 297.0 297
1677084584733 298.0 298
1677084585769 299.0 299
1677084585948 300.0 300
1677084586121 301.0 301
