1677084402487 0.0039081573486328125 1
1677084402654 0.0039081573486328125 2
1677084403620 0.0039081573486328125 3
1677084403772 0.0039081573486328125 4
1677084404855 0.0039081573486328125 5
1677084405012 0.0039081573486328125 6
1677084406114 0.0039081573486328125 7
1677084406284 0.0039081573486328125 8
1677084407426 0.0039081573486328125 9
1677084407602 0.0039081573486328125 10
1677084408734 0.0039081573486328125 11
1677084408907 0.0039081573486328125 12
1677084410045 0.0039081573486328125 13
1677084410228 0.0039081573486328125 14
1677084411362 0.0039081573486328125 15
1677084411549 0.0039081573486328125 16
1677084412754 0.0039081573486328125 17
1677084412940 0.0039081573486328125 18
1677084414029 0.0039081573486328125 19
1677084414202 0.0039081573486328125 20
1677084415324 0.0039081573486328125 21
1677084415491 0.0039081573486328125 22
1677084416514 0.0039081573486328125 23
1677084416679 0.0039081573486328125 24
1677084417693 0.0039081573486328125 25
1677084417862 0.0039081573486328125 26
1677084418995 0.0039081573486328125 27
1677084419162 0.0039081573486328125 28
1677084420244 0.0039081573486328125 29
1677084420412 0.0039081573486328125 30
1677084421428 0.0039081573486328125 31
1677084421597 0.0039081573486328125 32
1677084422634 0.0039081573486328125 33
1677084422810 0.0039081573486328125 34
1677084423868 0.0039081573486328125 35
1677084424031 0.0039081573486328125 36
1677084425070 0.0039081573486328125 37
1677084425239 0.0039081573486328125 38
1677084426337 0.0039081573486328125 39
1677084426502 0.0039081573486328125 40
1677084427549 0.0039081573486328125 41
1677084427727 0.0039081573486328125 42
1677084428712 0.0039081573486328125 43
1677084428878 0.0039081573486328125 44
1677084429905 0.0039081573486328125 45
1677084430081 0.0039081573486328125 46
1677084431093 0.0039081573486328125 47
1677084431262 0.0039081573486328125 48
1677084432333 0.0039081573486328125 49
1677084432517 0.0039081573486328125 50
1677084433550 0.0039081573486328125 51
1677084433719 0.0039081573486328125 52
1677084434755 0.0039081573486328125 53
1677084434922 0.0039081573486328125 54
1677084435937 0.0039081573486328125 55
1677084436103 0.0039081573486328125 56
1677084437146 0.0039081573486328125 57
1677084437318 0.0039081573486328125 58
1677084438353 0.0039081573486328125 59
1677084438533 0.0039081573486328125 60
1677084439640 0.0039081573486328125 61
1677084439810 0.0039081573486328125 62
1677084440896 0.0039081573486328125 63
1677084441073 0.0039081573486328125 64
1677084442195 0.0039081573486328125 65
1677084442372 0.0039081573486328125 66
1677084443459 0.0039081573486328125 67
1677084443643 0.0039081573486328125 68
1677084444728 0.0039081573486328125 69
1677084444911 0.0039081573486328125 70
1677084446040 0.0039081573486328125 71
1677084446195 0.0039081573486328125 72
1677084447176 0.0039081573486328125 73
1677084447345 0.0039081573486328125 74
1677084448375 0.0039081573486328125 75
1677084448544 0.0039081573486328125 76
1677084449561 0.0039081573486328125 77
1677084449737 0.0039081573486328125 78
1677084450789 0.0039081573486328125 79
1677084450962 0.0039081573486328125 80
1677084451983 0.0039081573486328125 81
1677084452218 0.0039081573486328125 82
1677084453236 0.0039081573486328125 83
1677084453398 0.0039081573486328125 84
1677084454425 0.0039081573486328125 85
1677084454591 0.0039081573486328125 86
1677084455631 0.0039081573486328125 87
1677084455794 0.0039081573486328125 88
1677084456798 0.0039081573486328125 89
1677084456967 0.0039081573486328125 90
1677084458055 0.0039081573486328125 91
1677084458220 0.0039081573486328125 92
1677084459327 0.0039081573486328125 93
1677084459494 0.0039081573486328125 94
1677084460540 0.0039081573486328125 95
1677084460704 0.0039081573486328125 96
1677084461721 0.0039081573486328125 97
1677084461886 0.0039081573486328125 98
1677084462907 0.0039081573486328125 99
1677084463076 0.0039081573486328125 100
1677084464085 0.0039081573486328125 101
1677084464249 0.0039081573486328125 102
1677084465273 0.0039081573486328125 103
1677084465518 0.0039081573486328125 104
1677084466551 0.0039081573486328125 105
1677084466717 0.0039081573486328125 106
1677084467757 0.0039081573486328125 107
1677084467923 0.0039081573486328125 108
1677084468945 0.0039081573486328125 109
1677084469111 0.0039081573486328125 110
1677084470203 0.0039081573486328125 111
1677084470386 0.0039081573486328125 112
1677084471535 0.0039081573486328125 113
1677084471710 0.0039081573486328125 114
1677084472986 0.0039081573486328125 115
1677084473168 0.0039081573486328125 116
1677084474281 0.0039081573486328125 117
1677084474467 0.0039081573486328125 118
1677084475545 0.0039081573486328125 119
1677084475712 0.0039081573486328125 120
1677084476771 0.0039081573486328125 121
1677084476955 0.0039081573486328125 122
1677084478029 0.0039081573486328125 123
1677084478195 0.0039081573486328125 124
1677084479209 0.0039081573486328125 125
1677084479453 0.0039081573486328125 126
1677084480493 0.0039081573486328125 127
1677084480659 0.0039081573486328125 128
1677084481659 0.0039081573486328125 129
1677084481824 0.0039081573486328125 130
1677084482918 0.0039081573486328125 131
1677084483093 0.0039081573486328125 132
1677084484125 0.0039081573486328125 133
1677084484288 0.0039081573486328125 134
1677084485322 0.0039081573486328125 135
1677084485488 0.0039081573486328125 136
1677084486574 0.0039081573486328125 137
1677084486739 0.0039081573486328125 138
1677084487798 0.0039081573486328125 139
1677084487972 0.0039081573486328125 140
1677084488999 0.0039081573486328125 141
1677084489169 0.0039081573486328125 142
1677084490206 0.0039081573486328125 143
1677084490376 0.0039081573486328125 144
1677084491417 0.0039081573486328125 145
1677084491595 0.0039081573486328125 146
1677084492625 0.0039081573486328125 147
1677084492873 0.0039081573486328125 148
1677084493886 0.0039081573486328125 149
1677084494053 0.0039081573486328125 150
1677084495079 0.0039081573486328125 151
1677084495275 0.0039081573486328125 152
1677084496297 0.0039081573486328125 153
1677084496466 0.0039081573486328125 154
1677084497483 0.0039081573486328125 155
1677084497653 0.0039081573486328125 156
1677084498701 0.0039081573486328125 157
1677084498882 0.0039081573486328125 158
1677084499974 0.0039081573486328125 159
1677084500147 0.0039081573486328125 160
1677084501160 0.0039081573486328125 161
1677084501331 0.0039081573486328125 162
1677084502364 0.0039081573486328125 163
1677084502536 0.0039081573486328125 164
1677084503592 0.0039081573486328125 165
1677084503763 0.0039081573486328125 166
1677084504767 0.0039081573486328125 167
1677084504918 0.0039081573486328125 168
1677084505955 0.0039081573486328125 169
1677084506206 0.0039081573486328125 170
1677084507200 0.0039081573486328125 171
1677084507369 0.0039081573486328125 172
1677084508437 0.0039081573486328125 173
1677084508607 0.0039081573486328125 174
1677084509639 0.0039081573486328125 175
1677084509813 0.0039081573486328125 176
1677084510850 0.0039081573486328125 177
1677084511030 0.0039081573486328125 178
1677084512056 0.0039081573486328125 179
1677084512231 0.0039081573486328125 180
1677084513369 0.0039081573486328125 181
1677084513539 0.0039081573486328125 182
1677084514577 0.0039081573486328125 183
1677084514754 0.0039081573486328125 184
1677084515792 0.0039081573486328125 185
1677084515971 0.0039081573486328125 186
1677084516985 0.0039081573486328125 187
1677084517157 0.0039081573486328125 188
1677084518217 0.0039081573486328125 189
1677084518380 0.0039081573486328125 190
1677084519375 0.0039081573486328125 191
1677084519617 0.0039081573486328125 192
1677084520602 0.0039081573486328125 193
1677084520775 0.0039081573486328125 194
1677084521798 0.0039081573486328125 195
1677084521973 0.0039081573486328125 196
1677084523014 0.0039081573486328125 197
1677084523190 0.0039081573486328125 198
1677084524244 0.0039081573486328125 199
1677084524414 0.0039081573486328125 200
1677084525469 0.0039081573486328125 201
1677084525639 0.0039081573486328125 202
1677084526746 0.0039081573486328125 203
1677084526921 0.0039081573486328125 204
1677084527971 0.0039081573486328125 205
1677084528147 0.0039081573486328125 206
1677084529218 0.0039081573486328125 207
1677084529393 0.0039081573486328125 208
1677084530448 0.0039081573486328125 209
1677084530619 0.0039081573486328125 210
1677084531697 0.0039081573486328125 211
1677084531869 0.0039081573486328125 212
1677084532886 0.0039081573486328125 213
1677084533147 0.0039081573486328125 214
1677084534185 0.0039081573486328125 215
1677084534356 0.0039081573486328125 216
1677084535355 0.0039081573486328125 217
1677084535530 0.0039081573486328125 218
1677084536670 0.0039081573486328125 219
1677084536845 0.0039081573486328125 220
1677084537922 0.0039081573486328125 221
1677084538103 0.0039081573486328125 222
1677084539123 0.0039081573486328125 223
1677084539302 0.0039081573486328125 224
1677084540397 0.0039081573486328125 225
1677084540575 0.0039081573486328125 226
1677084541669 0.0039081573486328125 227
1677084541838 0.0039081573486328125 228
1677084542886 0.0039081573486328125 229
1677084543061 0.0039081573486328125 230
1677084544058 0.0039081573486328125 231
1677084544229 0.0039081573486328125 232
1677084545264 0.0039081573486328125 233
1677084545452 0.0039081573486328125 234
1677084546453 0.0039081573486328125 235
1677084546701 0.0039081573486328125 236
1677084547729 0.0039081573486328125 237
1677084547912 0.0039081573486328125 238
1677084548926 0.0039081573486328125 239
1677084549102 0.0039081573486328125 240
1677084550088 0.0039081573486328125 241
1677084550270 0.0039081573486328125 242
1677084551275 0.0039081573486328125 243
1677084551450 0.0039081573486328125 244
1677084552478 0.0039081573486328125 245
1677084552660 0.0039081573486328125 246
1677084553773 0.0039081573486328125 247
1677084553980 0.0039081573486328125 248
1677084555002 0.0039081573486328125 249
1677084555182 0.0039081573486328125 250
1677084556233 0.0039081573486328125 251
1677084556413 0.0039081573486328125 252
1677084557433 0.0039081573486328125 253
1677084557603 0.0039081573486328125 254
1677084558631 0.0039081573486328125 255
1677084558804 0.0039081573486328125 256
1677084559829 0.0039081573486328125 257
1677084560090 0.0039081573486328125 258
1677084561167 0.0039081573486328125 259
1677084561340 0.0039081573486328125 260
1677084562346 0.0039081573486328125 261
1677084562521 0.0039081573486328125 262
1677084563561 0.0039081573486328125 263
1677084563735 0.0039081573486328125 264
1677084564726 0.0039081573486328125 265
1677084564905 0.0039081573486328125 266
1677084565965 0.0039081573486328125 267
1677084566140 0.0039081573486328125 268
1677084567254 0.0039081573486328125 269
1677084567428 0.0039081573486328125 270
1677084568471 0.0039081573486328125 271
1677084568643 0.0039081573486328125 272
1677084569656 0.0039081573486328125 273
1677084569829 0.0039081573486328125 274
1677084570876 0.0039081573486328125 275
1677084571050 0.0039081573486328125 276
1677084572136 0.0039081573486328125 277
1677084572305 0.0039081573486328125 278
1677084573345 0.0039081573486328125 279
1677084573593 0.0039081573486328125 280
1677084574608 0.0039081573486328125 281
1677084574790 0.0039081573486328125 282
1677084575815 0.0039081573486328125 283
1677084575995 0.0039081573486328125 284
1677084577025 0.0039081573486328125 285
1677084577216 0.0039081573486328125 286
1677084578301 0.0039081573486328125 287
1677084578490 0.0039081573486328125 288
1677084579527 0.0039081573486328125 289
1677084579705 0.0039081573486328125 290
1677084580824 0.0039081573486328125 291
1677084581004 0.0039081573486328125 292
1677084582083 0.0039081573486328125 293
1677084582275 0.0039081573486328125 294
1677084583368 0.0039081573486328125 295
1677084583539 0.0039081573486328125 296
1677084584561 0.0039081573486328125 297
1677084584742 0.0039081573486328125 298
1677084585779 0.0039081573486328125 299
1677084585958 0.0039081573486328125 300
1677084586132 0.0039081573486328125 301
