1679858678666 0.0 1
1679858678839 0.0 2
1679858679757 0.0 3
1679858679901 0.0 4
1679858680817 0.0 5
1679858681044 0.0 6
1679858681965 0.0 7
1679858682138 0.0 8
1679858683126 0.0 9
1679858683284 0.0 10
1679858684258 0.0 11
1679858684408 0.0 12
1679858685285 0.0 13
1679858685434 0.0 14
1679858686337 0.0 15
1679858686495 0.0 16
1679858687394 0.0 17
1679858687548 0.0 18
1679858688539 0.0 19
1679858688685 0.0 20
1679858689598 0.0 21
1679858689762 0.0 22
1679858690657 0.0 23
1679858690806 0.0 24
1679858691703 0.0 25
1679858691864 0.0 26
1679858692795 0.0 27
1679858692945 0.0 28
1679858693869 0.0 29
1679858694021 0.0 30
1679858694977 0.0 31
1679858695128 0.0 32
1679858696120 0.0 33
1679858696268 0.0 34
1679858697242 0.0 35
1679858697394 0.0 36
1679858698308 0.0 37
1679858698473 0.0 38
1679858699399 0.0 39
1679858699554 0.0 40
1679858700467 0.0 41
1679858700627 0.0 42
1679858701547 0.0 43
1679858701698 0.0 44
1679858702647 0.0 45
1679858702795 0.0 46
1679858703760 0.0 47
1679858703916 0.0 48
1679858704851 0.0 49
1679858704998 0.0 50
1679858705881 0.0 51
1679858706032 0.0 52
1679858706978 0.0 53
1679858707132 0.0 54
1679858708040 0.0 55
1679858708191 0.0 56
1679858709094 0.0 57
1679858709257 0.0 58
1679858710211 0.0 59
1679858710362 0.0 60
1679858711341 0.0 61
1679858711502 0.0 62
1679858712528 0.0 63
1679858712675 0.0 64
1679858713591 0.0 65
1679858713737 0.0 66
1679858714649 0.0 67
1679858714826 0.0 68
1679858715700 0.0 69
1679858715848 0.0 70
1679858716736 0.0 71
1679858716896 0.0 72
1679858717851 0.0 73
1679858718006 0.0 74
1679858718958 0.0 75
1679858719110 0.0 76
1679858720029 0.0 77
1679858720198 0.0 78
1679858721135 0.0 79
1679858721287 0.0 80
1679858722252 0.0 81
1679858722409 0.0 82
1679858723366 0.0 83
1679858723518 0.0 84
1679858724474 0.0 85
1679858724629 0.0 86
1679858725581 0.0 87
1679858725817 0.0 88
1679858726800 0.0 89
1679858726954 0.0 90
1679858727872 0.0 91
1679858728027 0.0 92
1679858728920 0.0 93
1679858729072 0.0 94
1679858730008 0.0 95
1679858730162 0.0 96
1679858731045 0.0 97
1679858731202 0.0 98
1679858732123 0.0 99
1679858732277 0.0 100
1679858733241 0.0 101
1679858733400 0.0 102
1679858734356 0.0 103
1679858734518 0.0 104
1679858735452 0.0 105
1679858735603 0.0 106
1679858736561 0.0 107
1679858736733 0.0 108
1679858737681 0.0 109
1679858737831 0.0 110
1679858738804 0.0 111
1679858738964 0.0 112
1679858739914 0.0 113
1679858740069 0.0 114
1679858741062 0.0 115
1679858741217 0.0 116
1679858742175 0.0 117
1679858742332 0.0 118
1679858743272 0.0 119
1679858743429 0.0 120
1679858744373 0.0 121
1679858744540 0.0 122
1679858745465 0.0 123
1679858745651 0.0 124
1679858746585 0.0 125
1679858746744 0.0 126
1679858747688 0.0 127
1679858747861 0.0 128
1679858748907 0.0 129
1679858749062 0.0 130
1679858750012 0.0 131
1679858750173 0.0 132
1679858751158 0.0 133
1679858751316 0.0 134
1679858752313 0.0 135
1679858752470 0.0 136
1679858753443 0.0 137
1679858753600 0.0 138
1679858754549 0.0 139
1679858754711 0.0 140
1679858755722 0.0 141
1679858755909 0.0 142
1679858757032 0.0 143
1679858757207 0.0 144
1679858758268 0.0 145
1679858758447 0.0 146
1679858759502 0.0 147
1679858759676 0.0 148
1679858760730 0.0 149
1679858760935 0.0 150
1679858762064 0.0 151
1679858762235 0.0 152
1679858763323 0.0 153
1679858763500 0.0 154
1679858764608 0.0 155
1679858764786 0.0 156
1679858766028 0.0 157
1679858766231 0.0 158
1679858767320 0.0 159
1679858767503 0.0 160
1679858768556 0.0 161
1679858768745 0.0 162
1679858769770 0.0 163
1679858769942 0.0 164
1679858770957 0.0 165
1679858771125 0.0 166
1679858772239 0.0 167
1679858772396 0.0 168
1679858773584 0.0 169
1679858773878 0.0 170
1679858774888 0.0 171
1679858775065 0.0 172
1679858775990 0.0 173
1679858776150 0.0 174
1679858777147 0.0 175
1679858777318 0.0 176
1679858778255 0.0 177
1679858778424 0.0 178
1679858779433 0.0 179
1679858779609 0.0 180
1679858780605 0.0 181
1679858780771 0.0 182
1679858781784 0.0 183
1679858782069 0.0 184
1679858783119 0.0 185
1679858783306 0.0 186
1679858784373 0.0 187
1679858784556 0.0 188
1679858785629 0.0 189
1679858785808 0.0 190
1679858786851 0.0 191
1679858787036 0.0 192
1679858788119 0.0 193
1679858788328 0.0 194
1679858789405 0.0 195
1679858789606 0.0 196
1679858790665 0.0 197
1679858790821 0.0 198
1679858791744 0.0 199
1679858791915 0.0 200
1679858792889 0.0 201
1679858793061 0.0 202
1679858794038 0.0 203
1679858794241 0.0 204
1679858795227 0.0 205
1679858795402 0.0 206
1679858796290 0.0 207
1679858796444 0.0 208
1679858797325 0.0 209
1679858797485 0.0 210
1679858798491 0.0 211
1679858798649 0.0 212
1679858799669 0.0 213
1679858799851 0.0 214
1679858800816 0.0 215
1679858800993 0.0 216
1679858801909 0.0 217
1679858802066 0.0 218
1679858803028 0.0 219
1679858803197 0.0 220
1679858804171 0.0 221
1679858804331 0.0 222
1679858805285 0.0 223
1679858805444 0.0 224
1679858806422 0.0 225
1679858806592 0.0 226
1679858807588 0.0 227
1679858807755 0.0 228
1679858808695 0.0 229
1679858808863 0.0 230
1679858809910 0.0 231
1679858810080 0.0 232
1679858811041 0.0 233
1679858811196 0.0 234
1679858812210 0.0 235
1679858812378 0.0 236
1679858813358 0.0 237
1679858813510 0.0 238
1679858814453 0.0 239
1679858814615 0.0 240
1679858815533 0.0 241
1679858815700 0.0 242
1679858816615 0.0 243
1679858816773 0.0 244
1679858817653 0.0 245
1679858817803 0.0 246
1679858818740 0.0 247
1679858818900 0.0 248
1679858819860 0.0 249
1679858820053 0.0 250
1679858820993 0.0 251
1679858821223 0.0 252
1679858822113 0.0 253
1679858822275 0.0 254
1679858823180 0.0 255
1679858823363 0.0 256
1679858824263 0.0 257
1679858824423 0.0 258
1679858825329 0.0 259
1679858825500 0.0 260
1679858826388 0.0 261
1679858826563 0.0 262
1679858827472 0.0 263
1679858827632 0.0 264
1679858828521 0.0 265
1679858828751 0.0 266
1679858829664 0.0 267
1679858829824 0.0 268
1679858830792 0.0 269
1679858830973 0.0 270
1679858832043 0.0 271
1679858832237 0.0 272
1679858833314 0.0 273
1679858833480 0.0 274
1679858834530 0.0 275
1679858834712 0.0 276
1679858835737 0.0 277
1679858835907 0.0 278
1679858836990 0.0 279
1679858837167 0.0 280
1679858838145 0.0 281
1679858838317 0.0 282
1679858839301 0.0 283
1679858839481 0.0 284
1679858840473 0.0 285
1679858840663 0.0 286
1679858841569 0.0 287
1679858841738 0.0 288
1679858842653 0.0 289
1679858842811 0.0 290
1679858843709 0.0 291
1679858843872 0.0 292
1679858844821 0.0 293
1679858844989 0.0 294
1679858845893 0.0 295
1679858846076 0.0 296
1679858847004 0.0 297
1679858847179 0.0 298
1679858848106 0.0 299
1679858848267 0.0 300
1679858848385 0.0 301
