1679858678673 1679858678.0 1
1679858678845 1679858678.0 2
1679858679763 1679858679.0 3
1679858679907 1679858679.0 4
1679858680823 1679858680.0 5
1679858681049 1679858681.0 6
1679858681971 1679858681.0 7
1679858682151 1679858682.0 8
1679858683132 1679858683.0 9
1679858683290 1679858683.0 10
1679858684263 1679858684.0 11
1679858684414 1679858684.0 12
1679858685290 1679858685.0 13
1679858685439 1679858685.0 14
1679858686342 1679858686.0 15
1679858686503 1679858686.0 16
1679858687399 1679858687.0 17
1679858687556 1679858687.0 18
1679858688544 1679858688.0 19
1679858688690 1679858688.0 20
1679858689604 1679858689.0 21
1679858689768 1679858689.0 22
1679858690662 1679858690.0 23
1679858690812 1679858690.0 24
1679858691710 1679858691.0 25
1679858691870 1679858691.0 26
1679858692801 1679858692.0 27
1679858692951 1679858692.0 28
1679858693874 1679858693.0 29
1679858694027 1679858693.0 30
1679858694982 1679858694.0 31
1679858695133 1679858695.0 32
1679858696126 1679858696.0 33
1679858696274 1679858696.0 34
1679858697248 1679858697.0 35
1679858697401 1679858697.0 36
1679858698313 1679858698.0 37
1679858698479 1679858698.0 38
1679858699404 1679858699.0 39
1679858699559 1679858699.0 40
1679858700472 1679858700.0 41
1679858700632 1679858700.0 42
1679858701552 1679858701.0 43
1679858701704 1679858701.0 44
1679858702652 1679858702.0 45
1679858702801 1679858702.0 46
1679858703766 1679858703.0 47
1679858703922 1679858703.0 48
1679858704857 1679858704.0 49
1679858705003 1679858704.0 50
1679858705887 1679858705.0 51
1679858706037 1679858705.0 52
1679858706983 1679858706.0 53
1679858707137 1679858707.0 54
1679858708044 1679858707.0 55
1679858708196 1679858708.0 56
1679858709100 1679858709.0 57
1679858709263 1679858709.0 58
1679858710216 1679858710.0 59
1679858710367 1679858710.0 60
1679858711347 1679858711.0 61
1679858711508 1679858711.0 62
1679858712533 1679858712.0 63
1679858712681 1679858712.0 64
1679858713597 1679858713.0 65
1679858713743 1679858713.0 66
1679858714655 1679858714.0 67
1679858714833 1679858714.0 68
1679858715705 1679858715.0 69
1679858715854 1679858715.0 70
1679858716742 1679858716.0 71
1679858716901 1679858716.0 72
1679858717858 1679858717.0 73
1679858718012 1679858717.0 74
1679858718963 1679858718.0 75
1679858719115 1679858719.0 76
1679858720034 1679858719.0 77
1679858720205 1679858720.0 78
1679858721140 1679858721.0 79
1679858721292 1679858721.0 80
1679858722257 1679858722.0 81
1679858722414 1679858722.0 82
1679858723372 1679858723.0 83
1679858723525 1679858723.0 84
1679858724479 1679858724.0 85
1679858724634 1679858724.0 86
1679858725588 1679858725.0 87
1679858725822 1679858725.0 88
1679858726807 1679858726.0 89
1679858726960 1679858726.0 90
1679858727878 1679858727.0 91
1679858728032 1679858727.0 92
1679858728925 1679858728.0 93
1679858729078 1679858729.0 94
1679858730014 1679858729.0 95
1679858730168 1679858730.0 96
1679858731051 1679858730.0 97
1679858731207 1679858731.0 98
1679858732129 1679858732.0 99
1679858732282 1679858732.0 100
1679858733247 1679858733.0 101
1679858733406 1679858733.0 102
1679858734361 1679858734.0 103
1679858734523 1679858734.0 104
1679858735458 1679858735.0 105
1679858735608 1679858735.0 106
1679858736567 1679858736.0 107
1679858736738 1679858736.0 108
1679858737688 1679858737.0 109
1679858737837 1679858737.0 110
1679858738809 1679858738.0 111
1679858738970 1679858738.0 112
1679858739919 1679858739.0 113
1679858740075 1679858740.0 114
1679858741067 1679858741.0 115
1679858741226 1679858741.0 116
1679858742181 1679858742.0 117
1679858742338 1679858742.0 118
1679858743277 1679858743.0 119
1679858743434 1679858743.0 120
1679858744378 1679858744.0 121
1679858744545 1679858744.0 122
1679858745474 1679858745.0 123
1679858745657 1679858745.0 124
1679858746592 1679858746.0 125
1679858746750 1679858746.0 126
1679858747694 1679858747.0 127
1679858747867 1679858747.0 128
1679858748912 1679858748.0 129
1679858749068 1679858749.0 130
1679858750016 1679858749.0 131
1679858750178 1679858750.0 132
1679858751164 1679858751.0 133
1679858751322 1679858751.0 134
1679858752319 1679858752.0 135
1679858752476 1679858752.0 136
1679858753450 1679858753.0 137
1679858753606 1679858753.0 138
1679858754555 1679858754.0 139
1679858754720 1679858754.0 140
1679858755728 1679858755.0 141
1679858755914 1679858755.0 142
1679858757038 1679858756.0 143
1679858757216 1679858757.0 144
1679858758274 1679858758.0 145
1679858758453 1679858758.0 146
1679858759508 1679858759.0 147
1679858759682 1679858759.0 148
1679858760736 1679858760.0 149
1679858760942 1679858760.0 150
1679858762070 1679858762.0 151
1679858762243 1679858762.0 152
1679858763329 1679858763.0 153
1679858763506 1679858763.0 154
1679858764616 1679858764.0 155
1679858764791 1679858764.0 156
1679858766034 1679858765.0 157
1679858766237 1679858766.0 158
1679858767327 1679858767.0 159
1679858767510 1679858767.0 160
1679858768565 1679858768.0 161
1679858768751 1679858768.0 162
1679858769776 1679858769.0 163
1679858769947 1679858769.0 164
1679858770963 1679858770.0 165
1679858771131 1679858771.0 166
1679858772244 1679858772.0 167
1679858772405 1679858772.0 168
1679858773591 1679858773.0 169
1679858773884 1679858773.0 170
1679858774894 1679858774.0 171
1679858775072 1679858775.0 172
1679858775996 1679858775.0 173
1679858776156 1679858776.0 174
1679858777153 1679858777.0 175
1679858777323 1679858777.0 176
1679858778260 1679858778.0 177
1679858778430 1679858778.0 178
1679858779438 1679858779.0 179
1679858779617 1679858779.0 180
1679858780611 1679858780.0 181
1679858780775 1679858780.0 182
1679858781790 1679858781.0 183
1679858782077 1679858782.0 184
1679858783124 1679858783.0 185
1679858783311 1679858783.0 186
1679858784378 1679858784.0 187
1679858784563 1679858784.0 188
1679858785635 1679858785.0 189
1679858785814 1679858785.0 190
1679858786857 1679858786.0 191
1679858787043 1679858786.0 192
1679858788125 1679858788.0 193
1679858788334 1679858788.0 194
1679858789412 1679858789.0 195
1679858789611 1679858789.0 196
1679858790671 1679858790.0 197
1679858790826 1679858790.0 198
1679858791750 1679858791.0 199
1679858791921 1679858791.0 200
1679858792895 1679858792.0 201
1679858793068 1679858793.0 202
1679858794044 1679858793.0 203
1679858794248 1679858794.0 204
1679858795232 1679858795.0 205
1679858795407 1679858795.0 206
1679858796296 1679858796.0 207
1679858796450 1679858796.0 208
1679858797330 1679858797.0 209
1679858797490 1679858797.0 210
1679858798498 1679858798.0 211
1679858798655 1679858798.0 212
1679858799675 1679858799.0 213
1679858799859 1679858799.0 214
1679858800821 1679858800.0 215
1679858800998 1679858800.0 216
1679858801915 1679858801.0 217
1679858802072 1679858802.0 218
1679858803034 1679858802.0 219
1679858803202 1679858803.0 220
1679858804176 1679858804.0 221
1679858804337 1679858804.0 222
1679858805291 1679858805.0 223
1679858805450 1679858805.0 224
1679858806427 1679858806.0 225
1679858806597 1679858806.0 226
1679858807594 1679858807.0 227
1679858807761 1679858807.0 228
1679858808700 1679858808.0 229
1679858808868 1679858808.0 230
1679858809916 1679858809.0 231
1679858810085 1679858810.0 232
1679858811046 1679858810.0 233
1679858811201 1679858811.0 234
1679858812216 1679858812.0 235
1679858812384 1679858812.0 236
1679858813364 1679858813.0 237
1679858813516 1679858813.0 238
1679858814453 1679858814.0 239
1679858814615 1679858814.0 240
1679858815533 1679858815.0 241
1679858815703 1679858815.0 242
1679858816620 1679858816.0 243
1679858816773 1679858816.0 244
1679858817659 1679858817.0 245
1679858817813 1679858817.0 246
1679858818745 1679858818.0 247
1679858818906 1679858818.0 248
1679858819863 1679858819.0 249
1679858820059 1679858819.0 250
1679858821003 1679858820.0 251
1679858821228 1679858821.0 252
1679858822113 1679858822.0 253
1679858822275 1679858822.0 254
1679858823183 1679858823.0 255
1679858823366 1679858823.0 256
1679858824268 1679858824.0 257
1679858824423 1679858824.0 258
1679858825335 1679858825.0 259
1679858825505 1679858825.0 260
1679858826394 1679858826.0 261
1679858826570 1679858826.0 262
1679858827478 1679858827.0 263
1679858827637 1679858827.0 264
1679858828528 1679858828.0 265
1679858828756 1679858828.0 266
1679858829670 1679858829.0 267
1679858829829 1679858829.0 268
1679858830797 1679858830.0 269
1679858830979 1679858830.0 270
1679858832048 1679858831.0 271
1679858832245 1679858832.0 272
1679858833320 1679858833.0 273
1679858833485 1679858833.0 274
1679858834536 1679858834.0 275
1679858834717 1679858834.0 276
1679858835745 1679858835.0 277
1679858835913 1679858835.0 278
1679858836996 1679858836.0 279
1679858837173 1679858837.0 280
1679858838151 1679858838.0 281
1679858838323 1679858838.0 282
1679858839309 1679858839.0 283
1679858839489 1679858839.0 284
1679858840478 1679858840.0 285
1679858840669 1679858840.0 286
1679858841575 1679858841.0 287
1679858841743 1679858841.0 288
1679858842659 1679858842.0 289
1679858842816 1679858842.0 290
1679858843714 1679858843.0 291
1679858843877 1679858843.0 292
1679858844827 1679858844.0 293
1679858844995 1679858844.0 294
1679858845899 1679858845.0 295
1679858846084 1679858846.0 296
1679858847009 1679858846.0 297
1679858847185 1679858847.0 298
1679858848111 1679858848.0 299
1679858848272 1679858848.0 300
1679858848390 1679858848.0 301
