1679858678668 1.0 1
1679858678841 2.0 2
1679858679760 3.0 3
1679858679904 4.0 4
1679858680819 5.0 5
1679858681045 6.0 6
1679858681967 7.0 7
1679858682140 8.0 8
1679858683128 9.0 9
1679858683286 10.0 10
1679858684260 11.0 11
1679858684411 12.0 12
1679858685287 13.0 13
1679858685435 14.0 14
1679858686338 15.0 15
1679858686497 16.0 16
1679858687396 17.0 17
1679858687551 18.0 18
1679858688541 19.0 19
1679858688687 20.0 20
1679858689599 21.0 21
1679858689764 22.0 22
1679858690659 23.0 23
1679858690808 24.0 24
1679858691705 25.0 25
1679858691865 26.0 26
1679858692797 27.0 27
1679858692947 28.0 28
1679858693871 29.0 29
1679858694023 30.0 30
1679858694979 31.0 31
1679858695129 32.0 32
1679858696122 33.0 33
1679858696271 34.0 34
1679858697244 35.0 35
1679858697396 36.0 36
1679858698309 37.0 37
1679858698475 38.0 38
1679858699401 39.0 39
1679858699555 40.0 40
1679858700468 41.0 41
1679858700629 42.0 42
1679858701549 43.0 43
1679858701700 44.0 44
1679858702649 45.0 45
1679858702796 46.0 46
1679858703762 47.0 47
1679858703918 48.0 48
1679858704853 49.0 49
1679858705000 50.0 50
1679858705883 51.0 51
1679858706033 52.0 52
1679858706979 53.0 53
1679858707133 54.0 54
1679858708041 55.0 55
1679858708193 56.0 56
1679858709096 57.0 57
1679858709259 58.0 58
1679858710212 59.0 59
1679858710364 60.0 60
1679858711344 61.0 61
1679858711504 62.0 62
1679858712530 63.0 63
1679858712677 64.0 64
1679858713593 65.0 65
1679858713739 66.0 66
1679858714651 67.0 67
1679858714829 68.0 68
1679858715701 69.0 69
1679858715850 70.0 70
1679858716738 71.0 71
1679858716898 72.0 72
1679858717853 73.0 73
1679858718009 74.0 74
1679858718960 75.0 75
1679858719112 76.0 76
1679858720031 77.0 77
1679858720201 78.0 78
1679858721136 79.0 79
1679858721289 80.0 80
1679858722254 81.0 81
1679858722411 82.0 82
1679858723368 83.0 83
1679858723520 84.0 84
1679858724476 85.0 85
1679858724630 86.0 86
1679858725584 87.0 87
1679858725819 88.0 88
1679858726802 89.0 89
1679858726956 90.0 90
1679858727875 91.0 91
1679858728028 92.0 92
1679858728922 93.0 93
1679858729074 94.0 94
1679858730011 95.0 95
1679858730164 96.0 96
1679858731047 97.0 97
1679858731203 98.0 98
1679858732125 99.0 99
1679858732279 100.0 100
1679858733244 101.0 101
1679858733402 102.0 102
1679858734358 103.0 103
1679858734519 104.0 104
1679858735454 105.0 105
1679858735604 106.0 106
1679858736564 107.0 107
1679858736734 108.0 108
1679858737684 109.0 109
1679858737834 110.0 110
1679858738806 111.0 111
1679858738966 112.0 112
1679858739916 113.0 113
1679858740072 114.0 114
1679858741063 115.0 115
1679858741220 116.0 116
1679858742177 117.0 117
1679858742334 118.0 118
1679858743273 119.0 119
1679858743431 120.0 120
1679858744375 121.0 121
1679858744542 122.0 122
1679858745468 123.0 123
1679858745654 124.0 124
1679858746587 125.0 125
1679858746746 126.0 126
1679858747690 127.0 127
1679858747863 128.0 128
1679858748909 129.0 129
1679858749065 130.0 130
1679858750013 131.0 131
1679858750175 132.0 132
1679858751161 133.0 133
1679858751318 134.0 134
1679858752315 135.0 135
1679858752472 136.0 136
1679858753446 137.0 137
1679858753601 138.0 138
1679858754552 139.0 139
1679858754714 140.0 140
1679858755723 141.0 141
1679858755911 142.0 142
1679858757034 143.0 143
1679858757209 144.0 144
1679858758270 145.0 145
1679858758449 146.0 146
1679858759504 147.0 147
1679858759678 148.0 148
1679858760732 149.0 149
1679858760938 150.0 150
1679858762066 151.0 151
1679858762237 152.0 152
1679858763325 153.0 153
1679858763502 154.0 154
1679858764610 155.0 155
1679858764788 156.0 156
1679858766030 157.0 157
1679858766233 158.0 158
1679858767322 159.0 159
1679858767505 160.0 160
1679858768559 161.0 161
1679858768747 162.0 162
1679858769771 163.0 163
1679858769943 164.0 164
1679858770958 165.0 165
1679858771127 166.0 166
1679858772241 167.0 167
1679858772399 168.0 168
1679858773586 169.0 169
1679858773880 170.0 170
1679858774890 171.0 171
1679858775067 172.0 172
1679858775992 173.0 173
1679858776152 174.0 174
1679858777149 175.0 175
1679858777320 176.0 176
1679858778257 177.0 177
1679858778427 178.0 178
1679858779434 179.0 179
1679858779612 180.0 180
1679858780607 181.0 181
1679858780772 182.0 182
1679858781786 183.0 183
1679858782071 184.0 184
1679858783121 185.0 185
1679858783307 186.0 186
1679858784374 187.0 187
1679858784559 188.0 188
1679858785631 189.0 189
1679858785810 190.0 190
1679858786853 191.0 191
1679858787039 192.0 192
1679858788121 193.0 193
1679858788330 194.0 194
1679858789408 195.0 195
1679858789608 196.0 196
1679858790667 197.0 197
1679858790823 198.0 198
1679858791746 199.0 199
1679858791917 200.0 200
1679858792891 201.0 201
1679858793065 202.0 202
1679858794039 203.0 203
1679858794243 204.0 204
1679858795228 205.0 205
1679858795403 206.0 206
1679858796292 207.0 207
1679858796446 208.0 208
1679858797327 209.0 209
1679858797486 210.0 210
1679858798494 211.0 211
1679858798651 212.0 212
1679858799671 213.0 213
1679858799854 214.0 214
1679858800818 215.0 215
1679858800994 216.0 216
1679858801910 217.0 217
1679858802068 218.0 218
1679858803030 219.0 219
1679858803198 220.0 220
1679858804172 221.0 221
1679858804333 222.0 222
1679858805287 223.0 223
1679858805446 224.0 224
1679858806424 225.0 225
1679858806593 226.0 226
1679858807589 227.0 227
1679858807757 228.0 228
1679858808697 229.0 229
1679858808864 230.0 230
1679858809913 231.0 231
1679858810082 232.0 232
1679858811042 233.0 233
1679858811198 234.0 234
1679858812212 235.0 235
1679858812380 236.0 236
1679858813360 237.0 237
1679858813513 238.0 238
1679858814453 239.0 239
1679858814615 240.0 240
1679858815533 241.0 241
1679858815703 242.0 242
1679858816616 243.0 243
1679858816773 244.0 244
1679858817653 245.0 245
1679858817813 246.0 246
1679858818742 247.0 247
1679858818902 248.0 248
1679858819860 249.0 249
1679858820055 250.0 250
1679858820998 251.0 251
1679858821228 252.0 252
1679858822113 253.0 253
1679858822275 254.0 254
1679858823181 255.0 255
1679858823363 256.0 256
1679858824268 257.0 257
1679858824423 258.0 258
1679858825331 259.0 259
1679858825502 260.0 260
1679858826390 261.0 261
1679858826566 262.0 262
1679858827474 263.0 263
1679858827633 264.0 264
1679858828523 265.0 265
1679858828753 266.0 266
1679858829666 267.0 267
1679858829826 268.0 268
1679858830793 269.0 269
1679858830975 270.0 270
1679858832044 271.0 271
1679858832240 272.0 272
1679858833316 273.0 273
1679858833482 274.0 274
1679858834533 275.0 275
1679858834713 276.0 276
1679858835740 277.0 277
1679858835909 278.0 278
1679858836992 279.0 279
1679858837169 280.0 280
1679858838147 281.0 281
1679858838319 282.0 282
1679858839305 283.0 283
1679858839484 284.0 284
1679858840474 285.0 285
1679858840665 286.0 286
1679858841571 287.0 287
1679858841740 288.0 288
1679858842655 289.0 289
1679858842813 290.0 290
1679858843710 291.0 291
1679858843874 292.0 292
1679858844824 293.0 293
1679858844991 294.0 294
1679858845895 295.0 295
1679858846079 296.0 296
1679858847006 297.0 297
1679858847182 298.0 298
1679858848108 299.0 299
1679858848269 300.0 300
1679858848387 301.0 301
