1679858678671 503900004.0 1
1679858678843 503900004.0 2
1679858679762 503900004.0 3
1679858679905 503900004.0 4
1679858680821 503900004.0 5
1679858681047 503900004.0 6
1679858681969 503900004.0 7
1679858682142 503900004.0 8
1679858683130 503900004.0 9
1679858683289 503900004.0 10
1679858684262 503900004.0 11
1679858684412 503900004.0 12
1679858685288 503900004.0 13
1679858685437 503900004.0 14
1679858686340 503900004.0 15
1679858686500 503900004.0 16
1679858687397 503900004.0 17
1679858687554 503900004.0 18
1679858688542 503900004.0 19
1679858688689 503900004.0 20
1679858689601 503900004.0 21
1679858689766 503900004.0 22
1679858690661 503900004.0 23
1679858690810 503900004.0 24
1679858691707 503900004.0 25
1679858691868 503900004.0 26
1679858692800 503900004.0 27
1679858692949 503900004.0 28
1679858693872 503900004.0 29
1679858694025 503900004.0 30
1679858694981 503900004.0 31
1679858695131 503900004.0 32
1679858696124 503900004.0 33
1679858696272 503900004.0 34
1679858697246 503900004.0 35
1679858697399 503900004.0 36
1679858698311 503900004.0 37
1679858698477 503900004.0 38
1679858699403 503900004.0 39
1679858699557 503900004.0 40
1679858700470 503900004.0 41
1679858700630 503900004.0 42
1679858701550 503900004.0 43
1679858701702 503900004.0 44
1679858702651 503900004.0 45
1679858702799 503900004.0 46
1679858703764 503900004.0 47
1679858703920 503900004.0 48
1679858704855 503900004.0 49
1679858705002 503900004.0 50
1679858705885 503900004.0 51
1679858706035 503900004.0 52
1679858706981 503900004.0 53
1679858707135 503900004.0 54
1679858708043 503900004.0 55
1679858708195 503900004.0 56
1679858709098 503900004.0 57
1679858709261 503900004.0 58
1679858710214 503900004.0 59
1679858710366 503900004.0 60
1679858711345 503900004.0 61
1679858711506 503900004.0 62
1679858712532 503900004.0 63
1679858712679 503900004.0 64
1679858713595 503900004.0 65
1679858713741 503900004.0 66
1679858714653 503900004.0 67
1679858714831 503900004.0 68
1679858715703 503900004.0 69
1679858715852 503900004.0 70
1679858716740 503900004.0 71
1679858716900 503900004.0 72
1679858717856 503900004.0 73
1679858718011 503900004.0 74
1679858718962 503900004.0 75
1679858719114 503900004.0 76
1679858720032 503900004.0 77
1679858720204 503900004.0 78
1679858721138 503900004.0 79
1679858721291 503900004.0 80
1679858722256 503900004.0 81
1679858722413 503900004.0 82
1679858723370 503900004.0 83
1679858723522 503900004.0 84
1679858724477 503900004.0 85
1679858724632 503900004.0 86
1679858725586 503900004.0 87
1679858725821 503900004.0 88
1679858726804 503900004.0 89
1679858726958 503900004.0 90
1679858727877 503900004.0 91
1679858728030 503900004.0 92
1679858728923 503900004.0 93
1679858729076 503900004.0 94
1679858730013 503900004.0 95
1679858730166 503900004.0 96
1679858731049 503900004.0 97
1679858731205 503900004.0 98
1679858732128 503900004.0 99
1679858732280 503900004.0 100
1679858733246 503900004.0 101
1679858733403 503900004.0 102
1679858734360 503900004.0 103
1679858734521 503900004.0 104
1679858735457 503900004.0 105
1679858735606 503900004.0 106
1679858736565 503900004.0 107
1679858736736 503900004.0 108
1679858737686 503900004.0 109
1679858737836 503900004.0 110
1679858738808 503900004.0 111
1679858738968 503900004.0 112
1679858739917 503900004.0 113
1679858740074 503900004.0 114
1679858741065 503900004.0 115
1679858741223 503900004.0 116
1679858742179 503900004.0 117
1679858742336 503900004.0 118
1679858743276 503900004.0 119
1679858743433 503900004.0 120
1679858744377 503900004.0 121
1679858744543 503900004.0 122
1679858745471 503900004.0 123
1679858745656 503900004.0 124
1679858746589 503900004.0 125
1679858746748 503900004.0 126
1679858747692 503900004.0 127
1679858747865 503900004.0 128
1679858748911 503900004.0 129
1679858749067 503900004.0 130
1679858750014 503900004.0 131
1679858750177 503900004.0 132
1679858751162 503900004.0 133
1679858751320 503900004.0 134
1679858752317 503900004.0 135
1679858752475 503900004.0 136
1679858753448 503900004.0 137
1679858753604 503900004.0 138
1679858754553 503900004.0 139
1679858754717 503900004.0 140
1679858755726 503900004.0 141
1679858755913 503900004.0 142
1679858757036 503900004.0 143
1679858757214 503900004.0 144
1679858758272 503900004.0 145
1679858758452 503900004.0 146
1679858759506 503900004.0 147
1679858759680 503900004.0 148
1679858760734 503900004.0 149
1679858760940 503900004.0 150
1679858762068 503900004.0 151
1679858762240 503900004.0 152
1679858763327 503900004.0 153
1679858763504 503900004.0 154
1679858764613 503900004.0 155
1679858764790 503900004.0 156
1679858766031 503900004.0 157
1679858766235 503900004.0 158
1679858767325 503900004.0 159
1679858767507 503900004.0 160
1679858768562 503900004.0 161
1679858768749 503900004.0 162
1679858769774 503900004.0 163
1679858769945 503900004.0 164
1679858770960 503900004.0 165
1679858771129 503900004.0 166
1679858772243 503900004.0 167
1679858772403 503900004.0 168
1679858773589 503900004.0 169
1679858773882 503900004.0 170
1679858774891 503900004.0 171
1679858775070 503900004.0 172
1679858775994 503900004.0 173
1679858776154 503900004.0 174
1679858777151 503900004.0 175
1679858777322 503900004.0 176
1679858778259 503900004.0 177
1679858778428 503900004.0 178
1679858779436 503900004.0 179
1679858779615 503900004.0 180
1679858780609 503900004.0 181
1679858780774 503900004.0 182
1679858781788 503900004.0 183
1679858782074 503900004.0 184
1679858783123 503900004.0 185
1679858783310 503900004.0 186
1679858784376 503900004.0 187
1679858784561 503900004.0 188
1679858785634 503900004.0 189
1679858785812 503900004.0 190
1679858786855 503900004.0 191
1679858787041 503900004.0 192
1679858788123 503900004.0 193
1679858788333 503900004.0 194
1679858789410 503900004.0 195
1679858789609 503900004.0 196
1679858790669 503900004.0 197
1679858790824 503900004.0 198
1679858791748 503900004.0 199
1679858791919 503900004.0 200
1679858792893 503900004.0 201
1679858793067 503900004.0 202
1679858794041 503900004.0 203
1679858794246 503900004.0 204
1679858795230 503900004.0 205
1679858795405 503900004.0 206
1679858796294 503900004.0 207
1679858796448 503900004.0 208
1679858797329 503900004.0 209
1679858797488 503900004.0 210
1679858798496 503900004.0 211
1679858798653 503900004.0 212
1679858799673 503900004.0 213
1679858799857 503900004.0 214
1679858800820 503900004.0 215
1679858800996 503900004.0 216
1679858801913 503900004.0 217
1679858802070 503900004.0 218
1679858803031 503900004.0 219
1679858803200 503900004.0 220
1679858804174 503900004.0 221
1679858804335 503900004.0 222
1679858805289 503900004.0 223
1679858805449 503900004.0 224
1679858806425 503900004.0 225
1679858806595 503900004.0 226
1679858807591 503900004.0 227
1679858807759 503900004.0 228
1679858808699 503900004.0 229
1679858808866 503900004.0 230
1679858809914 503900004.0 231
1679858810083 503900004.0 232
1679858811044 503900004.0 233
1679858811200 503900004.0 234
1679858812215 503900004.0 235
1679858812382 503900004.0 236
1679858813361 503900004.0 237
1679858813514 503900004.0 238
1679858814453 503900004.0 239
1679858814615 503900004.0 240
1679858815533 503900004.0 241
1679858815703 503900004.0 242
1679858816618 503900004.0 243
1679858816773 503900004.0 244
1679858817658 503900004.0 245
1679858817813 503900004.0 246
1679858818743 503900004.0 247
1679858818904 503900004.0 248
1679858819863 503900004.0 249
1679858820057 503900004.0 250
1679858820998 503900004.0 251
1679858821228 503900004.0 252
1679858822113 503900004.0 253
1679858822275 503900004.0 254
1679858823183 503900004.0 255
1679858823366 503900004.0 256
1679858824268 503900004.0 257
1679858824423 503900004.0 258
1679858825333 503900004.0 259
1679858825503 503900004.0 260
1679858826391 503900004.0 261
1679858826569 503900004.0 262
1679858827476 503900004.0 263
1679858827635 503900004.0 264
1679858828526 503900004.0 265
1679858828754 503900004.0 266
1679858829668 503900004.0 267
1679858829827 503900004.0 268
1679858830795 503900004.0 269
1679858830977 503900004.0 270
1679858832046 503900004.0 271
1679858832243 503900004.0 272
1679858833318 503900004.0 273
1679858833483 503900004.0 274
1679858834534 503900004.0 275
1679858834715 503900004.0 276
1679858835743 503900004.0 277
1679858835911 503900004.0 278
1679858836994 503900004.0 279
1679858837171 503900004.0 280
1679858838149 503900004.0 281
1679858838321 503900004.0 282
1679858839307 503900004.0 283
1679858839486 503900004.0 284
1679858840476 503900004.0 285
1679858840667 503900004.0 286
1679858841573 503900004.0 287
1679858841741 503900004.0 288
1679858842657 503900004.0 289
1679858842815 503900004.0 290
1679858843713 503900004.0 291
1679858843876 503900004.0 292
1679858844826 503900004.0 293
1679858844993 503900004.0 294
1679858845898 503900004.0 295
1679858846081 503900004.0 296
1679858847008 503900004.0 297
1679858847183 503900004.0 298
1679858848110 503900004.0 299
1679858848271 503900004.0 300
1679858848389 503900004.0 301
