1680272649036 58.75818896829657 1
1680272650847 24.633863384948963 3
1680272652688 13.919794159165642 5
1680272654428 10.111253379969247 7
1680272656229 7.5122082897131195 9
1680272658000 6.024501278770404 11
1680272659774 5.2152338118107355 13
1680272661676 3.977355079401609 15
1680272663531 3.3451987314302682 17
1680272665445 3.3156936719504295 19
1680272667421 2.906660863363292 21
1680272669385 2.445193862636136 23
1680272671171 2.080659300159698 25
1680272672917 2.004183094934231 27
1680272674660 1.709047606234968 29
1680272676370 1.6197395123918583 31
1680272678108 1.6469100950579607 33
1680272679905 1.1427161083363502 35
1680272681673 1.097910197784338 37
1680272683436 1.129393678438378 39
1680272685174 1.0457073851719871 41
1680272686970 0.7866672407805081 43
1680272688863 0.7148463063376452 45
1680272690661 0.7036532585460946 47
1680272692549 0.63591001873107 49
1680272694457 0.7217385278658247 51
1680272696334 0.6799761700229264 53
1680272698166 0.5639810126565575 55
1680272699956 0.531678878722821 57
1680272701836 0.48961611538771366 59
1680272703626 0.5039955561480473 61
1680272705482 0.47159350371855396 63
1680272707396 0.5880754199788026 65
1680272709170 0.543766682200492 67
1680272710980 0.4257281842576675 69
1680272712753 0.5096170177621612 71
1680272714494 0.48888348654972047 73
1680272716256 0.46123814116533574 75
1680272718109 0.3995598271840496 77
1680272719961 0.5086692233796836 79
1680272721825 0.457459135293917 81
1680272723726 0.462773729217181 83
1680272725619 0.40495505621559746 85
1680272727508 0.40158552302344147 87
1680272729317 0.41094767257470444 89
1680272731104 0.39054076827611767 91
1680272732901 0.332296772474422 93
1680272734692 0.36002506749042973 95
1680272736605 0.3630414947831986 97
1680272738428 0.3055053077947285 99
1680272740303 0.34253696210476753 101
1680272742109 0.3229896455235116 103
1680272743920 0.32425671435376446 105
1680272745807 0.29610724732200794 107
1680272747606 0.3208024868895859 109
1680272749417 0.31626709337220116 111
1680272751213 0.29167329722491464 113
1680272753103 0.32545629524483016 115
1680272755086 0.3243575282047619 117
1680272757015 0.2780296904195098 119
1680272758831 0.3093845079709311 121
1680272760663 0.32168183770296976 123
1680272762450 0.29299601948995563 125
1680272764333 0.28729726166333824 127
1680272766215 0.33185487068145025 129
1680272768040 0.30279424971368235 131
1680272769858 0.2831369923310924 133
1680272771662 0.2868719993142492 135
1680272773516 0.30363818582026836 137
1680272775311 0.28457324156986036 139
1680272777111 0.29441990147036146 141
1680272778928 0.28585812283311807 143
1680272780722 0.29243145572041007 145
1680272782763 0.28873669431144633 147
1680272784722 0.29155544815453943 149
1680272786602 0.27517879418885766 151
1680272788387 0.2970146298615507 153
1680272790170 0.3178615582304416 155
1680272792028 0.2695275051973786 157
1680272793842 0.2681241584007188 159
1680272795685 0.28098026147339333 161
1680272797508 0.2758106368646132 163
1680272799367 0.29424026919917984 165
1680272801225 0.2733428782392433 167
1680272803128 0.2739691104630277 169
1680272804945 0.28844130018379066 171
1680272806771 0.2820539245073156 173
1680272808567 0.27286052183910126 175
1680272810392 0.28367339570045996 177
1680272812307 0.2893242029140558 179
1680272814231 0.2806372841766669 181
1680272816200 0.2728672250955507 183
1680272818052 0.29630989722023715 185
1680272819859 0.2613409955869578 187
1680272821850 0.2973735085125925 189
1680272823905 0.2973189483589238 191
1680272825718 0.2981051069683816 193
1680272827605 0.2798961890155623 195
1680272829490 0.29609632108846023 197
1680272831421 0.2832436548783256 199
1680272833238 0.2803765328437923 201
1680272835050 0.2693894257484025 203
1680272836853 0.30526110034737636 205
1680272838661 0.2634312488823677 207
1680272840591 0.266630839051897 209
1680272842445 0.2780884200452756 211
1680272844390 0.3038367565045124 213
1680272846306 0.2809311120563703 215
1680272848139 0.28372605048287525 217
1680272850047 0.268490931265338 219
1680272851864 0.2668123360068897 221
1680272853636 0.2854870008340463 223
1680272855479 0.29512125190760746 225
1680272857267 0.28078020075473986 227
1680272859168 0.2687046048661251 229
1680272861034 0.28044044094446524 231
1680272862824 0.2861268076520693 233
1680272864607 0.2917842178872246 235
1680272866430 0.2774798147049427 237
1680272868295 0.27801591354834054 239
1680272870104 0.29267336299880903 241
1680272872019 0.28463760679381744 243
1680272873951 0.29740837662513286 245
1680272875887 0.2849414406561847 247
1680272877808 0.26303346675373457 249
1680272879589 0.2629206289845876 251
1680272881409 0.2796066195110455 253
1680272883210 0.2818245674302865 255
1680272885010 0.2811691879387247 257
1680272886946 0.28738206312852943 259
1680272888767 0.308918472105037 261
1680272890595 0.2713119635091874 263
1680272892387 0.2867096975265986 265
1680272894159 0.27591183467313113 267
1680272895961 0.3010220576198222 269
1680272897808 0.29862955079133585 271
1680272899583 0.2780496811566068 273
1680272901415 0.2713890959825513 275
1680272903356 0.28296097642955736 277
1680272905289 0.2706445467371846 279
1680272907178 0.26481084955923956 281
1680272908977 0.28491239098542964 283
1680272910784 0.27879912927651446 285
1680272912566 0.2994019376623676 287
1680272914332 0.2926884890201867 289
1680272916186 0.2766041707440195 291
1680272917926 0.3061455669873289 293
1680272919705 0.27058506930654475 295
1680272921571 0.30095468036077333 297
1680272923367 0.28871722000267536 299
