1679937921728 0.0 1
1679937921899 0.0 2
1679937922938 0.0 3
1679937923085 0.0 4
1679937923959 0.0 5
1679937924099 0.0 6
1679937924951 0.0 7
1679937925089 0.0 8
1679937925970 0.0 9
1679937926127 0.0 10
1679937927027 0.0 11
1679937927195 0.0 12
1679937928167 0.0 13
1679937928329 0.0 14
1679937929133 0.0 15
1679937929254 0.0 16
1679937930037 0.0 17
1679937930166 0.0 18
1679937930988 0.0 19
1679937931115 0.0 20
1679937931860 0.0 21
1679937931984 0.0 22
1679937932763 0.0 23
1679937932923 0.0 24
1679937933916 0.0 25
1679937934066 0.0 26
1679937934843 0.0 27
1679937934974 0.0 28
1679937935761 0.0 29
1679937935894 0.0 30
1679937936668 0.0 31
1679937936811 0.0 32
1679937937580 0.0 33
1679937937711 0.0 34
1679937938553 0.0 35
1679937938683 0.0 36
1679937939655 0.0 37
1679937939783 0.0 38
1679937940571 0.0 39
1679937940705 0.0 40
1679937941545 0.0 41
1679937941673 0.0 42
1679937942468 0.0 43
1679937942599 0.0 44
1679937943414 0.0 45
1679937943548 0.0 46
1679937944322 0.0 47
1679937944484 0.0 48
1679937945420 0.0 49
1679937945561 0.0 50
1679937946449 0.0 51
1679937946579 0.0 52
1679937947388 0.0 53
1679937947518 0.0 54
1679937948296 0.0 55
1679937948434 0.0 56
1679937949212 0.0 57
1679937949338 0.0 58
1679937950288 0.0 59
1679937950454 0.0 60
1679937951355 0.0 61
1679937951530 0.0 62
1679937952446 0.0 63
1679937952592 0.0 64
1679937953506 0.0 65
1679937953649 0.0 66
1679937954553 0.0 67
1679937954732 0.0 68
1679937955829 0.0 69
1679937956002 0.0 70
1679937956845 0.0 71
1679937956981 0.0 72
1679937957744 0.0 73
1679937957872 0.0 74
1679937958710 0.0 75
1679937958837 0.0 76
1679937959627 0.0 77
1679937959765 0.0 78
1679937960703 0.0 79
1679937960862 0.0 80
1679937961667 0.0 81
1679937961795 0.0 82
1679937962565 0.0 83
1679937962695 0.0 84
1679937963529 0.0 85
1679937963660 0.0 86
1679937964441 0.0 87
1679937964582 0.0 88
1679937965393 0.0 89
1679937965540 0.0 90
1679937966530 0.0 91
1679937966660 0.0 92
1679937967474 0.0 93
1679937967605 0.0 94
1679937968461 0.0 95
1679937968597 0.0 96
1679937969389 0.0 97
1679937969517 0.0 98
1679937970289 0.0 99
1679937970420 0.0 100
1679937971417 0.0 101
1679937971592 0.0 102
1679937972375 0.0 103
1679937972508 0.0 104
1679937973359 0.0 105
1679937973498 0.0 106
1679937974305 0.0 107
1679937974433 0.0 108
1679937975225 0.0 109
1679937975353 0.0 110
1679937976173 0.0 111
1679937976326 0.0 112
1679937977321 0.0 113
1679937977461 0.0 114
1679937978266 0.0 115
1679937978402 0.0 116
1679937979210 0.0 117
1679937979353 0.0 118
1679937980117 0.0 119
1679937980244 0.0 120
1679937981077 0.0 121
1679937981228 0.0 122
1679937982352 0.0 123
1679937982536 0.0 124
1679937983464 0.0 125
1679937983617 0.0 126
1679937984493 0.0 127
1679937984640 0.0 128
1679937985493 0.0 129
1679937985647 0.0 130
1679937986501 0.0 131
1679937986663 0.0 132
1679937987609 0.0 133
1679937987767 0.0 134
1679937988588 0.0 135
1679937988732 0.0 136
1679937989552 0.0 137
1679937989683 0.0 138
1679937990501 0.0 139
1679937990642 0.0 140
1679937991495 0.0 141
1679937991645 0.0 142
1679937992766 0.0 143
1679937992933 0.0 144
1679937993894 0.0 145
1679937994053 0.0 146
1679937994972 0.0 147
1679937995128 0.0 148
1679937996062 0.0 149
1679937996216 0.0 150
1679937997014 0.0 151
1679937997183 0.0 152
1679937998107 0.0 153
1679937998291 0.0 154
1679937999159 0.0 155
1679937999297 0.0 156
1679938000072 0.0 157
1679938000202 0.0 158
1679938001026 0.0 159
1679938001171 0.0 160
1679938001954 0.0 161
1679938002087 0.0 162
1679938003033 0.0 163
1679938003212 0.0 164
1679938004069 0.0 165
1679938004206 0.0 166
1679938004982 0.0 167
1679938005121 0.0 168
1679938005922 0.0 169
1679938006061 0.0 170
1679938006840 0.0 171
1679938006976 0.0 172
1679938007779 0.0 173
1679938007946 0.0 174
1679938008931 0.0 175
1679938009089 0.0 176
1679938009879 0.0 177
1679938010014 0.0 178
1679938010873 0.0 179
1679938011037 0.0 180
1679938011958 0.0 181
1679938012114 0.0 182
1679938013044 0.0 183
1679938013244 0.0 184
1679938014291 0.0 185
1679938014437 0.0 186
1679938015312 0.0 187
1679938015464 0.0 188
1679938016353 0.0 189
1679938016489 0.0 190
1679938017278 0.0 191
1679938017412 0.0 192
1679938018189 0.0 193
1679938018376 0.0 194
1679938019332 0.0 195
1679938019511 0.0 196
1679938020344 0.0 197
1679938020483 0.0 198
1679938021294 0.0 199
1679938021429 0.0 200
1679938022204 0.0 201
1679938022342 0.0 202
1679938023148 0.0 203
1679938023292 0.0 204
1679938024279 0.0 205
1679938024445 0.0 206
1679938025263 0.0 207
1679938025404 0.0 208
1679938026215 0.0 209
1679938026352 0.0 210
1679938027118 0.0 211
1679938027255 0.0 212
1679938028029 0.0 213
1679938028176 0.0 214
1679938029000 0.0 215
1679938029178 0.0 216
1679938030116 0.0 217
1679938030258 0.0 218
1679938031172 0.0 219
1679938031319 0.0 220
1679938032125 0.0 221
1679938032280 0.0 222
1679938033086 0.0 223
1679938033244 0.0 224
1679938034076 0.0 225
1679938034246 0.0 226
1679938035201 0.0 227
1679938035364 0.0 228
1679938036267 0.0 229
1679938036436 0.0 230
1679938037295 0.0 231
1679938037471 0.0 232
1679938038265 0.0 233
1679938038412 0.0 234
1679938039229 0.0 235
1679938039402 0.0 236
1679938040330 0.0 237
1679938040493 0.0 238
1679938041319 0.0 239
1679938041488 0.0 240
1679938042401 0.0 241
1679938042578 0.0 242
1679938043508 0.0 243
1679938043663 0.0 244
1679938044576 0.0 245
1679938044772 0.0 246
1679938045838 0.0 247
1679938046023 0.0 248
1679938046890 0.0 249
1679938047029 0.0 250
1679938047858 0.0 251
1679938048017 0.0 252
1679938048905 0.0 253
1679938049044 0.0 254
1679938049855 0.0 255
1679938050028 0.0 256
1679938051082 0.0 257
1679938051240 0.0 258
1679938052085 0.0 259
1679938052222 0.0 260
1679938053086 0.0 261
1679938053226 0.0 262
1679938054049 0.0 263
1679938054187 0.0 264
1679938054981 0.0 265
1679938055176 0.0 266
1679938056165 0.0 267
1679938056355 0.0 268
1679938057189 0.0 269
1679938057334 0.0 270
1679938058154 0.0 271
1679938058288 0.0 272
1679938059119 0.0 273
1679938059260 0.0 274
1679938060076 0.0 275
1679938060255 0.0 276
1679938061161 0.0 277
1679938061301 0.0 278
1679938062184 0.0 279
1679938062322 0.0 280
1679938063148 0.0 281
1679938063282 0.0 282
1679938064064 0.0 283
1679938064209 0.0 284
1679938065061 0.0 285
1679938065208 0.0 286
1679938066199 0.0 287
1679938066368 0.0 288
1679938067191 0.0 289
1679938067352 0.0 290
1679938068187 0.0 291
1679938068326 0.0 292
1679938069104 0.0 293
1679938069264 0.0 294
1679938070085 0.0 295
1679938070229 0.0 296
1679938071244 0.0 297
1679938071409 0.0 298
1679938072339 0.0 299
1679938072502 0.0 300
1679938072629 0.0 301
