1679937921751 6080.0 1
1679937921908 6080.0 2
1679937922949 6080.0 3
1679937923095 6080.0 4
1679937923969 6080.0 5
1679937924109 6080.0 6
1679937924960 6080.0 7
1679937925098 6080.0 8
1679937925986 6080.0 9
1679937926136 6080.0 10
1679937927037 6080.0 11
1679937927205 6080.0 12
1679937928176 6080.0 13
1679937928340 6080.0 14
1679937929141 6080.0 15
1679937929262 6080.0 16
1679937930046 6080.0 17
1679937930176 6080.0 18
1679937930997 6080.0 19
1679937931125 6080.0 20
1679937931869 6080.0 21
1679937931993 6080.0 22
1679937932773 6080.0 23
1679937932935 6080.0 24
1679937933933 6080.0 25
1679937934074 6080.0 26
1679937934852 6080.0 27
1679937934983 6080.0 28
1679937935769 6080.0 29
1679937935904 6080.0 30
1679937936677 6080.0 31
1679937936820 6080.0 32
1679937937590 6080.0 33
1679937937721 6080.0 34
1679937938562 6080.0 35
1679937938692 6080.0 36
1679937939665 6080.0 37
1679937939791 6080.0 38
1679937940581 6080.0 39
1679937940714 6080.0 40
1679937941554 6080.0 41
1679937941682 6080.0 42
1679937942476 6080.0 43
1679937942608 6080.0 44
1679937943422 6080.0 45
1679937943557 6080.0 46
1679937944331 6080.0 47
1679937944497 6080.0 48
1679937945430 6080.0 49
1679937945570 6080.0 50
1679937946458 6080.0 51
1679937946589 6080.0 52
1679937947397 6080.0 53
1679937947528 6080.0 54
1679937948304 6080.0 55
1679937948444 6080.0 56
1679937949221 6080.0 57
1679937949347 6080.0 58
1679937950304 6080.0 59
1679937950465 6080.0 60
1679937951365 6080.0 61
1679937951539 6080.0 62
1679937952454 6080.0 63
1679937952601 6080.0 64
1679937953517 6080.0 65
1679937953659 6080.0 66
1679937954563 6080.0 67
1679937954743 6080.0 68
1679937955842 6080.0 69
1679937956012 6080.0 70
1679937956855 6080.0 71
1679937956989 6080.0 72
1679937957753 6080.0 73
1679937957880 6080.0 74
1679937958718 6080.0 75
1679937958845 6080.0 76
1679937959636 6080.0 77
1679937959774 6080.0 78
1679937960715 6080.0 79
1679937960872 6080.0 80
1679937961676 6080.0 81
1679937961804 6080.0 82
1679937962576 6080.0 83
1679937962703 6080.0 84
1679937963538 6080.0 85
1679937963669 6080.0 86
1679937964450 6080.0 87
1679937964591 6080.0 88
1679937965401 6080.0 89
1679937965553 6080.0 90
1679937966541 6080.0 91
1679937966668 6080.0 92
1679937967483 6080.0 93
1679937967614 6080.0 94
1679937968470 6080.0 95
1679937968606 6080.0 96
1679937969398 6080.0 97
1679937969525 6080.0 98
1679937970299 6080.0 99
1679937970429 6080.0 100
1679937971428 6080.0 101
1679937971603 6080.0 102
1679937972386 6080.0 103
1679937972516 6080.0 104
1679937973369 6080.0 105
1679937973507 6080.0 106
1679937974314 6080.0 107
1679937974441 6080.0 108
1679937975234 6080.0 109
1679937975362 6080.0 110
1679937976181 6080.0 111
1679937976339 6080.0 112
1679937977334 6080.0 113
1679937977470 6080.0 114
1679937978275 6080.0 115
1679937978411 6080.0 116
1679937979221 6080.0 117
1679937979362 6080.0 118
1679937980126 6080.0 119
1679937980253 6080.0 120
1679937981087 6080.0 121
1679937981238 6080.0 122
1679937982368 6080.0 123
1679937982546 6080.0 124
1679937983474 6080.0 125
1679937983627 6080.0 126
1679937984503 6080.0 127
1679937984649 6080.0 128
1679937985503 6080.0 129
1679937985656 6080.0 130
1679937986511 6080.0 131
1679937986674 6080.0 132
1679937987619 6080.0 133
1679937987776 6080.0 134
1679937988596 6080.0 135
1679937988742 6080.0 136
1679937989561 6080.0 137
1679937989692 6080.0 138
1679937990512 6080.0 139
1679937990651 6080.0 140
1679937991504 6080.0 141
1679937991654 6080.0 142
1679937992780 6080.0 143
1679937992943 6080.0 144
1679937993906 6080.0 145
1679937994064 6080.0 146
1679937994981 6080.0 147
1679937995138 6080.0 148
1679937996071 6080.0 149
1679937996225 6080.0 150
1679937997023 6080.0 151
1679937997192 6080.0 152
1679937998118 6080.0 153
1679937998299 6080.0 154
1679937999169 6080.0 155
1679937999305 6080.0 156
1679938000081 6080.0 157
1679938000211 6080.0 158
1679938001037 6080.0 159
1679938001179 6080.0 160
1679938001963 6080.0 161
1679938002096 6080.0 162
1679938003042 6080.0 163
1679938003224 6080.0 164
1679938004079 6080.0 165
1679938004215 6080.0 166
1679938004991 6080.0 167
1679938005129 6080.0 168
1679938005932 6080.0 169
1679938006072 6080.0 170
1679938006849 6080.0 171
1679938006985 6080.0 172
1679938007787 6080.0 173
1679938007954 6080.0 174
1679938008940 6080.0 175
1679938009099 6080.0 176
1679938009888 6080.0 177
1679938010023 6080.0 178
1679938010883 6080.0 179
1679938011046 6080.0 180
1679938011969 6080.0 181
1679938012124 6080.0 182
1679938013055 6080.0 183
1679938013259 6080.0 184
1679938014303 6080.0 185
1679938014446 6080.0 186
1679938015321 6080.0 187
1679938015472 6080.0 188
1679938016362 6080.0 189
1679938016497 6080.0 190
1679938017286 6080.0 191
1679938017421 6080.0 192
1679938018199 6080.0 193
1679938018385 6080.0 194
1679938019340 6080.0 195
1679938019520 6080.0 196
1679938020354 6080.0 197
1679938020492 6080.0 198
1679938021304 6080.0 199
1679938021437 6080.0 200
1679938022213 6080.0 201
1679938022351 6080.0 202
1679938023157 6080.0 203
1679938023301 6080.0 204
1679938024288 6080.0 205
1679938024456 6080.0 206
1679938025272 6080.0 207
1679938025414 6080.0 208
1679938026224 6080.0 209
1679938026360 6080.0 210
1679938027126 6080.0 211
1679938027264 6080.0 212
1679938028038 6080.0 213
1679938028184 6080.0 214
1679938029009 6080.0 215
1679938029188 6080.0 216
1679938030128 6080.0 217
1679938030267 6080.0 218
1679938031181 6080.0 219
1679938031328 6080.0 220
1679938032134 6080.0 221
1679938032289 6080.0 222
1679938033095 6080.0 223
1679938033253 6080.0 224
1679938034084 6080.0 225
1679938034256 6080.0 226
1679938035216 6080.0 227
1679938035374 6080.0 228
1679938036275 6080.0 229
1679938036444 6080.0 230
1679938037304 6080.0 231
1679938037482 6080.0 232
1679938038273 6080.0 233
1679938038421 6080.0 234
1679938039237 6080.0 235
1679938039412 6080.0 236
1679938040339 6080.0 237
1679938040502 6080.0 238
1679938041329 6080.0 239
1679938041498 6080.0 240
1679938042411 6080.0 241
1679938042587 6080.0 242
1679938043516 6080.0 243
1679938043672 6080.0 244
1679938044586 6080.0 245
1679938044785 6080.0 246
1679938045849 6080.0 247
1679938046035 6080.0 248
1679938046899 6080.0 249
1679938047039 6080.0 250
1679938047867 6080.0 251
1679938048030 6080.0 252
1679938048915 6080.0 253
1679938049053 6080.0 254
1679938049864 6080.0 255
1679938050044 6080.0 256
1679938051092 6080.0 257
1679938051249 6080.0 258
1679938052093 6080.0 259
1679938052231 6080.0 260
1679938053095 6080.0 261
1679938053233 6080.0 262
1679938054058 6080.0 263
1679938054195 6080.0 264
1679938054991 6080.0 265
1679938055187 6080.0 266
1679938056180 6080.0 267
1679938056364 6080.0 268
1679938057198 6080.0 269
1679938057342 6080.0 270
1679938058163 6080.0 271
1679938058296 6080.0 272
1679938059128 6080.0 273
1679938059268 6080.0 274
1679938060085 6080.0 275
1679938060264 6080.0 276
1679938061169 6080.0 277
1679938061311 6080.0 278
1679938062193 6080.0 279
1679938062331 6080.0 280
1679938063156 6080.0 281
1679938063289 6080.0 282
1679938064075 6080.0 283
1679938064220 6080.0 284
1679938065071 6080.0 285
1679938065217 6080.0 286
1679938066208 6080.0 287
1679938066376 6080.0 288
1679938067200 6080.0 289
1679938067363 6080.0 290
1679938068195 6080.0 291
1679938068335 6080.0 292
1679938069118 6080.0 293
1679938069273 6080.0 294
1679938070094 6080.0 295
1679938070238 6080.0 296
1679938071253 6080.0 297
1679938071419 6080.0 298
1679938072348 6080.0 299
1679938072510 6080.0 300
1679938072638 6080.0 301
