1679937921726 21.47004985809326 1
1679937921897 0.15703177452087402 2
1679937922935 1.0330145359039307 3
1679937923082 0.1479017734527588 4
1679937923956 0.874241828918457 5
1679937924097 0.1427016258239746 6
1679937924948 0.852299690246582 7
1679937925087 0.13598012924194336 8
1679937925968 0.8821313381195068 9
1679937926124 0.15584158897399902 10
1679937927024 0.8919782638549805 11
1679937927193 0.166748046875 12
1679937928164 0.9798228740692139 13
1679937928326 0.15227174758911133 14
1679937929131 0.8235301971435547 15
1679937929251 0.11981463432312012 16
1679937930036 0.7787940502166748 17
1679937930164 0.1279006004333496 18
1679937930985 0.8240149021148682 19
1679937931113 0.12898755073547363 20
1679937931858 0.7431964874267578 21
1679937931982 0.12368249893188477 22
1679937932760 0.7791693210601807 23
1679937932920 0.1500849723815918 24
1679937933914 0.9972305297851562 25
1679937934064 0.1489853858947754 26
1679937934841 0.7835979461669922 27
1679937934971 0.12525606155395508 28
1679937935758 0.7935335636138916 29
1679937935892 0.1314225196838379 30
1679937936665 0.7763223648071289 31
1679937936809 0.14189910888671875 32
1679937937578 0.7717666625976562 33
1679937937709 0.12862634658813477 34
1679937938551 0.8372340202331543 35
1679937938680 0.13284850120544434 36
1679937939652 0.9691305160522461 37
1679937939781 0.132218599319458 38
1679937940570 0.7898132801055908 39
1679937940703 0.12883806228637695 40
1679937941543 0.841968297958374 41
1679937941671 0.12904763221740723 42
1679937942465 0.7932600975036621 43
1679937942596 0.1318042278289795 44
1679937943411 0.8140716552734375 45
1679937943546 0.1335310935974121 46
1679937944319 0.7697534561157227 47
1679937944481 0.1491236686706543 48
1679937945416 0.9393715858459473 49
1679937945559 0.15594053268432617 50
1679937946446 0.8693437576293945 51
1679937946576 0.14742064476013184 52
1679937947385 0.8086657524108887 53
1679937947516 0.1296675205230713 54
1679937948294 0.7770023345947266 55
1679937948432 0.13808083534240723 56
1679937949210 0.7809453010559082 57
1679937949335 0.12761235237121582 58
1679937950285 0.9434659481048584 59
1679937950452 0.1651136875152588 60
1679937951353 0.9030356407165527 61
1679937951528 0.1577463150024414 62
1679937952443 0.9289646148681641 63
1679937952590 0.1450793743133545 64
1679937953504 0.9171621799468994 65
1679937953647 0.14083123207092285 66
1679937954551 0.9040703773498535 67
1679937954728 0.15302777290344238 68
1679937955826 1.1019275188446045 69
1679937955999 0.18896031379699707 70
1679937956842 0.8531765937805176 71
1679937956979 0.13298964500427246 72
1679937957742 0.769768238067627 73
1679937957869 0.1280078887939453 74
1679937958708 0.8375558853149414 75
1679937958835 0.1234750747680664 76
1679937959625 0.7920119762420654 77
1679937959763 0.13715505599975586 78
1679937960700 0.9250354766845703 79
1679937960858 0.16138434410095215 80
1679937961664 0.8180172443389893 81
1679937961793 0.12650465965270996 82
1679937962563 0.768913984298706 83
1679937962693 0.1319730281829834 84
1679937963527 0.8279895782470703 85
1679937963658 0.13515925407409668 86
1679937964439 0.779944896697998 87
1679937964579 0.1390247344970703 88
1679937965391 0.8151822090148926 89
1679937965537 0.13391804695129395 90
1679937966526 0.9952964782714844 91
1679937966658 0.13852763175964355 92
1679937967471 0.811180830001831 93
1679937967602 0.1286613941192627 94
1679937968459 0.8531701564788818 95
1679937968595 0.13944029808044434 96
1679937969387 0.7985131740570068 97
1679937969515 0.12470579147338867 98
1679937970287 0.7708992958068848 99
1679937970418 0.13250041007995605 100
1679937971415 0.9819817543029785 101
1679937971590 0.1751234531402588 102
1679937972373 0.7948322296142578 103
1679937972505 0.1351151466369629 104
1679937973357 0.8500585556030273 105
1679937973494 0.1346292495727539 106
1679937974303 0.811110258102417 107
1679937974431 0.13011693954467773 108
1679937975223 0.7918491363525391 109
1679937975351 0.1271054744720459 110
1679937976170 0.8199903964996338 111
1679937976322 0.13611555099487305 112
1679937977319 0.9969215393066406 113
1679937977458 0.15233707427978516 114
1679937978264 0.8036413192749023 115
1679937978400 0.138045072555542 116
1679937979208 0.8012740612030029 117
1679937979351 0.14802885055541992 118
1679937980115 0.7690861225128174 119
1679937980242 0.12636256217956543 120
1679937981075 0.8191502094268799 121
1679937981226 0.1490774154663086 122
1679937982348 1.1129286289215088 123
1679937982533 0.19029664993286133 124
1679937983461 0.9398529529571533 125
1679937983615 0.1487743854522705 126
1679937984491 0.8766250610351562 127
1679937984637 0.14852356910705566 128
1679937985491 0.8569083213806152 129
1679937985644 0.15130615234375 130
1679937986498 0.8587329387664795 131
1679937986660 0.1511373519897461 132
1679937987606 0.9538514614105225 133
1679937987764 0.1600487232208252 134
1679937988586 0.823920726776123 135
1679937988730 0.13911890983581543 136
1679937989550 0.825911283493042 137
1679937989681 0.13032197952270508 138
1679937990499 0.8087091445922852 139
1679937990639 0.14391589164733887 140
1679937991492 0.8523623943328857 141
1679937991643 0.14469623565673828 142
1679937992762 1.1001784801483154 143
1679937992931 0.18081426620483398 144
1679937993891 0.9671623706817627 145
1679937994051 0.16207361221313477 146
1679937994969 0.9188172817230225 147
1679937995125 0.15159106254577637 148
1679937996059 0.9345443248748779 149
1679937996213 0.1547400951385498 150
1679937997012 0.8088774681091309 151
1679937997180 0.1583251953125 152
1679937998104 0.9289064407348633 153
1679937998289 0.1860189437866211 154
1679937999157 0.8699667453765869 155
1679937999295 0.1390705108642578 156
1679938000070 0.779017448425293 157
1679938000199 0.12898635864257812 158
1679938001024 0.8190207481384277 159
1679938001169 0.14776134490966797 160
1679938001951 0.7831594944000244 161
1679938002084 0.13211727142333984 162
1679938003030 0.9348227977752686 163
1679938003209 0.17129850387573242 164
1679938004068 0.8757717609405518 165
1679938004204 0.13695144653320312 166
1679938004980 0.7739269733428955 167
1679938005119 0.14101552963256836 168
1679938005920 0.8004345893859863 169
1679938006059 0.13853931427001953 170
1679938006838 0.7759854793548584 171
1679938006974 0.13668227195739746 172
1679938007777 0.8054916858673096 173
1679938007944 0.15842556953430176 174
1679938008929 0.9835724830627441 175
1679938009087 0.16684651374816895 176
1679938009876 0.7871582508087158 177
1679938010012 0.14104795455932617 178
1679938010871 0.8459160327911377 179
1679938011034 0.17101359367370605 180
1679938011956 0.9139583110809326 181
1679938012110 0.15705323219299316 182
1679938013041 0.9201242923736572 183
1679938013240 0.18475961685180664 184
1679938014288 1.0739498138427734 185
1679938014435 0.1450498104095459 186
1679938015309 0.8739440441131592 187
1679938015461 0.1531369686126709 188
1679938016350 0.8909652233123779 189
1679938016486 0.14319539070129395 190
1679938017276 0.7857778072357178 191
1679938017409 0.1398627758026123 192
1679938018186 0.7705256938934326 193
1679938018374 0.17372608184814453 194
1679938019329 0.9616143703460693 195
1679938019509 0.169403076171875 196
1679938020342 0.8469603061676025 197
1679938020481 0.14487767219543457 198
1679938021292 0.8140625953674316 199
1679938021426 0.13190007209777832 200
1679938022202 0.7771012783050537 201
1679938022340 0.13905096054077148 202
1679938023146 0.8005249500274658 203
1679938023289 0.14419078826904297 204
1679938024276 0.9775750637054443 205
1679938024442 0.1525585651397705 206
1679938025260 0.8441026210784912 207
1679938025401 0.14202141761779785 208
1679938026212 0.8061249256134033 209
1679938026349 0.1377420425415039 210
1679938027116 0.7693984508514404 211
1679938027253 0.13671565055847168 212
1679938028027 0.7691373825073242 213
1679938028174 0.14276480674743652 214
1679938028998 0.8253107070922852 215
1679938029175 0.16376447677612305 216
1679938030113 0.9430580139160156 217
1679938030256 0.15676140785217285 218
1679938031170 0.9022951126098633 219
1679938031317 0.15232300758361816 220
1679938032123 0.7986664772033691 221
1679938032278 0.15782451629638672 222
1679938033083 0.8039214611053467 223
1679938033242 0.15915417671203613 224
1679938034073 0.8369922637939453 225
1679938034243 0.14975547790527344 226
1679938035197 0.9631879329681396 227
1679938035362 0.17607378959655762 228
1679938036264 0.8909430503845215 229
1679938036433 0.16622424125671387 230
1679938037293 0.8658180236816406 231
1679938037469 0.17530441284179688 232
1679938038263 0.8036019802093506 233
1679938038409 0.1440598964691162 234
1679938039226 0.8179631233215332 235
1679938039400 0.15361833572387695 236
1679938040326 0.9416773319244385 237
1679938040491 0.16559576988220215 238
1679938041317 0.8231699466705322 239
1679938041485 0.1637861728668213 240
1679938042399 0.9151721000671387 241
1679938042576 0.17610740661621094 242
1679938043506 0.9299736022949219 243
1679938043661 0.16304254531860352 244
1679938044572 0.9119718074798584 245
1679938044768 0.1782057285308838 246
1679938045835 1.0721113681793213 247
1679938046019 0.18664145469665527 248
1679938046888 0.888866662979126 249
1679938047027 0.13558435440063477 250
1679938047856 0.8245785236358643 251
1679938048014 0.15179991722106934 252
1679938048903 0.8748862743377686 253
1679938049042 0.16366195678710938 254
1679938049853 0.8104965686798096 255
1679938050024 0.15260720252990723 256
1679938051079 1.0466644763946533 257
1679938051238 0.17869281768798828 258
1679938052082 0.851832389831543 259
1679938052220 0.13817191123962402 260
1679938053084 0.8611831665039062 261
1679938053223 0.14078998565673828 262
1679938054046 0.821291446685791 263
1679938054184 0.14084911346435547 264
1679938054979 0.7929916381835938 265
1679938055173 0.17203187942504883 266
1679938056162 0.9989502429962158 267
1679938056353 0.19603610038757324 268
1679938057188 0.8420493602752686 269
1679938057332 0.14533638954162598 270
1679938058152 0.8233344554901123 271
1679938058286 0.13467669486999512 272
1679938059117 0.820462703704834 273
1679938059258 0.1451432704925537 274
1679938060072 0.8148345947265625 275
1679938060252 0.16182804107666016 276
1679938061159 0.9228346347808838 277
1679938061299 0.14344286918640137 278
1679938062182 0.882892370223999 279
1679938062320 0.13785028457641602 280
1679938063145 0.8204207420349121 281
1679938063279 0.141937255859375 282
1679938064060 0.7729508876800537 283
1679938064206 0.15098118782043457 284
1679938065058 0.845879316329956 285
1679938065205 0.15422463417053223 286
1679938066196 0.9828271865844727 287
1679938066365 0.16208195686340332 288
1679938067188 0.8260917663574219 289
1679938067349 0.16204309463500977 290
1679938068185 0.8481264114379883 291
1679938068323 0.13573598861694336 292
1679938069100 0.7759346961975098 293
1679938069262 0.1607511043548584 294
1679938070082 0.8231561183929443 295
1679938070227 0.14190912246704102 296
1679938071240 0.9992368221282959 297
1679938071405 0.16884446144104004 298
1679938072337 0.9350049495697021 299
1679938072499 0.1614243984222412 300
1679938072627 0.12555599212646484 301
