1679937921743 1679937921.0 1
1679937921904 1679937921.0 2
1679937922943 1679937922.0 3
1679937923090 1679937923.0 4
1679937923964 1679937923.0 5
1679937924104 1679937924.0 6
1679937924955 1679937924.0 7
1679937925094 1679937925.0 8
1679937925976 1679937925.0 9
1679937926132 1679937926.0 10
1679937927031 1679937926.0 11
1679937927200 1679937927.0 12
1679937928172 1679937928.0 13
1679937928335 1679937928.0 14
1679937929137 1679937929.0 15
1679937929258 1679937929.0 16
1679937930042 1679937929.0 17
1679937930171 1679937930.0 18
1679937930993 1679937930.0 19
1679937931120 1679937931.0 20
1679937931865 1679937931.0 21
1679937931989 1679937931.0 22
1679937932769 1679937932.0 23
1679937932929 1679937932.0 24
1679937933925 1679937933.0 25
1679937934070 1679937934.0 26
1679937934848 1679937934.0 27
1679937934980 1679937934.0 28
1679937935765 1679937935.0 29
1679937935898 1679937935.0 30
1679937936672 1679937936.0 31
1679937936815 1679937936.0 32
1679937937586 1679937937.0 33
1679937937717 1679937937.0 34
1679937938557 1679937938.0 35
1679937938688 1679937938.0 36
1679937939660 1679937939.0 37
1679937939787 1679937939.0 38
1679937940576 1679937940.0 39
1679937940710 1679937940.0 40
1679937941549 1679937941.0 41
1679937941678 1679937941.0 42
1679937942471 1679937942.0 43
1679937942604 1679937942.0 44
1679937943418 1679937943.0 45
1679937943553 1679937943.0 46
1679937944326 1679937944.0 47
1679937944491 1679937944.0 48
1679937945424 1679937945.0 49
1679937945566 1679937945.0 50
1679937946453 1679937946.0 51
1679937946584 1679937946.0 52
1679937947392 1679937947.0 53
1679937947522 1679937947.0 54
1679937948300 1679937948.0 55
1679937948439 1679937948.0 56
1679937949217 1679937949.0 57
1679937949342 1679937949.0 58
1679937950296 1679937950.0 59
1679937950460 1679937950.0 60
1679937951360 1679937951.0 61
1679937951535 1679937951.0 62
1679937952450 1679937952.0 63
1679937952596 1679937952.0 64
1679937953512 1679937953.0 65
1679937953654 1679937953.0 66
1679937954558 1679937954.0 67
1679937954738 1679937954.0 68
1679937955835 1679937955.0 69
1679937956007 1679937955.0 70
1679937956850 1679937956.0 71
1679937956985 1679937956.0 72
1679937957748 1679937957.0 73
1679937957876 1679937957.0 74
1679937958714 1679937958.0 75
1679937958841 1679937958.0 76
1679937959632 1679937959.0 77
1679937959770 1679937959.0 78
1679937960709 1679937960.0 79
1679937960867 1679937960.0 80
1679937961672 1679937961.0 81
1679937961799 1679937961.0 82
1679937962570 1679937962.0 83
1679937962698 1679937962.0 84
1679937963534 1679937963.0 85
1679937963665 1679937963.0 86
1679937964446 1679937964.0 87
1679937964587 1679937964.0 88
1679937965397 1679937965.0 89
1679937965547 1679937965.0 90
1679937966536 1679937966.0 91
1679937966664 1679937966.0 92
1679937967478 1679937967.0 93
1679937967609 1679937967.0 94
1679937968465 1679937968.0 95
1679937968601 1679937968.0 96
1679937969393 1679937969.0 97
1679937969520 1679937969.0 98
1679937970294 1679937970.0 99
1679937970425 1679937970.0 100
1679937971423 1679937971.0 101
1679937971598 1679937971.0 102
1679937972380 1679937972.0 103
1679937972512 1679937972.0 104
1679937973364 1679937973.0 105
1679937973502 1679937973.0 106
1679937974310 1679937974.0 107
1679937974437 1679937974.0 108
1679937975229 1679937975.0 109
1679937975358 1679937975.0 110
1679937976177 1679937976.0 111
1679937976333 1679937976.0 112
1679937977329 1679937977.0 113
1679937977465 1679937977.0 114
1679937978270 1679937978.0 115
1679937978406 1679937978.0 116
1679937979215 1679937979.0 117
1679937979357 1679937979.0 118
1679937980121 1679937980.0 119
1679937980249 1679937980.0 120
1679937981082 1679937981.0 121
1679937981233 1679937981.0 122
1679937982360 1679937982.0 123
1679937982540 1679937982.0 124
1679937983469 1679937983.0 125
1679937983622 1679937983.0 126
1679937984498 1679937984.0 127
1679937984645 1679937984.0 128
1679937985498 1679937985.0 129
1679937985651 1679937985.0 130
1679937986506 1679937986.0 131
1679937986668 1679937986.0 132
1679937987614 1679937987.0 133
1679937987771 1679937987.0 134
1679937988592 1679937988.0 135
1679937988737 1679937988.0 136
1679937989556 1679937989.0 137
1679937989686 1679937989.0 138
1679937990506 1679937990.0 139
1679937990647 1679937990.0 140
1679937991500 1679937991.0 141
1679937991649 1679937991.0 142
1679937992774 1679937992.0 143
1679937992938 1679937992.0 144
1679937993901 1679937993.0 145
1679937994059 1679937993.0 146
1679937994977 1679937994.0 147
1679937995133 1679937995.0 148
1679937996066 1679937995.0 149
1679937996220 1679937996.0 150
1679937997018 1679937996.0 151
1679937997187 1679937997.0 152
1679937998112 1679937998.0 153
1679937998296 1679937998.0 154
1679937999163 1679937999.0 155
1679937999301 1679937999.0 156
1679938000077 1679938000.0 157
1679938000207 1679938000.0 158
1679938001032 1679938000.0 159
1679938001175 1679938001.0 160
1679938001958 1679938001.0 161
1679938002091 1679938002.0 162
1679938003038 1679938002.0 163
1679938003217 1679938003.0 164
1679938004075 1679938004.0 165
1679938004211 1679938004.0 166
1679938004986 1679938004.0 167
1679938005125 1679938005.0 168
1679938005927 1679938005.0 169
1679938006066 1679938006.0 170
1679938006844 1679938006.0 171
1679938006980 1679938006.0 172
1679938007783 1679938007.0 173
1679938007950 1679938007.0 174
1679938008935 1679938008.0 175
1679938009094 1679938009.0 176
1679938009884 1679938009.0 177
1679938010019 1679938009.0 178
1679938010879 1679938010.0 179
1679938011041 1679938010.0 180
1679938011964 1679938011.0 181
1679938012119 1679938012.0 182
1679938013049 1679938012.0 183
1679938013252 1679938013.0 184
1679938014297 1679938014.0 185
1679938014441 1679938014.0 186
1679938015317 1679938015.0 187
1679938015468 1679938015.0 188
1679938016358 1679938016.0 189
1679938016493 1679938016.0 190
1679938017282 1679938017.0 191
1679938017416 1679938017.0 192
1679938018194 1679938018.0 193
1679938018381 1679938018.0 194
1679938019336 1679938019.0 195
1679938019516 1679938019.0 196
1679938020349 1679938020.0 197
1679938020487 1679938020.0 198
1679938021299 1679938021.0 199
1679938021433 1679938021.0 200
1679938022209 1679938022.0 201
1679938022347 1679938022.0 202
1679938023152 1679938023.0 203
1679938023297 1679938023.0 204
1679938024284 1679938024.0 205
1679938024451 1679938024.0 206
1679938025267 1679938025.0 207
1679938025409 1679938025.0 208
1679938026219 1679938026.0 209
1679938026356 1679938026.0 210
1679938027122 1679938027.0 211
1679938027259 1679938027.0 212
1679938028033 1679938027.0 213
1679938028180 1679938028.0 214
1679938029005 1679938028.0 215
1679938029182 1679938029.0 216
1679938030122 1679938030.0 217
1679938030262 1679938030.0 218
1679938031177 1679938031.0 219
1679938031324 1679938031.0 220
1679938032130 1679938032.0 221
1679938032284 1679938032.0 222
1679938033090 1679938033.0 223
1679938033248 1679938033.0 224
1679938034080 1679938034.0 225
1679938034252 1679938034.0 226
1679938035208 1679938035.0 227
1679938035369 1679938035.0 228
1679938036271 1679938036.0 229
1679938036440 1679938036.0 230
1679938037300 1679938037.0 231
1679938037475 1679938037.0 232
1679938038269 1679938038.0 233
1679938038416 1679938038.0 234
1679938039232 1679938039.0 235
1679938039407 1679938039.0 236
1679938040335 1679938040.0 237
1679938040497 1679938040.0 238
1679938041324 1679938041.0 239
1679938041492 1679938041.0 240
1679938042406 1679938042.0 241
1679938042583 1679938042.0 242
1679938043512 1679938043.0 243
1679938043668 1679938043.0 244
1679938044581 1679938044.0 245
1679938044779 1679938044.0 246
1679938045845 1679938045.0 247
1679938046029 1679938045.0 248
1679938046894 1679938046.0 249
1679938047033 1679938046.0 250
1679938047862 1679938047.0 251
1679938048023 1679938047.0 252
1679938048911 1679938048.0 253
1679938049049 1679938048.0 254
1679938049860 1679938049.0 255
1679938050036 1679938049.0 256
1679938051086 1679938050.0 257
1679938051245 1679938051.0 258
1679938052089 1679938052.0 259
1679938052227 1679938052.0 260
1679938053090 1679938053.0 261
1679938053230 1679938053.0 262
1679938054053 1679938053.0 263
1679938054191 1679938054.0 264
1679938054986 1679938054.0 265
1679938055182 1679938055.0 266
1679938056173 1679938056.0 267
1679938056360 1679938056.0 268
1679938057194 1679938057.0 269
1679938057338 1679938057.0 270
1679938058159 1679938058.0 271
1679938058293 1679938058.0 272
1679938059124 1679938059.0 273
1679938059264 1679938059.0 274
1679938060080 1679938060.0 275
1679938060259 1679938060.0 276
1679938061165 1679938061.0 277
1679938061305 1679938061.0 278
1679938062189 1679938062.0 279
1679938062327 1679938062.0 280
1679938063152 1679938063.0 281
1679938063285 1679938063.0 282
1679938064070 1679938063.0 283
1679938064214 1679938064.0 284
1679938065066 1679938064.0 285
1679938065212 1679938065.0 286
1679938066203 1679938066.0 287
1679938066372 1679938066.0 288
1679938067195 1679938067.0 289
1679938067358 1679938067.0 290
1679938068191 1679938068.0 291
1679938068331 1679938068.0 292
1679938069111 1679938069.0 293
1679938069269 1679938069.0 294
1679938070090 1679938070.0 295
1679938070234 1679938070.0 296
1679938071248 1679938071.0 297
1679938071415 1679938071.0 298
1679938072344 1679938072.0 299
1679938072505 1679938072.0 300
1679938072634 1679938072.0 301
