1679937921758 0.0 1
1679937921913 0.0 2
1679937922956 0.0 3
1679937923100 0.0 4
1679937923973 0.0 5
1679937924114 0.0 6
1679937924965 0.0 7
1679937925103 0.0 8
1679937925991 0.0 9
1679937926142 0.0 10
1679937927044 0.0 11
1679937927212 0.0 12
1679937928180 0.0 13
1679937928344 0.0 14
1679937929145 0.0 15
1679937929268 0.0 16
1679937930051 0.0 17
1679937930180 0.0 18
1679937931002 0.0 19
1679937931129 0.0 20
1679937931873 0.0 21
1679937931998 0.0 22
1679937932778 0.0 23
1679937932940 0.0 24
1679937933941 0.0 25
1679937934078 0.0 26
1679937934857 0.0 27
1679937934988 0.0 28
1679937935774 0.0 29
1679937935908 0.0 30
1679937936689 0.0 31
1679937936826 0.0 32
1679937937594 0.0 33
1679937937726 0.0 34
1679937938567 0.0 35
1679937938697 0.0 36
1679937939669 0.0 37
1679937939796 0.0 38
1679937940586 0.0 39
1679937940718 0.0 40
1679937941558 0.0 41
1679937941686 0.0 42
1679937942483 0.0 43
1679937942612 0.0 44
1679937943428 0.0 45
1679937943562 0.0 46
1679937944335 0.0 47
1679937944503 0.0 48
1679937945436 0.0 49
1679937945576 0.0 50
1679937946463 0.0 51
1679937946594 0.0 52
1679937947401 0.0 53
1679937947533 0.0 54
1679937948309 0.0 55
1679937948449 0.0 56
1679937949226 0.0 57
1679937949351 0.0 58
1679937950312 0.0 59
1679937950470 0.0 60
1679937951369 0.0 61
1679937951544 0.0 62
1679937952466 0.0 63
1679937952606 0.0 64
1679937953521 0.0 65
1679937953663 0.0 66
1679937954568 0.0 67
1679937954749 0.0 68
1679937955849 0.0 69
1679937956017 0.0 70
1679937956859 0.0 71
1679937956994 0.0 72
1679937957757 0.0 73
1679937957884 0.0 74
1679937958723 0.0 75
1679937958850 0.0 76
1679937959640 0.0 77
1679937959779 0.0 78
1679937960720 0.0 79
1679937960877 0.0 80
1679937961680 0.0 81
1679937961808 0.0 82
1679937962579 0.0 83
1679937962708 0.0 84
1679937963544 0.0 85
1679937963674 0.0 86
1679937964454 0.0 87
1679937964596 0.0 88
1679937965406 0.0 89
1679937965558 0.0 90
1679937966546 0.0 91
1679937966672 0.0 92
1679937967487 0.0 93
1679937967618 0.0 94
1679937968475 0.0 95
1679937968610 0.0 96
1679937969402 0.0 97
1679937969529 0.0 98
1679937970303 0.0 99
1679937970433 0.0 100
1679937971433 0.0 101
1679937971607 0.0 102
1679937972390 0.0 103
1679937972521 0.0 104
1679937973373 0.0 105
1679937973512 0.0 106
1679937974319 0.0 107
1679937974445 0.0 108
1679937975238 0.0 109
1679937975367 0.0 110
1679937976186 0.0 111
1679937976346 0.0 112
1679937977339 0.0 113
1679937977474 0.0 114
1679937978279 0.0 115
1679937978415 0.0 116
1679937979227 0.0 117
1679937979366 0.0 118
1679937980130 0.0 119
1679937980258 0.0 120
1679937981092 0.0 121
1679937981243 0.0 122
1679937982376 0.0 123
1679937982551 0.0 124
1679937983479 0.0 125
1679937983631 0.0 126
1679937984507 0.0 127
1679937984654 0.0 128
1679937985508 0.0 129
1679937985661 0.0 130
1679937986515 0.0 131
1679937986678 0.0 132
1679937987623 0.0 133
1679937987780 0.0 134
1679937988600 0.0 135
1679937988747 0.0 136
1679937989566 0.0 137
1679937989696 0.0 138
1679937990517 0.0 139
1679937990655 0.0 140
1679937991508 0.0 141
1679937991658 0.0 142
1679937992786 0.0 143
1679937992949 0.0 144
1679937993913 0.0 145
1679937994069 0.0 146
1679937994986 0.0 147
1679937995143 0.0 148
1679937996077 0.0 149
1679937996230 0.0 150
1679937997027 0.0 151
1679937997196 0.0 152
1679937998122 0.0 153
1679937998304 0.0 154
1679937999173 0.0 155
1679937999310 0.0 156
1679938000086 0.0 157
1679938000215 0.0 158
1679938001042 0.0 159
1679938001184 0.0 160
1679938001969 0.0 161
1679938002100 0.0 162
1679938003047 0.0 163
1679938003230 0.0 164
1679938004085 0.0 165
1679938004219 0.0 166
1679938004995 0.0 167
1679938005133 0.0 168
1679938005936 0.0 169
1679938006076 0.0 170
1679938006853 0.0 171
1679938006990 0.0 172
1679938007791 0.0 173
1679938007959 0.0 174
1679938008945 0.0 175
1679938009103 0.0 176
1679938009892 0.0 177
1679938010027 0.0 178
1679938010888 0.0 179
1679938011050 0.0 180
1679938011973 0.0 181
1679938012129 0.0 182
1679938013061 0.0 183
1679938013266 0.0 184
1679938014307 0.0 185
1679938014451 0.0 186
1679938015326 0.0 187
1679938015478 0.0 188
1679938016366 0.0 189
1679938016502 0.0 190
1679938017291 0.0 191
1679938017425 0.0 192
1679938018203 0.0 193
1679938018389 0.0 194
1679938019345 0.0 195
1679938019525 0.0 196
1679938020359 0.0 197
1679938020496 0.0 198
1679938021309 0.0 199
1679938021441 0.0 200
1679938022218 0.0 201
1679938022356 0.0 202
1679938023161 0.0 203
1679938023305 0.0 204
1679938024292 0.0 205
1679938024462 0.0 206
1679938025276 0.0 207
1679938025418 0.0 208
1679938026228 0.0 209
1679938026365 0.0 210
1679938027131 0.0 211
1679938027268 0.0 212
1679938028042 0.0 213
1679938028189 0.0 214
1679938029013 0.0 215
1679938029192 0.0 216
1679938030133 0.0 217
1679938030271 0.0 218
1679938031185 0.0 219
1679938031332 0.0 220
1679938032139 0.0 221
1679938032295 0.0 222
1679938033099 0.0 223
1679938033257 0.0 224
1679938034089 0.0 225
1679938034265 0.0 226
1679938035222 0.0 227
1679938035378 0.0 228
1679938036281 0.0 229
1679938036449 0.0 230
1679938037310 0.0 231
1679938037488 0.0 232
1679938038278 0.0 233
1679938038424 0.0 234
1679938039241 0.0 235
1679938039417 0.0 236
1679938040345 0.0 237
1679938040506 0.0 238
1679938041334 0.0 239
1679938041504 0.0 240
1679938042415 0.0 241
1679938042591 0.0 242
1679938043522 0.0 243
1679938043677 0.0 244
1679938044592 0.0 245
1679938044792 0.0 246
1679938045854 0.0 247
1679938046040 0.0 248
1679938046903 0.0 249
1679938047044 0.0 250
1679938047871 0.0 251
1679938048035 0.0 252
1679938048919 0.0 253
1679938049057 0.0 254
1679938049869 0.0 255
1679938050053 0.0 256
1679938051098 0.0 257
1679938051254 0.0 258
1679938052097 0.0 259
1679938052236 0.0 260
1679938053099 0.0 261
1679938053238 0.0 262
1679938054062 0.0 263
1679938054199 0.0 264
1679938054996 0.0 265
1679938055194 0.0 266
1679938056187 0.0 267
1679938056369 0.0 268
1679938057202 0.0 269
1679938057347 0.0 270
1679938058168 0.0 271
1679938058300 0.0 272
1679938059132 0.0 273
1679938059273 0.0 274
1679938060089 0.0 275
1679938060268 0.0 276
1679938061174 0.0 277
1679938061315 0.0 278
1679938062198 0.0 279
1679938062336 0.0 280
1679938063161 0.0 281
1679938063295 0.0 282
1679938064079 0.0 283
1679938064224 0.0 284
1679938065075 0.0 285
1679938065221 0.0 286
1679938066212 0.0 287
1679938066381 0.0 288
1679938067204 0.0 289
1679938067366 0.0 290
1679938068199 0.0 291
1679938068339 0.0 292
1679938069122 0.0 293
1679938069277 0.0 294
1679938070099 0.0 295
1679938070242 0.0 296
1679938071258 0.0 297
1679938071424 0.0 298
1679938072354 0.0 299
1679938072515 0.0 300
1679938072643 0.0 301
