1679937921754 21.47004985809326 1
1679937921912 21.627081632614136 2
1679937922952 22.660096168518066 3
1679937923098 22.807997941970825 4
1679937923971 23.682239770889282 5
1679937924112 23.824941396713257 6
1679937924962 24.67724108695984 7
1679937925100 24.813221216201782 8
1679937925989 25.69535255432129 9
1679937926139 25.851194143295288 10
1679937927040 26.74317240715027 11
1679937927208 26.90992045402527 12
1679937928178 27.889743328094482 13
1679937928342 28.042015075683594 14
1679937929143 28.86554527282715 15
1679937929265 28.98535990715027 16
1679937930049 29.764153957366943 17
1679937930178 29.892054557800293 18
1679937931000 30.71606945991516 19
1679937931127 30.845057010650635 20
1679937931871 31.588253498077393 21
1679937931996 31.711935997009277 22
1679937932776 32.49110531806946 23
1679937932937 32.64119029045105 24
1679937933937 33.638420820236206 25
1679937934077 33.78740620613098 26
1679937934855 34.571004152297974 27
1679937934986 34.69626021385193 28
1679937935772 35.48979377746582 29
1679937935905 35.62121629714966 30
1679937936687 36.39753866195679 31
1679937936823 36.539437770843506 32
1679937937592 37.31120443344116 33
1679937937723 37.4398307800293 34
1679937938564 38.27706480026245 35
1679937938695 38.409913301467896 36
1679937939667 39.37904381752014 37
1679937939794 39.5112624168396 38
1679937940583 40.30107569694519 39
1679937940717 40.42991375923157 40
1679937941556 41.27188205718994 41
1679937941684 41.40092968940735 42
1679937942479 42.19418978691101 43
1679937942610 42.32599401473999 44
1679937943425 43.14006567001343 45
1679937943559 43.27359676361084 46
1679937944333 44.04335021972656 47
1679937944500 44.19247388839722 48
1679937945433 45.131845474243164 49
1679937945572 45.28778600692749 50
1679937946461 46.157129764556885 51
1679937946591 46.30455040931702 52
1679937947399 47.113216161727905 53
1679937947531 47.24288368225098 54
1679937948306 48.0198860168457 55
1679937948446 48.15796685218811 56
1679937949224 48.93891215324402 57
1679937949349 49.066524505615234 58
1679937950308 50.00999045372009 59
1679937950468 50.17510414123535 60
1679937951367 51.078139781951904 61
1679937951542 51.235886096954346 62
1679937952463 52.16485071182251 63
1679937952603 52.309930086135864 64
1679937953519 53.227092266082764 65
1679937953661 53.36792349815369 66
1679937954565 54.27199387550354 67
1679937954745 54.42502164840698 68
1679937955846 55.52694916725159 69
1679937956015 55.715909481048584 70
1679937956857 56.5690860748291 71
1679937956991 56.702075719833374 72
1679937957755 57.471843957901 73
1679937957882 57.599851846694946 74
1679937958721 58.43740773200989 75
1679937958848 58.560882806777954 76
1679937959638 59.35289478302002 77
1679937959776 59.490049839019775 78
1679937960716 60.415085315704346 79
1679937960874 60.5764696598053 80
1679937961678 61.39448690414429 81
1679937961806 61.520991563797 82
1679937962577 62.2899055480957 83
1679937962705 62.42187857627869 84
1679937963542 63.24986815452576 85
1679937963672 63.38502740859985 86
1679937964452 64.16497230529785 87
1679937964594 64.30399703979492 88
1679937965403 65.11917924880981 89
1679937965556 65.25309729576111 90
1679937966544 66.24839377403259 91
1679937966670 66.38692140579224 92
1679937967485 67.19810223579407 93
1679937967616 67.32676362991333 94
1679937968472 68.17993378639221 95
1679937968608 68.31937408447266 96
1679937969400 69.11788725852966 97
1679937969526 69.24259305000305 98
1679937970301 70.01349234580994 99
1679937970431 70.14599275588989 100
1679937971431 71.12797451019287 101
1679937971605 71.30309796333313 102
1679937972388 72.09793019294739 103
1679937972518 72.23304533958435 104
1679937973371 73.08310389518738 105
1679937973509 73.21773314476013 106
1679937974317 74.02884340286255 107
1679937974443 74.15896034240723 108
1679937975236 74.95080947875977 109
1679937975364 75.07791495323181 110
1679937976184 75.89790534973145 111
1679937976343 76.03402090072632 112
1679937977337 77.03094244003296 113
1679937977472 77.18327951431274 114
1679937978277 77.98692083358765 115
1679937978413 78.12496590614319 116
1679937979224 78.92623996734619 117
1679937979364 79.07426881790161 118
1679937980128 79.84335494041443 119
1679937980256 79.969717502594 120
1679937981089 80.78886771202087 121
1679937981240 80.93794512748718 122
1679937982372 82.05087375640869 123
1679937982549 82.24117040634155 124
1679937983476 83.1810233592987 125
1679937983629 83.32979774475098 126
1679937984505 84.20642280578613 127
1679937984652 84.35494637489319 128
1679937985506 85.2118546962738 129
1679937985658 85.36316084861755 130
1679937986513 86.22189378738403 131
1679937986676 86.37303113937378 132
1679937987621 87.3268826007843 133
1679937987778 87.48693132400513 134
1679937988598 88.31085205078125 135
1679937988745 88.44997096061707 136
1679937989563 89.27588224411011 137
1679937989694 89.40620422363281 138
1679937990515 90.2149133682251 139
1679937990653 90.35882925987244 140
1679937991506 91.21119165420532 141
1679937991656 91.35588788986206 142
1679937992783 92.45606637001038 143
1679937992946 92.63688063621521 144
1679937993910 93.60404300689697 145
1679937994066 93.76611661911011 146
1679937994984 94.68493390083313 147
1679937995141 94.8365249633789 148
1679937996074 95.77106928825378 149
1679937996227 95.92580938339233 150
1679937997025 96.73468685150146 151
1679937997194 96.89301204681396 152
1679937998120 97.82191848754883 153
1679937998302 98.00793743133545 154
1679937999171 98.87790417671204 155
1679937999307 99.0169746875763 156
1679938000083 99.79599213600159 157
1679938000213 99.92497849464417 158
1679938001039 100.74399924278259 159
1679938001181 100.89176058769226 160
1679938001966 101.67492008209229 161
1679938002098 101.80703735351562 162
1679938003044 102.7418601512909 163
1679938003227 102.91315865516663 164
1679938004083 103.78893041610718 165
1679938004217 103.92588186264038 166
1679938004993 104.69980883598328 167
1679938005131 104.84082436561584 168
1679938005934 105.64125895500183 169
1679938006074 105.77979826927185 170
1679938006851 106.55578374862671 171
1679938006987 106.6924660205841 172
1679938007789 107.49795770645142 173
1679938007956 107.65638327598572 174
1679938008942 108.63995575904846 175
1679938009101 108.80680227279663 176
1679938009890 109.59396052360535 177
1679938010025 109.73500847816467 178
1679938010886 110.58092451095581 179
1679938011048 110.75193810462952 180
1679938011971 111.66589641571045 181
1679938012127 111.82294964790344 182
1679938013057 112.7430739402771 183
1679938013262 112.9278335571289 184
1679938014305 114.00178337097168 185
1679938014448 114.14683318138123 186
1679938015323 115.02077722549438 187
1679938015474 115.17391419410706 188
1679938016364 116.06487941741943 189
1679938016499 116.20807480812073 190
1679938017289 116.99385261535645 191
1679938017423 117.13371539115906 192
1679938018200 117.90424108505249 193
1679938018387 118.07796716690063 194
1679938019342 119.0395815372467 195
1679938019522 119.20898461341858 196
1679938020356 120.05594491958618 197
1679938020494 120.20082259178162 198
1679938021306 121.01488518714905 199
1679938021439 121.14678525924683 200
1679938022216 121.92388653755188 201
1679938022353 122.06293749809265 202
1679938023159 122.86346244812012 203
1679938023303 123.00765323638916 204
1679938024290 123.9852283000946 205
1679938024459 124.13778686523438 206
1679938025274 124.98188948631287 207
1679938025416 125.12391090393066 208
1679938026226 125.93003582954407 209
1679938026362 126.06777787208557 210
1679938027129 126.83717632293701 211
1679938027266 126.97389197349548 212
1679938028040 127.74302935600281 213
1679938028186 127.88579416275024 214
1679938029011 128.71110486984253 215
1679938029190 128.87486934661865 216
1679938030131 129.81792736053467 217
1679938030269 129.97468876838684 218
1679938031183 130.8769838809967 219
1679938031330 131.02930688858032 220
1679938032137 131.8279733657837 221
1679938032292 131.98579788208008 222
1679938033097 132.78971934318542 223
1679938033255 132.94887351989746 224
1679938034086 133.7858657836914 225
1679938034262 133.93562126159668 226
1679938035219 134.89880919456482 227
1679938035376 135.07488298416138 228
1679938036278 135.9658260345459 229
1679938036448 136.1320502758026 230
1679938037306 136.99786829948425 231
1679938037485 137.17317271232605 232
1679938038275 137.9767746925354 233
1679938038423 138.12083458900452 234
1679938039238 138.93879771232605 235
1679938039415 139.09241604804993 236
1679938040343 140.03409337997437 237
1679938040504 140.19968914985657 238
1679938041331 141.0228590965271 239
1679938041500 141.18664526939392 240
1679938042414 142.10181736946106 241
1679938042589 142.27792477607727 242
1679938043519 143.2078983783722 243
1679938043674 143.3709409236908 244
1679938044589 144.28291273117065 245
1679938044788 144.46111845970154 246
1679938045851 145.53322982788086 247
1679938046038 145.71987128257751 248
1679938046901 146.60873794555664 249
1679938047041 146.74432229995728 250
1679938047869 147.56890082359314 251
1679938048032 147.7207007408142 252
1679938048917 148.59558701515198 253
1679938049055 148.7592489719391 254
1679938049866 149.5697455406189 255
1679938050048 149.7223527431488 256
1679938051095 150.76901721954346 257
1679938051251 150.94771003723145 258
1679938052095 151.799542427063 259
1679938052234 151.9377143383026 260
1679938053097 152.79889750480652 261
1679938053235 152.93968749046326 262
1679938054060 153.76097893714905 263
1679938054197 153.9018280506134 264
1679938054994 154.694819688797 265
1679938055191 154.86685156822205 266
1679938056184 155.86580181121826 267
1679938056366 156.06183791160583 268
1679938057200 156.9038872718811 269
1679938057344 157.04922366142273 270
1679938058165 157.87255811691284 271
1679938058299 158.00723481178284 272
1679938059130 158.82769751548767 273
1679938059270 158.97284078598022 274
1679938060087 159.7876753807068 275
1679938060266 159.94950342178345 276
1679938061171 160.87233805656433 277
1679938061313 161.01578092575073 278
1679938062195 161.89867329597473 279
1679938062334 162.03652358055115 280
1679938063159 162.85694432258606 281
1679938063292 162.99888157844543 282
1679938064077 163.7718324661255 283
1679938064222 163.92281365394592 284
1679938065073 164.76869297027588 285
1679938065219 164.9229176044464 286
1679938066210 165.90574479103088 287
1679938066379 166.0678267478943 288
1679938067202 166.8939185142517 289
1679938067364 167.05596160888672 290
1679938068197 167.9040880203247 291
1679938068338 168.03982400894165 292
1679938069120 168.81575870513916 293
1679938069275 168.97650980949402 294
1679938070096 169.79966592788696 295
1679938070240 169.941575050354 296
1679938071255 170.9408118724823 297
1679938071422 171.10965633392334 298
1679938072350 172.04466128349304 299
1679938072513 172.20608568191528 300
1679938072640 172.33164167404175 301
