1679699431994 19772.0 1
1679699432172 19772.0 2
1679699433349 19772.0 3
1679699433527 19772.0 4
1679699434621 19772.0 5
1679699434790 19772.0 6
1679699435838 19772.0 7
1679699436014 19772.0 8
1679699437137 19772.0 9
1679699437314 19772.0 10
1679699438464 19772.0 11
1679699438652 19772.0 12
1679699439735 19772.0 13
1679699439911 19772.0 14
1679699441013 19772.0 15
1679699441286 19772.0 16
1679699442403 19772.0 17
1679699442592 19772.0 18
1679699443694 19772.0 19
1679699443873 19772.0 20
1679699444951 19772.0 21
1679699445243 19772.0 22
1679699446332 19772.0 23
1679699446517 19772.0 24
1679699447563 19772.0 25
1679699447777 19772.0 26
1679699449088 19772.0 27
1679699449285 19772.0 28
1679699450510 19772.0 29
1679699450691 19772.0 30
1679699451815 19772.0 31
1679699452008 19772.0 32
1679699453153 19772.0 33
1679699453360 19772.0 34
1679699454660 19772.0 35
1679699454863 19772.0 36
1679699456124 19772.0 37
1679699456321 19772.0 38
1679699457441 19772.0 39
1679699457621 19772.0 40
1679699458830 19772.0 41
1679699459021 19772.0 42
1679699460072 19772.0 43
1679699460266 19772.0 44
1679699461395 19772.0 45
1679699461573 19772.0 46
1679699462660 19772.0 47
1679699462845 19772.0 48
1679699464027 19772.0 49
1679699464247 19772.0 50
1679699465352 19772.0 51
1679699465529 19772.0 52
1679699466680 19772.0 53
1679699466885 19772.0 54
1679699468068 19772.0 55
1679699468274 19772.0 56
1679699469405 19772.0 57
1679699469663 19772.0 58
1679699470815 19772.0 59
1679699471018 19772.0 60
1679699472098 19772.0 61
1679699472357 19772.0 62
1679699473426 19772.0 63
1679699473616 19772.0 64
1679699474776 19772.0 65
1679699475033 19772.0 66
1679699476177 19772.0 67
1679699476460 19772.0 68
1679699477678 19772.0 69
1679699477868 19772.0 70
1679699479105 19772.0 71
1679699479307 19772.0 72
1679699480450 19772.0 73
1679699480709 19772.0 74
1679699482014 19772.0 75
1679699482207 19772.0 76
1679699483317 19772.0 77
1679699483496 19772.0 78
1679699484534 19772.0 79
1679699484715 19772.0 80
1679699485856 19772.0 81
1679699486051 19772.0 82
1679699487138 19772.0 83
1679699487314 19772.0 84
1679699488372 19772.0 85
1679699488553 19772.0 86
1679699489727 19772.0 87
1679699489904 19772.0 88
1679699490953 19772.0 89
1679699491161 19772.0 90
1679699492213 19772.0 91
1679699492380 19772.0 92
1679699493405 19772.0 93
1679699493582 19772.0 94
1679699494709 19772.0 95
1679699494879 19772.0 96
1679699495885 19772.0 97
1679699496064 19772.0 98
1679699497105 19772.0 99
1679699497279 19772.0 100
1679699498380 19772.0 101
1679699498562 19772.0 102
1679699499589 19772.0 103
1679699499764 19772.0 104
1679699500802 19772.0 105
1679699500985 19772.0 106
1679699502021 19772.0 107
1679699502314 19772.0 108
1679699503336 19772.0 109
1679699503522 19772.0 110
1679699504554 19772.0 111
1679699504730 19772.0 112
1679699505756 19772.0 113
1679699505934 19772.0 114
1679699507102 19772.0 115
1679699507340 19772.0 116
1679699508562 19772.0 117
1679699508837 19772.0 118
1679699510030 19772.0 119
1679699510236 19772.0 120
1679699511480 19772.0 121
1679699511671 19772.0 122
1679699512814 19772.0 123
1679699513018 19772.0 124
1679699514296 19772.0 125
1679699514519 19772.0 126
1679699515834 19772.0 127
1679699516037 19772.0 128
1679699517281 19772.0 129
1679699517491 19772.0 130
1679699518696 19772.0 131
1679699518905 19772.0 132
1679699520113 19772.0 133
1679699520325 19772.0 134
1679699521524 19772.0 135
1679699521705 19772.0 136
1679699522819 19772.0 137
1679699523081 19772.0 138
1679699524196 19772.0 139
1679699524388 19772.0 140
1679699525570 19772.0 141
1679699525763 19772.0 142
1679699526885 19772.0 143
1679699527090 19772.0 144
1679699528157 19772.0 145
1679699528346 19772.0 146
1679699529462 19772.0 147
1679699529736 19772.0 148
1679699530793 19772.0 149
1679699530980 19772.0 150
1679699532031 19772.0 151
1679699532213 19772.0 152
1679699533264 19772.0 153
1679699533492 19772.0 154
1679699534613 19772.0 155
1679699534797 19772.0 156
1679699535847 19772.0 157
1679699536037 19772.0 158
1679699537115 19772.0 159
1679699537298 19772.0 160
1679699538451 19772.0 161
1679699538654 19772.0 162
1679699539728 19772.0 163
1679699539916 19772.0 164
1679699541042 19772.0 165
1679699541260 19772.0 166
1679699542411 19772.0 167
1679699542591 19772.0 168
1679699543649 19772.0 169
1679699543839 19772.0 170
1679699544940 19772.0 171
1679699545124 19772.0 172
1679699546178 19772.0 173
1679699546443 19772.0 174
1679699547491 19772.0 175
1679699547672 19772.0 176
1679699548747 19772.0 177
1679699548984 19772.0 178
1679699550096 19772.0 179
1679699550287 19772.0 180
1679699551454 19772.0 181
1679699551636 19772.0 182
1679699552720 19772.0 183
1679699552898 19772.0 184
1679699554001 19772.0 185
1679699554181 19772.0 186
1679699555324 19772.0 187
1679699555546 19772.0 188
1679699556628 19772.0 189
1679699556810 19772.0 190
1679699557873 19772.0 191
1679699558064 19772.0 192
1679699559134 19772.0 193
1679699559398 19772.0 194
1679699560448 19772.0 195
1679699560636 19772.0 196
1679699561733 19772.0 197
1679699561915 19772.0 198
1679699562988 19772.0 199
1679699563168 19772.0 200
1679699564346 19772.0 201
1679699564568 19772.0 202
1679699565631 19772.0 203
1679699565816 19772.0 204
1679699566923 19772.0 205
1679699567108 19772.0 206
1679699568255 19772.0 207
1679699568444 19772.0 208
1679699569611 19772.0 209
1679699569791 19772.0 210
1679699570837 19772.0 211
1679699571060 19772.0 212
1679699572159 19772.0 213
1679699572337 19772.0 214
1679699573439 19772.0 215
1679699573631 19772.0 216
1679699574685 19772.0 217
1679699574864 19772.0 218
1679699575940 19772.0 219
1679699576138 19772.0 220
1679699577201 19772.0 221
1679699577380 19772.0 222
1679699578521 19772.0 223
1679699578708 19772.0 224
1679699579795 19772.0 225
1679699579997 19772.0 226
1679699581117 19772.0 227
1679699581321 19772.0 228
1679699582479 19772.0 229
1679699582663 19772.0 230
1679699583723 19772.0 231
1679699583916 19772.0 232
1679699584981 19772.0 233
1679699585166 19772.0 234
1679699586302 19772.0 235
1679699586581 19772.0 236
1679699587649 19772.0 237
1679699587834 19772.0 238
1679699588927 19772.0 239
1679699589124 19772.0 240
1679699590191 19772.0 241
1679699590380 19772.0 242
1679699591526 19772.0 243
1679699591715 19772.0 244
1679699592782 19772.0 245
1679699592968 19772.0 246
1679699594050 19772.0 247
1679699594253 19772.0 248
1679699595386 19772.0 249
1679699595575 19772.0 250
1679699596651 19772.0 251
1679699596838 19772.0 252
1679699597898 19772.0 253
1679699598089 19772.0 254
1679699599245 19772.0 255
1679699599431 19772.0 256
1679699600577 19772.0 257
1679699600772 19772.0 258
1679699601877 19772.0 259
1679699602068 19772.0 260
1679699603142 19772.0 261
1679699603407 19772.0 262
1679699604461 19772.0 263
1679699604643 19772.0 264
1679699605698 19772.0 265
1679699605890 19772.0 266
1679699606991 19772.0 267
1679699607221 19772.0 268
1679699608358 19772.0 269
1679699608551 19772.0 270
1679699609642 19772.0 271
1679699609826 19772.0 272
1679699610922 19772.0 273
1679699611134 19772.0 274
1679699612273 19772.0 275
1679699612457 19772.0 276
1679699613547 19772.0 277
1679699613767 19772.0 278
1679699614870 19772.0 279
1679699615058 19772.0 280
1679699616151 19772.0 281
1679699616429 19772.0 282
1679699617486 19772.0 283
1679699617675 19772.0 284
1679699618753 19772.0 285
1679699618945 19772.0 286
1679699620020 19772.0 287
1679699620211 19772.0 288
1679699621414 19772.0 289
1679699621599 19772.0 290
1679699622683 19772.0 291
1679699622878 19772.0 292
1679699623960 19772.0 293
1679699624147 19772.0 294
1679699625302 19772.0 295
1679699625488 19772.0 296
1679699626597 19772.0 297
1679699626849 19772.0 298
1679699627916 19772.0 299
1679699628110 19772.0 300
1679699628231 19772.0 301
