1679699431991 1679699431.0 1
1679699432170 1679699432.0 2
1679699433347 1679699433.0 3
1679699433524 1679699433.0 4
1679699434618 1679699434.0 5
1679699434788 1679699434.0 6
1679699435835 1679699435.0 7
1679699436012 1679699435.0 8
1679699437135 1679699437.0 9
1679699437312 1679699437.0 10
1679699438461 1679699438.0 11
1679699438649 1679699438.0 12
1679699439732 1679699439.0 13
1679699439909 1679699439.0 14
1679699441010 1679699440.0 15
1679699441284 1679699441.0 16
1679699442400 1679699442.0 17
1679699442589 1679699442.0 18
1679699443691 1679699443.0 19
1679699443871 1679699443.0 20
1679699444948 1679699444.0 21
1679699445240 1679699445.0 22
1679699446329 1679699446.0 23
1679699446514 1679699446.0 24
1679699447559 1679699447.0 25
1679699447772 1679699447.0 26
1679699449083 1679699449.0 27
1679699449283 1679699449.0 28
1679699450507 1679699450.0 29
1679699450689 1679699450.0 30
1679699451812 1679699451.0 31
1679699452006 1679699451.0 32
1679699453150 1679699453.0 33
1679699453356 1679699453.0 34
1679699454658 1679699454.0 35
1679699454860 1679699454.0 36
1679699456121 1679699456.0 37
1679699456319 1679699456.0 38
1679699457439 1679699457.0 39
1679699457619 1679699457.0 40
1679699458828 1679699458.0 41
1679699459018 1679699458.0 42
1679699460070 1679699460.0 43
1679699460263 1679699460.0 44
1679699461392 1679699461.0 45
1679699461571 1679699461.0 46
1679699462658 1679699462.0 47
1679699462843 1679699462.0 48
1679699464023 1679699463.0 49
1679699464244 1679699464.0 50
1679699465350 1679699465.0 51
1679699465526 1679699465.0 52
1679699466676 1679699466.0 53
1679699466882 1679699466.0 54
1679699468065 1679699468.0 55
1679699468271 1679699468.0 56
1679699469402 1679699469.0 57
1679699469660 1679699469.0 58
1679699470813 1679699470.0 59
1679699471015 1679699470.0 60
1679699472096 1679699472.0 61
1679699472355 1679699472.0 62
1679699473423 1679699473.0 63
1679699473614 1679699473.0 64
1679699474773 1679699474.0 65
1679699475030 1679699474.0 66
1679699476174 1679699476.0 67
1679699476457 1679699476.0 68
1679699477677 1679699477.0 69
1679699477865 1679699477.0 70
1679699479103 1679699479.0 71
1679699479305 1679699479.0 72
1679699480448 1679699480.0 73
1679699480706 1679699480.0 74
1679699482011 1679699481.0 75
1679699482204 1679699482.0 76
1679699483314 1679699483.0 77
1679699483493 1679699483.0 78
1679699484532 1679699484.0 79
1679699484713 1679699484.0 80
1679699485854 1679699485.0 81
1679699486048 1679699486.0 82
1679699487136 1679699487.0 83
1679699487312 1679699487.0 84
1679699488370 1679699488.0 85
1679699488550 1679699488.0 86
1679699489725 1679699489.0 87
1679699489901 1679699489.0 88
1679699490951 1679699490.0 89
1679699491159 1679699491.0 90
1679699492210 1679699492.0 91
1679699492378 1679699492.0 92
1679699493403 1679699493.0 93
1679699493579 1679699493.0 94
1679699494707 1679699494.0 95
1679699494877 1679699494.0 96
1679699495882 1679699495.0 97
1679699496061 1679699496.0 98
1679699497102 1679699497.0 99
1679699497276 1679699497.0 100
1679699498378 1679699498.0 101
1679699498559 1679699498.0 102
1679699499587 1679699499.0 103
1679699499762 1679699499.0 104
1679699500800 1679699500.0 105
1679699500982 1679699500.0 106
1679699502019 1679699501.0 107
1679699502311 1679699502.0 108
1679699503334 1679699503.0 109
1679699503518 1679699503.0 110
1679699504552 1679699504.0 111
1679699504728 1679699504.0 112
1679699505754 1679699505.0 113
1679699505931 1679699505.0 114
1679699507099 1679699507.0 115
1679699507337 1679699507.0 116
1679699508559 1679699508.0 117
1679699508833 1679699508.0 118
1679699510027 1679699509.0 119
1679699510233 1679699510.0 120
1679699511477 1679699511.0 121
1679699511668 1679699511.0 122
1679699512811 1679699512.0 123
1679699513015 1679699512.0 124
1679699514294 1679699514.0 125
1679699514516 1679699514.0 126
1679699515831 1679699515.0 127
1679699516035 1679699515.0 128
1679699517279 1679699517.0 129
1679699517488 1679699517.0 130
1679699518693 1679699518.0 131
1679699518901 1679699518.0 132
1679699520109 1679699520.0 133
1679699520322 1679699520.0 134
1679699521522 1679699521.0 135
1679699521702 1679699521.0 136
1679699522817 1679699522.0 137
1679699523078 1679699523.0 138
1679699524192 1679699524.0 139
1679699524386 1679699524.0 140
1679699525567 1679699525.0 141
1679699525760 1679699525.0 142
1679699526883 1679699526.0 143
1679699527088 1679699527.0 144
1679699528155 1679699528.0 145
1679699528343 1679699528.0 146
1679699529459 1679699529.0 147
1679699529733 1679699529.0 148
1679699530790 1679699530.0 149
1679699530977 1679699530.0 150
1679699532029 1679699531.0 151
1679699532209 1679699532.0 152
1679699533261 1679699533.0 153
1679699533489 1679699533.0 154
1679699534611 1679699534.0 155
1679699534795 1679699534.0 156
1679699535844 1679699535.0 157
1679699536034 1679699535.0 158
1679699537113 1679699537.0 159
1679699537295 1679699537.0 160
1679699538448 1679699538.0 161
1679699538652 1679699538.0 162
1679699539725 1679699539.0 163
1679699539913 1679699539.0 164
1679699541040 1679699540.0 165
1679699541257 1679699541.0 166
1679699542409 1679699542.0 167
1679699542588 1679699542.0 168
1679699543647 1679699543.0 169
1679699543837 1679699543.0 170
1679699544938 1679699544.0 171
1679699545121 1679699545.0 172
1679699546175 1679699546.0 173
1679699546440 1679699546.0 174
1679699547489 1679699547.0 175
1679699547670 1679699547.0 176
1679699548745 1679699548.0 177
1679699548981 1679699548.0 178
1679699550092 1679699550.0 179
1679699550284 1679699550.0 180
1679699551452 1679699551.0 181
1679699551634 1679699551.0 182
1679699552717 1679699552.0 183
1679699552895 1679699552.0 184
1679699553999 1679699553.0 185
1679699554179 1679699554.0 186
1679699555321 1679699555.0 187
1679699555544 1679699555.0 188
1679699556625 1679699556.0 189
1679699556808 1679699556.0 190
1679699557871 1679699557.0 191
1679699558061 1679699558.0 192
1679699559131 1679699559.0 193
1679699559396 1679699559.0 194
1679699560445 1679699560.0 195
1679699560633 1679699560.0 196
1679699561731 1679699561.0 197
1679699561913 1679699561.0 198
1679699562985 1679699562.0 199
1679699563166 1679699563.0 200
1679699564344 1679699564.0 201
1679699564566 1679699564.0 202
1679699565629 1679699565.0 203
1679699565813 1679699565.0 204
1679699566921 1679699566.0 205
1679699567106 1679699567.0 206
1679699568252 1679699568.0 207
1679699568440 1679699568.0 208
1679699569608 1679699569.0 209
1679699569789 1679699569.0 210
1679699570834 1679699570.0 211
1679699571058 1679699570.0 212
1679699572156 1679699572.0 213
1679699572334 1679699572.0 214
1679699573437 1679699573.0 215
1679699573628 1679699573.0 216
1679699574682 1679699574.0 217
1679699574861 1679699574.0 218
1679699575937 1679699575.0 219
1679699576135 1679699576.0 220
1679699577198 1679699577.0 221
1679699577377 1679699577.0 222
1679699578519 1679699578.0 223
1679699578706 1679699578.0 224
1679699579792 1679699579.0 225
1679699579994 1679699579.0 226
1679699581114 1679699581.0 227
1679699581318 1679699581.0 228
1679699582476 1679699582.0 229
1679699582660 1679699582.0 230
1679699583720 1679699583.0 231
1679699583913 1679699583.0 232
1679699584978 1679699584.0 233
1679699585164 1679699585.0 234
1679699586300 1679699586.0 235
1679699586577 1679699586.0 236
1679699587647 1679699587.0 237
1679699587831 1679699587.0 238
1679699588924 1679699588.0 239
1679699589121 1679699589.0 240
1679699590188 1679699590.0 241
1679699590377 1679699590.0 242
1679699591523 1679699591.0 243
1679699591713 1679699591.0 244
1679699592780 1679699592.0 245
1679699592965 1679699592.0 246
1679699594048 1679699593.0 247
1679699594250 1679699594.0 248
1679699595383 1679699595.0 249
1679699595572 1679699595.0 250
1679699596649 1679699596.0 251
1679699596836 1679699596.0 252
1679699597895 1679699597.0 253
1679699598087 1679699598.0 254
1679699599243 1679699599.0 255
1679699599428 1679699599.0 256
1679699600575 1679699600.0 257
1679699600770 1679699600.0 258
1679699601874 1679699601.0 259
1679699602065 1679699602.0 260
1679699603139 1679699603.0 261
1679699603405 1679699603.0 262
1679699604458 1679699604.0 263
1679699604640 1679699604.0 264
1679699605696 1679699605.0 265
1679699605888 1679699605.0 266
1679699606988 1679699606.0 267
1679699607219 1679699607.0 268
1679699608355 1679699608.0 269
1679699608548 1679699608.0 270
1679699609640 1679699609.0 271
1679699609824 1679699609.0 272
1679699610920 1679699610.0 273
1679699611131 1679699611.0 274
1679699612270 1679699612.0 275
1679699612455 1679699612.0 276
1679699613545 1679699613.0 277
1679699613764 1679699613.0 278
1679699614867 1679699614.0 279
1679699615056 1679699615.0 280
1679699616148 1679699616.0 281
1679699616426 1679699616.0 282
1679699617484 1679699617.0 283
1679699617673 1679699617.0 284
1679699618750 1679699618.0 285
1679699618943 1679699618.0 286
1679699620017 1679699619.0 287
1679699620208 1679699620.0 288
1679699621411 1679699621.0 289
1679699621596 1679699621.0 290
1679699622680 1679699622.0 291
1679699622875 1679699622.0 292
1679699623958 1679699623.0 293
1679699624144 1679699624.0 294
1679699625300 1679699625.0 295
1679699625486 1679699625.0 296
1679699626594 1679699626.0 297
1679699626846 1679699626.0 298
1679699627913 1679699627.0 299
1679699628108 1679699628.0 300
1679699628228 1679699628.0 301
