1679937375599 1.0 1
1679937375882 2.0 2
1679937379014 3.0 3
1679937379285 4.0 4
1679937382472 5.0 5
1679937382762 6.0 6
1679937386097 7.0 7
1679937386392 8.0 8
1679937389615 9.0 9
1679937389898 10.0 10
1679937393105 11.0 11
1679937393392 12.0 12
1679937396500 13.0 13
1679937396771 14.0 14
1679937399888 15.0 15
1679937400182 16.0 16
1679937403564 17.0 17
1679937403858 18.0 18
1679937407072 19.0 19
1679937407355 20.0 20
1679937410357 21.0 21
1679937410626 22.0 22
1679937413925 23.0 23
1679937414227 24.0 24
1679937417618 25.0 25
1679937417915 26.0 26
1679937421297 27.0 27
1679937421574 28.0 28
1679937424774 29.0 29
1679937425055 30.0 30
1679937428289 31.0 31
1679937428568 32.0 32
1679937431702 33.0 33
1679937431974 34.0 34
1679937435194 35.0 35
1679937435484 36.0 36
1679937438642 37.0 37
1679937438948 38.0 38
1679937442180 39.0 39
1679937442479 40.0 40
1679937445837 41.0 41
1679937446158 42.0 42
1679937449272 43.0 43
1679937449551 44.0 44
1679937452671 45.0 45
1679937452955 46.0 46
1679937456104 47.0 47
1679937456413 48.0 48
1679937459493 49.0 49
1679937459804 50.0 50
1679937462985 51.0 51
1679937463264 52.0 52
1679937466471 53.0 53
1679937466773 54.0 54
1679937469883 55.0 55
1679937470170 56.0 56
1679937473514 57.0 57
1679937473829 58.0 58
1679937477266 59.0 59
1679937477551 60.0 60
1679937480671 61.0 61
1679937480954 62.0 62
1679937484095 63.0 63
1679937484386 64.0 64
1679937487554 65.0 65
1679937487836 66.0 66
1679937490978 67.0 67
1679937491262 68.0 68
1679937494451 69.0 69
1679937494762 70.0 70
1679937497902 71.0 71
1679937498173 72.0 72
1679937501294 73.0 73
1679937501614 74.0 74
1679937504997 75.0 75
1679937505311 76.0 76
1679937508599 77.0 77
1679937508869 78.0 78
1679937511937 79.0 79
1679937512204 80.0 80
1679937515385 81.0 81
1679937515669 82.0 82
1679937518919 83.0 83
1679937519193 84.0 84
1679937522389 85.0 85
1679937522711 86.0 86
1679937525903 87.0 87
1679937526211 88.0 88
1679937529419 89.0 89
1679937529700 90.0 90
1679937533093 91.0 91
1679937533411 92.0 92
1679937536822 93.0 93
1679937537109 94.0 94
1679937540315 95.0 95
1679937540600 96.0 96
1679937543820 97.0 97
1679937544109 98.0 98
1679937547298 99.0 99
1679937547586 100.0 100
1679937550714 101.0 101
1679937551014 102.0 102
1679937554176 103.0 103
1679937554460 104.0 104
1679937557614 105.0 105
1679937557917 106.0 106
1679937561028 107.0 107
1679937561357 108.0 108
1679937564738 109.0 109
1679937565056 110.0 110
1679937568345 111.0 111
1679937568638 112.0 112
1679937571634 113.0 113
1679937571909 114.0 114
1679937575066 115.0 115
1679937575355 116.0 116
1679937578520 117.0 117
1679937578805 118.0 118
1679937581992 119.0 119
1679937582274 120.0 120
1679937585409 121.0 121
1679937585717 122.0 122
1679937588876 123.0 123
1679937589170 124.0 124
1679937592442 125.0 125
1679937592762 126.0 126
1679937596198 127.0 127
1679937596514 128.0 128
1679937599712 129.0 129
1679937600000 130.0 130
1679937603187 131.0 131
1679937603471 132.0 132
1679937606577 133.0 133
1679937606876 134.0 134
1679937609922 135.0 135
1679937610214 136.0 136
1679937613362 137.0 137
1679937613671 138.0 138
1679937616939 139.0 139
1679937617247 140.0 140
1679937620521 141.0 141
1679937620816 142.0 142
1679937624332 143.0 143
1679937624650 144.0 144
1679937627955 145.0 145
1679937628247 146.0 146
1679937631336 147.0 147
1679937631608 148.0 148
1679937634757 149.0 149
1679937635047 150.0 150
1679937638197 151.0 151
1679937638491 152.0 152
1679937641632 153.0 153
1679937641929 154.0 154
1679937645107 155.0 155
1679937645405 156.0 156
1679937648539 157.0 157
1679937648862 158.0 158
1679937652006 159.0 159
1679937652320 160.0 160
1679937655694 161.0 161
1679937656038 162.0 162
1679937659243 163.0 163
1679937659542 164.0 164
1679937662716 165.0 165
1679937663015 166.0 166
1679937666248 167.0 167
1679937666554 168.0 168
1679937669753 169.0 169
1679937670077 170.0 170
1679937673407 171.0 171
1679937673714 172.0 172
1679937676853 173.0 173
1679937677139 174.0 174
1679937680309 175.0 175
1679937680603 176.0 176
1679937683942 177.0 177
1679937684253 178.0 178
1679937687613 179.0 179
1679937687930 180.0 180
1679937691327 181.0 181
1679937691619 182.0 182
1679937695046 183.0 183
1679937695374 184.0 184
1679937698746 185.0 185
1679937699063 186.0 186
1679937702476 187.0 187
1679937702786 188.0 188
1679937706036 189.0 189
1679937706330 190.0 190
1679937709435 191.0 191
1679937709727 192.0 192
1679937713011 193.0 193
1679937713333 194.0 194
1679937716740 195.0 195
1679937717041 196.0 196
1679937720179 197.0 197
1679937720464 198.0 198
1679937723619 199.0 199
1679937723895 200.0 200
1679937726998 201.0 201
1679937727282 202.0 202
1679937730366 203.0 203
1679937730664 204.0 204
1679937733792 205.0 205
1679937734081 206.0 206
1679937737163 207.0 207
1679937737449 208.0 208
1679937740553 209.0 209
1679937740849 210.0 210
1679937744247 211.0 211
1679937744546 212.0 212
1679937747762 213.0 213
1679937748064 214.0 214
1679937751183 215.0 215
1679937751483 216.0 216
1679937754645 217.0 217
1679937754937 218.0 218
1679937757994 219.0 219
1679937758265 220.0 220
1679937761331 221.0 221
1679937761622 222.0 222
1679937764659 223.0 223
1679937764950 224.0 224
1679937768079 225.0 225
1679937768378 226.0 226
1679937771617 227.0 227
1679937771940 228.0 228
1679937775371 229.0 229
1679937775702 230.0 230
1679937778827 231.0 231
1679937779105 232.0 232
1679937782158 233.0 233
1679937782441 234.0 234
1679937785495 235.0 235
1679937785818 236.0 236
1679937788903 237.0 237
1679937789186 238.0 238
1679937792275 239.0 239
1679937792549 240.0 240
1679937795677 241.0 241
1679937795974 242.0 242
1679937799040 243.0 243
1679937799327 244.0 244
1679937802542 245.0 245
1679937802867 246.0 246
1679937806263 247.0 247
1679937806576 248.0 248
1679937809727 249.0 249
1679937809998 250.0 250
1679937813066 251.0 251
1679937813371 252.0 252
1679937816479 253.0 253
1679937816765 254.0 254
1679937819877 255.0 255
1679937820156 256.0 256
1679937823233 257.0 257
1679937823571 258.0 258
1679937826679 259.0 259
1679937826970 260.0 260
1679937830096 261.0 261
1679937830400 262.0 262
1679937833676 263.0 263
1679937833987 264.0 264
1679937837237 265.0 265
1679937837539 266.0 266
1679937840595 267.0 267
1679937840892 268.0 268
1679937844056 269.0 269
1679937844354 270.0 270
1679937847401 271.0 271
1679937847684 272.0 272
1679937850750 273.0 273
1679937851078 274.0 274
1679937854107 275.0 275
1679937854429 276.0 276
1679937857486 277.0 277
1679937857777 278.0 278
1679937860835 279.0 279
1679937861147 280.0 280
1679937864455 281.0 281
1679937864788 282.0 282
1679937868110 283.0 283
1679937868421 284.0 284
1679937871562 285.0 285
1679937871837 286.0 286
1679937874931 287.0 287
1679937875206 288.0 288
1679937878297 289.0 289
1679937878621 290.0 290
1679937881651 291.0 291
1679937881930 292.0 292
1679937884996 293.0 293
1679937885291 294.0 294
1679937888297 295.0 295
1679937888609 296.0 296
1679937891791 297.0 297
1679937892140 298.0 298
1679937895482 299.0 299
1679937895821 300.0 300
1679937896052 301.0 301
