1679937375592 22592.0 1
1679937375875 22592.0 2
1679937379007 22592.0 3
1679937379278 22592.0 4
1679937382465 22592.0 5
1679937382755 22592.0 6
1679937386088 22592.0 7
1679937386384 22592.0 8
1679937389609 22592.0 9
1679937389890 22592.0 10
1679937393099 22592.0 11
1679937393384 22592.0 12
1679937396493 22592.0 13
1679937396762 22592.0 14
1679937399881 22592.0 15
1679937400176 22592.0 16
1679937403556 22592.0 17
1679937403849 22592.0 18
1679937407065 22592.0 19
1679937407348 22592.0 20
1679937410349 22592.0 21
1679937410616 22592.0 22
1679937413917 22592.0 23
1679937414219 22592.0 24
1679937417610 22592.0 25
1679937417905 22592.0 26
1679937421290 22592.0 27
1679937421566 22592.0 28
1679937424768 22592.0 29
1679937425047 22592.0 30
1679937428282 22592.0 31
1679937428558 22592.0 32
1679937431696 22592.0 33
1679937431964 22592.0 34
1679937435186 22592.0 35
1679937435477 22592.0 36
1679937438634 22592.0 37
1679937438937 22592.0 38
1679937442172 22592.0 39
1679937442472 22592.0 40
1679937445830 22592.0 41
1679937446149 22592.0 42
1679937449266 22592.0 43
1679937449543 22592.0 44
1679937452665 22592.0 45
1679937452947 22592.0 46
1679937456097 22592.0 47
1679937456404 22592.0 48
1679937459486 22592.0 49
1679937459796 22592.0 50
1679937462978 22592.0 51
1679937463257 22592.0 52
1679937466465 22592.0 53
1679937466765 22592.0 54
1679937469877 22592.0 55
1679937470161 22592.0 56
1679937473505 22592.0 57
1679937473820 22592.0 58
1679937477259 22592.0 59
1679937477542 22592.0 60
1679937480665 22592.0 61
1679937480945 22592.0 62
1679937484087 22592.0 63
1679937484376 22592.0 64
1679937487546 22592.0 65
1679937487829 22592.0 66
1679937490971 22592.0 67
1679937491251 22592.0 68
1679937494443 22592.0 69
1679937494750 22592.0 70
1679937497895 22592.0 71
1679937498166 22592.0 72
1679937501287 22592.0 73
1679937501605 22592.0 74
1679937504992 22592.0 75
1679937505303 22592.0 76
1679937508590 22592.0 77
1679937508861 22592.0 78
1679937511930 22592.0 79
1679937512198 22592.0 80
1679937515379 22592.0 81
1679937515662 22592.0 82
1679937518914 22592.0 83
1679937519187 22592.0 84
1679937522383 22592.0 85
1679937522702 22592.0 86
1679937525896 22592.0 87
1679937526201 22592.0 88
1679937529411 22592.0 89
1679937529691 22592.0 90
1679937533085 22592.0 91
1679937533401 22592.0 92
1679937536814 22592.0 93
1679937537103 22592.0 94
1679937540309 22592.0 95
1679937540594 22592.0 96
1679937543813 22592.0 97
1679937544102 22592.0 98
1679937547290 22592.0 99
1679937547580 22592.0 100
1679937550707 22592.0 101
1679937551007 22592.0 102
1679937554169 22592.0 103
1679937554453 22592.0 104
1679937557607 22592.0 105
1679937557907 22592.0 106
1679937561020 22592.0 107
1679937561348 22592.0 108
1679937564730 22592.0 109
1679937565049 22592.0 110
1679937568337 22592.0 111
1679937568629 22592.0 112
1679937571627 22592.0 113
1679937571902 22592.0 114
1679937575058 22592.0 115
1679937575346 22592.0 116
1679937578512 22592.0 117
1679937578798 22592.0 118
1679937581985 22592.0 119
1679937582267 22592.0 120
1679937585401 22592.0 121
1679937585708 22592.0 122
1679937588869 22592.0 123
1679937589163 22592.0 124
1679937592435 22592.0 125
1679937592754 22592.0 126
1679937596189 22592.0 127
1679937596505 22592.0 128
1679937599706 22592.0 129
1679937599992 22592.0 130
1679937603181 22592.0 131
1679937603463 22592.0 132
1679937606567 22592.0 133
1679937606869 22592.0 134
1679937609915 22592.0 135
1679937610207 22592.0 136
1679937613355 22592.0 137
1679937613662 22592.0 138
1679937616933 22592.0 139
1679937617239 22592.0 140
1679937620515 22592.0 141
1679937620810 22592.0 142
1679937624325 22592.0 143
1679937624641 22592.0 144
1679937627949 22592.0 145
1679937628238 22592.0 146
1679937631329 22592.0 147
1679937631601 22592.0 148
1679937634749 22592.0 149
1679937635039 22592.0 150
1679937638189 22592.0 151
1679937638482 22592.0 152
1679937641625 22592.0 153
1679937641917 22592.0 154
1679937645100 22592.0 155
1679937645399 22592.0 156
1679937648532 22592.0 157
1679937648854 22592.0 158
1679937651998 22592.0 159
1679937652311 22592.0 160
1679937655686 22592.0 161
1679937656028 22592.0 162
1679937659236 22592.0 163
1679937659534 22592.0 164
1679937662709 22592.0 165
1679937663006 22592.0 166
1679937666239 22592.0 167
1679937666547 22592.0 168
1679937669745 22592.0 169
1679937670068 22592.0 170
1679937673400 22592.0 171
1679937673705 22592.0 172
1679937676846 22592.0 173
1679937677132 22592.0 174
1679937680303 22592.0 175
1679937680594 22592.0 176
1679937683935 22592.0 177
1679937684246 22592.0 178
1679937687604 22592.0 179
1679937687918 22592.0 180
1679937691318 22592.0 181
1679937691613 22592.0 182
1679937695039 22592.0 183
1679937695368 22592.0 184
1679937698737 22592.0 185
1679937699055 22592.0 186
1679937702469 22592.0 187
1679937702776 22592.0 188
1679937706031 22592.0 189
1679937706322 22592.0 190
1679937709428 22592.0 191
1679937709718 22592.0 192
1679937713002 22592.0 193
1679937713324 22592.0 194
1679937716733 22592.0 195
1679937717034 22592.0 196
1679937720172 22592.0 197
1679937720457 22592.0 198
1679937723612 22592.0 199
1679937723888 22592.0 200
1679937726992 22592.0 201
1679937727275 22592.0 202
1679937730359 22592.0 203
1679937730655 22592.0 204
1679937733786 22592.0 205
1679937734075 22592.0 206
1679937737157 22592.0 207
1679937737441 22592.0 208
1679937740545 22592.0 209
1679937740842 22592.0 210
1679937744240 22592.0 211
1679937744539 22592.0 212
1679937747755 22592.0 213
1679937748057 22592.0 214
1679937751176 22592.0 215
1679937751473 22592.0 216
1679937754638 22592.0 217
1679937754928 22592.0 218
1679937757987 22592.0 219
1679937758258 22592.0 220
1679937761325 22592.0 221
1679937761610 22592.0 222
1679937764652 22592.0 223
1679937764943 22592.0 224
1679937768072 22592.0 225
1679937768370 22592.0 226
1679937771610 22592.0 227
1679937771932 22592.0 228
1679937775365 22592.0 229
1679937775694 22592.0 230
1679937778820 22592.0 231
1679937779098 22592.0 232
1679937782152 22592.0 233
1679937782432 22592.0 234
1679937785487 22592.0 235
1679937785808 22592.0 236
1679937788896 22592.0 237
1679937789179 22592.0 238
1679937792268 22592.0 239
1679937792542 22592.0 240
1679937795669 22592.0 241
1679937795967 22592.0 242
1679937799032 22592.0 243
1679937799317 22592.0 244
1679937802535 22592.0 245
1679937802860 22592.0 246
1679937806256 22592.0 247
1679937806565 22592.0 248
1679937809719 22592.0 249
1679937809991 22592.0 250
1679937813058 22592.0 251
1679937813362 22592.0 252
1679937816472 22592.0 253
1679937816757 22592.0 254
1679937819871 22592.0 255
1679937820149 22592.0 256
1679937823225 22592.0 257
1679937823563 22592.0 258
1679937826671 22592.0 259
1679937826962 22592.0 260
1679937830089 22592.0 261
1679937830393 22592.0 262
1679937833669 22592.0 263
1679937833980 22592.0 264
1679937837230 22592.0 265
1679937837529 22592.0 266
1679937840588 22592.0 267
1679937840884 22592.0 268
1679937844049 22592.0 269
1679937844347 22592.0 270
1679937847395 22592.0 271
1679937847674 22592.0 272
1679937850743 22592.0 273
1679937851069 22592.0 274
1679937854100 22592.0 275
1679937854420 22592.0 276
1679937857480 22592.0 277
1679937857768 22592.0 278
1679937860827 22592.0 279
1679937861138 22592.0 280
1679937864449 22592.0 281
1679937864778 22592.0 282
1679937868102 22592.0 283
1679937868415 22592.0 284
1679937871556 22592.0 285
1679937871830 22592.0 286
1679937874923 22592.0 287
1679937875200 22592.0 288
1679937878289 22592.0 289
1679937878614 22592.0 290
1679937881644 22592.0 291
1679937881923 22592.0 292
1679937884988 22592.0 293
1679937885283 22592.0 294
1679937888291 22592.0 295
1679937888599 22592.0 296
1679937891780 22592.0 297
1679937892130 22592.0 298
1679937895476 22592.0 299
1679937895811 22592.0 300
1679937896042 22592.0 301
