1679937375581 5.6959826946258545 1
1679937375861 0.2655341625213623 2
1679937378996 3.137369155883789 3
1679937379266 0.25897717475891113 4
1679937382451 3.19042706489563 5
1679937382742 0.28771233558654785 6
1679937386076 3.336836099624634 7
1679937386373 0.2820558547973633 8
1679937389597 3.238844156265259 9
1679937389879 0.2848327159881592 10
1679937393088 3.208627462387085 11
1679937393366 0.2696261405944824 12
1679937396482 3.127995491027832 13
1679937396749 0.2639148235321045 14
1679937399868 3.115617513656616 15
1679937400164 0.28322887420654297 16
1679937403538 3.3808271884918213 17
1679937403836 0.28874683380126953 18
1679937407049 3.2279670238494873 19
1679937407337 0.2876453399658203 20
1679937410337 3.005894422531128 21
1679937410600 0.24501848220825195 22
1679937413905 3.3140921592712402 23
1679937414205 0.29006028175354004 24
1679937417595 3.3797149658203125 25
1679937417888 0.30048084259033203 26
1679937421270 3.399733066558838 27
1679937421555 0.2828688621520996 28
1679937424755 3.201032876968384 29
1679937425035 0.2742490768432617 30
1679937428272 3.2481689453125 31
1679937428539 0.2565581798553467 32
1679937431686 3.151132106781006 33
1679937431949 0.2662372589111328 34
1679937435174 3.222566843032837 35
1679937435465 0.2823483943939209 36
1679937438622 3.169696092605591 37
1679937438919 0.2749483585357666 38
1679937442160 3.2561135292053223 39
1679937442456 0.2765212059020996 40
1679937445817 3.3776133060455322 41
1679937446135 0.29354143142700195 42
1679937449255 3.153546094894409 43
1679937449530 0.26968812942504883 44
1679937452653 3.1252167224884033 45
1679937452936 0.27889156341552734 46
1679937456086 3.157313823699951 47
1679937456388 0.2816588878631592 48
1679937459472 3.100968360900879 49
1679937459782 0.3014357089996338 50
1679937462964 3.192505359649658 51
1679937463245 0.2710599899291992 52
1679937466454 3.218008041381836 53
1679937466753 0.29012560844421387 54
1679937469865 3.1217572689056396 55
1679937470146 0.26668238639831543 56
1679937473493 3.3547275066375732 57
1679937473806 0.3111846446990967 58
1679937477246 3.4455785751342773 59
1679937477527 0.2548868656158447 60
1679937480653 3.157214879989624 61
1679937480933 0.2764401435852051 62
1679937484075 3.144531488418579 63
1679937484357 0.2732808589935303 64
1679937487535 3.1826584339141846 65
1679937487815 0.27396655082702637 66
1679937490960 3.1488099098205566 67
1679937491233 0.2728755474090576 68
1679937494432 3.202179193496704 69
1679937494733 0.2924540042877197 70
1679937497883 3.1604692935943604 71
1679937498155 0.26749730110168457 72
1679937501273 3.115726947784424 73
1679937501592 0.3138158321380615 74
1679937504978 3.3895070552825928 75
1679937505290 0.3055274486541748 76
1679937508578 3.299984931945801 77
1679937508849 0.2641184329986572 78
1679937511919 3.074911117553711 79
1679937512185 0.26810169219970703 80
1679937515368 3.1806695461273193 81
1679937515650 0.2792675495147705 82
1679937518902 3.257413148880005 83
1679937519175 0.26856255531311035 84
1679937522372 3.2033591270446777 85
1679937522687 0.2865147590637207 86
1679937525885 3.197955846786499 87
1679937526189 0.32228803634643555 88
1679937529399 3.215667963027954 89
1679937529680 0.28132152557373047 90
1679937533073 3.3897383213043213 91
1679937533387 0.305861234664917 92
1679937536803 3.4272208213806152 93
1679937537090 0.2832033634185791 94
1679937540298 3.213747501373291 95
1679937540581 0.27303481101989746 96
1679937543800 3.228358268737793 97
1679937544090 0.2876570224761963 98
1679937547279 3.193290948867798 99
1679937547567 0.27161359786987305 100
1679937550696 3.144300937652588 101
1679937550992 0.28667116165161133 102
1679937554157 3.176180839538574 103
1679937554438 0.27198147773742676 104
1679937557595 3.161705255508423 105
1679937557892 0.2812225818634033 106
1679937561007 3.130741596221924 107
1679937561331 0.30031394958496094 108
1679937564717 3.4051082134246826 109
1679937565036 0.3089466094970703 110
1679937568327 3.298840284347534 111
1679937568617 0.27494049072265625 112
1679937571617 3.026120901107788 113
1679937571889 0.2598717212677002 114
1679937575046 3.163961887359619 115
1679937575330 0.2640345096588135 116
1679937578500 3.1850616931915283 117
1679937578787 0.2878296375274658 118
1679937581970 3.191195011138916 119
1679937582255 0.2794368267059326 120
1679937585391 3.139704465866089 121
1679937585696 0.2866342067718506 122
1679937588857 3.181209087371826 123
1679937589149 0.27921533584594727 124
1679937592422 3.2699596881866455 125
1679937592740 0.32006192207336426 126
1679937596177 3.4437971115112305 127
1679937596493 0.30243778228759766 128
1679937599695 3.2166483402252197 129
1679937599977 0.2810027599334717 130
1679937603170 3.1960835456848145 131
1679937603451 0.27281618118286133 132
1679937606555 3.10891056060791 133
1679937606854 0.2964787483215332 134
1679937609902 3.0545313358306885 135
1679937610196 0.28851842880249023 136
1679937613342 3.1444625854492188 137
1679937613644 0.29892706871032715 138
1679937616922 3.2849414348602295 139
1679937617225 0.2941117286682129 140
1679937620504 3.2919907569885254 141
1679937620797 0.288083553314209 142
1679937624311 3.5079004764556885 143
1679937624630 0.3123199939727783 144
1679937627938 3.3227453231811523 145
1679937628225 0.2827901840209961 146
1679937631315 3.092440605163574 147
1679937631589 0.2726888656616211 148
1679937634737 3.1510112285614014 149
1679937635026 0.28705692291259766 150
1679937638177 3.1515026092529297 151
1679937638466 0.26532626152038574 152
1679937641613 3.171278953552246 153
1679937641897 0.2797551155090332 154
1679937645089 3.1958789825439453 155
1679937645387 0.2951772212982178 156
1679937648520 3.1388165950775146 157
1679937648841 0.3036987781524658 158
1679937651987 3.1522908210754395 159
1679937652299 0.31125831604003906 160
1679937655675 3.381882429122925 161
1679937656012 0.30983972549438477 162
1679937659225 3.2343389987945557 163
1679937659522 0.29767346382141113 164
1679937662699 3.1870973110198975 165
1679937662994 0.2925264835357666 166
1679937666225 3.2324953079223633 167
1679937666534 0.2895214557647705 168
1679937669734 3.2098047733306885 169
1679937670053 0.30353260040283203 170
1679937673389 3.3561437129974365 171
1679937673687 0.27381253242492676 172
1679937676834 3.1770803928375244 173
1679937677119 0.2681925296783447 174
1679937680290 3.1858017444610596 175
1679937680577 0.2763063907623291 176
1679937683922 3.3427646160125732 177
1679937684233 0.31514430046081543 178
1679937687593 3.3533365726470947 179
1679937687902 0.3154325485229492 180
1679937691307 3.4082610607147217 181
1679937691600 0.27826642990112305 182
1679937695025 3.435880184173584 183
1679937695351 0.32164597511291504 184
1679937698721 3.3801686763763428 185
1679937699040 0.3078901767730713 186
1679937702457 3.4218451976776123 187
1679937702759 0.28527259826660156 188
1679937706019 3.283097267150879 189
1679937706309 0.2909054756164551 190
1679937709417 3.104501485824585 191
1679937709702 0.2775146961212158 192
1679937712988 3.293879985809326 193
1679937713312 0.31732726097106934 194
1679937716723 3.42258882522583 195
1679937717021 0.2802608013153076 196
1679937720162 3.1617422103881836 197
1679937720445 0.27585935592651367 198
1679937723601 3.154357433319092 199
1679937723878 0.27452921867370605 200
1679937726980 3.1111137866973877 201
1679937727262 0.2788512706756592 202
1679937730348 3.089214563369751 203
1679937730643 0.28671717643737793 204
1679937733775 3.1422617435455322 205
1679937734063 0.27012133598327637 206
1679937737146 3.0911881923675537 207
1679937737426 0.283597469329834 208
1679937740533 3.1099698543548584 209
1679937740825 0.27394938468933105 210
1679937744229 3.4141533374786377 211
1679937744524 0.28699350357055664 212
1679937747743 3.237431049346924 213
1679937748046 0.2845187187194824 214
1679937751165 3.138293981552124 215
1679937751455 0.2737264633178711 216
1679937754624 3.1821889877319336 217
1679937754914 0.26790428161621094 218
1679937757976 3.0670528411865234 219
1679937758246 0.26691102981567383 220
1679937761314 3.0829198360443115 221
1679937761594 0.2807748317718506 222
1679937764639 3.047255516052246 223
1679937764930 0.28394222259521484 224
1679937768058 3.129912853240967 225
1679937768356 0.29810571670532227 226
1679937771599 3.2400765419006348 227
1679937771918 0.31391000747680664 228
1679937775353 3.4429962635040283 229
1679937775680 0.3234272003173828 230
1679937778809 3.14155650138855 231
1679937779085 0.2708728313446045 232
1679937782140 3.058586835861206 233
1679937782420 0.2654244899749756 234
1679937785476 3.0703065395355225 235
1679937785791 0.3050670623779297 236
1679937788886 3.1031880378723145 237
1679937789164 0.266221284866333 238
1679937792257 3.1024420261383057 239
1679937792531 0.2720656394958496 240
1679937795657 3.1259636878967285 241
1679937795955 0.29977965354919434 242
1679937799021 3.075157642364502 243
1679937799306 0.2685205936431885 244
1679937802524 3.2223713397979736 245
1679937802844 0.29796862602233887 246
1679937806244 3.4245002269744873 247
1679937806548 0.2966771125793457 248
1679937809709 3.1711208820343018 249
1679937809980 0.26732540130615234 250
1679937813047 3.068289279937744 251
1679937813350 0.2912313938140869 252
1679937816461 3.1231191158294678 253
1679937816744 0.28272390365600586 254
1679937819859 3.1139681339263916 255
1679937820136 0.2768368721008301 256
1679937823212 3.077253818511963 257
1679937823552 0.3312551975250244 258
1679937826660 3.1238515377044678 259
1679937826950 0.2777261734008789 260
1679937830077 3.138078451156616 261
1679937830380 0.28794145584106445 262
1679937833658 3.2849836349487305 263
1679937833967 0.29276561737060547 264
1679937837218 3.271556854248047 265
1679937837516 0.27695298194885254 266
1679937840576 3.0797128677368164 267
1679937840870 0.26885533332824707 268
1679937844038 3.1973602771759033 269
1679937844334 0.27901411056518555 270
1679937847382 3.0658249855041504 271
1679937847661 0.273038387298584 272
1679937850731 3.0733957290649414 273
1679937851053 0.31170129776000977 274
1679937854088 3.047874689102173 275
1679937854406 0.29196858406066895 276
1679937857469 3.0820071697235107 277
1679937857751 0.277679443359375 278
1679937860816 3.0692577362060547 279
1679937861121 0.29521846771240234 280
1679937864437 3.325207471847534 281
1679937864766 0.3039357662200928 282
1679937868091 3.3446602821350098 283
1679937868401 0.31325507164001465 284
1679937871544 3.1457605361938477 285
1679937871816 0.25788068771362305 286
1679937874913 3.1131091117858887 287
1679937875188 0.26908016204833984 288
1679937878279 3.0978195667266846 289
1679937878601 0.30323171615600586 290
1679937881632 3.052532196044922 291
1679937881909 0.2622103691101074 292
1679937884978 3.0841801166534424 293
1679937885272 0.27736687660217285 294
1679937888280 3.0155186653137207 295
1679937888582 0.2889561653137207 296
1679937891766 3.188292980194092 297
1679937892113 0.3378114700317383 298
1679937895465 3.3672707080841064 299
1679937895795 0.31353282928466797 300
1679937896025 0.22321701049804688 301
