1679937375590 5.6959826946258545 1
1679937375872 5.961516857147217 2
1679937379005 9.098886013031006 3
1679937379276 9.357863187789917 4
1679937382463 12.548290252685547 5
1679937382753 12.836002588272095 6
1679937386086 16.17283868789673 7
1679937386382 16.454894542694092 8
1679937389606 19.69373869895935 9
1679937389889 19.97857141494751 10
1679937393097 23.187198877334595 11
1679937393381 23.456825017929077 12
1679937396491 26.58482050895691 13
1679937396760 26.848735332489014 14
1679937399879 29.96435284614563 15
1679937400173 30.247581720352173 16
1679937403554 33.628408908843994 17
1679937403847 33.917155742645264 18
1679937407063 37.14512276649475 19
1679937407345 37.43276810646057 20
1679937410348 40.4386625289917 21
1679937410613 40.68368101119995 22
1679937413915 43.99777317047119 23
1679937414217 44.28783345222473 24
1679937417606 47.667548418045044 25
1679937417901 47.968029260635376 26
1679937421288 51.367762327194214 27
1679937421564 51.65063118934631 28
1679937424766 54.8516640663147 29
1679937425045 55.12591314315796 30
1679937428280 58.37408208847046 31
1679937428554 58.630640268325806 32
1679937431694 61.78177237510681 33
1679937431961 62.048009634017944 34
1679937435183 65.27057647705078 35
1679937435475 65.5529248714447 36
1679937438631 68.7226209640503 37
1679937438934 68.99756932258606 38
1679937442170 72.25368285179138 39
1679937442469 72.53020405769348 40
1679937445827 75.90781736373901 41
1679937446146 76.20135879516602 42
1679937449264 79.35490489006042 43
1679937449540 79.62459301948547 44
1679937452663 82.74980974197388 45
1679937452946 83.0287013053894 46
1679937456095 86.18601512908936 47
1679937456401 86.46767401695251 48
1679937459483 89.5686423778534 49
1679937459793 89.87007808685303 50
1679937462975 93.06258344650269 51
1679937463254 93.33364343643188 52
1679937466463 96.55165147781372 53
1679937466763 96.84177708625793 54
1679937469874 99.96353435516357 55
1679937470157 100.23021674156189 56
1679937473503 103.58494424819946 57
1679937473818 103.89612889289856 58
1679937477256 107.34170746803284 59
1679937477538 107.59659433364868 60
1679937480662 110.7538092136383 61
1679937480943 111.03024935722351 62
1679937484085 114.17478084564209 63
1679937484372 114.44806170463562 64
1679937487543 117.6307201385498 65
1679937487826 117.90468668937683 66
1679937490969 121.05349659919739 67
1679937491247 121.32637214660645 68
1679937494440 124.52855134010315 69
1679937494746 124.82100534439087 70
1679937497893 127.98147463798523 71
1679937498164 128.2489719390869 72
1679937501284 131.36469888687134 73
1679937501602 131.6785147190094 74
1679937504989 135.068021774292 75
1679937505301 135.37354922294617 76
1679937508588 138.67353415489197 77
1679937508859 138.93765258789062 78
1679937511928 142.01256370544434 79
1679937512196 142.28066539764404 80
1679937515377 145.46133494377136 81
1679937515660 145.74060249328613 82
1679937518912 148.99801564216614 83
1679937519185 149.26657819747925 84
1679937522381 152.46993732452393 85
1679937522699 152.75645208358765 86
1679937525894 155.95440793037415 87
1679937526199 156.27669596672058 88
1679937529409 159.49236392974854 89
1679937529688 159.77368545532227 90
1679937533083 163.1634237766266 91
1679937533399 163.4692850112915 92
1679937536812 166.89650583267212 93
1679937537101 167.1797091960907 94
1679937540306 170.393456697464 95
1679937540591 170.6664915084839 96
1679937543810 173.89484977722168 97
1679937544099 174.18250679969788 98
1679937547288 177.37579774856567 99
1679937547577 177.64741134643555 100
1679937550705 180.79171228408813 101
1679937551004 181.07838344573975 102
1679937554166 184.25456428527832 103
1679937554450 184.52654576301575 104
1679937557604 187.68825101852417 105
1679937557904 187.96947360038757 106
1679937561017 191.1002151966095 107
1679937561345 191.40052914619446 108
1679937564727 194.80563735961914 109
1679937565046 195.1145839691162 110
1679937568336 198.41342425346375 111
1679937568626 198.6883647441864 112
1679937571625 201.7144856452942 113
1679937571899 201.9743573665619 114
1679937575055 205.1383192539215 115
1679937575343 205.40235376358032 116
1679937578509 208.58741545677185 117
1679937578796 208.87524509429932 118
1679937581983 212.06644010543823 119
1679937582265 212.34587693214417 120
1679937585399 215.48558139801025 121
1679937585706 215.7722156047821 122
1679937588867 218.95342469215393 123
1679937589161 219.23264002799988 124
1679937592433 222.50259971618652 125
1679937592750 222.8226616382599 126
1679937596187 226.26645874977112 127
1679937596502 226.56889653205872 128
1679937599704 229.78554487228394 129
1679937599989 230.0665476322174 130
1679937603179 233.26263117790222 131
1679937603461 233.53544735908508 132
1679937606565 236.644357919693 133
1679937606866 236.94083666801453 134
1679937609913 239.99536800384521 135
1679937610205 240.2838864326477 136
1679937613352 243.42834901809692 137
1679937613658 243.72727608680725 138
1679937616931 247.01221752166748 139
1679937617237 247.3063292503357 140
1679937620513 250.59832000732422 141
1679937620807 250.88640356063843 142
1679937624322 254.39430403709412 143
1679937624639 254.7066240310669 144
1679937627947 258.02936935424805 145
1679937628235 258.31215953826904 146
1679937631326 261.4046001434326 147
1679937631598 261.67728900909424 148
1679937634747 264.82830023765564 149
1679937635037 265.11535716056824 150
1679937638187 268.26685976982117 151
1679937638479 268.53218603134155 152
1679937641623 271.7034649848938 153
1679937641913 271.98322010040283 154
1679937645099 275.1790990829468 155
1679937645396 275.474276304245 156
1679937648530 278.6130928993225 157
1679937648851 278.916791677475 158
1679937651996 282.0690824985504 159
1679937652308 282.38034081459045 160
1679937655684 285.7622232437134 161
1679937656024 286.07206296920776 162
1679937659234 289.3064019680023 163
1679937659532 289.60407543182373 164
1679937662707 292.7911727428436 165
1679937663004 293.0836992263794 166
1679937666236 296.31619453430176 167
1679937666544 296.6057159900665 168
1679937669744 299.8155207633972 169
1679937670065 300.11905336380005 170
1679937673399 303.4751970767975 171
1679937673702 303.7490096092224 172
1679937676844 306.92609000205994 173
1679937677130 307.1942825317383 174
1679937680301 310.38008427619934 175
1679937680591 310.65639066696167 176
1679937683933 313.99915528297424 177
1679937684245 314.31429958343506 178
1679937687602 317.66763615608215 179
1679937687914 317.9830687046051 180
1679937691316 321.3913297653198 181
1679937691609 321.66959619522095 182
1679937695036 325.10547637939453 183
1679937695365 325.42712235450745 184
1679937698733 328.8072910308838 185
1679937699053 329.11518120765686 186
1679937702467 332.5370264053345 187
1679937702772 332.8222990036011 188
1679937706028 336.10539627075195 189
1679937706319 336.3963017463684 190
1679937709426 339.500803232193 191
1679937709716 339.7783179283142 192
1679937712997 343.07219791412354 193
1679937713322 343.3895251750946 194
1679937716731 346.81211400032043 195
1679937717031 347.09237480163574 196
1679937720170 350.2541170120239 197
1679937720455 350.52997636795044 198
1679937723610 353.68433380126953 199
1679937723886 353.95886301994324 200
1679937726989 357.0699768066406 201
1679937727273 357.3488280773163 202
1679937730357 360.43804264068604 203
1679937730652 360.7247598171234 204
1679937733784 363.86702156066895 205
1679937734072 364.1371428966522 206
1679937737155 367.2283310890198 207
1679937737438 367.5119285583496 208
1679937740544 370.62189841270447 209
1679937740839 370.8958477973938 210
1679937744238 374.31000113487244 211
1679937744537 374.596994638443 212
1679937747753 377.8344256877899 213
1679937748055 378.1189444065094 214
1679937751174 381.2572383880615 215
1679937751470 381.5309648513794 216
1679937754636 384.7131538391113 217
1679937754926 384.98105812072754 218
1679937757985 388.04811096191406 219
1679937758256 388.31502199172974 220
1679937761323 391.39794182777405 221
1679937761607 391.6787166595459 222
1679937764650 394.72597217559814 223
1679937764941 395.00991439819336 224
1679937768070 398.1398272514343 225
1679937768367 398.43793296813965 226
1679937771608 401.6780095100403 227
1679937771929 401.9919195175171 228
1679937775362 405.4349157810211 229
1679937775692 405.7583429813385 230
1679937778818 408.89989948272705 231
1679937779096 409.17077231407166 232
1679937782149 412.22935914993286 233
1679937782430 412.49478363990784 234
1679937785485 415.56509017944336 235
1679937785804 415.8701572418213 236
1679937788894 418.9733452796936 237
1679937789176 419.23956656455994 238
1679937792266 422.34200859069824 239
1679937792540 422.6140742301941 240
1679937795667 425.7400379180908 241
1679937795966 426.03981757164 242
1679937799030 429.1149752140045 243
1679937799315 429.3834958076477 244
1679937802533 432.6058671474457 245
1679937802855 432.903835773468 246
1679937806254 436.3283360004425 247
1679937806562 436.62501311302185 248
1679937809717 439.79613399505615 249
1679937809989 440.0634593963623 250
1679937813056 443.13174867630005 251
1679937813360 443.42298007011414 252
1679937816470 446.5460991859436 253
1679937816755 446.8288230895996 254
1679937819869 449.942791223526 255
1679937820147 450.21962809562683 256
1679937823222 453.2968819141388 257
1679937823561 453.6281371116638 258
1679937826669 456.7519886493683 259
1679937826960 457.02971482276917 260
1679937830087 460.1677932739258 261
1679937830390 460.45573472976685 262
1679937833667 463.7407183647156 263
1679937833978 464.0334839820862 264
1679937837227 467.30504083633423 265
1679937837526 467.5819938182831 266
1679937840586 470.6617066860199 267
1679937840880 470.93056201934814 268
1679937844047 474.12792229652405 269
1679937844345 474.40693640708923 270
1679937847393 477.4727613925934 271
1679937847671 477.74579977989197 272
1679937850740 480.8191955089569 273
1679937851066 481.1308968067169 274
1679937854098 484.1787714958191 275
1679937854417 484.47074007987976 276
1679937857478 487.55274724960327 277
1679937857764 487.83042669296265 278
1679937860825 490.8996844291687 279
1679937861135 491.1949028968811 280
1679937864447 494.52011036872864 281
1679937864777 494.82404613494873 282
1679937868100 498.16870641708374 283
1679937868412 498.48196148872375 284
1679937871553 501.6277220249176 285
1679937871827 501.8856027126312 286
1679937874921 504.9987118244171 287
1679937875197 505.26779198646545 288
1679937878287 508.36561155319214 289
1679937878611 508.66884326934814 290
1679937881642 511.72137546539307 291
1679937881920 511.9835858345032 292
1679937884987 515.0677659511566 293
1679937885281 515.3451328277588 294
1679937888288 518.3606514930725 295
1679937888596 518.6496076583862 296
1679937891777 521.8379006385803 297
1679937892126 522.1757121086121 298
1679937895473 525.5429828166962 299
1679937895807 525.8565156459808 300
1679937896039 526.0797326564789 301
