1679937375597 0.0 1
1679937375880 0.0 2
1679937379012 0.0 3
1679937379282 0.0 4
1679937382470 0.0 5
1679937382759 0.0 6
1679937386095 0.0 7
1679937386389 0.0 8
1679937389614 0.0 9
1679937389896 0.0 10
1679937393103 0.0 11
1679937393390 0.0 12
1679937396498 0.0 13
1679937396768 0.0 14
1679937399886 0.0 15
1679937400180 0.0 16
1679937403561 0.0 17
1679937403856 0.0 18
1679937407070 0.0 19
1679937407352 0.0 20
1679937410354 0.0 21
1679937410622 0.0 22
1679937413923 0.0 23
1679937414224 0.0 24
1679937417616 0.0 25
1679937417912 0.0 26
1679937421295 0.0 27
1679937421571 0.0 28
1679937424772 0.0 29
1679937425052 0.0 30
1679937428287 0.0 31
1679937428566 0.0 32
1679937431700 0.0 33
1679937431971 0.0 34
1679937435191 0.0 35
1679937435482 0.0 36
1679937438639 0.0 37
1679937438944 0.0 38
1679937442176 0.0 39
1679937442477 0.0 40
1679937445834 0.0 41
1679937446155 0.0 42
1679937449270 0.0 43
1679937449548 0.0 44
1679937452669 0.0 45
1679937452953 0.0 46
1679937456102 0.0 47
1679937456410 0.0 48
1679937459491 0.0 49
1679937459801 0.0 50
1679937462983 0.0 51
1679937463261 0.0 52
1679937466469 0.0 53
1679937466770 0.0 54
1679937469881 0.0 55
1679937470167 0.0 56
1679937473511 0.0 57
1679937473826 0.0 58
1679937477263 0.0 59
1679937477548 0.0 60
1679937480669 0.0 61
1679937480950 0.0 62
1679937484093 0.0 63
1679937484383 0.0 64
1679937487551 0.0 65
1679937487834 0.0 66
1679937490976 0.0 67
1679937491258 0.0 68
1679937494449 0.0 69
1679937494757 0.0 70
1679937497900 0.0 71
1679937498171 0.0 72
1679937501291 0.0 73
1679937501611 0.0 74
1679937504997 0.0 75
1679937505309 0.0 76
1679937508597 0.0 77
1679937508866 0.0 78
1679937511935 0.0 79
1679937512202 0.0 80
1679937515383 0.0 81
1679937515667 0.0 82
1679937518917 0.0 83
1679937519191 0.0 84
1679937522387 0.0 85
1679937522708 0.0 86
1679937525900 0.0 87
1679937526207 0.0 88
1679937529416 0.0 89
1679937529697 0.0 90
1679937533090 0.0 91
1679937533408 0.0 92
1679937536818 0.0 93
1679937537107 0.0 94
1679937540312 0.0 95
1679937540598 0.0 96
1679937543817 0.0 97
1679937544106 0.0 98
1679937547296 0.0 99
1679937547584 0.0 100
1679937550712 0.0 101
1679937551012 0.0 102
1679937554174 0.0 103
1679937554457 0.0 104
1679937557611 0.0 105
1679937557915 0.0 106
1679937561025 0.0 107
1679937561355 0.0 108
1679937564735 0.0 109
1679937565054 0.0 110
1679937568343 0.0 111
1679937568635 0.0 112
1679937571631 0.0 113
1679937571906 0.0 114
1679937575063 0.0 115
1679937575352 0.0 116
1679937578518 0.0 117
1679937578802 0.0 118
1679937581990 0.0 119
1679937582272 0.0 120
1679937585406 0.0 121
1679937585715 0.0 122
1679937588873 0.0 123
1679937589168 0.0 124
1679937592440 0.0 125
1679937592759 0.0 126
1679937596195 0.0 127
1679937596512 0.0 128
1679937599710 0.0 129
1679937599998 0.0 130
1679937603184 0.0 131
1679937603467 0.0 132
1679937606573 0.0 133
1679937606874 0.0 134
1679937609920 0.0 135
1679937610212 0.0 136
1679937613359 0.0 137
1679937613667 0.0 138
1679937616937 0.0 139
1679937617244 0.0 140
1679937620519 0.0 141
1679937620814 0.0 142
1679937624329 0.0 143
1679937624647 0.0 144
1679937627953 0.0 145
1679937628243 0.0 146
1679937631334 0.0 147
1679937631605 0.0 148
1679937634755 0.0 149
1679937635045 0.0 150
1679937638194 0.0 151
1679937638489 0.0 152
1679937641630 0.0 153
1679937641924 0.0 154
1679937645105 0.0 155
1679937645403 0.0 156
1679937648536 0.0 157
1679937648859 0.0 158
1679937652004 0.0 159
1679937652318 0.0 160
1679937655691 0.0 161
1679937656035 0.0 162
1679937659241 0.0 163
1679937659539 0.0 164
1679937662714 0.0 165
1679937663012 0.0 166
1679937666245 0.0 167
1679937666552 0.0 168
1679937669749 0.0 169
1679937670074 0.0 170
1679937673405 0.0 171
1679937673711 0.0 172
1679937676849 0.0 173
1679937677137 0.0 174
1679937680306 0.0 175
1679937680600 0.0 176
1679937683940 0.0 177
1679937684251 0.0 178
1679937687611 0.0 179
1679937687926 0.0 180
1679937691324 0.0 181
1679937691617 0.0 182
1679937695044 0.0 183
1679937695372 0.0 184
1679937698743 0.0 185
1679937699060 0.0 186
1679937702474 0.0 187
1679937702783 0.0 188
1679937706034 0.0 189
1679937706327 0.0 190
1679937709432 0.0 191
1679937709724 0.0 192
1679937713007 0.0 193
1679937713331 0.0 194
1679937716738 0.0 195
1679937717039 0.0 196
1679937720177 0.0 197
1679937720461 0.0 198
1679937723617 0.0 199
1679937723892 0.0 200
1679937726996 0.0 201
1679937727279 0.0 202
1679937730364 0.0 203
1679937730661 0.0 204
1679937733790 0.0 205
1679937734078 0.0 206
1679937737161 0.0 207
1679937737447 0.0 208
1679937740551 0.0 209
1679937740847 0.0 210
1679937744245 0.0 211
1679937744543 0.0 212
1679937747759 0.0 213
1679937748061 0.0 214
1679937751180 0.0 215
1679937751479 0.0 216
1679937754643 0.0 217
1679937754935 0.0 218
1679937757991 0.0 219
1679937758262 0.0 220
1679937761329 0.0 221
1679937761619 0.0 222
1679937764657 0.0 223
1679937764948 0.0 224
1679937768077 0.0 225
1679937768376 0.0 226
1679937771615 0.0 227
1679937771937 0.0 228
1679937775368 0.0 229
1679937775699 0.0 230
1679937778825 0.0 231
1679937779103 0.0 232
1679937782156 0.0 233
1679937782438 0.0 234
1679937785493 0.0 235
1679937785815 0.0 236
1679937788901 0.0 237
1679937789183 0.0 238
1679937792273 0.0 239
1679937792547 0.0 240
1679937795675 0.0 241
1679937795972 0.0 242
1679937799037 0.0 243
1679937799324 0.0 244
1679937802539 0.0 245
1679937802865 0.0 246
1679937806261 0.0 247
1679937806572 0.0 248
1679937809725 0.0 249
1679937809996 0.0 250
1679937813063 0.0 251
1679937813369 0.0 252
1679937816477 0.0 253
1679937816762 0.0 254
1679937819875 0.0 255
1679937820154 0.0 256
1679937823231 0.0 257
1679937823569 0.0 258
1679937826677 0.0 259
1679937826967 0.0 260
1679937830093 0.0 261
1679937830398 0.0 262
1679937833673 0.0 263
1679937833985 0.0 264
1679937837235 0.0 265
1679937837536 0.0 266
1679937840593 0.0 267
1679937840889 0.0 268
1679937844054 0.0 269
1679937844352 0.0 270
1679937847399 0.0 271
1679937847681 0.0 272
1679937850747 0.0 273
1679937851075 0.0 274
1679937854105 0.0 275
1679937854426 0.0 276
1679937857484 0.0 277
1679937857774 0.0 278
1679937860832 0.0 279
1679937861144 0.0 280
1679937864453 0.0 281
1679937864786 0.0 282
1679937868107 0.0 283
1679937868419 0.0 284
1679937871560 0.0 285
1679937871835 0.0 286
1679937874928 0.0 287
1679937875204 0.0 288
1679937878294 0.0 289
1679937878619 0.0 290
1679937881648 0.0 291
1679937881928 0.0 292
1679937884994 0.0 293
1679937885288 0.0 294
1679937888295 0.0 295
1679937888605 0.0 296
1679937891786 0.0 297
1679937892137 0.0 298
1679937895480 0.0 299
1679937895818 0.0 300
1679937896049 0.0 301
