1677114312037 0.0 1
1677114312253 0.0 2
1677114313376 0.0 3
1677114313616 0.0 4
1677114314914 0.0 5
1677114315140 0.0 6
1677114316276 0.0 7
1677114316523 0.0 8
1677114317683 0.0 9
1677114317901 0.0 10
1677114319050 0.0 11
1677114319270 0.0 12
1677114320447 0.0 13
1677114320645 0.0 14
1677114321718 0.0 15
1677114321991 0.0 16
1677114323152 0.0 17
1677114323367 0.0 18
1677114324702 0.0 19
1677114324920 0.0 20
1677114326052 0.0 21
1677114326267 0.0 22
1677114327410 0.0 23
1677114327630 0.0 24
1677114328788 0.0 25
1677114329019 0.0 26
1677114330265 0.0 27
1677114330477 0.0 28
1677114331647 0.0 29
1677114331869 0.0 30
1677114333040 0.0 31
1677114333240 0.0 32
1677114334354 0.0 33
1677114334589 0.0 34
1677114335733 0.0 35
1677114335946 0.0 36
1677114337062 0.0 37
1677114337343 0.0 38
1677114338508 0.0 39
1677114338758 0.0 40
1677114339897 0.0 41
1677114340125 0.0 42
1677114341297 0.0 43
1677114341529 0.0 44
1677114342725 0.0 45
1677114342953 0.0 46
1677114344113 0.0 47
1677114344313 0.0 48
1677114345525 0.0 49
1677114345733 0.0 50
1677114346889 0.0 51
1677114347109 0.0 52
1677114348360 0.0 53
1677114348570 0.0 54
1677114349660 0.0 55
1677114349906 0.0 56
1677114350987 0.0 57
1677114351221 0.0 58
1677114352358 0.0 59
1677114352590 0.0 60
1677114353890 0.0 61
1677114354109 0.0 62
1677114355294 0.0 63
1677114355515 0.0 64
1677114356666 0.0 65
1677114356883 0.0 66
1677114358093 0.0 67
1677114358301 0.0 68
1677114359455 0.0 69
1677114359683 0.0 70
1677114360938 0.0 71
1677114361165 0.0 72
1677114362332 0.0 73
1677114362546 0.0 74
1677114363645 0.0 75
1677114363863 0.0 76
1677114364907 0.0 77
1677114365116 0.0 78
1677114366212 0.0 79
1677114366430 0.0 80
1677114367537 0.0 81
1677114367748 0.0 82
1677114369020 0.0 83
1677114369233 0.0 84
1677114370420 0.0 85
1677114370644 0.0 86
1677114371861 0.0 87
1677114372083 0.0 88
1677114373243 0.0 89
1677114373464 0.0 90
1677114374679 0.0 91
1677114374897 0.0 92
1677114376150 0.0 93
1677114376389 0.0 94
1677114377555 0.0 95
1677114377778 0.0 96
1677114378984 0.0 97
1677114379201 0.0 98
1677114380301 0.0 99
1677114380534 0.0 100
1677114381814 0.0 101
1677114382051 0.0 102
1677114383327 0.0 103
1677114383563 0.0 104
1677114384984 0.0 105
1677114385228 0.0 106
1677114386517 0.0 107
1677114386754 0.0 108
1677114387969 0.0 109
1677114388193 0.0 110
1677114389351 0.0 111
1677114389565 0.0 112
1677114390706 0.0 113
1677114390938 0.0 114
1677114392102 0.0 115
1677114392411 0.0 116
1677114393551 0.0 117
1677114393796 0.0 118
1677114394932 0.0 119
1677114395153 0.0 120
1677114396328 0.0 121
1677114396557 0.0 122
1677114397659 0.0 123
1677114397871 0.0 124
1677114399041 0.0 125
1677114399256 0.0 126
1677114400456 0.0 127
1677114400673 0.0 128
1677114401830 0.0 129
1677114402059 0.0 130
1677114403234 0.0 131
1677114403467 0.0 132
1677114404675 0.0 133
1677114404897 0.0 134
1677114406047 0.0 135
1677114406282 0.0 136
1677114407479 0.0 137
1677114407783 0.0 138
1677114408988 0.0 139
1677114409220 0.0 140
1677114410452 0.0 141
1677114410694 0.0 142
1677114412001 0.0 143
1677114412264 0.0 144
1677114413548 0.0 145
1677114413797 0.0 146
1677114415002 0.0 147
1677114415214 0.0 148
1677114416459 0.0 149
1677114416697 0.0 150
1677114417846 0.0 151
1677114418069 0.0 152
1677114419302 0.0 153
1677114419542 0.0 154
1677114420822 0.0 155
1677114421069 0.0 156
1677114422266 0.0 157
1677114422486 0.0 158
1677114423662 0.0 159
1677114423988 0.0 160
1677114425210 0.0 161
1677114425445 0.0 162
1677114426593 0.0 163
1677114426824 0.0 164
1677114428004 0.0 165
1677114428237 0.0 166
1677114429395 0.0 167
1677114429658 0.0 168
1677114430884 0.0 169
1677114431124 0.0 170
1677114432363 0.0 171
1677114432584 0.0 172
1677114433713 0.0 173
1677114433937 0.0 174
1677114435132 0.0 175
1677114435377 0.0 176
1677114436669 0.0 177
1677114436907 0.0 178
1677114438115 0.0 179
1677114438354 0.0 180
1677114439536 0.0 181
1677114439757 0.0 182
1677114441029 0.0 183
1677114441317 0.0 184
1677114442640 0.0 185
1677114442886 0.0 186
1677114444176 0.0 187
1677114444464 0.0 188
1677114445678 0.0 189
1677114445909 0.0 190
1677114447061 0.0 191
1677114447277 0.0 192
1677114448461 0.0 193
1677114448701 0.0 194
1677114449840 0.0 195
1677114450073 0.0 196
1677114451207 0.0 197
1677114451441 0.0 198
1677114452581 0.0 199
1677114452806 0.0 200
1677114453980 0.0 201
1677114454215 0.0 202
1677114455374 0.0 203
1677114455602 0.0 204
1677114456834 0.0 205
1677114457061 0.0 206
1677114458271 0.0 207
1677114458494 0.0 208
1677114459665 0.0 209
1677114459903 0.0 210
1677114461082 0.0 211
1677114461314 0.0 212
1677114462419 0.0 213
1677114462636 0.0 214
1677114463885 0.0 215
1677114464127 0.0 216
1677114465261 0.0 217
1677114465482 0.0 218
1677114466651 0.0 219
1677114466877 0.0 220
1677114468047 0.0 221
1677114468331 0.0 222
1677114469657 0.0 223
1677114469913 0.0 224
1677114471329 0.0 225
1677114471585 0.0 226
1677114472981 0.0 227
1677114473289 0.0 228
1677114474793 0.0 229
1677114475067 0.0 230
1677114476330 0.0 231
1677114476560 0.0 232
1677114477793 0.0 233
1677114478010 0.0 234
1677114479114 0.0 235
1677114479349 0.0 236
1677114480584 0.0 237
1677114480920 0.0 238
1677114482041 0.0 239
1677114482253 0.0 240
1677114483351 0.0 241
1677114483585 0.0 242
1677114484947 0.0 243
1677114485181 0.0 244
1677114486379 0.0 245
1677114486622 0.0 246
1677114487832 0.0 247
1677114488074 0.0 248
1677114489284 0.0 249
1677114489525 0.0 250
1677114490719 0.0 251
1677114490953 0.0 252
1677114492095 0.0 253
1677114492320 0.0 254
1677114493401 0.0 255
1677114493618 0.0 256
1677114494805 0.0 257
1677114495024 0.0 258
1677114496104 0.0 259
1677114496413 0.0 260
1677114497551 0.0 261
1677114497792 0.0 262
1677114498999 0.0 263
1677114499257 0.0 264
1677114500563 0.0 265
1677114500810 0.0 266
1677114502099 0.0 267
1677114502353 0.0 268
1677114503758 0.0 269
1677114504005 0.0 270
1677114505368 0.0 271
1677114505588 0.0 272
1677114506695 0.0 273
1677114506918 0.0 274
1677114508247 0.0 275
1677114508514 0.0 276
1677114509767 0.0 277
1677114510003 0.0 278
1677114511202 0.0 279
1677114511495 0.0 280
1677114512689 0.0 281
1677114513010 0.0 282
1677114514224 0.0 283
1677114514460 0.0 284
1677114515597 0.0 285
1677114515826 0.0 286
1677114517091 0.0 287
1677114517289 0.0 288
1677114518434 0.0 289
1677114518693 0.0 290
1677114520067 0.0 291
1677114520313 0.0 292
1677114521736 0.0 293
1677114521989 0.0 294
1677114523168 0.0 295
1677114523414 0.0 296
1677114524624 0.0 297
1677114524879 0.0 298
1677114526046 0.0 299
1677114526290 0.0 300
1677114526525 0.0 301
