1677114312057 1.0 1
1677114312264 2.0 2
1677114313387 3.0 3
1677114313627 4.0 4
1677114314925 5.0 5
1677114315149 6.0 6
1677114316286 7.0 7
1677114316534 8.0 8
1677114317695 9.0 9
1677114317913 10.0 10
1677114319062 11.0 11
1677114319279 12.0 12
1677114320457 13.0 13
1677114320656 14.0 14
1677114321727 15.0 15
1677114322001 16.0 16
1677114323163 17.0 17
1677114323379 18.0 18
1677114324715 19.0 19
1677114324930 20.0 20
1677114326064 21.0 21
1677114326278 22.0 22
1677114327421 23.0 23
1677114327640 24.0 24
1677114328797 25.0 25
1677114329030 26.0 26
1677114330277 27.0 27
1677114330487 28.0 28
1677114331662 29.0 29
1677114331881 30.0 30
1677114333048 31.0 31
1677114333249 32.0 32
1677114334365 33.0 33
1677114334607 34.0 34
1677114335745 35.0 35
1677114335956 36.0 36
1677114337074 37.0 37
1677114337352 38.0 38
1677114338521 39.0 39
1677114338767 40.0 40
1677114339909 41.0 41
1677114340135 42.0 42
1677114341309 43.0 43
1677114341539 44.0 44
1677114342736 45.0 45
1677114342963 46.0 46
1677114344123 47.0 47
1677114344324 48.0 48
1677114345535 49.0 49
1677114345743 50.0 50
1677114346900 51.0 51
1677114347119 52.0 52
1677114348371 53.0 53
1677114348581 54.0 54
1677114349670 55.0 55
1677114349920 56.0 56
1677114350998 57.0 57
1677114351232 58.0 58
1677114352367 59.0 59
1677114352601 60.0 60
1677114353900 61.0 61
1677114354118 62.0 62
1677114355308 63.0 63
1677114355527 64.0 64
1677114356676 65.0 65
1677114356893 66.0 66
1677114358103 67.0 67
1677114358312 68.0 68
1677114359465 69.0 69
1677114359695 70.0 70
1677114360951 71.0 71
1677114361175 72.0 72
1677114362343 73.0 73
1677114362557 74.0 74
1677114363657 75.0 75
1677114363873 76.0 76
1677114364918 77.0 77
1677114365127 78.0 78
1677114366222 79.0 79
1677114366440 80.0 80
1677114367547 81.0 81
1677114367761 82.0 82
1677114369030 83.0 83
1677114369244 84.0 84
1677114370430 85.0 85
1677114370654 86.0 86
1677114371873 87.0 87
1677114372093 88.0 88
1677114373252 89.0 89
1677114373475 90.0 90
1677114374689 91.0 91
1677114374908 92.0 92
1677114376159 93.0 93
1677114376402 94.0 94
1677114377566 95.0 95
1677114377789 96.0 96
1677114378994 97.0 97
1677114379211 98.0 98
1677114380312 99.0 99
1677114380547 100.0 100
1677114381825 101.0 101
1677114382063 102.0 102
1677114383337 103.0 103
1677114383575 104.0 104
1677114384995 105.0 105
1677114385239 106.0 106
1677114386530 107.0 107
1677114386765 108.0 108
1677114387979 109.0 109
1677114388204 110.0 110
1677114389360 111.0 111
1677114389574 112.0 112
1677114390717 113.0 113
1677114390949 114.0 114
1677114392113 115.0 115
1677114392423 116.0 116
1677114393562 117.0 117
1677114393807 118.0 118
1677114394943 119.0 119
1677114395165 120.0 120
1677114396339 121.0 121
1677114396567 122.0 122
1677114397669 123.0 123
1677114397881 124.0 124
1677114399051 125.0 125
1677114399265 126.0 126
1677114400465 127.0 127
1677114400683 128.0 128
1677114401842 129.0 129
1677114402069 130.0 130
1677114403245 131.0 131
1677114403478 132.0 132
1677114404684 133.0 133
1677114404908 134.0 134
1677114406058 135.0 135
1677114406293 136.0 136
1677114407490 137.0 137
1677114407793 138.0 138
1677114409000 139.0 139
1677114409230 140.0 140
1677114410463 141.0 141
1677114410706 142.0 142
1677114412012 143.0 143
1677114412275 144.0 144
1677114413559 145.0 145
1677114413807 146.0 146
1677114415012 147.0 147
1677114415223 148.0 148
1677114416471 149.0 149
1677114416709 150.0 150
1677114417856 151.0 151
1677114418080 152.0 152
1677114419311 153.0 153
1677114419554 154.0 154
1677114420832 155.0 155
1677114421081 156.0 156
1677114422276 157.0 157
1677114422496 158.0 158
1677114423674 159.0 159
1677114424000 160.0 160
1677114425220 161.0 161
1677114425455 162.0 162
1677114426605 163.0 163
1677114426834 164.0 164
1677114428014 165.0 165
1677114428250 166.0 166
1677114429407 167.0 167
1677114429668 168.0 168
1677114430894 169.0 169
1677114431134 170.0 170
1677114432374 171.0 171
1677114432595 172.0 172
1677114433723 173.0 173
1677114433947 174.0 174
1677114435142 175.0 175
1677114435390 176.0 176
1677114436679 177.0 177
1677114436917 178.0 178
1677114438126 179.0 179
1677114438364 180.0 180
1677114439545 181.0 181
1677114439767 182.0 182
1677114441043 183.0 183
1677114441330 184.0 184
1677114442651 185.0 185
1677114442897 186.0 186
1677114444193 187.0 187
1677114444477 188.0 188
1677114445690 189.0 189
1677114445919 190.0 190
1677114447070 191.0 191
1677114447286 192.0 192
1677114448471 193.0 193
1677114448712 194.0 194
1677114449852 195.0 195
1677114450082 196.0 196
1677114451217 197.0 197
1677114451452 198.0 198
1677114452592 199.0 199
1677114452817 200.0 200
1677114453991 201.0 201
1677114454225 202.0 202
1677114455385 203.0 203
1677114455612 204.0 204
1677114456846 205.0 205
1677114457072 206.0 206
1677114458281 207.0 207
1677114458504 208.0 208
1677114459676 209.0 209
1677114459914 210.0 210
1677114461091 211.0 211
1677114461324 212.0 212
1677114462430 213.0 213
1677114462647 214.0 214
1677114463895 215.0 215
1677114464137 216.0 216
1677114465271 217.0 217
1677114465493 218.0 218
1677114466662 219.0 219
1677114466890 220.0 220
1677114468057 221.0 221
1677114468348 222.0 222
1677114469667 223.0 223
1677114469929 224.0 224
1677114471343 225.0 225
1677114471598 226.0 226
1677114472995 227.0 227
1677114473307 228.0 228
1677114474809 229.0 229
1677114475079 230.0 230
1677114476343 231.0 231
1677114476571 232.0 232
1677114477803 233.0 233
1677114478020 234.0 234
1677114479127 235.0 235
1677114479359 236.0 236
1677114480597 237.0 237
1677114480931 238.0 238
1677114482050 239.0 239
1677114482263 240.0 240
1677114483360 241.0 241
1677114483594 242.0 242
1677114484957 243.0 243
1677114485191 244.0 244
1677114486389 245.0 245
1677114486632 246.0 246
1677114487844 247.0 247
1677114488087 248.0 248
1677114489294 249.0 249
1677114489535 250.0 250
1677114490730 251.0 251
1677114490964 252.0 252
1677114492106 253.0 253
1677114492331 254.0 254
1677114493411 255.0 255
1677114493630 256.0 256
1677114494814 257.0 257
1677114495033 258.0 258
1677114496113 259.0 259
1677114496422 260.0 260
1677114497561 261.0 261
1677114497804 262.0 262
1677114499015 263.0 263
1677114499270 264.0 264
1677114500574 265.0 265
1677114500820 266.0 266
1677114502113 267.0 267
1677114502364 268.0 268
1677114503770 269.0 269
1677114504017 270.0 270
1677114505378 271.0 271
1677114505598 272.0 272
1677114506705 273.0 273
1677114506927 274.0 274
1677114508261 275.0 275
1677114508525 276.0 276
1677114509779 277.0 277
1677114510014 278.0 278
1677114511212 279.0 279
1677114511507 280.0 280
1677114512699 281.0 281
1677114513023 282.0 282
1677114514235 283.0 283
1677114514471 284.0 284
1677114515609 285.0 285
1677114515836 286.0 286
1677114517101 287.0 287
1677114517301 288.0 288
1677114518444 289.0 289
1677114518707 290.0 290
1677114520077 291.0 291
1677114520325 292.0 292
1677114521745 293.0 293
1677114522000 294.0 294
1677114523179 295.0 295
1677114523425 296.0 296
1677114524639 297.0 297
1677114524890 298.0 298
1677114526057 299.0 299
1677114526300 300.0 300
1677114526537 301.0 301
