1677114312055 0.0 1
1677114312262 0.0 2
1677114313386 0.0 3
1677114313625 0.0 4
1677114314923 0.0 5
1677114315148 0.0 6
1677114316285 0.0 7
1677114316532 0.0 8
1677114317693 0.0 9
1677114317911 0.0 10
1677114319060 0.0 11
1677114319278 0.0 12
1677114320456 0.0 13
1677114320654 0.0 14
1677114321726 0.0 15
1677114321999 0.0 16
1677114323161 0.0 17
1677114323377 0.0 18
1677114324714 0.0 19
1677114324929 0.0 20
1677114326062 0.0 21
1677114326277 0.0 22
1677114327420 0.0 23
1677114327639 0.0 24
1677114328796 0.0 25
1677114329029 0.0 26
1677114330275 0.0 27
1677114330486 0.0 28
1677114331660 0.0 29
1677114331880 0.0 30
1677114333047 0.0 31
1677114333247 0.0 32
1677114334363 0.0 33
1677114334605 0.0 34
1677114335743 0.0 35
1677114335955 0.0 36
1677114337072 0.0 37
1677114337351 0.0 38
1677114338519 0.0 39
1677114338765 0.0 40
1677114339907 0.0 41
1677114340133 0.0 42
1677114341307 0.0 43
1677114341537 0.0 44
1677114342735 0.0 45
1677114342962 0.0 46
1677114344122 0.0 47
1677114344323 0.0 48
1677114345534 0.0 49
1677114345742 0.0 50
1677114346899 0.0 51
1677114347117 0.0 52
1677114348370 0.0 53
1677114348580 0.0 54
1677114349669 0.0 55
1677114349918 0.0 56
1677114350997 0.0 57
1677114351230 0.0 58
1677114352366 0.0 59
1677114352599 0.0 60
1677114353897 0.0 61
1677114354117 0.0 62
1677114355305 0.0 63
1677114355525 0.0 64
1677114356675 0.0 65
1677114356891 0.0 66
1677114358102 0.0 67
1677114358310 0.0 68
1677114359464 0.0 69
1677114359693 0.0 70
1677114360949 0.0 71
1677114361174 0.0 72
1677114362342 0.0 73
1677114362556 0.0 74
1677114363655 0.0 75
1677114363871 0.0 76
1677114364916 0.0 77
1677114365125 0.0 78
1677114366220 0.0 79
1677114366438 0.0 80
1677114367545 0.0 81
1677114367760 0.0 82
1677114369028 0.0 83
1677114369242 0.0 84
1677114370429 0.0 85
1677114370653 0.0 86
1677114371871 0.0 87
1677114372091 0.0 88
1677114373251 0.0 89
1677114373473 0.0 90
1677114374687 0.0 91
1677114374906 0.0 92
1677114376158 0.0 93
1677114376401 0.0 94
1677114377565 0.0 95
1677114377787 0.0 96
1677114378993 0.0 97
1677114379210 0.0 98
1677114380310 0.0 99
1677114380546 0.0 100
1677114381824 0.0 101
1677114382061 0.0 102
1677114383336 0.0 103
1677114383573 0.0 104
1677114384993 0.0 105
1677114385237 0.0 106
1677114386528 0.0 107
1677114386764 0.0 108
1677114387977 0.0 109
1677114388202 0.0 110
1677114389359 0.0 111
1677114389573 0.0 112
1677114390715 0.0 113
1677114390946 0.0 114
1677114392112 0.0 115
1677114392420 0.0 116
1677114393560 0.0 117
1677114393805 0.0 118
1677114394942 0.0 119
1677114395163 0.0 120
1677114396337 0.0 121
1677114396564 0.0 122
1677114397667 0.0 123
1677114397880 0.0 124
1677114399050 0.0 125
1677114399264 0.0 126
1677114400464 0.0 127
1677114400681 0.0 128
1677114401840 0.0 129
1677114402067 0.0 130
1677114403244 0.0 131
1677114403477 0.0 132
1677114404682 0.0 133
1677114404907 0.0 134
1677114406057 0.0 135
1677114406291 0.0 136
1677114407488 0.0 137
1677114407792 0.0 138
1677114408999 0.0 139
1677114409229 0.0 140
1677114410461 0.0 141
1677114410704 0.0 142
1677114412011 0.0 143
1677114412274 0.0 144
1677114413559 0.0 145
1677114413805 0.0 146
1677114415010 0.0 147
1677114415222 0.0 148
1677114416469 0.0 149
1677114416706 0.0 150
1677114417854 0.0 151
1677114418077 0.0 152
1677114419310 0.0 153
1677114419553 0.0 154
1677114420832 0.0 155
1677114421079 0.0 156
1677114422275 0.0 157
1677114422494 0.0 158
1677114423672 0.0 159
1677114423998 0.0 160
1677114425218 0.0 161
1677114425453 0.0 162
1677114426604 0.0 163
1677114426832 0.0 164
1677114428013 0.0 165
1677114428247 0.0 166
1677114429405 0.0 167
1677114429667 0.0 168
1677114430893 0.0 169
1677114431133 0.0 170
1677114432373 0.0 171
1677114432594 0.0 172
1677114433722 0.0 173
1677114433946 0.0 174
1677114435140 0.0 175
1677114435387 0.0 176
1677114436678 0.0 177
1677114436917 0.0 178
1677114438125 0.0 179
1677114438362 0.0 180
1677114439544 0.0 181
1677114439765 0.0 182
1677114441040 0.0 183
1677114441328 0.0 184
1677114442650 0.0 185
1677114442896 0.0 186
1677114444189 0.0 187
1677114444476 0.0 188
1677114445689 0.0 189
1677114445917 0.0 190
1677114447069 0.0 191
1677114447285 0.0 192
1677114448470 0.0 193
1677114448710 0.0 194
1677114449849 0.0 195
1677114450081 0.0 196
1677114451216 0.0 197
1677114451450 0.0 198
1677114452590 0.0 199
1677114452815 0.0 200
1677114453990 0.0 201
1677114454224 0.0 202
1677114455384 0.0 203
1677114455610 0.0 204
1677114456844 0.0 205
1677114457071 0.0 206
1677114458279 0.0 207
1677114458502 0.0 208
1677114459675 0.0 209
1677114459913 0.0 210
1677114461091 0.0 211
1677114461324 0.0 212
1677114462429 0.0 213
1677114462646 0.0 214
1677114463894 0.0 215
1677114464135 0.0 216
1677114465269 0.0 217
1677114465491 0.0 218
1677114466661 0.0 219
1677114466888 0.0 220
1677114468056 0.0 221
1677114468345 0.0 222
1677114469666 0.0 223
1677114469926 0.0 224
1677114471341 0.0 225
1677114471596 0.0 226
1677114472994 0.0 227
1677114473304 0.0 228
1677114474807 0.0 229
1677114475078 0.0 230
1677114476341 0.0 231
1677114476569 0.0 232
1677114477801 0.0 233
1677114478019 0.0 234
1677114479126 0.0 235
1677114479357 0.0 236
1677114480596 0.0 237
1677114480929 0.0 238
1677114482049 0.0 239
1677114482262 0.0 240
1677114483359 0.0 241
1677114483593 0.0 242
1677114484956 0.0 243
1677114485189 0.0 244
1677114486388 0.0 245
1677114486631 0.0 246
1677114487843 0.0 247
1677114488085 0.0 248
1677114489292 0.0 249
1677114489534 0.0 250
1677114490729 0.0 251
1677114490963 0.0 252
1677114492105 0.0 253
1677114492330 0.0 254
1677114493410 0.0 255
1677114493628 0.0 256
1677114494813 0.0 257
1677114495031 0.0 258
1677114496112 0.0 259
1677114496421 0.0 260
1677114497560 0.0 261
1677114497802 0.0 262
1677114499012 0.0 263
1677114499267 0.0 264
1677114500572 0.0 265
1677114500819 0.0 266
1677114502111 0.0 267
1677114502363 0.0 268
1677114503767 0.0 269
1677114504015 0.0 270
1677114505377 0.0 271
1677114505596 0.0 272
1677114506704 0.0 273
1677114506926 0.0 274
1677114508259 0.0 275
1677114508523 0.0 276
1677114509778 0.0 277
1677114510012 0.0 278
1677114511211 0.0 279
1677114511505 0.0 280
1677114512698 0.0 281
1677114513020 0.0 282
1677114514233 0.0 283
1677114514469 0.0 284
1677114515607 0.0 285
1677114515834 0.0 286
1677114517099 0.0 287
1677114517299 0.0 288
1677114518443 0.0 289
1677114518704 0.0 290
1677114520076 0.0 291
1677114520323 0.0 292
1677114521744 0.0 293
1677114521997 0.0 294
1677114523178 0.0 295
1677114523424 0.0 296
1677114524636 0.0 297
1677114524888 0.0 298
1677114526055 0.0 299
1677114526299 0.0 300
1677114526535 0.0 301
