1677085037646 0.004227638244628906 1
1677085037810 0.004227638244628906 2
1677085038652 0.004227638244628906 3
1677085038806 0.004227638244628906 4
1677085039728 0.004227638244628906 5
1677085039892 0.004227638244628906 6
1677085040820 0.004227638244628906 7
1677085040984 0.004227638244628906 8
1677085041905 0.004227638244628906 9
1677085042068 0.004227638244628906 10
1677085043033 0.004227638244628906 11
1677085043206 0.004227638244628906 12
1677085044161 0.004227638244628906 13
1677085044331 0.004227638244628906 14
1677085045268 0.004227638244628906 15
1677085045430 0.004227638244628906 16
1677085046345 0.004227638244628906 17
1677085046492 0.004227638244628906 18
1677085047332 0.004227638244628906 19
1677085047493 0.004227638244628906 20
1677085048354 0.004227638244628906 21
1677085048514 0.004227638244628906 22
1677085049365 0.004227638244628906 23
1677085049522 0.004227638244628906 24
1677085050416 0.004227638244628906 25
1677085050564 0.004227638244628906 26
1677085051480 0.004227638244628906 27
1677085051627 0.004227638244628906 28
1677085052481 0.004227638244628906 29
1677085052640 0.004227638244628906 30
1677085053498 0.004227638244628906 31
1677085053653 0.004227638244628906 32
1677085054511 0.004227638244628906 33
1677085054662 0.004227638244628906 34
1677085055551 0.004227638244628906 35
1677085055710 0.004227638244628906 36
1677085056599 0.004227638244628906 37
1677085056751 0.004227638244628906 38
1677085057698 0.004227638244628906 39
1677085057868 0.004227638244628906 40
1677085058724 0.004227638244628906 41
1677085058881 0.004227638244628906 42
1677085059748 0.004227638244628906 43
1677085059918 0.004227638244628906 44
1677085060810 0.004227638244628906 45
1677085060963 0.004227638244628906 46
1677085061837 0.004227638244628906 47
1677085061992 0.004227638244628906 48
1677085062955 0.004227638244628906 49
1677085063108 0.004227638244628906 50
1677085063967 0.004227638244628906 51
1677085064127 0.004227638244628906 52
1677085064993 0.004227638244628906 53
1677085065148 0.004227638244628906 54
1677085066016 0.004227638244628906 55
1677085066168 0.004227638244628906 56
1677085067047 0.004227638244628906 57
1677085067203 0.004227638244628906 58
1677085068085 0.004227638244628906 59
1677085068248 0.004227638244628906 60
1677085069191 0.004227638244628906 61
1677085069363 0.004227638244628906 62
1677085070289 0.004227638244628906 63
1677085070455 0.004227638244628906 64
1677085071408 0.004227638244628906 65
1677085071581 0.004227638244628906 66
1677085072562 0.004227638244628906 67
1677085072736 0.004227638244628906 68
1677085073672 0.004227638244628906 69
1677085073844 0.004227638244628906 70
1677085074849 0.004227638244628906 71
1677085074993 0.004227638244628906 72
1677085075844 0.004227638244628906 73
1677085075999 0.004227638244628906 74
1677085076867 0.004227638244628906 75
1677085077025 0.004227638244628906 76
1677085077926 0.004227638244628906 77
1677085078082 0.004227638244628906 78
1677085078952 0.004227638244628906 79
1677085079112 0.004227638244628906 80
1677085079967 0.004227638244628906 81
1677085080210 0.004227638244628906 82
1677085081057 0.004227638244628906 83
1677085081211 0.004227638244628906 84
1677085082076 0.004227638244628906 85
1677085082230 0.004227638244628906 86
1677085083104 0.004227638244628906 87
1677085083256 0.004227638244628906 88
1677085084105 0.004227638244628906 89
1677085084268 0.004227638244628906 90
1677085085168 0.004227638244628906 91
1677085085331 0.004227638244628906 92
1677085086271 0.004227638244628906 93
1677085086422 0.004227638244628906 94
1677085087267 0.004227638244628906 95
1677085087434 0.004227638244628906 96
1677085088323 0.004227638244628906 97
1677085088484 0.004227638244628906 98
1677085089336 0.004227638244628906 99
1677085089493 0.004227638244628906 100
1677085090350 0.004227638244628906 101
1677085090510 0.004227638244628906 102
1677085091353 0.004227638244628906 103
1677085091618 0.004227638244628906 104
1677085092486 0.004227638244628906 105
1677085092652 0.004227638244628906 106
1677085093518 0.004227638244628906 107
1677085093677 0.004227638244628906 108
1677085094530 0.004227638244628906 109
1677085094693 0.004227638244628906 110
1677085095574 0.004227638244628906 111
1677085095731 0.004227638244628906 112
1677085096567 0.004227638244628906 113
1677085096719 0.004227638244628906 114
1677085097703 0.004227638244628906 115
1677085097865 0.004227638244628906 116
1677085098755 0.004227638244628906 117
1677085098911 0.004227638244628906 118
1677085099785 0.004227638244628906 119
1677085099959 0.004227638244628906 120
1677085100871 0.004227638244628906 121
1677085101050 0.004227638244628906 122
1677085102012 0.004227638244628906 123
1677085102188 0.004227638244628906 124
1677085103227 0.004227638244628906 125
1677085103484 0.004227638244628906 126
1677085104449 0.004227638244628906 127
1677085104616 0.004227638244628906 128
1677085105548 0.004227638244628906 129
1677085105728 0.004227638244628906 130
1677085106588 0.004227638244628906 131
1677085106765 0.004227638244628906 132
1677085107647 0.004227638244628906 133
1677085107811 0.004227638244628906 134
1677085108706 0.004227638244628906 135
1677085108873 0.004227638244628906 136
1677085109860 0.004227638244628906 137
1677085110026 0.004227638244628906 138
1677085110916 0.004227638244628906 139
1677085111085 0.004227638244628906 140
1677085111931 0.004227638244628906 141
1677085112099 0.004227638244628906 142
1677085112986 0.004227638244628906 143
1677085113144 0.004227638244628906 144
1677085114032 0.004227638244628906 145
1677085114220 0.004227638244628906 146
1677085115126 0.004227638244628906 147
1677085115365 0.004227638244628906 148
1677085116227 0.004227638244628906 149
1677085116399 0.004227638244628906 150
1677085117256 0.004227638244628906 151
1677085117423 0.004227638244628906 152
1677085118315 0.004227638244628906 153
1677085118486 0.004227638244628906 154
1677085119366 0.004227638244628906 155
1677085119525 0.004227638244628906 156
1677085120442 0.004227638244628906 157
1677085120605 0.004227638244628906 158
1677085121535 0.004227638244628906 159
1677085121699 0.004227638244628906 160
1677085122567 0.004227638244628906 161
1677085122739 0.004227638244628906 162
1677085123613 0.004227638244628906 163
1677085123774 0.004227638244628906 164
1677085124688 0.004227638244628906 165
1677085124853 0.004227638244628906 166
1677085125750 0.004227638244628906 167
1677085125919 0.004227638244628906 168
1677085126785 0.004227638244628906 169
1677085127025 0.004227638244628906 170
1677085127908 0.004227638244628906 171
1677085128073 0.004227638244628906 172
1677085128897 0.004227638244628906 173
1677085129061 0.004227638244628906 174
1677085129918 0.004227638244628906 175
1677085130086 0.004227638244628906 176
1677085130943 0.004227638244628906 177
1677085131104 0.004227638244628906 178
1677085132033 0.004227638244628906 179
1677085132223 0.004227638244628906 180
1677085133258 0.004227638244628906 181
1677085133431 0.004227638244628906 182
1677085134379 0.004227638244628906 183
1677085134556 0.004227638244628906 184
1677085135495 0.004227638244628906 185
1677085135670 0.004227638244628906 186
1677085136643 0.004227638244628906 187
1677085136823 0.004227638244628906 188
1677085137727 0.004227638244628906 189
1677085137896 0.004227638244628906 190
1677085138760 0.004227638244628906 191
1677085139004 0.004227638244628906 192
1677085139891 0.004227638244628906 193
1677085140056 0.004227638244628906 194
1677085140945 0.004227638244628906 195
1677085141109 0.004227638244628906 196
1677085142004 0.004227638244628906 197
1677085142163 0.004227638244628906 198
1677085143024 0.004227638244628906 199
1677085143186 0.004227638244628906 200
1677085144037 0.004227638244628906 201
1677085144197 0.004227638244628906 202
1677085145159 0.004227638244628906 203
1677085145318 0.004227638244628906 204
1677085146218 0.004227638244628906 205
1677085146381 0.004227638244628906 206
1677085147231 0.004227638244628906 207
1677085147394 0.004227638244628906 208
1677085148272 0.004227638244628906 209
1677085148450 0.004227638244628906 210
1677085149329 0.004227638244628906 211
1677085149494 0.004227638244628906 212
1677085150326 0.004227638244628906 213
1677085150572 0.004227638244628906 214
1677085151478 0.004227638244628906 215
1677085151675 0.004227638244628906 216
1677085152546 0.004227638244628906 217
1677085152710 0.004227638244628906 218
1677085153592 0.004227638244628906 219
1677085153754 0.004227638244628906 220
1677085154611 0.004227638244628906 221
1677085154778 0.004227638244628906 222
1677085155653 0.004227638244628906 223
1677085155834 0.004227638244628906 224
1677085156969 0.004227638244628906 225
1677085157204 0.004227638244628906 226
1677085158369 0.004227638244628906 227
1677085158542 0.004227638244628906 228
1677085159492 0.004227638244628906 229
1677085159675 0.004227638244628906 230
1677085160649 0.004227638244628906 231
1677085160835 0.004227638244628906 232
1677085161786 0.004227638244628906 233
1677085161978 0.004227638244628906 234
1677085162949 0.004227638244628906 235
1677085163225 0.004227638244628906 236
1677085164237 0.004227638244628906 237
1677085164421 0.004227638244628906 238
1677085165330 0.004227638244628906 239
1677085165528 0.004227638244628906 240
1677085166418 0.004227638244628906 241
1677085166583 0.004227638244628906 242
1677085167444 0.004227638244628906 243
1677085167606 0.004227638244628906 244
1677085168490 0.004227638244628906 245
1677085168664 0.004227638244628906 246
1677085169601 0.004227638244628906 247
1677085169766 0.004227638244628906 248
1677085170701 0.004227638244628906 249
1677085170878 0.004227638244628906 250
1677085171746 0.004227638244628906 251
1677085171911 0.004227638244628906 252
1677085172802 0.004227638244628906 253
1677085172972 0.004227638244628906 254
1677085173863 0.004227638244628906 255
1677085174033 0.004227638244628906 256
1677085174936 0.004227638244628906 257
1677085175182 0.004227638244628906 258
1677085176143 0.004227638244628906 259
1677085176312 0.004227638244628906 260
1677085177184 0.004227638244628906 261
1677085177353 0.004227638244628906 262
1677085178245 0.004227638244628906 263
1677085178406 0.004227638244628906 264
1677085179279 0.004227638244628906 265
1677085179453 0.004227638244628906 266
1677085180289 0.004227638244628906 267
1677085180463 0.004227638244628906 268
1677085181428 0.004227638244628906 269
1677085181600 0.004227638244628906 270
1677085182475 0.004227638244628906 271
1677085182647 0.004227638244628906 272
1677085183536 0.004227638244628906 273
1677085183705 0.004227638244628906 274
1677085184581 0.004227638244628906 275
1677085184753 0.004227638244628906 276
1677085185648 0.004227638244628906 277
1677085185847 0.004227638244628906 278
1677085186731 0.004227638244628906 279
1677085186983 0.004227638244628906 280
1677085187879 0.004227638244628906 281
1677085188060 0.004227638244628906 282
1677085188946 0.004227638244628906 283
1677085189108 0.004227638244628906 284
1677085189984 0.004227638244628906 285
1677085190152 0.004227638244628906 286
1677085191060 0.004227638244628906 287
1677085191255 0.004227638244628906 288
1677085192131 0.004227638244628906 289
1677085192303 0.004227638244628906 290
1677085193261 0.004227638244628906 291
1677085193429 0.004227638244628906 292
1677085194284 0.004227638244628906 293
1677085194449 0.004227638244628906 294
1677085195276 0.004227638244628906 295
1677085195459 0.004227638244628906 296
1677085196353 0.004227638244628906 297
1677085196519 0.004227638244628906 298
1677085197382 0.004227638244628906 299
1677085197553 0.004227638244628906 300
1677085197714 0.004227638244628906 301
