1680270605871 1.0 1
1680270606073 2.0 2
1680270607459 3.0 3
1680270607639 4.0 4
1680270609110 5.0 5
1680270609277 6.0 6
1680270610688 7.0 7
1680270610855 8.0 8
1680270612259 9.0 9
1680270612440 10.0 10
1680270613864 11.0 11
1680270614031 12.0 12
1680270615431 13.0 13
1680270615692 14.0 14
1680270617068 15.0 15
1680270617241 16.0 16
1680270618662 17.0 17
1680270618886 18.0 18
1680270620297 19.0 19
1680270620479 20.0 20
1680270622031 21.0 21
1680270622212 22.0 22
1680270623792 23.0 23
1680270624091 24.0 24
1680270625713 25.0 25
1680270625935 26.0 26
1680270627335 27.0 27
1680270627507 28.0 28
1680270628897 29.0 29
1680270629095 30.0 30
1680270630490 31.0 31
1680270630663 32.0 32
1680270632108 33.0 33
1680270632301 34.0 34
1680270633670 35.0 35
1680270633842 36.0 36
1680270635199 37.0 37
1680270635381 38.0 38
1680270636802 39.0 39
1680270636987 40.0 40
1680270638433 41.0 41
1680270638627 42.0 42
1680270640096 43.0 43
1680270640284 44.0 44
1680270641646 45.0 45
1680270641818 46.0 46
1680270643230 47.0 47
1680270643402 48.0 48
1680270644749 49.0 49
1680270644928 50.0 50
1680270646339 51.0 51
1680270646532 52.0 52
1680270648040 53.0 53
1680270648218 54.0 54
1680270649609 55.0 55
1680270649787 56.0 56
1680270651220 57.0 57
1680270651414 58.0 58
1680270652975 59.0 59
1680270653159 60.0 60
1680270654606 61.0 61
1680270654793 62.0 62
1680270656335 63.0 63
1680270656507 64.0 64
1680270657897 65.0 65
1680270658079 66.0 66
1680270659505 67.0 67
1680270659685 68.0 68
1680270661132 69.0 69
1680270661341 70.0 70
1680270662816 71.0 71
1680270663000 72.0 72
1680270664555 73.0 73
1680270664752 74.0 74
1680270666176 75.0 75
1680270666371 76.0 76
1680270667782 77.0 77
1680270667990 78.0 78
1680270669416 79.0 79
1680270669590 80.0 80
1680270671013 81.0 81
1680270671186 82.0 82
1680270672657 83.0 83
1680270672836 84.0 84
1680270674257 85.0 85
1680270674437 86.0 86
1680270675880 87.0 87
1680270676068 88.0 88
1680270677498 89.0 89
1680270677719 90.0 90
1680270679136 91.0 91
1680270679331 92.0 92
1680270680864 93.0 93
1680270681054 94.0 94
1680270682555 95.0 95
1680270682772 96.0 96
1680270684284 97.0 97
1680270684491 98.0 98
1680270686092 99.0 99
1680270686269 100.0 100
1680270687749 101.0 101
1680270687947 102.0 102
1680270689430 103.0 103
1680270689615 104.0 104
1680270691066 105.0 105
1680270691249 106.0 106
1680270692622 107.0 107
1680270692805 108.0 108
1680270694157 109.0 109
1680270694329 110.0 110
1680270695750 111.0 111
1680270695963 112.0 112
1680270697326 113.0 113
1680270697502 114.0 114
1680270698913 115.0 115
1680270699098 116.0 116
1680270700559 117.0 117
1680270700738 118.0 118
1680270702177 119.0 119
1680270702365 120.0 120
1680270703865 121.0 121
1680270704047 122.0 122
1680270705437 123.0 123
1680270705614 124.0 124
1680270706968 125.0 125
1680270707141 126.0 126
1680270708546 127.0 127
1680270708747 128.0 128
1680270710097 129.0 129
1680270710292 130.0 130
1680270711935 131.0 131
1680270712132 132.0 132
1680270713692 133.0 133
1680270713890 134.0 134
1680270715444 135.0 135
1680270715648 136.0 136
1680270717052 137.0 137
1680270717230 138.0 138
1680270718626 139.0 139
1680270718886 140.0 140
1680270720330 141.0 141
1680270720512 142.0 142
1680270721942 143.0 143
1680270722121 144.0 144
1680270723567 145.0 145
1680270723745 146.0 146
1680270725135 147.0 147
1680270725327 148.0 148
1680270726792 149.0 149
1680270727070 150.0 150
1680270728531 151.0 151
1680270728718 152.0 152
1680270730155 153.0 153
1680270730354 154.0 154
1680270731780 155.0 155
1680270731960 156.0 156
1680270733386 157.0 157
1680270733563 158.0 158
1680270734929 159.0 159
1680270735197 160.0 160
1680270736661 161.0 161
1680270736840 162.0 162
1680270738290 163.0 163
1680270738475 164.0 164
1680270739924 165.0 165
1680270740112 166.0 166
1680270741573 167.0 167
1680270741780 168.0 168
1680270743404 169.0 169
1680270743607 170.0 170
1680270745070 171.0 171
1680270745267 172.0 172
1680270746715 173.0 173
1680270746913 174.0 174
1680270748340 175.0 175
1680270748532 176.0 176
1680270750006 177.0 177
1680270750185 178.0 178
1680270751704 179.0 179
1680270751884 180.0 180
1680270753328 181.0 181
1680270753509 182.0 182
1680270754914 183.0 183
1680270755090 184.0 184
1680270756472 185.0 185
1680270756657 186.0 186
1680270758041 187.0 187
1680270758230 188.0 188
1680270759700 189.0 189
1680270759884 190.0 190
1680270761295 191.0 191
1680270761490 192.0 192
1680270762855 193.0 193
1680270763049 194.0 194
1680270764487 195.0 195
1680270764671 196.0 196
1680270766044 197.0 197
1680270766227 198.0 198
1680270767699 199.0 199
1680270767902 200.0 200
1680270769254 201.0 201
1680270769435 202.0 202
1680270770770 203.0 203
1680270770948 204.0 204
1680270772428 205.0 205
1680270772631 206.0 206
1680270774180 207.0 207
1680270774393 208.0 208
1680270776089 209.0 209
1680270776299 210.0 210
1680270777833 211.0 211
1680270778023 212.0 212
1680270779456 213.0 213
1680270779654 214.0 214
1680270781062 215.0 215
1680270781245 216.0 216
1680270782656 217.0 217
1680270782845 218.0 218
1680270784319 219.0 219
1680270784499 220.0 220
1680270785865 221.0 221
1680270786046 222.0 222
1680270787444 223.0 223
1680270787637 224.0 224
1680270789064 225.0 225
1680270789243 226.0 226
1680270790689 227.0 227
1680270790893 228.0 228
1680270792457 229.0 229
1680270792649 230.0 230
1680270794078 231.0 231
1680270794256 232.0 232
1680270795644 233.0 233
1680270795829 234.0 234
1680270797229 235.0 235
1680270797409 236.0 236
1680270798807 237.0 237
1680270798991 238.0 238
1680270800431 239.0 239
1680270800613 240.0 240
1680270802098 241.0 241
1680270802322 242.0 242
1680270803843 243.0 243
1680270804036 244.0 244
1680270805530 245.0 245
1680270805725 246.0 246
1680270807097 247.0 247
1680270807277 248.0 248
1680270808759 249.0 249
1680270808943 250.0 250
1680270810346 251.0 251
1680270810533 252.0 252
1680270811914 253.0 253
1680270812101 254.0 254
1680270813529 255.0 255
1680270813734 256.0 256
1680270815151 257.0 257
1680270815356 258.0 258
1680270816950 259.0 259
1680270817128 260.0 260
1680270818558 261.0 261
1680270818780 262.0 262
1680270820228 263.0 263
1680270820420 264.0 264
1680270821815 265.0 265
1680270822003 266.0 266
1680270823419 267.0 267
1680270823692 268.0 268
1680270825107 269.0 269
1680270825301 270.0 270
1680270826725 271.0 271
1680270826908 272.0 272
1680270828340 273.0 273
1680270828522 274.0 274
1680270829949 275.0 275
1680270830158 276.0 276
1680270831632 277.0 277
1680270831932 278.0 278
1680270833529 279.0 279
1680270833737 280.0 280
1680270835249 281.0 281
1680270835482 282.0 282
1680270836977 283.0 283
1680270837163 284.0 284
1680270838584 285.0 285
1680270838769 286.0 286
1680270840164 287.0 287
1680270840432 288.0 288
1680270841841 289.0 289
1680270842028 290.0 290
1680270843478 291.0 291
1680270843659 292.0 292
1680270845033 293.0 293
1680270845215 294.0 294
1680270846607 295.0 295
1680270846814 296.0 296
1680270848322 297.0 297
1680270848515 298.0 298
1680270849974 299.0 299
1680270850165 300.0 300
1680270850302 301.0 301
