1680270605866 4332.0 1
1680270606068 4332.0 2
1680270607454 4332.0 3
1680270607633 4332.0 4
1680270609106 4332.0 5
1680270609273 4332.0 6
1680270610683 4332.0 7
1680270610850 4332.0 8
1680270612254 4332.0 9
1680270612435 4332.0 10
1680270613860 4332.0 11
1680270614025 4332.0 12
1680270615426 4332.0 13
1680270615688 4332.0 14
1680270617063 4332.0 15
1680270617236 4332.0 16
1680270618656 4332.0 17
1680270618881 4332.0 18
1680270620292 4332.0 19
1680270620473 4332.0 20
1680270622026 4332.0 21
1680270622207 4332.0 22
1680270623787 4332.0 23
1680270624085 4332.0 24
1680270625708 4332.0 25
1680270625930 4332.0 26
1680270627330 4332.0 27
1680270627501 4332.0 28
1680270628892 4332.0 29
1680270629091 4332.0 30
1680270630485 4332.0 31
1680270630659 4332.0 32
1680270632103 4332.0 33
1680270632296 4332.0 34
1680270633665 4332.0 35
1680270633837 4332.0 36
1680270635195 4332.0 37
1680270635376 4332.0 38
1680270636796 4332.0 39
1680270636982 4332.0 40
1680270638428 4332.0 41
1680270638622 4332.0 42
1680270640090 4332.0 43
1680270640279 4332.0 44
1680270641640 4332.0 45
1680270641813 4332.0 46
1680270643226 4332.0 47
1680270643397 4332.0 48
1680270644744 4332.0 49
1680270644923 4332.0 50
1680270646334 4332.0 51
1680270646527 4332.0 52
1680270648035 4332.0 53
1680270648213 4332.0 54
1680270649605 4332.0 55
1680270649782 4332.0 56
1680270651213 4332.0 57
1680270651409 4332.0 58
1680270652970 4332.0 59
1680270653155 4332.0 60
1680270654601 4332.0 61
1680270654788 4332.0 62
1680270656330 4332.0 63
1680270656502 4332.0 64
1680270657891 4332.0 65
1680270658074 4332.0 66
1680270659499 4332.0 67
1680270659680 4332.0 68
1680270661127 4332.0 69
1680270661336 4332.0 70
1680270662812 4332.0 71
1680270662995 4332.0 72
1680270664549 4332.0 73
1680270664746 4332.0 74
1680270666171 4332.0 75
1680270666365 4332.0 76
1680270667777 4332.0 77
1680270667984 4332.0 78
1680270669412 4332.0 79
1680270669585 4332.0 80
1680270671008 4332.0 81
1680270671181 4332.0 82
1680270672652 4332.0 83
1680270672832 4332.0 84
1680270674252 4332.0 85
1680270674432 4332.0 86
1680270675875 4332.0 87
1680270676063 4332.0 88
1680270677494 4332.0 89
1680270677714 4332.0 90
1680270679131 4332.0 91
1680270679327 4332.0 92
1680270680859 4332.0 93
1680270681047 4332.0 94
1680270682551 4332.0 95
1680270682767 4332.0 96
1680270684279 4332.0 97
1680270684484 4332.0 98
1680270686087 4332.0 99
1680270686264 4332.0 100
1680270687743 4332.0 101
1680270687943 4332.0 102
1680270689425 4332.0 103
1680270689611 4332.0 104
1680270691062 4332.0 105
1680270691244 4332.0 106
1680270692617 4332.0 107
1680270692799 4332.0 108
1680270694153 4332.0 109
1680270694325 4332.0 110
1680270695745 4332.0 111
1680270695959 4332.0 112
1680270697322 4332.0 113
1680270697498 4332.0 114
1680270698909 4332.0 115
1680270699094 4332.0 116
1680270700554 4332.0 117
1680270700732 4332.0 118
1680270702173 4332.0 119
1680270702360 4332.0 120
1680270703861 4332.0 121
1680270704042 4332.0 122
1680270705432 4332.0 123
1680270705609 4332.0 124
1680270706964 4332.0 125
1680270707137 4332.0 126
1680270708541 4332.0 127
1680270708742 4332.0 128
1680270710093 4332.0 129
1680270710288 4332.0 130
1680270711930 4332.0 131
1680270712127 4332.0 132
1680270713684 4332.0 133
1680270713884 4332.0 134
1680270715439 4332.0 135
1680270715642 4332.0 136
1680270717048 4332.0 137
1680270717225 4332.0 138
1680270718620 4332.0 139
1680270718881 4332.0 140
1680270720325 4332.0 141
1680270720507 4332.0 142
1680270721937 4332.0 143
1680270722116 4332.0 144
1680270723562 4332.0 145
1680270723740 4332.0 146
1680270725130 4332.0 147
1680270725323 4332.0 148
1680270726788 4332.0 149
1680270727065 4332.0 150
1680270728527 4332.0 151
1680270728712 4332.0 152
1680270730149 4332.0 153
1680270730348 4332.0 154
1680270731776 4332.0 155
1680270731955 4332.0 156
1680270733381 4332.0 157
1680270733558 4332.0 158
1680270734926 4332.0 159
1680270735192 4332.0 160
1680270736656 4332.0 161
1680270736835 4332.0 162
1680270738285 4332.0 163
1680270738469 4332.0 164
1680270739919 4332.0 165
1680270740107 4332.0 166
1680270741568 4332.0 167
1680270741774 4332.0 168
1680270743399 4332.0 169
1680270743602 4332.0 170
1680270745065 4332.0 171
1680270745262 4332.0 172
1680270746710 4332.0 173
1680270746909 4332.0 174
1680270748336 4332.0 175
1680270748525 4332.0 176
1680270750000 4332.0 177
1680270750180 4332.0 178
1680270751700 4332.0 179
1680270751880 4332.0 180
1680270753323 4332.0 181
1680270753505 4332.0 182
1680270754909 4332.0 183
1680270755085 4332.0 184
1680270756466 4332.0 185
1680270756653 4332.0 186
1680270758035 4332.0 187
1680270758225 4332.0 188
1680270759694 4332.0 189
1680270759879 4332.0 190
1680270761289 4332.0 191
1680270761485 4332.0 192
1680270762851 4332.0 193
1680270763044 4332.0 194
1680270764480 4332.0 195
1680270764667 4332.0 196
1680270766039 4332.0 197
1680270766222 4332.0 198
1680270767694 4332.0 199
1680270767897 4332.0 200
1680270769250 4332.0 201
1680270769431 4332.0 202
1680270770765 4332.0 203
1680270770943 4332.0 204
1680270772422 4332.0 205
1680270772625 4332.0 206
1680270774175 4332.0 207
1680270774385 4332.0 208
1680270776084 4332.0 209
1680270776294 4332.0 210
1680270777829 4332.0 211
1680270778017 4332.0 212
1680270779452 4332.0 213
1680270779646 4332.0 214
1680270781057 4332.0 215
1680270781239 4332.0 216
1680270782651 4332.0 217
1680270782840 4332.0 218
1680270784314 4332.0 219
1680270784495 4332.0 220
1680270785861 4332.0 221
1680270786041 4332.0 222
1680270787439 4332.0 223
1680270787632 4332.0 224
1680270789059 4332.0 225
1680270789239 4332.0 226
1680270790684 4332.0 227
1680270790881 4332.0 228
1680270792452 4332.0 229
1680270792644 4332.0 230
1680270794074 4332.0 231
1680270794252 4332.0 232
1680270795640 4332.0 233
1680270795823 4332.0 234
1680270797224 4332.0 235
1680270797404 4332.0 236
1680270798803 4332.0 237
1680270798986 4332.0 238
1680270800425 4332.0 239
1680270800609 4332.0 240
1680270802094 4332.0 241
1680270802316 4332.0 242
1680270803839 4332.0 243
1680270804031 4332.0 244
1680270805526 4332.0 245
1680270805720 4332.0 246
1680270807092 4332.0 247
1680270807272 4332.0 248
1680270808755 4332.0 249
1680270808938 4332.0 250
1680270810341 4332.0 251
1680270810528 4332.0 252
1680270811909 4332.0 253
1680270812096 4332.0 254
1680270813524 4332.0 255
1680270813729 4332.0 256
1680270815147 4332.0 257
1680270815350 4332.0 258
1680270816945 4332.0 259
1680270817123 4332.0 260
1680270818554 4332.0 261
1680270818774 4332.0 262
1680270820224 4332.0 263
1680270820415 4332.0 264
1680270821810 4332.0 265
1680270821997 4332.0 266
1680270823414 4332.0 267
1680270823688 4332.0 268
1680270825102 4332.0 269
1680270825296 4332.0 270
1680270826720 4332.0 271
1680270826903 4332.0 272
1680270828335 4332.0 273
1680270828517 4332.0 274
1680270829944 4332.0 275
1680270830153 4332.0 276
1680270831627 4332.0 277
1680270831926 4332.0 278
1680270833524 4332.0 279
1680270833732 4332.0 280
1680270835245 4332.0 281
1680270835476 4332.0 282
1680270836972 4332.0 283
1680270837157 4332.0 284
1680270838580 4332.0 285
1680270838763 4332.0 286
1680270840158 4332.0 287
1680270840427 4332.0 288
1680270841837 4332.0 289
1680270842024 4332.0 290
1680270843472 4332.0 291
1680270843654 4332.0 292
1680270845028 4332.0 293
1680270845210 4332.0 294
1680270846602 4332.0 295
1680270846807 4332.0 296
1680270848316 4332.0 297
1680270848509 4332.0 298
1680270849968 4332.0 299
1680270850160 4332.0 300
1680270850297 4332.0 301
