1680270605847 39.596165690292665 1
1680270607445 17.739555719854163 3
1680270609095 12.126474057129984 5
1680270610673 9.500433076429882 7
1680270612244 7.505422081197335 9
1680270613849 6.374991493689079 11
1680270615416 6.265517535908559 13
1680270617054 5.386915877253364 15
1680270618642 5.504645146341208 17
1680270620282 4.575068641108835 19
1680270622008 5.055453492925742 21
1680270623776 3.8230488421972026 23
1680270625697 3.3527056911867494 25
1680270627319 3.9312126312806943 27
1680270628881 3.793444091572087 29
1680270630476 3.5003278198721244 31
1680270632092 4.264258571757543 33
1680270633648 2.864341110030332 35
1680270635184 3.426462428892445 37
1680270636786 2.7561756273834805 39
1680270638419 2.8455186735665587 41
1680270640080 2.4174350174838293 43
1680270641630 2.562879775943356 45
1680270643216 2.672724718518658 47
1680270644735 2.7481560374207645 49
1680270646325 2.522798339361846 51
1680270648023 2.234416230490998 53
1680270649593 2.229021792815066 55
1680270651204 2.7564288981921683 57
1680270652957 2.376535129387992 59
1680270654591 2.5806226587236907 61
1680270656321 2.4793570990975753 63
1680270657879 2.3919212927650375 65
1680270659489 2.053184808195658 67
1680270661115 2.044925342245161 69
1680270662801 2.207160004952212 71
1680270664539 2.049398096648156 73
1680270666161 2.0102394558453334 75
1680270667768 2.1325750592992962 77
1680270669401 2.032968710395757 79
1680270670999 2.376350576081749 81
1680270672642 1.9882535037002353 83
1680270674242 1.971138313508195 85
1680270675865 2.0600622698391167 87
1680270677483 2.1403630495050474 89
1680270679120 2.003630324997956 91
1680270680849 2.0794172319545563 93
1680270682541 1.9359468381000986 95
1680270684268 1.6673803077560025 97
1680270686077 1.9225969026680625 99
1680270687733 1.9135208815385956 101
1680270689415 2.2032061959209126 103
1680270691051 1.9737466787175948 105
1680270692607 1.9997372708889498 107
1680270694143 1.797310405928791 109
1680270695734 2.0664865677953657 111
1680270697312 2.0296600997406093 113
1680270698898 1.7131650225381474 115
1680270700545 1.9327442798663077 117
1680270702161 1.9014822557925801 119
1680270703851 1.7721255820346296 121
1680270705423 2.160189516264613 123
1680270706954 2.046379718732256 125
1680270708530 1.7192493300782563 127
1680270710083 1.6787878552238589 129
1680270711920 1.7063309632492325 131
1680270713671 1.7541346333229355 133
1680270715426 1.878065362097644 135
1680270717038 1.6661938438300787 137
1680270718609 1.6039549670010986 139
1680270720315 1.700138445768567 141
1680270721927 1.3820794520747037 143
1680270723553 1.2313243155866989 145
1680270725120 1.5604873541901232 147
1680270726777 1.566133592444286 149
1680270728517 1.4374832756731626 151
1680270730138 1.3983970831631776 153
1680270731765 1.4626082335666242 155
1680270733371 1.5552662563164847 157
1680270734915 1.4314313074844593 159
1680270736645 1.3486648164359116 161
1680270738274 1.543688042806953 163
1680270739909 1.4351578404091654 165
1680270741557 1.2687653234365732 167
1680270743388 1.3693928404290714 169
1680270745052 1.2055483908311764 171
1680270746700 1.2581032268605492 173
1680270748325 1.2696911165248816 175
1680270749990 1.4349558076835909 177
1680270751689 1.2109070538197282 179
1680270753314 1.2749714585835912 181
1680270754898 1.3353413356515682 183
1680270756456 1.0550840606102776 185
1680270758026 1.131980287575414 187
1680270759685 1.352460804286681 189
1680270761278 1.1767253430699762 191
1680270762841 1.1711017174790697 193
1680270764468 1.0651497320158587 195
1680270766030 1.1642573248086932 197
1680270767685 1.1950747907407733 199
1680270769240 1.172557958321669 201
1680270770754 1.151302112921218 203
1680270772412 1.0960199280158687 205
1680270774163 1.1569638541042726 207
1680270776074 1.1393435036234707 209
1680270777817 1.2033213768326139 211
1680270779442 1.276024893670816 213
1680270781047 1.1495382170016808 215
1680270782639 1.198865989779446 217
1680270784305 1.1340114320325319 219
1680270785851 1.0688217075783217 221
1680270787428 1.2074481728540287 223
1680270789049 1.2693033430797638 225
1680270790675 1.0585445731268468 227
1680270792442 1.2442027027324094 229
1680270794063 1.0769238919111301 231
1680270795628 1.2512689502452583 233
1680270797214 1.1061808148630783 235
1680270798793 1.167821565105277 237
1680270800416 1.2400148417079293 239
1680270802083 1.1355813831873476 241
1680270803826 1.3420743000897843 243
1680270805514 1.1233441298280367 245
1680270807081 1.1336446836377463 247
1680270808744 1.1964366614368411 249
1680270810331 1.2028878942489247 251
1680270811899 1.2314027409803945 253
1680270813514 1.1065528882225601 255
1680270815136 1.2167698070217166 257
1680270816935 1.0593760029506127 259
1680270818543 1.3047620908657285 261
1680270820214 1.1445639577020383 263
1680270821799 1.3374085657745456 265
1680270823405 1.174512764581789 267
1680270825092 1.2389324867946265 269
1680270826708 1.1669626676074194 271
1680270828324 1.1766101168174974 273
1680270829933 1.055918390274341 275
1680270831615 1.0957081230643384 277
1680270833512 1.1279526238143314 279
1680270835235 1.1868096976030216 281
1680270836963 1.217259894108724 283
1680270838570 1.1599121978607045 285
1680270840147 1.2195907703994961 287
1680270841827 1.1553583131741418 289
1680270843461 1.1121919917779737 291
1680270845017 1.240119473953227 293
1680270846593 1.1358463556069072 295
1680270848305 1.044322425512808 297
1680270849957 1.1981359634633812 299
