1677115673234 1.0 1
1677115673583 2.0 2
1677115675381 3.0 3
1677115675713 4.0 4
1677115677489 5.0 5
1677115677803 6.0 6
1677115679457 7.0 7
1677115679783 8.0 8
1677115681405 9.0 9
1677115681746 10.0 10
1677115683377 11.0 11
1677115683685 12.0 12
1677115685348 13.0 13
1677115685678 14.0 14
1677115687354 15.0 15
1677115687749 16.0 16
1677115689384 17.0 17
1677115689689 18.0 18
1677115691272 19.0 19
1677115691611 20.0 20
1677115693223 21.0 21
1677115693577 22.0 22
1677115695219 23.0 23
1677115695533 24.0 24
1677115697171 25.0 25
1677115697483 26.0 26
1677115699233 27.0 27
1677115699540 28.0 28
1677115701314 29.0 29
1677115701659 30.0 30
1677115703415 31.0 31
1677115703767 32.0 32
1677115705493 33.0 33
1677115705817 34.0 34
1677115707430 35.0 35
1677115707735 36.0 36
1677115709361 37.0 37
1677115709768 38.0 38
1677115711393 39.0 39
1677115711722 40.0 40
1677115713343 41.0 41
1677115713663 42.0 42
1677115715335 43.0 43
1677115715654 44.0 44
1677115717319 45.0 45
1677115717647 46.0 46
1677115719293 47.0 47
1677115719612 48.0 48
1677115721314 49.0 49
1677115721670 50.0 50
1677115723343 51.0 51
1677115723663 52.0 52
1677115725338 53.0 53
1677115725654 54.0 54
1677115727345 55.0 55
1677115727687 56.0 56
1677115729346 57.0 57
1677115729664 58.0 58
1677115731377 59.0 59
1677115731729 60.0 60
1677115733585 61.0 61
1677115733946 62.0 62
1677115735702 63.0 63
1677115736033 64.0 64
1677115737722 65.0 65
1677115738039 66.0 66
1677115739684 67.0 67
1677115740007 68.0 68
1677115741655 69.0 69
1677115741981 70.0 70
1677115743666 71.0 71
1677115744010 72.0 72
1677115745649 73.0 73
1677115745975 74.0 74
1677115747661 75.0 75
1677115747979 76.0 76
1677115749679 77.0 77
1677115750032 78.0 78
1677115751694 79.0 79
1677115752029 80.0 80
1677115753679 81.0 81
1677115754011 82.0 82
1677115755725 83.0 83
1677115756037 84.0 84
1677115757711 85.0 85
1677115758037 86.0 86
1677115759724 87.0 87
1677115760059 88.0 88
1677115761889 89.0 89
1677115762244 90.0 90
1677115764012 91.0 91
1677115764387 92.0 92
1677115766147 93.0 93
1677115766486 94.0 94
1677115768104 95.0 95
1677115768419 96.0 96
1677115770119 97.0 97
1677115770454 98.0 98
1677115772124 99.0 99
1677115772441 100.0 100
1677115774097 101.0 101
1677115774434 102.0 102
1677115776062 103.0 103
1677115776399 104.0 104
1677115778192 105.0 105
1677115778521 106.0 106
1677115780177 107.0 107
1677115780489 108.0 108
1677115782122 109.0 109
1677115782445 110.0 110
1677115784112 111.0 111
1677115784436 112.0 112
1677115786053 113.0 113
1677115786370 114.0 114
1677115788089 115.0 115
1677115788420 116.0 116
1677115790054 117.0 117
1677115790356 118.0 118
1677115792131 119.0 119
1677115792483 120.0 120
1677115794254 121.0 121
1677115794614 122.0 122
1677115796359 123.0 123
1677115796705 124.0 124
1677115798353 125.0 125
1677115798674 126.0 126
1677115800403 127.0 127
1677115800745 128.0 128
1677115802470 129.0 129
1677115802795 130.0 130
1677115804467 131.0 131
1677115804790 132.0 132
1677115806442 133.0 133
1677115806788 134.0 134
1677115808405 135.0 135
1677115808719 136.0 136
1677115810479 137.0 137
1677115810797 138.0 138
1677115812451 139.0 139
1677115812769 140.0 140
1677115814418 141.0 141
1677115814741 142.0 142
1677115816371 143.0 143
1677115816712 144.0 144
1677115818318 145.0 145
1677115818640 146.0 146
1677115820286 147.0 147
1677115820599 148.0 148
1677115822476 149.0 149
1677115822829 150.0 150
1677115824617 151.0 151
1677115824975 152.0 152
1677115826689 153.0 153
1677115827021 154.0 154
1677115828645 155.0 155
1677115828972 156.0 156
1677115830617 157.0 157
1677115830969 158.0 158
1677115832646 159.0 159
1677115833067 160.0 160
1677115834759 161.0 161
1677115835107 162.0 162
1677115836765 163.0 163
1677115837103 164.0 164
1677115838743 165.0 165
1677115839089 166.0 166
1677115840725 167.0 167
1677115841046 168.0 168
1677115842838 169.0 169
1677115843151 170.0 170
1677115844905 171.0 171
1677115845222 172.0 172
1677115846850 173.0 173
1677115847164 174.0 174
1677115848763 175.0 175
1677115849097 176.0 176
1677115850693 177.0 177
1677115851024 178.0 178
1677115852744 179.0 179
1677115853095 180.0 180
1677115854805 181.0 181
1677115855231 182.0 182
1677115856940 183.0 183
1677115857267 184.0 184
1677115858949 185.0 185
1677115859301 186.0 186
1677115861038 187.0 187
1677115861415 188.0 188
1677115863179 189.0 189
1677115863532 190.0 190
1677115865201 191.0 191
1677115865535 192.0 192
1677115867312 193.0 193
1677115867639 194.0 194
1677115869288 195.0 195
1677115869601 196.0 196
1677115871244 197.0 197
1677115871572 198.0 198
1677115873141 199.0 199
1677115873455 200.0 200
1677115875065 201.0 201
1677115875380 202.0 202
1677115877090 203.0 203
1677115877493 204.0 204
1677115879175 205.0 205
1677115879510 206.0 206
1677115881329 207.0 207
1677115881690 208.0 208
1677115883479 209.0 209
1677115883815 210.0 210
1677115885588 211.0 211
1677115885971 212.0 212
1677115887707 213.0 213
1677115888047 214.0 214
1677115889869 215.0 215
1677115890190 216.0 216
1677115891937 217.0 217
1677115892297 218.0 218
1677115894056 219.0 219
1677115894410 220.0 220
1677115896212 221.0 221
1677115896575 222.0 222
1677115898314 223.0 223
1677115898675 224.0 224
1677115900422 225.0 225
1677115900789 226.0 226
1677115902613 227.0 227
1677115902960 228.0 228
1677115904666 229.0 229
1677115905031 230.0 230
1677115906862 231.0 231
1677115907204 232.0 232
1677115908971 233.0 233
1677115909327 234.0 234
1677115911052 235.0 235
1677115911412 236.0 236
1677115913249 237.0 237
1677115913603 238.0 238
1677115915356 239.0 239
1677115915697 240.0 240
1677115917464 241.0 241
1677115917807 242.0 242
1677115919543 243.0 243
1677115919884 244.0 244
1677115921607 245.0 245
1677115921951 246.0 246
1677115923704 247.0 247
1677115924045 248.0 248
1677115925847 249.0 249
1677115926190 250.0 250
1677115927940 251.0 251
1677115928279 252.0 252
1677115930094 253.0 253
1677115930455 254.0 254
1677115932251 255.0 255
1677115932612 256.0 256
1677115934467 257.0 257
1677115934862 258.0 258
1677115936888 259.0 259
1677115937314 260.0 260
1677115939225 261.0 261
1677115939597 262.0 262
1677115941417 263.0 263
1677115941788 264.0 264
1677115943731 265.0 265
1677115944125 266.0 266
1677115945954 267.0 267
1677115946353 268.0 268
1677115948276 269.0 269
1677115948657 270.0 270
1677115950644 271.0 271
1677115951005 272.0 272
1677115952800 273.0 273
1677115953159 274.0 274
1677115955025 275.0 275
1677115955437 276.0 276
1677115957232 277.0 277
1677115957630 278.0 278
1677115959655 279.0 279
1677115960069 280.0 280
1677115962114 281.0 281
1677115962517 282.0 282
1677115964391 283.0 283
1677115964780 284.0 284
1677115966745 285.0 285
1677115967132 286.0 286
1677115969113 287.0 287
1677115969496 288.0 288
1677115971406 289.0 289
1677115971769 290.0 290
1677115973581 291.0 291
1677115973978 292.0 292
1677115975905 293.0 293
1677115976277 294.0 294
1677115978356 295.0 295
1677115978741 296.0 296
1677115980614 297.0 297
1677115981006 298.0 298
1677115982914 299.0 299
1677115983269 300.0 300
1677115983623 301.0 301
