1677115673229 28304.0 1
1677115673579 28304.0 2
1677115675377 28304.0 3
1677115675709 28304.0 4
1677115677485 28304.0 5
1677115677799 28304.0 6
1677115679453 28304.0 7
1677115679777 28304.0 8
1677115681401 28304.0 9
1677115681741 28304.0 10
1677115683373 28304.0 11
1677115683680 28304.0 12
1677115685344 28304.0 13
1677115685673 28304.0 14
1677115687350 28304.0 15
1677115687745 28304.0 16
1677115689380 28304.0 17
1677115689685 28304.0 18
1677115691268 28304.0 19
1677115691607 28304.0 20
1677115693215 28304.0 21
1677115693572 28304.0 22
1677115695215 28304.0 23
1677115695530 28304.0 24
1677115697166 28304.0 25
1677115697479 28304.0 26
1677115699227 28304.0 27
1677115699534 28304.0 28
1677115701309 28304.0 29
1677115701655 28304.0 30
1677115703410 28304.0 31
1677115703762 28304.0 32
1677115705488 28304.0 33
1677115705812 28304.0 34
1677115707425 28304.0 35
1677115707730 28304.0 36
1677115709356 28304.0 37
1677115709764 28304.0 38
1677115711388 28304.0 39
1677115711717 28304.0 40
1677115713340 28304.0 41
1677115713659 28304.0 42
1677115715331 28304.0 43
1677115715650 28304.0 44
1677115717314 28304.0 45
1677115717643 28304.0 46
1677115719286 28304.0 47
1677115719608 28304.0 48
1677115721309 28304.0 49
1677115721665 28304.0 50
1677115723339 28304.0 51
1677115723659 28304.0 52
1677115725333 28304.0 53
1677115725650 28304.0 54
1677115727341 28304.0 55
1677115727683 28304.0 56
1677115729341 28304.0 57
1677115729660 28304.0 58
1677115731372 28304.0 59
1677115731724 28304.0 60
1677115733580 28304.0 61
1677115733942 28304.0 62
1677115735698 28304.0 63
1677115736029 28304.0 64
1677115737716 28304.0 65
1677115738034 28304.0 66
1677115739680 28304.0 67
1677115740003 28304.0 68
1677115741650 28304.0 69
1677115741977 28304.0 70
1677115743662 28304.0 71
1677115744006 28304.0 72
1677115745645 28304.0 73
1677115745970 28304.0 74
1677115747657 28304.0 75
1677115747974 28304.0 76
1677115749674 28304.0 77
1677115750027 28304.0 78
1677115751690 28304.0 79
1677115752023 28304.0 80
1677115753675 28304.0 81
1677115754007 28304.0 82
1677115755721 28304.0 83
1677115756033 28304.0 84
1677115757707 28304.0 85
1677115758032 28304.0 86
1677115759719 28304.0 87
1677115760052 28304.0 88
1677115761883 28304.0 89
1677115762240 28304.0 90
1677115764009 28304.0 91
1677115764382 28304.0 92
1677115766143 28304.0 93
1677115766482 28304.0 94
1677115768100 28304.0 95
1677115768415 28304.0 96
1677115770113 28304.0 97
1677115770450 28304.0 98
1677115772120 28304.0 99
1677115772437 28304.0 100
1677115774093 28304.0 101
1677115774427 28304.0 102
1677115776058 28304.0 103
1677115776395 28304.0 104
1677115778187 28304.0 105
1677115778517 28304.0 106
1677115780174 28304.0 107
1677115780485 28304.0 108
1677115782118 28304.0 109
1677115782440 28304.0 110
1677115784107 28304.0 111
1677115784431 28304.0 112
1677115786049 28304.0 113
1677115786365 28304.0 114
1677115788085 28304.0 115
1677115788417 28304.0 116
1677115790049 28304.0 117
1677115790351 28304.0 118
1677115792126 28304.0 119
1677115792479 28304.0 120
1677115794247 28304.0 121
1677115794610 28304.0 122
1677115796354 28304.0 123
1677115796701 28304.0 124
1677115798349 28304.0 125
1677115798670 28304.0 126
1677115800398 28304.0 127
1677115800741 28304.0 128
1677115802466 28304.0 129
1677115802791 28304.0 130
1677115804462 28304.0 131
1677115804784 28304.0 132
1677115806437 28304.0 133
1677115806784 28304.0 134
1677115808400 28304.0 135
1677115808714 28304.0 136
1677115810474 28304.0 137
1677115810793 28304.0 138
1677115812447 28304.0 139
1677115812766 28304.0 140
1677115814415 28304.0 141
1677115814737 28304.0 142
1677115816367 28304.0 143
1677115816707 28304.0 144
1677115818313 28304.0 145
1677115818635 28304.0 146
1677115820282 28304.0 147
1677115820595 28304.0 148
1677115822472 28304.0 149
1677115822823 28304.0 150
1677115824613 28304.0 151
1677115824971 28304.0 152
1677115826683 28304.0 153
1677115827016 28304.0 154
1677115828642 28304.0 155
1677115828966 28304.0 156
1677115830612 28304.0 157
1677115830964 28304.0 158
1677115832642 28304.0 159
1677115833062 28304.0 160
1677115834755 28304.0 161
1677115835103 28304.0 162
1677115836760 28304.0 163
1677115837098 28304.0 164
1677115838739 28304.0 165
1677115839085 28304.0 166
1677115840720 28304.0 167
1677115841042 28304.0 168
1677115842833 28304.0 169
1677115843146 28304.0 170
1677115844900 28304.0 171
1677115845218 28304.0 172
1677115846845 28304.0 173
1677115847160 28304.0 174
1677115848757 28304.0 175
1677115849093 28304.0 176
1677115850690 28304.0 177
1677115851019 28304.0 178
1677115852740 28304.0 179
1677115853088 28304.0 180
1677115854802 28304.0 181
1677115855226 28304.0 182
1677115856936 28304.0 183
1677115857264 28304.0 184
1677115858943 28304.0 185
1677115859297 28304.0 186
1677115861033 28304.0 187
1677115861411 28304.0 188
1677115863175 28304.0 189
1677115863527 28304.0 190
1677115865196 28304.0 191
1677115865530 28304.0 192
1677115867307 28304.0 193
1677115867634 28304.0 194
1677115869283 28304.0 195
1677115869596 28304.0 196
1677115871240 28304.0 197
1677115871566 28304.0 198
1677115873136 28304.0 199
1677115873451 28304.0 200
1677115875061 28304.0 201
1677115875376 28304.0 202
1677115877085 28304.0 203
1677115877488 28304.0 204
1677115879171 28304.0 205
1677115879506 28304.0 206
1677115881324 28304.0 207
1677115881685 28304.0 208
1677115883475 28304.0 209
1677115883812 28304.0 210
1677115885583 28304.0 211
1677115885965 28304.0 212
1677115887702 28304.0 213
1677115888042 28304.0 214
1677115889864 28304.0 215
1677115890186 28304.0 216
1677115891933 28304.0 217
1677115892293 28304.0 218
1677115894051 28304.0 219
1677115894405 28304.0 220
1677115896205 28304.0 221
1677115896570 28304.0 222
1677115898307 28304.0 223
1677115898671 28304.0 224
1677115900416 28304.0 225
1677115900784 28304.0 226
1677115902609 28304.0 227
1677115902955 28304.0 228
1677115904662 28304.0 229
1677115905025 28304.0 230
1677115906857 28304.0 231
1677115907200 28304.0 232
1677115908966 28304.0 233
1677115909322 28304.0 234
1677115911047 28304.0 235
1677115911407 28304.0 236
1677115913244 28304.0 237
1677115913599 28304.0 238
1677115915351 28304.0 239
1677115915693 28304.0 240
1677115917458 28304.0 241
1677115917803 28304.0 242
1677115919539 28304.0 243
1677115919880 28304.0 244
1677115921602 28304.0 245
1677115921946 28304.0 246
1677115923699 28304.0 247
1677115924040 28304.0 248
1677115925843 28304.0 249
1677115926184 28304.0 250
1677115927935 28304.0 251
1677115928273 28304.0 252
1677115930090 28304.0 253
1677115930451 28304.0 254
1677115932244 28304.0 255
1677115932607 28304.0 256
1677115934462 28304.0 257
1677115934858 28304.0 258
1677115936879 28304.0 259
1677115937310 28304.0 260
1677115939220 28304.0 261
1677115939592 28304.0 262
1677115941413 28304.0 263
1677115941784 28304.0 264
1677115943725 28304.0 265
1677115944120 28304.0 266
1677115945949 28304.0 267
1677115946347 28304.0 268
1677115948271 28304.0 269
1677115948651 28304.0 270
1677115950639 28304.0 271
1677115951001 28304.0 272
1677115952795 28304.0 273
1677115953154 28304.0 274
1677115955019 28304.0 275
1677115955432 28304.0 276
1677115957227 28304.0 277
1677115957625 28304.0 278
1677115959651 28304.0 279
1677115960063 28304.0 280
1677115962110 28304.0 281
1677115962512 28304.0 282
1677115964385 28304.0 283
1677115964773 28304.0 284
1677115966740 28304.0 285
1677115967128 28304.0 286
1677115969110 28304.0 287
1677115969490 28304.0 288
1677115971402 28304.0 289
1677115971763 28304.0 290
1677115973578 28304.0 291
1677115973973 28304.0 292
1677115975901 28304.0 293
1677115976272 28304.0 294
1677115978352 28304.0 295
1677115978735 28304.0 296
1677115980609 28304.0 297
1677115981002 28304.0 298
1677115982909 28304.0 299
1677115983264 28304.0 300
1677115983619 28304.0 301
