1677115673217 57.75605734312932 1
1677115675367 57.22784237547194 3
1677115677474 57.18351530751005 5
1677115679444 57.20753842818769 7
1677115681393 57.200719144874554 9
1677115683364 57.09232172996919 11
1677115685331 57.15202643076914 13
1677115687339 57.12829446312523 15
1677115689371 57.13698187020675 17
1677115691258 57.098673708644604 19
1677115693205 57.13638156462367 21
1677115695206 57.117835771515324 23
1677115697156 57.15302129420437 25
1677115699218 57.060965329856366 27
1677115701300 57.069345619925954 29
1677115703400 57.092089771401255 31
1677115705477 57.058575796330715 33
1677115707416 57.04594445998966 35
1677115709345 57.01101120499427 37
1677115711378 57.05912301225055 39
1677115713329 56.96413159321409 41
1677115715323 57.031248664825796 43
1677115717305 57.00398182226757 45
1677115719276 56.98276976740773 47
1677115721301 56.947439569494684 49
1677115723329 56.96627694871378 51
1677115725322 56.88031446507079 53
1677115727331 56.87971902472979 55
1677115729331 56.76937214690163 57
1677115731362 56.66642687775779 59
1677115733569 56.60022470259992 61
1677115735690 56.52245483309962 63
1677115737709 56.39034152441903 65
1677115739671 56.301466771267 67
1677115741642 56.16972869012221 69
1677115743652 55.91459380432309 71
1677115745635 55.785759103272426 73
1677115747641 55.65217372320605 75
1677115749662 55.532225552271804 77
1677115751681 55.3692364342054 79
1677115753667 55.22532197858668 81
1677115755713 55.045234641166175 83
1677115757697 54.93564641706292 85
1677115759710 54.849537692834865 87
1677115761873 54.77016733443126 89
1677115763999 54.672962819309 91
1677115766134 54.61553492452328 93
1677115768091 54.53937569617672 95
1677115770104 54.44001659063338 97
1677115772110 54.42159708831515 99
1677115774080 54.38773389581724 101
1677115776050 54.29732132752276 103
1677115778175 54.282535325254905 105
1677115780163 54.25763793361375 107
1677115782109 54.192602415578996 109
1677115784098 54.166869038994115 111
1677115786040 54.17245878853309 113
1677115788077 54.119529875936834 115
1677115790039 54.115107220971495 117
1677115792117 54.06438979692335 119
1677115794237 54.08367910109149 121
1677115796343 54.081055932188 123
1677115798340 54.05552026825973 125
1677115800389 54.02738184187661 127
1677115802457 54.01252240784261 129
1677115804451 54.01266683327442 131
1677115806427 54.01443695797075 133
1677115808392 53.98875423707078 135
1677115810466 53.972684506730054 137
1677115812438 54.01649455995013 139
1677115814405 53.97985015655191 141
1677115816358 53.97291470071649 143
1677115818305 53.96568894985763 145
1677115820273 53.96729568753708 147
1677115822463 53.9726654206762 149
1677115824604 53.97692952853062 151
1677115826672 53.96977977140396 153
1677115828633 53.9844179905986 155
1677115830603 53.939148222989786 157
1677115832632 53.95515233333886 159
1677115834745 53.963753957890674 161
1677115836751 53.96164924215802 163
1677115838729 53.95226472313004 165
1677115840711 53.95765411922283 167
1677115842825 53.952457868545785 169
1677115844890 53.973734865454524 171
1677115846837 53.968965772848264 173
1677115848747 53.95622426910183 175
1677115850677 53.97325116099671 177
1677115852729 53.96527127076965 179
1677115854790 53.97398520780285 181
1677115856926 53.92420938600505 183
1677115858932 53.961677255681266 185
1677115861024 53.98903935296554 187
1677115863163 53.9543907407226 189
1677115865189 53.95154883449201 191
1677115867299 53.96932112096729 193
1677115869274 53.941900695471816 195
1677115871230 53.9219011418664 197
1677115873126 53.9681075423238 199
1677115875051 53.954608280213456 201
1677115877075 53.97049071627798 203
1677115879155 53.94524644426701 205
1677115881313 53.96330439940721 207
1677115883465 53.961855160857624 209
1677115885570 53.9476721807195 211
1677115887693 53.946322867341365 213
1677115889855 53.94552890801114 215
1677115891921 53.928522938939516 217
1677115894039 53.931094948351024 219
1677115896196 53.95501648529537 221
1677115898297 53.955804186298124 223
1677115900407 53.94286381162141 225
1677115902600 53.97209136906186 227
1677115904652 53.918413310327196 229
1677115906844 53.936147658350244 231
1677115908957 53.96769229751578 233
1677115911037 53.949378698641674 235
1677115913231 53.92554352665656 237
1677115915340 53.95227588510596 239
1677115917448 53.913159961347546 241
1677115919528 53.9802706407122 243
1677115921593 53.97441455297544 245
1677115923691 53.933606463914856 247
1677115925833 53.96485977651423 249
1677115927924 53.931367352643356 251
1677115930075 53.94363435493185 253
1677115932234 53.95132042951837 255
1677115934452 53.971108872778245 257
1677115936865 53.95717434528462 259
1677115939211 53.932048887691465 261
1677115941404 53.95773770293779 263
1677115943715 53.9383608350693 265
1677115945935 53.94108867579912 267
1677115948261 53.96145445914306 269
1677115950629 54.003419570556886 271
1677115952786 53.95729601243081 273
1677115955009 53.95415640347345 275
1677115957219 53.93869073228463 277
1677115959639 53.95451738058839 279
1677115962099 53.93112191625592 281
1677115964376 53.96840246491223 283
1677115966729 53.93637114278467 285
1677115969096 53.94894117532599 287
1677115971391 53.96106544588332 289
1677115973569 53.94162301724137 291
1677115975891 53.968179555668435 293
1677115978343 53.98919825387751 295
1677115980596 53.94494367431283 297
1677115982899 53.943025368152654 299
