1679700633438 3.633312463760376 1
1679700633646 0.17177534103393555 2
1679700635068 1.431948184967041 3
1679700635253 0.1840517520904541 4
1679700636801 1.5441973209381104 5
1679700636985 0.1878662109375 6
1679700638493 1.5088088512420654 7
1679700638695 0.18945837020874023 8
1679700640174 1.4903991222381592 9
1679700640358 0.1840815544128418 10
1679700641817 1.4592747688293457 11
1679700642009 0.19191479682922363 12
1679700643440 1.4298663139343262 13
1679700643694 0.2562882900238037 14
1679700645130 1.4600012302398682 15
1679700645317 0.16106867790222168 16
1679700646752 1.435725450515747 17
1679700646942 0.19038033485412598 18
1679700648445 1.5019233226776123 19
1679700648636 0.18904376029968262 20
1679700650097 1.464447021484375 21
1679700650301 0.20229482650756836 22
1679700651766 1.466144323348999 23
1679700652023 0.25689053535461426 24
1679700653527 1.5029325485229492 25
1679700653713 0.18486976623535156 26
1679700655155 1.4413001537322998 27
1679700655361 0.20586156845092773 28
1679700656785 1.4272453784942627 29
1679700656966 0.17928409576416016 30
1679700658409 1.4436616897583008 31
1679700658605 0.19257616996765137 32
1679700660041 1.436265230178833 33
1679700660276 0.2649703025817871 34
1679700661775 1.4701941013336182 35
1679700661958 0.18584871292114258 36
1679700663402 1.4430732727050781 37
1679700663587 0.18365263938903809 38
1679700665044 1.457291841506958 39
1679700665234 0.18876910209655762 40
1679700666715 1.4813644886016846 41
1679700666911 0.19377660751342773 42
1679700668418 1.5104081630706787 43
1679700668600 0.18306851387023926 44
1679700670045 1.4427094459533691 45
1679700670230 0.18566370010375977 46
1679700671691 1.4611914157867432 47
1679700671879 0.1871354579925537 48
1679700673342 1.4645953178405762 49
1679700673529 0.18526864051818848 50
1679700674964 1.437056541442871 51
1679700675131 0.19373464584350586 52
1679700676675 1.5162169933319092 53
1679700676862 0.18672561645507812 54
1679700678341 1.4772486686706543 55
1679700678565 0.1978895664215088 56
1679700680012 1.4730935096740723 57
1679700680205 0.19185376167297363 58
1679700681629 1.4268302917480469 59
1679700681822 0.19245409965515137 60
1679700683234 1.4114701747894287 61
1679700683422 0.18810462951660156 62
1679700684929 1.5074222087860107 63
1679700685113 0.1836249828338623 64
1679700686603 1.4900145530700684 65
1679700686796 0.19103217124938965 66
1679700688263 1.4700548648834229 67
1679700688451 0.18806743621826172 68
1679700689932 1.4800512790679932 69
1679700690104 0.1902470588684082 70
1679700691587 1.4635610580444336 71
1679700691784 0.1968235969543457 72
1679700693290 1.5061542987823486 73
1679700693479 0.1900193691253662 74
1679700694930 1.4491920471191406 75
1679700695116 0.1885666847229004 76
1679700696564 1.4472665786743164 77
1679700696752 0.18766570091247559 78
1679700698243 1.4904494285583496 79
1679700698430 0.18712234497070312 80
1679700699930 1.499913215637207 81
1679700700134 0.1949751377105713 82
1679700701663 1.5387389659881592 83
1679700701847 0.18439650535583496 84
1679700703334 1.4862794876098633 85
1679700703523 0.1873180866241455 86
1679700704964 1.4419670104980469 87
1679700705136 0.20091032981872559 88
1679700706584 1.4166998863220215 89
1679700706772 0.18980026245117188 90
1679700708212 1.441650390625 91
1679700708411 0.19635367393493652 92
1679700709976 1.5649843215942383 93
1679700710189 0.20476198196411133 94
1679700711698 1.5198893547058105 95
1679700711888 0.18830180168151855 96
1679700713395 1.5080268383026123 97
1679700713594 0.1956181526184082 98
1679700715076 1.4833767414093018 99
1679700715273 0.19503045082092285 100
1679700716749 1.4790818691253662 101
1679700716936 0.18763017654418945 102
1679700718434 1.4971637725830078 103
1679700718631 0.19544649124145508 104
1679700720057 1.4273817539215088 105
1679700720224 0.19501471519470215 106
1679700721678 1.4250197410583496 107
1679700721864 0.18721604347229004 108
1679700723336 1.4709203243255615 109
1679700723529 0.19281625747680664 110
1679700725062 1.5330209732055664 111
1679700725257 0.19635987281799316 112
1679700726869 1.6125872135162354 113
1679700727061 0.1893293857574463 114
1679700728551 1.4880962371826172 115
1679700728746 0.1947946548461914 116
1679700730190 1.4471282958984375 117
1679700730382 0.1914503574371338 118
1679700731821 1.4387342929840088 119
1679700732007 0.18750333786010742 120
1679700733434 1.4260799884796143 121
1679700733628 0.19170641899108887 122
1679700735133 1.5383152961730957 123
1679700735338 0.17284893989562988 124
1679700736845 1.5076570510864258 125
1679700737042 0.19754958152770996 126
1679700738537 1.4948501586914062 127
1679700738727 0.18923568725585938 128
1679700740195 1.4685816764831543 129
1679700740384 0.1891918182373047 130
1679700741844 1.4598753452301025 131
1679700742036 0.19182372093200684 132
1679700743584 1.547304391860962 133
1679700743784 0.19811487197875977 134
1679700745233 1.4490337371826172 135
1679700745428 0.19584012031555176 136
1679700746875 1.4452974796295166 137
1679700747067 0.194366455078125 138
1679700748583 1.5164785385131836 139
1679700748772 0.19048571586608887 140
1679700750253 1.510934829711914 141
1679700750525 0.2406611442565918 142
1679700752016 1.4888296127319336 143
1679700752209 0.19385337829589844 144
1679700753726 1.5174832344055176 145
1679700753916 0.19210147857666016 146
1679700755351 1.433563470840454 147
1679700755546 0.19299006462097168 148
1679700756994 1.4498279094696045 149
1679700757184 0.19016575813293457 150
1679700758634 1.447916030883789 151
1679700758916 0.2780146598815918 152
1679700760390 1.4752178192138672 153
1679700760598 0.20584774017333984 154
1679700762105 1.5101768970489502 155
1679700762305 0.19646811485290527 156
1679700763792 1.4882891178131104 157
1679700763996 0.2019639015197754 158
1679700765471 1.5139918327331543 159
1679700765683 0.1710960865020752 160
1679700767168 1.4883487224578857 161
1679700767470 0.3018472194671631 162
1679700768935 1.4708871841430664 163
1679700769253 0.3169882297515869 164
1679700770707 1.456061601638794 165
1679700770905 0.19592618942260742 166
1679700772364 1.457883596420288 167
1679700772561 0.19806122779846191 168
1679700774061 1.5001194477081299 169
1679700774264 0.20302343368530273 170
1679700775751 1.4876904487609863 171
1679700775948 0.1962568759918213 172
1679700777434 1.484950065612793 173
1679700777698 0.26692938804626465 174
1679700779185 1.4859178066253662 175
1679700779386 0.19861364364624023 176
1679700780796 1.4435200691223145 177
1679700781002 0.17452168464660645 178
1679700782462 1.460998773574829 179
1679700782665 0.1935567855834961 180
1679700784116 1.457934856414795 181
1679700784313 0.19691681861877441 182
1679700785880 1.5671484470367432 183
1679700786081 0.20095109939575195 184
1679700787606 1.5249464511871338 185
1679700787803 0.19882869720458984 186
1679700789286 1.4832139015197754 187
1679700789491 0.19686198234558105 188
1679700790989 1.5050358772277832 189
1679700791190 0.19896721839904785 190
1679700792639 1.4470624923706055 191
1679700792835 0.19784045219421387 192
1679700794368 1.5339548587799072 193
1679700794562 0.19421935081481934 194
1679700796025 1.4970409870147705 195
1679700796225 0.16510581970214844 196
1679700797686 1.4629733562469482 197
1679700797880 0.19377493858337402 198
1679700799342 1.462017297744751 199
1679700799540 0.19701147079467773 200
1679700801027 1.487828016281128 201
1679700801230 0.19948816299438477 202
1679700802835 1.6078171730041504 203
1679700803030 0.19307351112365723 204
1679700804479 1.450533151626587 205
1679700804675 0.1956162452697754 206
1679700806130 1.4556779861450195 207
1679700806337 0.2048802375793457 208
1679700807825 1.4881322383880615 209
1679700808021 0.19602537155151367 210
1679700809461 1.4416463375091553 211
1679700809656 0.19284701347351074 212
1679700811196 1.5754048824310303 213
1679700811401 0.17032098770141602 214
1679700812895 1.4958105087280273 215
1679700813097 0.20082592964172363 216
1679700814570 1.4733648300170898 217
1679700814776 0.19657444953918457 218
1679700816288 1.5162339210510254 219
1679700816502 0.20798802375793457 220
1679700817991 1.4950764179229736 221
1679700818196 0.20376014709472656 222
1679700819736 1.5413105487823486 223
1679700819939 0.202972412109375 224
1679700821401 1.4633467197418213 225
1679700821639 0.23434996604919434 226
1679700823135 1.4991974830627441 227
1679700823334 0.19907259941101074 228
1679700824830 1.4950246810913086 229
1679700825028 0.19967198371887207 230
1679700826610 1.6165411472320557 231
1679700826849 0.19385552406311035 232
1679700828530 1.6918220520019531 233
1679700828738 0.20580530166625977 234
1679700830182 1.4442462921142578 235
1679700830382 0.1996440887451172 236
1679700831837 1.4551637172698975 237
1679700832047 0.20795702934265137 238
1679700833519 1.4750733375549316 239
1679700833723 0.20186710357666016 240
1679700835165 1.4432613849639893 241
1679700835365 0.20052504539489746 242
1679700836941 1.5712015628814697 243
1679700837148 0.20997405052185059 244
1679700838652 1.5010771751403809 245
1679700838856 0.20905756950378418 246
1679700840297 1.478384017944336 247
1679700840501 0.16385579109191895 248
1679700841992 1.491889476776123 249
1679700842211 0.21683311462402344 250
1679700843706 1.4957857131958008 251
1679700843909 0.20415329933166504 252
1679700845406 1.4973223209381104 253
1679700845610 0.20360994338989258 254
1679700847058 1.449371337890625 255
1679700847268 0.20769906044006348 256
1679700848753 1.4879772663116455 257
1679700848960 0.2028203010559082 258
1679700850473 1.5151658058166504 259
1679700850686 0.2128891944885254 260
1679700852179 1.4934747219085693 261
1679700852394 0.2107529640197754 262
1679700853985 1.5949971675872803 263
1679700854188 0.20180082321166992 264
1679700855602 1.4550576210021973 265
1679700855804 0.1632678508758545 266
1679700857261 1.4539976119995117 267
1679700857496 0.23639750480651855 268
1679700858948 1.4529478549957275 269
1679700859152 0.2015984058380127 270
1679700860603 1.4529039859771729 271
1679700860805 0.20193958282470703 272
1679700862383 1.5771081447601318 273
1679700862598 0.2146012783050537 274
1679700864135 1.5356636047363281 275
1679700864338 0.20274782180786133 276
1679700865840 1.503788709640503 277
1679700866043 0.20409131050109863 278
1679700867513 1.465984582901001 279
1679700867728 0.21554803848266602 280
1679700869241 1.5175831317901611 281
1679700869521 0.27786707878112793 282
1679700870946 1.4660921096801758 283
1679700871153 0.1667485237121582 284
1679700872629 1.4741852283477783 285
1679700872845 0.21495747566223145 286
1679700874377 1.5351109504699707 287
1679700874583 0.2065134048461914 288
1679700876081 1.4976036548614502 289
1679700876284 0.20209002494812012 290
1679700877786 1.5017421245574951 291
1679700878119 0.322833776473999 292
1679700879594 1.4862120151519775 293
1679700879799 0.20499444007873535 294
1679700881254 1.4541070461273193 295
1679700881459 0.2027912139892578 296
1679700882936 1.4779977798461914 297
1679700883154 0.21315598487854004 298
1679700884653 1.5029127597808838 299
1679700884858 0.2049388885498047 300
1679700884995 0.13809823989868164 301
