1679700633454 0.0 1
1679700633655 0.0 2
1679700635076 0.0 3
1679700635262 0.0 4
1679700636811 0.0 5
1679700636994 0.0 6
1679700638501 0.0 7
1679700638703 0.0 8
1679700640182 0.0 9
1679700640366 0.0 10
1679700641825 0.0 11
1679700642018 0.0 12
1679700643448 0.0 13
1679700643703 0.0 14
1679700645139 0.0 15
1679700645326 0.0 16
1679700646768 0.0 17
1679700646951 0.0 18
1679700648454 0.0 19
1679700648645 0.0 20
1679700650115 0.0 21
1679700650314 0.0 22
1679700651775 0.0 23
1679700652033 0.0 24
1679700653536 0.0 25
1679700653721 0.0 26
1679700655171 0.0 27
1679700655373 0.0 28
1679700656792 0.0 29
1679700656975 0.0 30
1679700658424 0.0 31
1679700658619 0.0 32
1679700660050 0.0 33
1679700660286 0.0 34
1679700661783 0.0 35
1679700661967 0.0 36
1679700663412 0.0 37
1679700663596 0.0 38
1679700665052 0.0 39
1679700665241 0.0 40
1679700666722 0.0 41
1679700666924 0.0 42
1679700668426 0.0 43
1679700668610 0.0 44
1679700670054 0.0 45
1679700670240 0.0 46
1679700671701 0.0 47
1679700671887 0.0 48
1679700673350 0.0 49
1679700673538 0.0 50
1679700674972 0.0 51
1679700675141 0.0 52
1679700676684 0.0 53
1679700676871 0.0 54
1679700678350 0.0 55
1679700678578 0.0 56
1679700680021 0.0 57
1679700680216 0.0 58
1679700681638 0.0 59
1679700681830 0.0 60
1679700683241 0.0 61
1679700683431 0.0 62
1679700684938 0.0 63
1679700685121 0.0 64
1679700686611 0.0 65
1679700686805 0.0 66
1679700688271 0.0 67
1679700688461 0.0 68
1679700689940 0.0 69
1679700690114 0.0 70
1679700691595 0.0 71
1679700691797 0.0 72
1679700693299 0.0 73
1679700693487 0.0 74
1679700694940 0.0 75
1679700695125 0.0 76
1679700696573 0.0 77
1679700696761 0.0 78
1679700698252 0.0 79
1679700698438 0.0 80
1679700699939 0.0 81
1679700700143 0.0 82
1679700701671 0.0 83
1679700701857 0.0 84
1679700703343 0.0 85
1679700703531 0.0 86
1679700704973 0.0 87
1679700705145 0.0 88
1679700706592 0.0 89
1679700706782 0.0 90
1679700708221 0.0 91
1679700708423 0.0 92
1679700709985 0.0 93
1679700710198 0.0 94
1679700711706 0.0 95
1679700711897 0.0 96
1679700713403 0.0 97
1679700713603 0.0 98
1679700715084 0.0 99
1679700715286 0.0 100
1679700716757 0.0 101
1679700716945 0.0 102
1679700718443 0.0 103
1679700718640 0.0 104
1679700720066 0.0 105
1679700720232 0.0 106
1679700721686 0.0 107
1679700721872 0.0 108
1679700723345 0.0 109
1679700723538 0.0 110
1679700725071 0.0 111
1679700725265 0.0 112
1679700726879 0.0 113
1679700727070 0.0 114
1679700728559 0.0 115
1679700728755 0.0 116
1679700730199 0.0 117
1679700730390 0.0 118
1679700731830 0.0 119
1679700732016 0.0 120
1679700733443 0.0 121
1679700733636 0.0 122
1679700735142 0.0 123
1679700735348 0.0 124
1679700736854 0.0 125
1679700737056 0.0 126
1679700738546 0.0 127
1679700738736 0.0 128
1679700740203 0.0 129
1679700740393 0.0 130
1679700741853 0.0 131
1679700742045 0.0 132
1679700743594 0.0 133
1679700743791 0.0 134
1679700745241 0.0 135
1679700745436 0.0 136
1679700746883 0.0 137
1679700747076 0.0 138
1679700748592 0.0 139
1679700748781 0.0 140
1679700750261 0.0 141
1679700750535 0.0 142
1679700752024 0.0 143
1679700752218 0.0 144
1679700753734 0.0 145
1679700753925 0.0 146
1679700755360 0.0 147
1679700755555 0.0 148
1679700757002 0.0 149
1679700757192 0.0 150
1679700758643 0.0 151
1679700758925 0.0 152
1679700760399 0.0 153
1679700760608 0.0 154
1679700762115 0.0 155
1679700762314 0.0 156
1679700763800 0.0 157
1679700764007 0.0 158
1679700765479 0.0 159
1679700765698 0.0 160
1679700767176 0.0 161
1679700767479 0.0 162
1679700768944 0.0 163
1679700769262 0.0 164
1679700770715 0.0 165
1679700770914 0.0 166
1679700772372 0.0 167
1679700772571 0.0 168
1679700774070 0.0 169
1679700774277 0.0 170
1679700775760 0.0 171
1679700775958 0.0 172
1679700777443 0.0 173
1679700777706 0.0 174
1679700779193 0.0 175
1679700779401 0.0 176
1679700780804 0.0 177
1679700781011 0.0 178
1679700782470 0.0 179
1679700782674 0.0 180
1679700784125 0.0 181
1679700784321 0.0 182
1679700785888 0.0 183
1679700786090 0.0 184
1679700787616 0.0 185
1679700787812 0.0 186
1679700789295 0.0 187
1679700789500 0.0 188
1679700790998 0.0 189
1679700791200 0.0 190
1679700792647 0.0 191
1679700792844 0.0 192
1679700794377 0.0 193
1679700794571 0.0 194
1679700796034 0.0 195
1679700796235 0.0 196
1679700797696 0.0 197
1679700797888 0.0 198
1679700799350 0.0 199
1679700799549 0.0 200
1679700801036 0.0 201
1679700801239 0.0 202
1679700802843 0.0 203
1679700803038 0.0 204
1679700804487 0.0 205
1679700804684 0.0 206
1679700806139 0.0 207
1679700806347 0.0 208
1679700807834 0.0 209
1679700808035 0.0 210
1679700809469 0.0 211
1679700809664 0.0 212
1679700811205 0.0 213
1679700811416 0.0 214
1679700812904 0.0 215
1679700813105 0.0 216
1679700814578 0.0 217
1679700814785 0.0 218
1679700816296 0.0 219
1679700816512 0.0 220
1679700818000 0.0 221
1679700818204 0.0 222
1679700819746 0.0 223
1679700819948 0.0 224
1679700821410 0.0 225
1679700821648 0.0 226
1679700823143 0.0 227
1679700823342 0.0 228
1679700824838 0.0 229
1679700825037 0.0 230
1679700826621 0.0 231
1679700826858 0.0 232
1679700828542 0.0 233
1679700828746 0.0 234
1679700830190 0.0 235
1679700830391 0.0 236
1679700831845 0.0 237
1679700832056 0.0 238
1679700833528 0.0 239
1679700833731 0.0 240
1679700835173 0.0 241
1679700835374 0.0 242
1679700836950 0.0 243
1679700837156 0.0 244
1679700838662 0.0 245
1679700838865 0.0 246
1679700840306 0.0 247
1679700840511 0.0 248
1679700842001 0.0 249
1679700842221 0.0 250
1679700843716 0.0 251
1679700843918 0.0 252
1679700845415 0.0 253
1679700845618 0.0 254
1679700847066 0.0 255
1679700847278 0.0 256
1679700848762 0.0 257
1679700848968 0.0 258
1679700850482 0.0 259
1679700850694 0.0 260
1679700852187 0.0 261
1679700852403 0.0 262
1679700853994 0.0 263
1679700854197 0.0 264
1679700855612 0.0 265
1679700855812 0.0 266
1679700857270 0.0 267
1679700857506 0.0 268
1679700858958 0.0 269
1679700859160 0.0 270
1679700860612 0.0 271
1679700860815 0.0 272
1679700862393 0.0 273
1679700862607 0.0 274
1679700864143 0.0 275
1679700864348 0.0 276
1679700865849 0.0 277
1679700866051 0.0 278
1679700867521 0.0 279
1679700867737 0.0 280
1679700869250 0.0 281
1679700869530 0.0 282
1679700870956 0.0 283
1679700871161 0.0 284
1679700872638 0.0 285
1679700872854 0.0 286
1679700874386 0.0 287
1679700874592 0.0 288
1679700876089 0.0 289
1679700876292 0.0 290
1679700877795 0.0 291
1679700878129 0.0 292
1679700879602 0.0 293
1679700879807 0.0 294
1679700881263 0.0 295
1679700881467 0.0 296
1679700882945 0.0 297
1679700883167 0.0 298
1679700884661 0.0 299
1679700884866 0.0 300
1679700885004 0.0 301
