1679700633456 0.0039331912994384766 1
1679700633656 0.0039331912994384766 2
1679700635079 0.0039331912994384766 3
1679700635263 0.0039331912994384766 4
1679700636813 0.0039331912994384766 5
1679700636996 0.0039331912994384766 6
1679700638504 0.0039331912994384766 7
1679700638706 0.0039331912994384766 8
1679700640185 0.0039331912994384766 9
1679700640369 0.0039331912994384766 10
1679700641828 0.0039331912994384766 11
1679700642022 0.0039331912994384766 12
1679700643450 0.0039331912994384766 13
1679700643706 0.0039331912994384766 14
1679700645142 0.0039331912994384766 15
1679700645328 0.0039331912994384766 16
1679700646771 0.0039331912994384766 17
1679700646954 0.0039331912994384766 18
1679700648457 0.0039331912994384766 19
1679700648647 0.0039331912994384766 20
1679700650117 0.0039331912994384766 21
1679700650317 0.0039331912994384766 22
1679700651777 0.0039331912994384766 23
1679700652035 0.0039331912994384766 24
1679700653539 0.0039331912994384766 25
1679700653723 0.0039331912994384766 26
1679700655173 0.0039331912994384766 27
1679700655379 0.0039331912994384766 28
1679700656795 0.0039331912994384766 29
1679700656976 0.0039331912994384766 30
1679700658426 0.0039331912994384766 31
1679700658623 0.0039331912994384766 32
1679700660052 0.0039331912994384766 33
1679700660289 0.0039331912994384766 34
1679700661786 0.0039331912994384766 35
1679700661969 0.0039331912994384766 36
1679700663414 0.0039331912994384766 37
1679700663598 0.0039331912994384766 38
1679700665054 0.0039331912994384766 39
1679700665244 0.0039331912994384766 40
1679700666725 0.0039331912994384766 41
1679700666927 0.0039331912994384766 42
1679700668430 0.0039331912994384766 43
1679700668613 0.0039331912994384766 44
1679700670056 0.0039331912994384766 45
1679700670242 0.0039331912994384766 46
1679700671703 0.0039331912994384766 47
1679700671890 0.0039331912994384766 48
1679700673353 0.0039331912994384766 49
1679700673541 0.0039331912994384766 50
1679700674974 0.0039331912994384766 51
1679700675144 0.0039331912994384766 52
1679700676687 0.0039331912994384766 53
1679700676873 0.0039331912994384766 54
1679700678352 0.0039331912994384766 55
1679700678582 0.0039331912994384766 56
1679700680023 0.0039331912994384766 57
1679700680221 0.0039331912994384766 58
1679700681640 0.0039331912994384766 59
1679700681833 0.0039331912994384766 60
1679700683244 0.0039331912994384766 61
1679700683433 0.0039331912994384766 62
1679700684940 0.0039331912994384766 63
1679700685124 0.0039331912994384766 64
1679700686614 0.0039331912994384766 65
1679700686807 0.0039331912994384766 66
1679700688274 0.0039331912994384766 67
1679700688463 0.0039331912994384766 68
1679700689943 0.0039331912994384766 69
1679700690117 0.0039331912994384766 70
1679700691597 0.0039331912994384766 71
1679700691800 0.0039331912994384766 72
1679700693301 0.0039331912994384766 73
1679700693490 0.0039331912994384766 74
1679700694942 0.0039331912994384766 75
1679700695127 0.0039331912994384766 76
1679700696574 0.0039331912994384766 77
1679700696764 0.0039331912994384766 78
1679700698253 0.0039331912994384766 79
1679700698442 0.0039331912994384766 80
1679700699941 0.0039331912994384766 81
1679700700146 0.0039331912994384766 82
1679700701673 0.0039331912994384766 83
1679700701859 0.0039331912994384766 84
1679700703345 0.0039331912994384766 85
1679700703533 0.0039331912994384766 86
1679700704976 0.0039331912994384766 87
1679700705148 0.0039331912994384766 88
1679700706595 0.0039331912994384766 89
1679700706784 0.0039331912994384766 90
1679700708224 0.0039331912994384766 91
1679700708426 0.0039331912994384766 92
1679700709988 0.0039331912994384766 93
1679700710201 0.0039331912994384766 94
1679700711709 0.0039331912994384766 95
1679700711899 0.0039331912994384766 96
1679700713405 0.0039331912994384766 97
1679700713605 0.0039331912994384766 98
1679700715086 0.0039331912994384766 99
1679700715289 0.0039331912994384766 100
1679700716760 0.0039331912994384766 101
1679700716947 0.0039331912994384766 102
1679700718446 0.0039331912994384766 103
1679700718642 0.0039331912994384766 104
1679700720069 0.0039331912994384766 105
1679700720234 0.0039331912994384766 106
1679700721688 0.0039331912994384766 107
1679700721875 0.0039331912994384766 108
1679700723348 0.0039331912994384766 109
1679700723541 0.0039331912994384766 110
1679700725073 0.0039331912994384766 111
1679700725268 0.0039331912994384766 112
1679700726881 0.0039331912994384766 113
1679700727072 0.0039331912994384766 114
1679700728562 0.0039331912994384766 115
1679700728758 0.0039331912994384766 116
1679700730202 0.0039331912994384766 117
1679700730392 0.0039331912994384766 118
1679700731832 0.0039331912994384766 119
1679700732019 0.0039331912994384766 120
1679700733445 0.0039331912994384766 121
1679700733639 0.0039331912994384766 122
1679700735146 0.0039331912994384766 123
1679700735351 0.0039331912994384766 124
1679700736856 0.0039331912994384766 125
1679700737058 0.0039331912994384766 126
1679700738548 0.0039331912994384766 127
1679700738738 0.0039331912994384766 128
1679700740206 0.0039331912994384766 129
1679700740395 0.0039331912994384766 130
1679700741855 0.0039331912994384766 131
1679700742046 0.0039331912994384766 132
1679700743597 0.0039331912994384766 133
1679700743794 0.0039331912994384766 134
1679700745243 0.0039331912994384766 135
1679700745439 0.0039331912994384766 136
1679700746886 0.0039331912994384766 137
1679700747079 0.0039331912994384766 138
1679700748594 0.0039331912994384766 139
1679700748783 0.0039331912994384766 140
1679700750263 0.0039331912994384766 141
1679700750538 0.0039331912994384766 142
1679700752027 0.0039331912994384766 143
1679700752220 0.0039331912994384766 144
1679700753738 0.0039331912994384766 145
1679700753927 0.0039331912994384766 146
1679700755363 0.0039331912994384766 147
1679700755559 0.0039331912994384766 148
1679700757005 0.0039331912994384766 149
1679700757195 0.0039331912994384766 150
1679700758646 0.0039331912994384766 151
1679700758927 0.0039331912994384766 152
1679700760402 0.0039331912994384766 153
1679700760611 0.0039331912994384766 154
1679700762118 0.0039331912994384766 155
1679700762316 0.0039331912994384766 156
1679700763802 0.0039331912994384766 157
1679700764010 0.0039331912994384766 158
1679700765482 0.0039331912994384766 159
1679700765701 0.0039331912994384766 160
1679700767179 0.0039331912994384766 161
1679700767481 0.0039331912994384766 162
1679700768947 0.0039331912994384766 163
1679700769264 0.0039331912994384766 164
1679700770718 0.0039331912994384766 165
1679700770917 0.0039331912994384766 166
1679700772375 0.0039331912994384766 167
1679700772573 0.0039331912994384766 168
1679700774072 0.0039331912994384766 169
1679700774281 0.0039331912994384766 170
1679700775763 0.0039331912994384766 171
1679700775960 0.0039331912994384766 172
1679700777444 0.0039331912994384766 173
1679700777709 0.0039331912994384766 174
1679700779196 0.0039331912994384766 175
1679700779404 0.0039331912994384766 176
1679700780806 0.0039331912994384766 177
1679700781014 0.0039331912994384766 178
1679700782472 0.0039331912994384766 179
1679700782676 0.0039331912994384766 180
1679700784128 0.0039331912994384766 181
1679700784324 0.0039331912994384766 182
1679700785891 0.0039331912994384766 183
1679700786093 0.0039331912994384766 184
1679700787619 0.0039331912994384766 185
1679700787814 0.0039331912994384766 186
1679700789297 0.0039331912994384766 187
1679700789502 0.0039331912994384766 188
1679700791000 0.0039331912994384766 189
1679700791202 0.0039331912994384766 190
1679700792650 0.0039331912994384766 191
1679700792846 0.0039331912994384766 192
1679700794380 0.0039331912994384766 193
1679700794573 0.0039331912994384766 194
1679700796036 0.0039331912994384766 195
1679700796238 0.0039331912994384766 196
1679700797698 0.0039331912994384766 197
1679700797890 0.0039331912994384766 198
1679700799352 0.0039331912994384766 199
1679700799551 0.0039331912994384766 200
1679700801037 0.0039331912994384766 201
1679700801241 0.0039331912994384766 202
1679700802845 0.0039331912994384766 203
1679700803041 0.0039331912994384766 204
1679700804490 0.0039331912994384766 205
1679700804686 0.0039331912994384766 206
1679700806141 0.0039331912994384766 207
1679700806350 0.0039331912994384766 208
1679700807836 0.0039331912994384766 209
1679700808038 0.0039331912994384766 210
1679700809471 0.0039331912994384766 211
1679700809666 0.0039331912994384766 212
1679700811208 0.0039331912994384766 213
1679700811418 0.0039331912994384766 214
1679700812907 0.0039331912994384766 215
1679700813108 0.0039331912994384766 216
1679700814581 0.0039331912994384766 217
1679700814787 0.0039331912994384766 218
1679700816299 0.0039331912994384766 219
1679700816516 0.0039331912994384766 220
1679700818002 0.0039331912994384766 221
1679700818206 0.0039331912994384766 222
1679700819748 0.0039331912994384766 223
1679700819950 0.0039331912994384766 224
1679700821413 0.0039331912994384766 225
1679700821652 0.0039331912994384766 226
1679700823146 0.0039331912994384766 227
1679700823345 0.0039331912994384766 228
1679700824840 0.0039331912994384766 229
1679700825039 0.0039331912994384766 230
1679700826624 0.0039331912994384766 231
1679700826861 0.0039331912994384766 232
1679700828544 0.0039331912994384766 233
1679700828749 0.0039331912994384766 234
1679700830193 0.0039331912994384766 235
1679700830393 0.0039331912994384766 236
1679700831848 0.0039331912994384766 237
1679700832058 0.0039331912994384766 238
1679700833531 0.0039331912994384766 239
1679700833734 0.0039331912994384766 240
1679700835176 0.0039331912994384766 241
1679700835377 0.0039331912994384766 242
1679700836952 0.0039331912994384766 243
1679700837159 0.0039331912994384766 244
1679700838664 0.0039331912994384766 245
1679700838868 0.0039331912994384766 246
1679700840308 0.0039331912994384766 247
1679700840514 0.0039331912994384766 248
1679700842003 0.0039331912994384766 249
1679700842224 0.0039331912994384766 250
1679700843718 0.0039331912994384766 251
1679700843920 0.0039331912994384766 252
1679700845417 0.0039331912994384766 253
1679700845621 0.0039331912994384766 254
1679700847069 0.0039331912994384766 255
1679700847280 0.0039331912994384766 256
1679700848764 0.0039331912994384766 257
1679700848971 0.0039331912994384766 258
1679700850484 0.0039331912994384766 259
1679700850696 0.0039331912994384766 260
1679700852190 0.0039331912994384766 261
1679700852406 0.0039331912994384766 262
1679700853996 0.0039331912994384766 263
1679700854199 0.0039331912994384766 264
1679700855614 0.0039331912994384766 265
1679700855815 0.0039331912994384766 266
1679700857272 0.0039331912994384766 267
1679700857508 0.0039331912994384766 268
1679700858960 0.0039331912994384766 269
1679700859163 0.0039331912994384766 270
1679700860614 0.0039331912994384766 271
1679700860817 0.0039331912994384766 272
1679700862396 0.0039331912994384766 273
1679700862611 0.0039331912994384766 274
1679700864146 0.0039331912994384766 275
1679700864351 0.0039331912994384766 276
1679700865851 0.0039331912994384766 277
1679700866053 0.0039331912994384766 278
1679700867523 0.0039331912994384766 279
1679700867739 0.0039331912994384766 280
1679700869252 0.0039331912994384766 281
1679700869532 0.0039331912994384766 282
1679700870958 0.0039331912994384766 283
1679700871164 0.0039331912994384766 284
1679700872640 0.0039331912994384766 285
1679700872856 0.0039331912994384766 286
1679700874388 0.0039331912994384766 287
1679700874594 0.0039331912994384766 288
1679700876092 0.0039331912994384766 289
1679700876295 0.0039331912994384766 290
1679700877797 0.0039331912994384766 291
1679700878133 0.0039331912994384766 292
1679700879605 0.0039331912994384766 293
1679700879810 0.0039331912994384766 294
1679700881266 0.0039331912994384766 295
1679700881470 0.0039331912994384766 296
1679700882947 0.0039331912994384766 297
1679700883170 0.0039331912994384766 298
1679700884663 0.0039331912994384766 299
1679700884869 0.0039331912994384766 300
1679700885006 0.0039331912994384766 301
