1679935038051 1316.0 1
1679935038283 1316.0 2
1679935038905 1316.0 3
1679935039053 1316.0 4
1679935039701 1316.0 5
1679935039858 1316.0 6
1679935040540 1316.0 7
1679935040783 1316.0 8
1679935041414 1316.0 9
1679935041550 1316.0 10
1679935042174 1316.0 11
1679935042323 1316.0 12
1679935042904 1316.0 13
1679935043149 1316.0 14
1679935043782 1316.0 15
1679935043930 1316.0 16
1679935044591 1316.0 17
1679935044728 1316.0 18
1679935045327 1316.0 19
1679935045544 1316.0 20
1679935046171 1316.0 21
1679935046351 1316.0 22
1679935046909 1316.0 23
1679935047048 1316.0 24
1679935047664 1316.0 25
1679935047887 1316.0 26
1679935048464 1316.0 27
1679935048603 1316.0 28
1679935049171 1316.0 29
1679935049307 1316.0 30
1679935049930 1316.0 31
1679935050178 1316.0 32
1679935050780 1316.0 33
1679935050919 1316.0 34
1679935051502 1316.0 35
1679935051646 1316.0 36
1679935052294 1316.0 37
1679935052510 1316.0 38
1679935053108 1316.0 39
1679935053247 1316.0 40
1679935053820 1316.0 41
1679935053964 1316.0 42
1679935054583 1316.0 43
1679935054801 1316.0 44
1679935055415 1316.0 45
1679935055553 1316.0 46
1679935056145 1316.0 47
1679935056284 1316.0 48
1679935056884 1316.0 49
1679935057117 1316.0 50
1679935057702 1316.0 51
1679935057842 1316.0 52
1679935058448 1316.0 53
1679935058583 1316.0 54
1679935059201 1316.0 55
1679935059446 1316.0 56
1679935060033 1316.0 57
1679935060172 1316.0 58
1679935060769 1316.0 59
1679935060910 1316.0 60
1679935061521 1316.0 61
1679935061723 1316.0 62
1679935062320 1316.0 63
1679935062459 1316.0 64
1679935063070 1316.0 65
1679935063228 1316.0 66
1679935063871 1316.0 67
1679935064101 1316.0 68
1679935064716 1316.0 69
1679935064870 1316.0 70
1679935065489 1316.0 71
1679935065653 1316.0 72
1679935066288 1316.0 73
1679935066527 1316.0 74
1679935067202 1316.0 75
1679935067360 1316.0 76
1679935067994 1316.0 77
1679935068160 1316.0 78
1679935068828 1316.0 79
1679935069059 1316.0 80
1679935069715 1316.0 81
1679935069871 1316.0 82
1679935070513 1316.0 83
1679935070669 1316.0 84
1679935071356 1316.0 85
1679935071614 1316.0 86
1679935072356 1316.0 87
1679935072527 1316.0 88
1679935073245 1316.0 89
1679935073412 1316.0 90
1679935074115 1316.0 91
1679935074362 1316.0 92
1679935075083 1316.0 93
1679935075252 1316.0 94
1679935076005 1316.0 95
1679935076192 1316.0 96
1679935076939 1316.0 97
1679935077215 1316.0 98
1679935077909 1316.0 99
1679935078082 1316.0 100
1679935078771 1316.0 101
1679935078930 1316.0 102
1679935079603 1316.0 103
1679935079857 1316.0 104
1679935080537 1316.0 105
1679935080716 1316.0 106
1679935081362 1316.0 107
1679935081512 1316.0 108
1679935082169 1316.0 109
1679935082412 1316.0 110
1679935083036 1316.0 111
1679935083182 1316.0 112
1679935083805 1316.0 113
1679935083952 1316.0 114
1679935084603 1316.0 115
1679935084849 1316.0 116
1679935085490 1316.0 117
1679935085639 1316.0 118
1679935086298 1316.0 119
1679935086472 1316.0 120
1679935087144 1316.0 121
1679935087384 1316.0 122
1679935088012 1316.0 123
1679935088159 1316.0 124
1679935088781 1316.0 125
1679935088927 1316.0 126
1679935089575 1316.0 127
1679935089817 1316.0 128
1679935090461 1316.0 129
1679935090606 1316.0 130
1679935091303 1316.0 131
1679935091485 1316.0 132
1679935092241 1316.0 133
1679935092503 1316.0 134
1679935093245 1316.0 135
1679935093415 1316.0 136
1679935094122 1316.0 137
1679935094323 1316.0 138
1679935095068 1316.0 139
1679935095325 1316.0 140
1679935096052 1316.0 141
1679935096215 1316.0 142
1679935096852 1316.0 143
1679935097020 1316.0 144
1679935097728 1316.0 145
1679935097979 1316.0 146
1679935098634 1316.0 147
1679935098780 1316.0 148
1679935099443 1316.0 149
1679935099608 1316.0 150
1679935100260 1316.0 151
1679935100495 1316.0 152
1679935101141 1316.0 153
1679935101302 1316.0 154
1679935102025 1316.0 155
1679935102213 1316.0 156
1679935102926 1316.0 157
1679935103199 1316.0 158
1679935103933 1316.0 159
1679935104110 1316.0 160
1679935104833 1316.0 161
1679935105006 1316.0 162
1679935105711 1316.0 163
1679935105963 1316.0 164
1679935106663 1316.0 165
1679935106814 1316.0 166
1679935107484 1316.0 167
1679935107679 1316.0 168
1679935108353 1316.0 169
1679935108589 1316.0 170
1679935109220 1316.0 171
1679935109367 1316.0 172
1679935110039 1316.0 173
1679935110189 1316.0 174
1679935110820 1316.0 175
1679935111055 1316.0 176
1679935111711 1316.0 177
1679935111860 1316.0 178
1679935112526 1316.0 179
1679935112679 1316.0 180
1679935113406 1316.0 181
1679935113662 1316.0 182
1679935114333 1316.0 183
1679935114493 1316.0 184
1679935115161 1316.0 185
1679935115312 1316.0 186
1679935115954 1316.0 187
1679935116211 1316.0 188
1679935116851 1316.0 189
1679935117010 1316.0 190
1679935117675 1316.0 191
1679935117837 1316.0 192
1679935118511 1316.0 193
1679935118752 1316.0 194
1679935119380 1316.0 195
1679935119552 1316.0 196
1679935120235 1316.0 197
1679935120391 1316.0 198
1679935121053 1316.0 199
1679935121283 1316.0 200
1679935121914 1316.0 201
1679935122078 1316.0 202
1679935122751 1316.0 203
1679935122915 1316.0 204
1679935123583 1316.0 205
1679935123828 1316.0 206
1679935124492 1316.0 207
1679935124661 1316.0 208
1679935125334 1316.0 209
1679935125491 1316.0 210
1679935126169 1316.0 211
1679935126401 1316.0 212
1679935127059 1316.0 213
1679935127244 1316.0 214
1679935127902 1316.0 215
1679935128060 1316.0 216
1679935128719 1316.0 217
1679935128957 1316.0 218
1679935129677 1316.0 219
1679935129846 1316.0 220
1679935130507 1316.0 221
1679935130661 1316.0 222
1679935131299 1316.0 223
1679935131532 1316.0 224
1679935132242 1316.0 225
1679935132422 1316.0 226
1679935133214 1316.0 227
1679935133419 1316.0 228
1679935134160 1316.0 229
1679935134430 1316.0 230
1679935135187 1316.0 231
1679935135366 1316.0 232
1679935136076 1316.0 233
1679935136242 1316.0 234
1679935136944 1316.0 235
1679935137188 1316.0 236
1679935137830 1316.0 237
1679935137982 1316.0 238
1679935138631 1316.0 239
1679935138797 1316.0 240
1679935139458 1316.0 241
1679935139698 1316.0 242
1679935140352 1316.0 243
1679935140500 1316.0 244
1679935141151 1316.0 245
1679935141305 1316.0 246
1679935141959 1316.0 247
1679935142205 1316.0 248
1679935142863 1316.0 249
1679935143048 1316.0 250
1679935143667 1316.0 251
1679935143832 1316.0 252
1679935144456 1316.0 253
1679935144701 1316.0 254
1679935145344 1316.0 255
1679935145495 1316.0 256
1679935146108 1316.0 257
1679935146260 1316.0 258
1679935146888 1316.0 259
1679935147135 1316.0 260
1679935147789 1316.0 261
1679935147943 1316.0 262
1679935148563 1316.0 263
1679935148717 1316.0 264
1679935149441 1316.0 265
1679935149698 1316.0 266
1679935150351 1316.0 267
1679935150499 1316.0 268
1679935151079 1316.0 269
1679935151226 1316.0 270
1679935151839 1316.0 271
1679935152075 1316.0 272
1679935152728 1316.0 273
1679935152894 1316.0 274
1679935153609 1316.0 275
1679935153781 1316.0 276
1679935154440 1316.0 277
1679935154686 1316.0 278
1679935155351 1316.0 279
1679935155507 1316.0 280
1679935156220 1316.0 281
1679935156396 1316.0 282
1679935157115 1316.0 283
1679935157398 1316.0 284
1679935158120 1316.0 285
1679935158302 1316.0 286
1679935158998 1316.0 287
1679935159190 1316.0 288
1679935159861 1316.0 289
1679935160100 1316.0 290
1679935160718 1316.0 291
1679935160896 1316.0 292
1679935161544 1316.0 293
1679935161727 1316.0 294
1679935162446 1316.0 295
1679935162708 1316.0 296
1679935163420 1316.0 297
1679935163601 1316.0 298
1679935164328 1316.0 299
1679935164507 1316.0 300
1679935164644 1316.0 301
