1679858855851 3.669755458831787 1
1679858855994 3.7876789569854736 2
1679858856588 4.394536972045898 3
1679858856780 4.586153984069824 4
1679858857434 5.23660945892334 5
1679858857563 5.3661580085754395 6
1679858858152 5.954522609710693 7
1679858858283 6.087386608123779 8
1679858858864 6.668123245239258 9
1679858858998 6.7955780029296875 10
1679858859607 7.411218166351318 11
1679858859740 7.538213014602661 12
1679858860432 8.235531091690063 13
1679858860564 8.366187810897827 14
1679858861153 8.957521915435791 15
1679858861289 9.09269905090332 16
1679858861914 9.713535785675049 17
1679858862060 9.863052129745483 18
1679858862684 10.48662257194519 19
1679858862813 10.617478847503662 20
1679858863500 11.300559520721436 21
1679858863631 11.43602204322815 22
1679858864236 12.03456711769104 23
1679858864373 12.17662501335144 24
1679858864970 12.773533344268799 25
1679858865105 12.908533573150635 26
1679858865733 13.528501987457275 27
1679858865869 13.672619104385376 28
1679858866490 14.288519144058228 29
1679858866635 14.432079076766968 30
1679858867287 15.091089725494385 31
1679858867416 15.220000505447388 32
1679858868011 15.814018487930298 33
1679858868151 15.945996761322021 34
1679858868775 16.574528694152832 35
1679858868917 16.71150493621826 36
1679858869573 17.37101411819458 37
1679858869716 17.51548981666565 38
1679858870403 18.198007345199585 39
1679858870666 18.46052050590515 40
1679858871412 19.20651364326477 41
1679858871557 19.354667901992798 42
1679858872333 20.12878942489624 43
1679858872483 20.28155279159546 44
1679858873210 21.00501585006714 45
1679858873359 21.15046739578247 46
1679858874004 21.80355405807495 47
1679858874146 21.937685012817383 48
1679858874955 22.753949880599976 49
1679858875093 22.891880989074707 50
1679858875743 23.538562297821045 51
1679858875928 23.699374437332153 52
1679858876683 24.47750425338745 53
1679858876846 24.637687921524048 54
1679858877523 25.32752275466919 55
1679858877671 25.467534065246582 56
1679858878393 26.18749213218689 57
1679858878543 26.339046955108643 58
1679858879323 27.121968984603882 59
1679858879475 27.271956205368042 60
1679858880162 27.95721697807312 61
1679858880308 28.105849981307983 62
1679858880992 28.787561893463135 63
1679858881144 28.932528734207153 64
1679858881835 29.633530378341675 65
1679858881999 29.786036491394043 66
1679858882787 30.579493045806885 67
1679858882935 30.729747772216797 68
1679858883621 31.41502356529236 69
1679858883771 31.5641610622406 70
1679858884453 32.2466344833374 71
1679858884598 32.39472937583923 72
1679858885306 33.102591037750244 73
1679858885453 33.24752879142761 74
1679858886134 33.9315824508667 75
1679858886311 34.08198642730713 76
1679858887110 34.906485080718994 77
1679858887269 35.05658149719238 78
1679858887959 35.752795457839966 79
1679858888113 35.90513491630554 80
1679858888889 36.67047476768494 81
1679858889081 36.86316800117493 82
1679858889871 37.657675981521606 83
1679858890030 37.8219530582428 84
1679858890731 38.52438688278198 85
1679858890960 38.752570152282715 86
1679858891678 39.46949648857117 87
1679858891843 39.62200379371643 88
1679858892534 40.329307317733765 89
1679858892696 40.48148512840271 90
1679858893393 41.18972563743591 91
1679858893541 41.33557486534119 92
1679858894245 42.03947067260742 93
1679858894400 42.19449067115784 94
1679858895164 42.96004247665405 95
1679858895309 43.10247230529785 96
1679858895973 43.766008138656616 97
1679858896118 43.91299510002136 98
1679858896789 44.58210110664368 99
1679858896961 44.75057029724121 100
1679858897643 45.43962478637695 101
1679858897811 45.593143701553345 102
1679858898476 46.27146077156067 103
1679858898626 46.41948628425598 104
1679858899411 47.20547962188721 105
1679858899574 47.36311650276184 106
1679858900330 48.12119221687317 107
1679858900497 48.2859160900116 108
1679858901211 48.99750375747681 109
1679858901366 49.15495228767395 110
1679858902063 49.857422828674316 111
1679858902202 49.99899864196777 112
1679858902848 50.637974977493286 113
1679858902996 50.78766584396362 114
1679858903721 51.519261598587036 115
1679858903869 51.664406299591064 116
1679858904503 52.300503730773926 117
1679858904652 52.4479615688324 118
1679858905266 53.06340932846069 119
1679858905408 53.201948165893555 120
1679858906035 53.83241677284241 121
1679858906173 53.968985080718994 122
1679858906780 54.57661724090576 123
1679858906917 54.714882135391235 124
1679858907601 55.399746894836426 125
1679858907753 55.5391058921814 126
1679858908363 56.16067600250244 127
1679858908508 56.30440139770508 128
1679858909121 56.91743063926697 129
1679858909265 57.06202006340027 130
1679858909924 57.71802091598511 131
1679858910070 57.86789011955261 132
1679858910768 58.56390690803528 133
1679858910910 58.704911947250366 134
1679858911524 59.32136654853821 135
1679858911667 59.465496301651 136
1679858912274 60.071438789367676 137
1679858912412 60.21089720726013 138
1679858913053 60.85188317298889 139
1679858913207 60.99646830558777 140
1679858913841 61.63749408721924 141
1679858914011 61.80656671524048 142
1679858914846 62.642500162124634 143
1679858914978 62.775412797927856 144
1679858915597 63.39191675186157 145
1679858915729 63.526490688323975 146
1679858916325 64.12159037590027 147
1679858916461 64.2571804523468 148
1679858917080 64.87760186195374 149
1679858917216 65.01462435722351 150
1679858917845 65.63463687896729 151
1679858918057 65.85387754440308 152
1679858918717 66.51153469085693 153
1679858918865 66.65952110290527 154
1679858919525 67.32076668739319 155
1679858919667 67.46293234825134 156
1679858920278 68.07389855384827 157
1679858920420 68.21492004394531 158
1679858921040 68.83598518371582 159
1679858921181 68.97089648246765 160
1679858921908 69.7023651599884 161
1679858922066 69.84486699104309 162
1679858922776 70.56098794937134 163
1679858922937 70.71990752220154 164
1679858923653 71.43947982788086 165
1679858923821 71.60069632530212 166
1679858924533 72.32228970527649 167
1679858924719 72.47593832015991 168
1679858925401 73.18936324119568 169
1679858925556 73.34458756446838 170
1679858926339 74.12756514549255 171
1679858926488 74.28098678588867 172
1679858927239 75.02278923988342 173
1679858927401 75.18748259544373 174
1679858928150 75.94040942192078 175
1679858928307 76.09453272819519 176
1679858929053 76.84255790710449 177
1679858929219 76.99827814102173 178
1679858929953 77.74246025085449 179
1679858930216 78.00144743919373 180
1679858930952 78.7409291267395 181
1679858931112 78.89535355567932 182
1679858931889 79.67212176322937 183
1679858932061 79.84654569625854 184
1679858932810 80.6005654335022 185
1679858932977 80.7571804523468 186
1679858933723 81.51149535179138 187
1679858933881 81.66387414932251 188
1679858934663 82.45234799385071 189
1679858934836 82.60941982269287 190
1679858935541 83.32738733291626 191
1679858935712 83.49028086662292 192
1679858936390 84.18168449401855 193
1679858936546 84.33445072174072 194
1679858937277 85.06436347961426 195
1679858937436 85.22416591644287 196
1679858938131 85.9193263053894 197
1679858938363 86.14937353134155 198
1679858939041 86.82885575294495 199
1679858939202 86.98839235305786 200
1679858939926 87.71045446395874 201
1679858940111 87.87604451179504 202
1679858940817 88.60438466072083 203
1679858940998 88.7793960571289 204
1679858941744 89.53134202957153 205
1679858941911 89.69085264205933 206
1679858942715 90.5024824142456 207
1679858942870 90.65437507629395 208
1679858943573 91.36394667625427 209
1679858943725 91.51238965988159 210
1679858944459 92.24423408508301 211
1679858944617 92.40436148643494 212
1679858945332 93.11939311027527 213
1679858945504 93.27744388580322 214
1679858946252 94.03233051300049 215
1679858946421 94.19888424873352 216
1679858947260 95.04335474967957 217
1679858947424 95.2064425945282 218
1679858948141 95.92347645759583 219
1679858948301 96.08329272270203 220
1679858949004 96.78814768791199 221
1679858949163 96.94483709335327 222
1679858949897 97.67150735855103 223
1679858950054 97.83886909484863 224
1679858950826 98.61735582351685 225
1679858950992 98.7706139087677 226
1679858951683 99.46485567092896 227
1679858951900 99.66384434700012 228
1679858952563 100.35431265830994 229
1679858952720 100.50854134559631 230
1679858953384 101.17384624481201 231
1679858953528 101.31928157806396 232
1679858954192 101.9818274974823 233
1679858954345 102.1378219127655 234
1679858955150 102.93484568595886 235
1679858955309 103.09440207481384 236
1679858956041 103.82636642456055 237
1679858956230 103.98331356048584 238
1679858956999 104.7823657989502 239
1679858957170 104.94983959197998 240
1679858957886 105.6648530960083 241
1679858958051 105.83286213874817 242
1679858958814 106.60281777381897 243
1679858958975 106.75950241088867 244
1679858959707 107.49933910369873 245
1679858959856 107.64490127563477 246
1679858960485 108.27636241912842 247
1679858960625 108.41734552383423 248
1679858961247 109.03433299064636 249
1679858961393 109.17935824394226 250
1679858962020 109.81077885627747 251
1679858962196 109.9628164768219 252
1679858962915 110.70825958251953 253
1679858963057 110.84852480888367 254
1679858963798 111.5659704208374 255
1679858963960 111.74842429161072 256
1679858964685 112.46580028533936 257
1679858964842 112.62461853027344 258
1679858965502 113.29480314254761 259
1679858965638 113.43037819862366 260
1679858966305 114.09710693359375 261
1679858966447 114.23740983009338 262
1679858967067 114.8573203086853 263
1679858967233 115.01126909255981 264
1679858967863 115.65526270866394 265
1679858968009 115.80227947235107 266
1679858968623 116.41580629348755 267
1679858968767 116.56075096130371 268
1679858969405 117.19580364227295 269
1679858969547 117.34058117866516 270
1679858970240 118.03225755691528 271
1679858970390 118.17886567115784 272
1679858971005 118.79576587677002 273
1679858971152 118.94300603866577 274
1679858971771 119.56377005577087 275
1679858971921 119.71030688285828 276
1679858972560 120.35267353057861 277
1679858972725 120.50278997421265 278
1679858973433 121.22526359558105 279
1679858973578 121.37132167816162 280
1679858974289 122.07740664482117 281
1679858974430 122.22324538230896 282
1679858975050 122.84344220161438 283
1679858975187 122.97973370552063 284
1679858975815 123.60325026512146 285
1679858975980 123.76476049423218 286
1679858976610 124.39994978904724 287
1679858976763 124.54829216003418 288
1679858977457 125.24801325798035 289
1679858977612 125.39877104759216 290
1679858978311 126.10227942466736 291
1679858978452 126.24274969100952 292
1679858979057 126.84927463531494 293
1679858979200 126.99089360237122 294
1679858979794 127.5822696685791 295
1679858979943 127.72735905647278 296
1679858980609 128.4007134437561 297
1679858980758 128.54857850074768 298
1679858981357 129.14932870864868 299
1679858981504 129.29451203346252 300
1679858981612 129.40470671653748 301
