1679938589780 0.0 1
1679938589990 0.0 2
1679938591163 0.0 3
1679938591355 0.0 4
1679938592562 0.0 5
1679938592745 0.0 6
1679938594006 0.0 7
1679938594162 0.0 8
1679938595193 0.0 9
1679938595396 0.0 10
1679938596619 0.0 11
1679938596774 0.0 12
1679938597786 0.0 13
1679938597979 0.0 14
1679938599179 0.0 15
1679938599354 0.0 16
1679938600522 0.0 17
1679938600737 0.0 18
1679938601851 0.0 19
1679938602047 0.0 20
1679938603127 0.0 21
1679938603337 0.0 22
1679938604477 0.0 23
1679938604727 0.0 24
1679938605899 0.0 25
1679938606105 0.0 26
1679938607268 0.0 27
1679938607455 0.0 28
1679938608550 0.0 29
1679938608788 0.0 30
1679938610049 0.0 31
1679938610204 0.0 32
1679938611359 0.0 33
1679938611610 0.0 34
1679938612902 0.0 35
1679938613071 0.0 36
1679938614224 0.0 37
1679938614413 0.0 38
1679938615571 0.0 39
1679938615725 0.0 40
1679938616935 0.0 41
1679938617200 0.0 42
1679938618473 0.0 43
1679938618698 0.0 44
1679938619974 0.0 45
1679938620168 0.0 46
1679938621440 0.0 47
1679938621619 0.0 48
1679938622795 0.0 49
1679938622990 0.0 50
1679938624208 0.0 51
1679938624366 0.0 52
1679938625487 0.0 53
1679938625726 0.0 54
1679938626965 0.0 55
1679938627244 0.0 56
1679938628317 0.0 57
1679938628505 0.0 58
1679938629752 0.0 59
1679938629932 0.0 60
1679938631050 0.0 61
1679938631253 0.0 62
1679938632602 0.0 63
1679938632772 0.0 64
1679938633876 0.0 65
1679938634067 0.0 66
1679938635316 0.0 67
1679938635487 0.0 68
1679938636589 0.0 69
1679938636796 0.0 70
1679938638119 0.0 71
1679938638346 0.0 72
1679938639549 0.0 73
1679938639794 0.0 74
1679938641220 0.0 75
1679938641424 0.0 76
1679938642661 0.0 77
1679938642857 0.0 78
1679938644006 0.0 79
1679938644184 0.0 80
1679938645239 0.0 81
1679938645431 0.0 82
1679938646532 0.0 83
1679938646695 0.0 84
1679938647755 0.0 85
1679938647984 0.0 86
1679938649334 0.0 87
1679938649507 0.0 88
1679938650623 0.0 89
1679938650831 0.0 90
1679938652023 0.0 91
1679938652190 0.0 92
1679938653365 0.0 93
1679938653559 0.0 94
1679938654745 0.0 95
1679938654907 0.0 96
1679938656007 0.0 97
1679938656245 0.0 98
1679938657420 0.0 99
1679938657592 0.0 100
1679938658700 0.0 101
1679938658901 0.0 102
1679938660319 0.0 103
1679938660509 0.0 104
1679938661722 0.0 105
1679938661907 0.0 106
1679938663195 0.0 107
1679938663362 0.0 108
1679938664409 0.0 109
1679938664625 0.0 110
1679938665804 0.0 111
1679938665981 0.0 112
1679938667055 0.0 113
1679938667229 0.0 114
1679938668362 0.0 115
1679938668533 0.0 116
1679938669611 0.0 117
1679938669855 0.0 118
1679938670991 0.0 119
1679938671183 0.0 120
1679938672259 0.0 121
1679938672438 0.0 122
1679938673568 0.0 123
1679938673732 0.0 124
1679938675004 0.0 125
1679938675210 0.0 126
1679938676336 0.0 127
1679938676584 0.0 128
1679938677658 0.0 129
1679938677863 0.0 130
1679938678993 0.0 131
1679938679176 0.0 132
1679938680251 0.0 133
1679938680459 0.0 134
1679938681643 0.0 135
1679938681853 0.0 136
1679938682948 0.0 137
1679938683157 0.0 138
1679938684382 0.0 139
1679938684593 0.0 140
1679938685837 0.0 141
1679938686053 0.0 142
1679938687215 0.0 143
1679938687389 0.0 144
1679938688470 0.0 145
1679938688667 0.0 146
1679938689959 0.0 147
1679938690133 0.0 148
1679938691330 0.0 149
1679938691544 0.0 150
1679938692659 0.0 151
1679938692830 0.0 152
1679938693865 0.0 153
1679938694074 0.0 154
1679938695215 0.0 155
1679938695379 0.0 156
1679938696488 0.0 157
1679938696696 0.0 158
1679938698040 0.0 159
1679938698215 0.0 160
1679938699372 0.0 161
1679938699575 0.0 162
1679938700793 0.0 163
1679938700988 0.0 164
1679938702178 0.0 165
1679938702403 0.0 166
1679938703712 0.0 167
1679938703900 0.0 168
1679938705209 0.0 169
1679938705446 0.0 170
1679938706722 0.0 171
1679938706899 0.0 172
1679938707990 0.0 173
1679938708199 0.0 174
1679938709385 0.0 175
1679938709569 0.0 176
1679938710635 0.0 177
1679938710852 0.0 178
1679938712145 0.0 179
1679938712317 0.0 180
1679938713441 0.0 181
1679938713650 0.0 182
1679938714919 0.0 183
1679938715098 0.0 184
1679938716225 0.0 185
1679938716447 0.0 186
1679938717641 0.0 187
1679938717819 0.0 188
1679938718952 0.0 189
1679938719255 0.0 190
1679938720550 0.0 191
1679938720753 0.0 192
1679938721895 0.0 193
1679938722156 0.0 194
1679938723438 0.0 195
1679938723648 0.0 196
1679938724798 0.0 197
1679938724996 0.0 198
1679938726133 0.0 199
1679938726312 0.0 200
1679938727472 0.0 201
1679938727682 0.0 202
1679938728780 0.0 203
1679938728984 0.0 204
1679938730320 0.0 205
1679938730546 0.0 206
1679938731875 0.0 207
1679938732056 0.0 208
1679938733264 0.0 209
1679938733468 0.0 210
1679938734780 0.0 211
1679938734955 0.0 212
1679938736142 0.0 213
1679938736380 0.0 214
1679938737689 0.0 215
1679938737917 0.0 216
1679938739023 0.0 217
1679938739263 0.0 218
1679938740493 0.0 219
1679938740676 0.0 220
1679938742210 0.0 221
1679938742588 0.0 222
1679938744114 0.0 223
1679938744373 0.0 224
1679938745732 0.0 225
1679938745915 0.0 226
1679938747119 0.0 227
1679938747310 0.0 228
1679938748605 0.0 229
1679938748790 0.0 230
1679938750063 0.0 231
1679938750323 0.0 232
1679938751676 0.0 233
1679938751904 0.0 234
1679938753099 0.0 235
1679938753308 0.0 236
1679938754556 0.0 237
1679938754772 0.0 238
1679938755954 0.0 239
1679938756220 0.0 240
1679938757690 0.0 241
1679938757877 0.0 242
1679938759087 0.0 243
1679938759316 0.0 244
1679938760558 0.0 245
1679938760730 0.0 246
1679938761831 0.0 247
1679938762077 0.0 248
1679938763243 0.0 249
1679938763426 0.0 250
1679938764584 0.0 251
1679938764906 0.0 252
1679938766107 0.0 253
1679938766277 0.0 254
1679938767441 0.0 255
1679938767702 0.0 256
1679938768936 0.0 257
1679938769122 0.0 258
1679938770196 0.0 259
1679938770419 0.0 260
1679938771696 0.0 261
1679938772004 0.0 262
1679938773270 0.0 263
1679938773490 0.0 264
1679938774706 0.0 265
1679938774906 0.0 266
1679938776031 0.0 267
1679938776235 0.0 268
1679938777437 0.0 269
1679938777616 0.0 270
1679938778760 0.0 271
1679938778975 0.0 272
1679938780352 0.0 273
1679938780530 0.0 274
1679938781636 0.0 275
1679938781915 0.0 276
1679938783162 0.0 277
1679938783339 0.0 278
1679938784556 0.0 279
1679938784765 0.0 280
1679938785871 0.0 281
1679938786040 0.0 282
1679938787249 0.0 283
1679938787474 0.0 284
1679938788663 0.0 285
1679938788830 0.0 286
1679938789936 0.0 287
1679938790179 0.0 288
1679938791375 0.0 289
1679938791550 0.0 290
1679938792679 0.0 291
1679938792866 0.0 292
1679938794205 0.0 293
1679938794401 0.0 294
1679938795493 0.0 295
1679938795716 0.0 296
1679938796907 0.0 297
1679938797127 0.0 298
1679938798402 0.0 299
1679938798624 0.0 300
1679938798794 0.0 301
