1679776805492 51.79811475366675 1
1679776806340 47.01565931476748 3
1679776807265 46.29922886706589 5
1679776808071 29.71990493834494 7
1679776808925 11.058850190531109 9
1679776809736 6.118074566046681 11
1679776810524 4.049817989457546 13
1679776811322 3.171094970038746 15
1679776812107 2.605737968726408 17
1679776812893 2.741952212704939 19
1679776813685 2.164464930289206 21
1679776814523 1.7971193063915096 23
1679776815432 1.5477149461712478 25
1679776816296 1.4350754165152397 27
1679776817083 1.3087967270825518 29
1679776817872 1.2192103815033237 31
1679776818679 1.1206604700813236 33
1679776819576 0.9271799087772059 35
1679776820410 1.094957901984403 37
1679776821215 0.9472067497439923 39
1679776822096 1.0218635872326771 41
1679776822978 0.8105562775887996 43
1679776823862 0.8499955277989133 45
1679776824800 0.7801565982948853 47
1679776825670 0.7755870722481534 49
1679776826536 0.8083408675701631 51
1679776827453 0.7619883570442327 53
1679776828371 0.7249729173079142 55
1679776829192 0.744253497972276 57
1679776830041 1.2107431182893464 59
1679776830827 0.665518789546168 61
1679776831608 0.6765512231410001 63
1679776832521 0.6064933563028593 65
1679776833333 0.5696199127335302 67
1679776834177 0.6217068590929649 69
1679776835024 0.5292105981779994 71
1679776835844 0.4946360360319715 73
1679776836660 0.4550934992412063 75
1679776837528 0.5122808888774142 77
1679776838353 0.43446536096312977 79
1679776839153 0.4843887185677076 81
1679776839965 0.46150483624031763 83
1679776840884 0.48260921253243 85
1679776841712 0.4205385140937517 87
1679776842565 0.44529528599091156 89
1679776843400 0.40617858944863444 91
1679776844216 0.7730078115700074 93
1679776845151 0.5004953296050696 95
1679776845969 0.4618119871831181 97
1679776846797 0.39484976730005045 99
1679776847651 0.414395136351493 101
1679776848471 0.4234066059280809 103
1679776849272 0.5047079064349712 105
1679776850089 0.3199808496433477 107
1679776850908 0.39407051177479874 109
1679776851765 0.37055348646635594 111
1679776852702 0.30360937766798096 113
1679776853633 0.28089450351644457 115
1679776854518 0.27555447895461577 117
1679776855408 0.3321318128522603 119
1679776856315 0.22596270435990629 121
1679776857173 0.2700124110343883 123
1679776858108 0.3357187466904405 125
1679776858939 0.3227871675444741 127
1679776859775 0.2592186065271653 129
1679776860628 0.2339920174949405 131
1679776861532 0.2290497564124545 133
1679776862377 0.22001480222211967 135
1679776863320 0.21047189446552472 137
1679776864188 0.2059006562664449 139
1679776865051 0.23310591539335548 141
1679776865918 0.2355017360310444 143
1679776866886 0.2387062084296745 145
1679776867733 0.1972692689253078 147
1679776868633 0.21632161026021365 149
1679776869501 0.2207898612786701 151
1679776870362 0.22573767809918194 153
1679776871242 0.20303831306059433 155
1679776872066 0.2508154698578314 157
1679776872871 0.20405057023614437 159
1679776873707 0.22488588103206095 161
1679776874563 0.23122075147240384 163
1679776875440 0.19836012978122755 165
1679776876277 0.19849802239994316 167
1679776877150 0.19654746743846765 169
1679776878003 0.17682487358533908 171
1679776878912 0.18523240925505619 173
1679776879850 0.18150958189198785 175
1679776880685 0.18608919624549664 177
1679776881530 0.22504786711579056 179
1679776882440 0.21804531994269225 181
1679776883374 0.18791975914176476 183
1679776884426 0.17099863461330495 185
1679776885330 0.18240740860644225 187
1679776886221 0.2030987050926906 189
1679776887097 0.196053706621371 191
1679776887987 0.17544461199670455 193
1679776888858 0.1698940108947359 195
1679776889738 0.18131588522368763 197
1679776890571 0.16610194862830513 199
1679776891395 0.15762359916420915 201
1679776892269 0.1760338794081342 203
1679776893211 0.17120862696299122 205
1679776894046 0.18318940949768853 207
1679776894948 0.16526492990226185 209
1679776895816 0.17622146913420464 211
1679776896652 0.15381156946560098 213
1679776897592 0.16089868848645128 215
1679776898502 0.16178824895432883 217
1679776899344 0.155595306260824 219
1679776900227 0.16410828231606162 221
1679776901074 0.16017046738226084 223
1679776901954 0.1714309056479952 225
1679776902802 0.16031219366754482 227
1679776903671 0.17025622177428684 229
1679776904525 0.15841210741860906 231
1679776905408 0.15875412096631222 233
1679776906383 0.1654047322818073 235
1679776907252 0.15235383577561676 237
1679776908139 0.1586616599579653 239
1679776908992 0.1597082922186988 241
1679776909820 0.15044178829470664 243
1679776910809 0.15615099269679517 245
1679776911648 0.15437024336770236 247
1679776912465 0.1588285375740846 249
1679776913319 0.1553422980119574 251
1679776914260 0.15221515728604465 253
1679776915208 0.1555313152693062 255
1679776916158 0.17667065227829065 257
1679776917052 0.14899709957599916 259
1679776917949 0.15636152696238606 261
1679776918805 0.1601460023744768 263
1679776919783 0.14574813065859907 265
1679776920657 0.14896861430129957 267
1679776921571 0.15790345664858485 269
1679776922430 0.1497689890398761 271
1679776923279 0.16067735199231653 273
1679776924158 0.15429986099789894 275
1679776925130 0.14573623464026195 277
1679776925994 0.146397033167554 279
1679776926885 0.15150028647224745 281
1679776927740 0.15580149791957307 283
1679776928601 0.1585489677915804 285
1679776929442 0.16354203237932174 287
1679776930344 0.15255608226969147 289
1679776931181 0.14598921788888333 291
1679776932050 0.15594502454664524 293
1679776932987 0.15453074312881315 295
1679776933830 0.14767224094058137 297
1679776934685 0.14863594017245815 299
