1679773531336 0.0 1
1679773531575 0.0 2
1679773532507 0.0 3
1679773532683 0.0 4
1679773533552 0.0 5
1679773533717 0.0 6
1679773534638 0.0 7
1679773534897 0.0 8
1679773535791 0.0 9
1679773535954 0.0 10
1679773536843 0.0 11
1679773537014 0.0 12
1679773537882 0.0 13
1679773538117 0.0 14
1679773538954 0.0 15
1679773539112 0.0 16
1679773539979 0.0 17
1679773540144 0.0 18
1679773541023 0.0 19
1679773541279 0.0 20
1679773542134 0.0 21
1679773542310 0.0 22
1679773543216 0.0 23
1679773543391 0.0 24
1679773544306 0.0 25
1679773544567 0.0 26
1679773545477 0.0 27
1679773545655 0.0 28
1679773546555 0.0 29
1679773546714 0.0 30
1679773547616 0.0 31
1679773547882 0.0 32
1679773548769 0.0 33
1679773548937 0.0 34
1679773549822 0.0 35
1679773550015 0.0 36
1679773551007 0.0 37
1679773551318 0.0 38
1679773552460 0.0 39
1679773552660 0.0 40
1679773553649 0.0 41
1679773553840 0.0 42
1679773554882 0.0 43
1679773555173 0.0 44
1679773556182 0.0 45
1679773556379 0.0 46
1679773557360 0.0 47
1679773557552 0.0 48
1679773558509 0.0 49
1679773558789 0.0 50
1679773559760 0.0 51
1679773559942 0.0 52
1679773560881 0.0 53
1679773561050 0.0 54
1679773561958 0.0 55
1679773562211 0.0 56
1679773563137 0.0 57
1679773563307 0.0 58
1679773564232 0.0 59
1679773564441 0.0 60
1679773565354 0.0 61
1679773565602 0.0 62
1679773566539 0.0 63
1679773566726 0.0 64
1679773567664 0.0 65
1679773567847 0.0 66
1679773568799 0.0 67
1679773569072 0.0 68
1679773570004 0.0 69
1679773570205 0.0 70
1679773571181 0.0 71
1679773571382 0.0 72
1679773572296 0.0 73
1679773572540 0.0 74
1679773573393 0.0 75
1679773573552 0.0 76
1679773574474 0.0 77
1679773574650 0.0 78
1679773575575 0.0 79
1679773575847 0.0 80
1679773576797 0.0 81
1679773576970 0.0 82
1679773577875 0.0 83
1679773578045 0.0 84
1679773578943 0.0 85
1679773579189 0.0 86
1679773580093 0.0 87
1679773580267 0.0 88
1679773581171 0.0 89
1679773581361 0.0 90
1679773582264 0.0 91
1679773582519 0.0 92
1679773583417 0.0 93
1679773583591 0.0 94
1679773584496 0.0 95
1679773584665 0.0 96
1679773585544 0.0 97
1679773585786 0.0 98
1679773586711 0.0 99
1679773586884 0.0 100
1679773587733 0.0 101
1679773587901 0.0 102
1679773588786 0.0 103
1679773589031 0.0 104
1679773589952 0.0 105
1679773590116 0.0 106
1679773590963 0.0 107
1679773591126 0.0 108
1679773591988 0.0 109
1679773592259 0.0 110
1679773593107 0.0 111
1679773593266 0.0 112
1679773594164 0.0 113
1679773594332 0.0 114
1679773595209 0.0 115
1679773595448 0.0 116
1679773596318 0.0 117
1679773596489 0.0 118
1679773597372 0.0 119
1679773597569 0.0 120
1679773598445 0.0 121
1679773598699 0.0 122
1679773599579 0.0 123
1679773599743 0.0 124
1679773600639 0.0 125
1679773600816 0.0 126
1679773601726 0.0 127
1679773601974 0.0 128
1679773602895 0.0 129
1679773603098 0.0 130
1679773603983 0.0 131
1679773604161 0.0 132
1679773605049 0.0 133
1679773605295 0.0 134
1679773606198 0.0 135
1679773606369 0.0 136
1679773607312 0.0 137
1679773607490 0.0 138
1679773608409 0.0 139
1679773608686 0.0 140
1679773609577 0.0 141
1679773609748 0.0 142
1679773610585 0.0 143
1679773610759 0.0 144
1679773611702 0.0 145
1679773611948 0.0 146
1679773612816 0.0 147
1679773612979 0.0 148
1679773613811 0.0 149
1679773614002 0.0 150
1679773614927 0.0 151
1679773615177 0.0 152
1679773616129 0.0 153
1679773616308 0.0 154
1679773617211 0.0 155
1679773617384 0.0 156
1679773618299 0.0 157
1679773618562 0.0 158
1679773619505 0.0 159
1679773619682 0.0 160
1679773620625 0.0 161
1679773620802 0.0 162
1679773621741 0.0 163
1679773621997 0.0 164
1679773622926 0.0 165
1679773623112 0.0 166
1679773624032 0.0 167
1679773624210 0.0 168
1679773625154 0.0 169
1679773625442 0.0 170
1679773626365 0.0 171
1679773626534 0.0 172
1679773627429 0.0 173
1679773627598 0.0 174
1679773628477 0.0 175
1679773628744 0.0 176
1679773629661 0.0 177
1679773629833 0.0 178
1679773630689 0.0 179
1679773630885 0.0 180
1679773631781 0.0 181
1679773632030 0.0 182
1679773632884 0.0 183
1679773633050 0.0 184
1679773633928 0.0 185
1679773634114 0.0 186
1679773635004 0.0 187
1679773635253 0.0 188
1679773636127 0.0 189
1679773636335 0.0 190
1679773637230 0.0 191
1679773637406 0.0 192
1679773638366 0.0 193
1679773638627 0.0 194
1679773639530 0.0 195
1679773639743 0.0 196
1679773640699 0.0 197
1679773640878 0.0 198
1679773641823 0.0 199
1679773642111 0.0 200
1679773643041 0.0 201
1679773643218 0.0 202
1679773644139 0.0 203
1679773644316 0.0 204
1679773645208 0.0 205
1679773645475 0.0 206
1679773646366 0.0 207
1679773646540 0.0 208
1679773647464 0.0 209
1679773647690 0.0 210
1679773648594 0.0 211
1679773648849 0.0 212
1679773649761 0.0 213
1679773649951 0.0 214
1679773650848 0.0 215
1679773651043 0.0 216
1679773651994 0.0 217
1679773652251 0.0 218
1679773653150 0.0 219
1679773653364 0.0 220
1679773654275 0.0 221
1679773654470 0.0 222
1679773655392 0.0 223
1679773655663 0.0 224
1679773656602 0.0 225
1679773656786 0.0 226
1679773657680 0.0 227
1679773657858 0.0 228
1679773658769 0.0 229
1679773659043 0.0 230
1679773659963 0.0 231
1679773660141 0.0 232
1679773661081 0.0 233
1679773661259 0.0 234
1679773662159 0.0 235
1679773662418 0.0 236
1679773663311 0.0 237
1679773663497 0.0 238
1679773664403 0.0 239
1679773664616 0.0 240
1679773665554 0.0 241
1679773665811 0.0 242
1679773666731 0.0 243
1679773666910 0.0 244
1679773667775 0.0 245
1679773667951 0.0 246
1679773668861 0.0 247
1679773669117 0.0 248
1679773670011 0.0 249
1679773670212 0.0 250
1679773671084 0.0 251
1679773671272 0.0 252
1679773672147 0.0 253
1679773672402 0.0 254
1679773673264 0.0 255
1679773673435 0.0 256
1679773674352 0.0 257
1679773674535 0.0 258
1679773675429 0.0 259
1679773675717 0.0 260
1679773676636 0.0 261
1679773676814 0.0 262
1679773677710 0.0 263
1679773677887 0.0 264
1679773678804 0.0 265
1679773679083 0.0 266
1679773680005 0.0 267
1679773680189 0.0 268
1679773681113 0.0 269
1679773681314 0.0 270
1679773682245 0.0 271
1679773682516 0.0 272
1679773683455 0.0 273
1679773683634 0.0 274
1679773684541 0.0 275
1679773684735 0.0 276
1679773685635 0.0 277
1679773685889 0.0 278
1679773686798 0.0 279
1679773686988 0.0 280
1679773687904 0.0 281
1679773688076 0.0 282
1679773688989 0.0 283
1679773689244 0.0 284
1679773690143 0.0 285
1679773690312 0.0 286
1679773691158 0.0 287
1679773691336 0.0 288
1679773692206 0.0 289
1679773692466 0.0 290
1679773693333 0.0 291
1679773693506 0.0 292
1679773694415 0.0 293
1679773694593 0.0 294
1679773695533 0.0 295
1679773695803 0.0 296
1679773696731 0.0 297
1679773696908 0.0 298
1679773697830 0.0 299
1679773698024 0.0 300
1679773698152 0.0 301
