1679773531348 0.003906726837158203 1
1679773531587 0.003906726837158203 2
1679773532518 0.003906726837158203 3
1679773532695 0.003906726837158203 4
1679773533564 0.003906726837158203 5
1679773533727 0.003906726837158203 6
1679773534650 0.003906726837158203 7
1679773534910 0.003906726837158203 8
1679773535802 0.003906726837158203 9
1679773535969 0.003906726837158203 10
1679773536855 0.003906726837158203 11
1679773537025 0.003906726837158203 12
1679773537892 0.003906726837158203 13
1679773538129 0.003906726837158203 14
1679773538965 0.003906726837158203 15
1679773539124 0.003906726837158203 16
1679773539990 0.003906726837158203 17
1679773540155 0.003906726837158203 18
1679773541040 0.003906726837158203 19
1679773541290 0.003906726837158203 20
1679773542152 0.003906726837158203 21
1679773542321 0.003906726837158203 22
1679773543227 0.003906726837158203 23
1679773543408 0.003906726837158203 24
1679773544318 0.003906726837158203 25
1679773544578 0.003906726837158203 26
1679773545495 0.003906726837158203 27
1679773545667 0.003906726837158203 28
1679773546566 0.003906726837158203 29
1679773546725 0.003906726837158203 30
1679773547628 0.003906726837158203 31
1679773547895 0.003906726837158203 32
1679773548780 0.003906726837158203 33
1679773548948 0.003906726837158203 34
1679773549834 0.003906726837158203 35
1679773550026 0.003906726837158203 36
1679773551021 0.003906726837158203 37
1679773551330 0.003906726837158203 38
1679773552472 0.003906726837158203 39
1679773552673 0.003906726837158203 40
1679773553664 0.003906726837158203 41
1679773553856 0.003906726837158203 42
1679773554896 0.003906726837158203 43
1679773555187 0.003906726837158203 44
1679773556194 0.003906726837158203 45
1679773556391 0.003906726837158203 46
1679773557373 0.003906726837158203 47
1679773557564 0.003906726837158203 48
1679773558521 0.003906726837158203 49
1679773558801 0.003906726837158203 50
1679773559771 0.003906726837158203 51
1679773559957 0.003906726837158203 52
1679773560890 0.003906726837158203 53
1679773561060 0.003906726837158203 54
1679773561969 0.003906726837158203 55
1679773562226 0.003906726837158203 56
1679773563148 0.003906726837158203 57
1679773563317 0.003906726837158203 58
1679773564245 0.003906726837158203 59
1679773564451 0.003906726837158203 60
1679773565365 0.003906726837158203 61
1679773565613 0.003906726837158203 62
1679773566551 0.003906726837158203 63
1679773566738 0.003906726837158203 64
1679773567677 0.003906726837158203 65
1679773567863 0.003906726837158203 66
1679773568811 0.003906726837158203 67
1679773569085 0.003906726837158203 68
1679773570015 0.003906726837158203 69
1679773570216 0.003906726837158203 70
1679773571197 0.003906726837158203 71
1679773571392 0.003906726837158203 72
1679773572307 0.003906726837158203 73
1679773572553 0.003906726837158203 74
1679773573404 0.003906726837158203 75
1679773573563 0.003906726837158203 76
1679773574486 0.003906726837158203 77
1679773574663 0.003906726837158203 78
1679773575587 0.003906726837158203 79
1679773575859 0.003906726837158203 80
1679773576808 0.003906726837158203 81
1679773576981 0.003906726837158203 82
1679773577887 0.003906726837158203 83
1679773578056 0.003906726837158203 84
1679773578953 0.003906726837158203 85
1679773579200 0.003906726837158203 86
1679773580105 0.003906726837158203 87
1679773580278 0.003906726837158203 88
1679773581183 0.003906726837158203 89
1679773581376 0.003906726837158203 90
1679773582276 0.003906726837158203 91
1679773582531 0.003906726837158203 92
1679773583430 0.003906726837158203 93
1679773583601 0.003906726837158203 94
1679773584509 0.003906726837158203 95
1679773584676 0.003906726837158203 96
1679773585555 0.003906726837158203 97
1679773585805 0.003906726837158203 98
1679773586722 0.003906726837158203 99
1679773586896 0.003906726837158203 100
1679773587742 0.003906726837158203 101
1679773587912 0.003906726837158203 102
1679773588798 0.003906726837158203 103
1679773589041 0.003906726837158203 104
1679773589965 0.003906726837158203 105
1679773590126 0.003906726837158203 106
1679773590972 0.003906726837158203 107
1679773591136 0.003906726837158203 108
1679773592001 0.003906726837158203 109
1679773592270 0.003906726837158203 110
1679773593118 0.003906726837158203 111
1679773593276 0.003906726837158203 112
1679773594177 0.003906726837158203 113
1679773594343 0.003906726837158203 114
1679773595219 0.003906726837158203 115
1679773595460 0.003906726837158203 116
1679773596330 0.003906726837158203 117
1679773596500 0.003906726837158203 118
1679773597383 0.003906726837158203 119
1679773597580 0.003906726837158203 120
1679773598456 0.003906726837158203 121
1679773598710 0.003906726837158203 122
1679773599590 0.003906726837158203 123
1679773599755 0.003906726837158203 124
1679773600650 0.003906726837158203 125
1679773600829 0.003906726837158203 126
1679773601737 0.003906726837158203 127
1679773601988 0.003906726837158203 128
1679773602906 0.003906726837158203 129
1679773603110 0.003906726837158203 130
1679773604001 0.003906726837158203 131
1679773604172 0.003906726837158203 132
1679773605059 0.003906726837158203 133
1679773605306 0.003906726837158203 134
1679773606210 0.003906726837158203 135
1679773606381 0.003906726837158203 136
1679773607322 0.003906726837158203 137
1679773607501 0.003906726837158203 138
1679773608420 0.003906726837158203 139
1679773608697 0.003906726837158203 140
1679773609589 0.003906726837158203 141
1679773609757 0.003906726837158203 142
1679773610596 0.003906726837158203 143
1679773610771 0.003906726837158203 144
1679773611711 0.003906726837158203 145
1679773611959 0.003906726837158203 146
1679773612826 0.003906726837158203 147
1679773612990 0.003906726837158203 148
1679773613825 0.003906726837158203 149
1679773614014 0.003906726837158203 150
1679773614938 0.003906726837158203 151
1679773615188 0.003906726837158203 152
1679773616140 0.003906726837158203 153
1679773616321 0.003906726837158203 154
1679773617224 0.003906726837158203 155
1679773617397 0.003906726837158203 156
1679773618311 0.003906726837158203 157
1679773618572 0.003906726837158203 158
1679773619515 0.003906726837158203 159
1679773619698 0.003906726837158203 160
1679773620638 0.003906726837158203 161
1679773620814 0.003906726837158203 162
1679773621752 0.003906726837158203 163
1679773622009 0.003906726837158203 164
1679773622938 0.003906726837158203 165
1679773623122 0.003906726837158203 166
1679773624045 0.003906726837158203 167
1679773624221 0.003906726837158203 168
1679773625168 0.003906726837158203 169
1679773625453 0.003906726837158203 170
1679773626374 0.003906726837158203 171
1679773626545 0.003906726837158203 172
1679773627441 0.003906726837158203 173
1679773627609 0.003906726837158203 174
1679773628489 0.003906726837158203 175
1679773628758 0.003906726837158203 176
1679773629672 0.003906726837158203 177
1679773629845 0.003906726837158203 178
1679773630700 0.003906726837158203 179
1679773630897 0.003906726837158203 180
1679773631793 0.003906726837158203 181
1679773632040 0.003906726837158203 182
1679773632895 0.003906726837158203 183
1679773633061 0.003906726837158203 184
1679773633940 0.003906726837158203 185
1679773634126 0.003906726837158203 186
1679773635014 0.003906726837158203 187
1679773635267 0.003906726837158203 188
1679773636138 0.003906726837158203 189
1679773636347 0.003906726837158203 190
1679773637241 0.003906726837158203 191
1679773637417 0.003906726837158203 192
1679773638378 0.003906726837158203 193
1679773638639 0.003906726837158203 194
1679773639544 0.003906726837158203 195
1679773639762 0.003906726837158203 196
1679773640712 0.003906726837158203 197
1679773640889 0.003906726837158203 198
1679773641838 0.003906726837158203 199
1679773642122 0.003906726837158203 200
1679773643053 0.003906726837158203 201
1679773643229 0.003906726837158203 202
1679773644150 0.003906726837158203 203
1679773644327 0.003906726837158203 204
1679773645220 0.003906726837158203 205
1679773645486 0.003906726837158203 206
1679773646378 0.003906726837158203 207
1679773646550 0.003906726837158203 208
1679773647474 0.003906726837158203 209
1679773647702 0.003906726837158203 210
1679773648606 0.003906726837158203 211
1679773648861 0.003906726837158203 212
1679773649772 0.003906726837158203 213
1679773649962 0.003906726837158203 214
1679773650860 0.003906726837158203 215
1679773651054 0.003906726837158203 216
1679773652004 0.003906726837158203 217
1679773652262 0.003906726837158203 218
1679773653162 0.003906726837158203 219
1679773653377 0.003906726837158203 220
1679773654286 0.003906726837158203 221
1679773654481 0.003906726837158203 222
1679773655403 0.003906726837158203 223
1679773655674 0.003906726837158203 224
1679773656613 0.003906726837158203 225
1679773656796 0.003906726837158203 226
1679773657691 0.003906726837158203 227
1679773657869 0.003906726837158203 228
1679773658781 0.003906726837158203 229
1679773659054 0.003906726837158203 230
1679773659973 0.003906726837158203 231
1679773660152 0.003906726837158203 232
1679773661092 0.003906726837158203 233
1679773661271 0.003906726837158203 234
1679773662170 0.003906726837158203 235
1679773662429 0.003906726837158203 236
1679773663321 0.003906726837158203 237
1679773663509 0.003906726837158203 238
1679773664415 0.003906726837158203 239
1679773664628 0.003906726837158203 240
1679773665567 0.003906726837158203 241
1679773665821 0.003906726837158203 242
1679773666741 0.003906726837158203 243
1679773666921 0.003906726837158203 244
1679773667787 0.003906726837158203 245
1679773667962 0.003906726837158203 246
1679773668872 0.003906726837158203 247
1679773669128 0.003906726837158203 248
1679773670022 0.003906726837158203 249
1679773670223 0.003906726837158203 250
1679773671097 0.003906726837158203 251
1679773671282 0.003906726837158203 252
1679773672157 0.003906726837158203 253
1679773672415 0.003906726837158203 254
1679773673274 0.003906726837158203 255
1679773673447 0.003906726837158203 256
1679773674364 0.003906726837158203 257
1679773674547 0.003906726837158203 258
1679773675441 0.003906726837158203 259
1679773675729 0.003906726837158203 260
1679773676646 0.003906726837158203 261
1679773676823 0.003906726837158203 262
1679773677720 0.003906726837158203 263
1679773677898 0.003906726837158203 264
1679773678814 0.003906726837158203 265
1679773679094 0.003906726837158203 266
1679773680017 0.003906726837158203 267
1679773680200 0.003906726837158203 268
1679773681126 0.003906726837158203 269
1679773681325 0.003906726837158203 270
1679773682257 0.003906726837158203 271
1679773682527 0.003906726837158203 272
1679773683465 0.003906726837158203 273
1679773683644 0.003906726837158203 274
1679773684553 0.003906726837158203 275
1679773684746 0.003906726837158203 276
1679773685646 0.003906726837158203 277
1679773685900 0.003906726837158203 278
1679773686808 0.003906726837158203 279
1679773686998 0.003906726837158203 280
1679773687916 0.003906726837158203 281
1679773688086 0.003906726837158203 282
1679773689000 0.003906726837158203 283
1679773689255 0.003906726837158203 284
1679773690154 0.003906726837158203 285
1679773690322 0.003906726837158203 286
1679773691169 0.003906726837158203 287
1679773691348 0.003906726837158203 288
1679773692219 0.003906726837158203 289
1679773692477 0.003906726837158203 290
1679773693343 0.003906726837158203 291
1679773693519 0.003906726837158203 292
1679773694426 0.003906726837158203 293
1679773694604 0.003906726837158203 294
1679773695545 0.003906726837158203 295
1679773695815 0.003906726837158203 296
1679773696742 0.003906726837158203 297
1679773696920 0.003906726837158203 298
1679773697842 0.003906726837158203 299
1679773698036 0.003906726837158203 300
1679773698166 0.003906726837158203 301
