1679919008084 3996.0 1
1679919008248 3996.0 2
1679919009241 3996.0 3
1679919009394 3996.0 4
1679919010193 3996.0 5
1679919010333 3996.0 6
1679919011094 3996.0 7
1679919011238 3996.0 8
1679919012081 3996.0 9
1679919012221 3996.0 10
1679919013048 3996.0 11
1679919013232 3996.0 12
1679919014056 3996.0 13
1679919014205 3996.0 14
1679919014972 3996.0 15
1679919015119 3996.0 16
1679919015971 3996.0 17
1679919016134 3996.0 18
1679919016912 3996.0 19
1679919017059 3996.0 20
1679919017886 3996.0 21
1679919018030 3996.0 22
1679919018884 3996.0 23
1679919019047 3996.0 24
1679919019838 3996.0 25
1679919019987 3996.0 26
1679919020764 3996.0 27
1679919020914 3996.0 28
1679919021738 3996.0 29
1679919021889 3996.0 30
1679919022753 3996.0 31
1679919022900 3996.0 32
1679919023650 3996.0 33
1679919023801 3996.0 34
1679919024569 3996.0 35
1679919024737 3996.0 36
1679919025560 3996.0 37
1679919025702 3996.0 38
1679919026472 3996.0 39
1679919026627 3996.0 40
1679919027383 3996.0 41
1679919027535 3996.0 42
1679919028283 3996.0 43
1679919028512 3996.0 44
1679919029272 3996.0 45
1679919029423 3996.0 46
1679919030180 3996.0 47
1679919030335 3996.0 48
1679919031117 3996.0 49
1679919031278 3996.0 50
1679919032143 3996.0 51
1679919032292 3996.0 52
1679919033061 3996.0 53
1679919033204 3996.0 54
1679919033981 3996.0 55
1679919034144 3996.0 56
1679919034900 3996.0 57
1679919035132 3996.0 58
1679919035859 3996.0 59
1679919036008 3996.0 60
1679919036795 3996.0 61
1679919036943 3996.0 62
1679919037667 3996.0 63
1679919037814 3996.0 64
1679919038611 3996.0 65
1679919038757 3996.0 66
1679919039554 3996.0 67
1679919039697 3996.0 68
1679919040426 3996.0 69
1679919040572 3996.0 70
1679919041289 3996.0 71
1679919041573 3996.0 72
1679919042369 3996.0 73
1679919042509 3996.0 74
1679919043254 3996.0 75
1679919043407 3996.0 76
1679919044260 3996.0 77
1679919044409 3996.0 78
1679919045300 3996.0 79
1679919045456 3996.0 80
1679919046244 3996.0 81
1679919046407 3996.0 82
1679919047208 3996.0 83
1679919047361 3996.0 84
1679919048101 3996.0 85
1679919048329 3996.0 86
1679919049113 3996.0 87
1679919049279 3996.0 88
1679919050009 3996.0 89
1679919050161 3996.0 90
1679919050933 3996.0 91
1679919051087 3996.0 92
1679919051952 3996.0 93
1679919052125 3996.0 94
1679919052870 3996.0 95
1679919053018 3996.0 96
1679919053766 3996.0 97
1679919053940 3996.0 98
1679919054727 3996.0 99
1679919054956 3996.0 100
1679919055705 3996.0 101
1679919055851 3996.0 102
1679919056691 3996.0 103
1679919056850 3996.0 104
1679919057588 3996.0 105
1679919057765 3996.0 106
1679919058590 3996.0 107
1679919058743 3996.0 108
1679919059553 3996.0 109
1679919059698 3996.0 110
1679919060434 3996.0 111
1679919060579 3996.0 112
1679919061403 3996.0 113
1679919061559 3996.0 114
1679919062323 3996.0 115
1679919062471 3996.0 116
1679919063209 3996.0 117
1679919063411 3996.0 118
1679919064188 3996.0 119
1679919064340 3996.0 120
1679919065165 3996.0 121
1679919065309 3996.0 122
1679919066040 3996.0 123
1679919066189 3996.0 124
1679919066957 3996.0 125
1679919067106 3996.0 126
1679919067922 3996.0 127
1679919068068 3996.0 128
1679919068802 3996.0 129
1679919068993 3996.0 130
1679919069762 3996.0 131
1679919069910 3996.0 132
1679919070668 3996.0 133
1679919070896 3996.0 134
1679919071662 3996.0 135
1679919071820 3996.0 136
1679919072567 3996.0 137
1679919072716 3996.0 138
1679919073482 3996.0 139
1679919073638 3996.0 140
1679919074507 3996.0 141
1679919074688 3996.0 142
1679919075430 3996.0 143
1679919075584 3996.0 144
1679919076332 3996.0 145
1679919076491 3996.0 146
1679919077334 3996.0 147
1679919077485 3996.0 148
1679919078233 3996.0 149
1679919078382 3996.0 150
1679919079137 3996.0 151
1679919079292 3996.0 152
1679919080028 3996.0 153
1679919080203 3996.0 154
1679919081012 3996.0 155
1679919081179 3996.0 156
1679919081985 3996.0 157
1679919082137 3996.0 158
1679919082889 3996.0 159
1679919083041 3996.0 160
1679919083785 3996.0 161
1679919084031 3996.0 162
1679919084817 3996.0 163
1679919084970 3996.0 164
1679919085740 3996.0 165
1679919085907 3996.0 166
1679919086703 3996.0 167
1679919086855 3996.0 168
1679919087711 3996.0 169
1679919087862 3996.0 170
1679919088602 3996.0 171
1679919088754 3996.0 172
1679919089536 3996.0 173
1679919089687 3996.0 174
1679919090519 3996.0 175
1679919090671 3996.0 176
1679919091414 3996.0 177
1679919091616 3996.0 178
1679919092381 3996.0 179
1679919092532 3996.0 180
1679919093269 3996.0 181
1679919093430 3996.0 182
1679919094310 3996.0 183
1679919094461 3996.0 184
1679919095221 3996.0 185
1679919095374 3996.0 186
1679919096114 3996.0 187
1679919096267 3996.0 188
1679919097147 3996.0 189
1679919097319 3996.0 190
1679919098098 3996.0 191
1679919098249 3996.0 192
1679919099059 3996.0 193
1679919099231 3996.0 194
1679919099998 3996.0 195
1679919100156 3996.0 196
1679919100994 3996.0 197
1679919101145 3996.0 198
1679919101948 3996.0 199
1679919102102 3996.0 200
1679919102944 3996.0 201
1679919103197 3996.0 202
1679919104075 3996.0 203
1679919104237 3996.0 204
1679919104986 3996.0 205
1679919105141 3996.0 206
1679919105904 3996.0 207
1679919106085 3996.0 208
1679919106944 3996.0 209
1679919107179 3996.0 210
1679919107999 3996.0 211
1679919108177 3996.0 212
1679919108962 3996.0 213
1679919109136 3996.0 214
1679919110043 3996.0 215
1679919110225 3996.0 216
1679919111191 3996.0 217
1679919111353 3996.0 218
1679919112232 3996.0 219
1679919112389 3996.0 220
1679919113183 3996.0 221
1679919113355 3996.0 222
1679919114192 3996.0 223
1679919114437 3996.0 224
1679919115214 3996.0 225
1679919115374 3996.0 226
1679919116181 3996.0 227
1679919116356 3996.0 228
1679919117167 3996.0 229
1679919117332 3996.0 230
1679919118209 3996.0 231
1679919118407 3996.0 232
1679919119209 3996.0 233
1679919119376 3996.0 234
1679919120184 3996.0 235
1679919120335 3996.0 236
1679919121220 3996.0 237
1679919121393 3996.0 238
1679919122236 3996.0 239
1679919122395 3996.0 240
1679919123172 3996.0 241
1679919123329 3996.0 242
1679919124203 3996.0 243
1679919124361 3996.0 244
1679919125246 3996.0 245
1679919125407 3996.0 246
1679919126191 3996.0 247
1679919126365 3996.0 248
1679919127225 3996.0 249
1679919127394 3996.0 250
1679919128265 3996.0 251
1679919128532 3996.0 252
1679919129447 3996.0 253
1679919129604 3996.0 254
1679919130439 3996.0 255
1679919130623 3996.0 256
1679919131468 3996.0 257
1679919131631 3996.0 258
1679919132553 3996.0 259
1679919132716 3996.0 260
1679919133530 3996.0 261
1679919133697 3996.0 262
1679919134607 3996.0 263
1679919134767 3996.0 264
1679919135669 3996.0 265
1679919135846 3996.0 266
1679919136671 3996.0 267
1679919136837 3996.0 268
1679919137648 3996.0 269
1679919137815 3996.0 270
1679919138639 3996.0 271
1679919138813 3996.0 272
1679919139739 3996.0 273
1679919139901 3996.0 274
1679919140728 3996.0 275
1679919140907 3996.0 276
1679919141714 3996.0 277
1679919141896 3996.0 278
1679919142790 3996.0 279
1679919142953 3996.0 280
1679919143801 3996.0 281
1679919143978 3996.0 282
1679919144846 3996.0 283
1679919145026 3996.0 284
1679919145835 3996.0 285
1679919146001 3996.0 286
1679919146978 3996.0 287
1679919147140 3996.0 288
1679919147982 3996.0 289
1679919148149 3996.0 290
1679919149035 3996.0 291
1679919149249 3996.0 292
1679919150152 3996.0 293
1679919150315 3996.0 294
1679919151202 3996.0 295
1679919151393 3996.0 296
1679919152235 3996.0 297
1679919152404 3996.0 298
1679919153184 3996.0 299
1679919153357 3996.0 300
1679919153482 3996.0 301
