1679919008071 70.53634612945783 1
1679919009227 58.459781750185186 3
1679919010181 50.161513344159935 5
1679919011082 29.88455666802746 7
1679919012069 22.059942655029126 9
1679919013035 17.963161679722468 11
1679919014043 15.093328557870212 13
1679919014960 12.96510893175023 15
1679919015958 11.157963972859573 17
1679919016899 10.016800843954734 19
1679919017873 8.943495294682764 21
1679919018872 8.283829360528644 23
1679919019826 7.350128909095147 25
1679919020752 6.953738075817511 27
1679919021724 6.212573484186929 29
1679919022741 5.626255604557022 31
1679919023637 5.218648866547801 33
1679919024547 4.947315327904684 35
1679919025548 4.5932642064077935 37
1679919026459 4.147963410865087 39
1679919027371 3.927395283534843 41
1679919028271 4.103878799010335 43
1679919029259 3.500733588003392 45
1679919030168 3.3721444810015395 47
1679919031107 3.070292224621378 49
1679919032131 2.867015448408556 51
1679919033049 2.706916010103591 53
1679919033963 2.6921001223131857 55
1679919034887 2.3979495448684554 57
1679919035845 2.2128685607991985 59
1679919036781 2.329789263154396 61
1679919037656 2.0135200008712335 63
1679919038599 1.8591888053684988 65
1679919039543 1.8694007768606902 67
1679919040414 1.8124924641958537 69
1679919041276 1.7103187516261995 71
1679919042356 1.7869053964729473 73
1679919043242 1.4660678165942573 75
1679919044247 1.3638392506129144 77
1679919045286 1.3477104683118797 79
1679919046232 1.3319421934588724 81
1679919047196 1.4762205487911666 83
1679919048090 1.3171994060704364 85
1679919049099 1.1327959935881187 87
1679919049997 1.0361450675728279 89
1679919050917 1.1250388812000955 91
1679919051940 1.0523727081543959 93
1679919052859 1.2652774468199481 95
1679919053754 0.8913001615634571 97
1679919054716 0.8853736852758963 99
1679919055694 1.1167926596132551 101
1679919056679 0.8223217509852082 103
1679919057577 0.8082002382762058 105
1679919058577 0.7507907075809717 107
1679919059541 0.7679604136563658 109
1679919060423 0.7276274401735994 111
1679919061389 0.7780516045271687 113
1679919062312 0.7398303395781182 115
1679919063198 0.6839890963601116 117
1679919064176 0.6940281718738017 119
1679919065154 0.6902250503090136 121
1679919066029 0.6111128679619952 123
1679919066946 0.6269512662275083 125
1679919067911 0.5775992618127299 127
1679919068790 0.5798261712626547 129
1679919069751 0.5133523972318124 131
1679919070656 0.5608768975052989 133
1679919071650 0.5930528532552349 135
1679919072556 0.556587600865757 137
1679919073471 0.5176301079983463 139
1679919074495 0.49015659587031873 141
1679919075417 0.5570371980630547 143
1679919076319 0.5251843208410693 145
1679919077322 0.4720040806328337 147
1679919078222 0.4964593907440722 149
1679919079125 0.564381314621503 151
1679919080016 0.536064011967239 153
1679919081000 0.4980671050884565 155
1679919081973 0.5290514255338129 157
1679919082876 0.4380718696565286 159
1679919083774 0.47171111785054465 161
1679919084805 0.449145536463198 163
1679919085728 0.4449941537104408 165
1679919086689 0.42435430161558096 167
1679919087700 0.45206978324865876 169
1679919088590 0.4165121184690378 171
1679919089524 0.38990233767208765 173
1679919090505 0.42397454849219707 175
1679919091401 0.38421458047293394 177
1679919092369 0.46181003041798835 179
1679919093256 0.41684138918128105 181
1679919094297 0.42861272768126807 183
1679919095209 0.40908024858561065 185
1679919096103 0.43907958221878135 187
1679919097136 0.40981702312700297 189
1679919098085 0.4557537735609414 191
1679919099044 0.3826402725377855 193
1679919099984 0.37846355216296673 195
1679919100981 0.3526543784365065 197
1679919101937 0.3686994506140414 199
1679919102932 0.3590974068213566 201
1679919104063 0.3622136775564124 203
1679919104970 0.36276057804588474 205
1679919105891 0.36110431644854774 207
1679919106932 0.3546206961272419 209
1679919107989 0.37348364991183186 211
1679919108949 0.3690411051653237 213
1679919110029 0.3262394683394276 215
1679919111180 0.36454785295735903 217
1679919112220 0.33459858714149027 219
1679919113169 0.350744646753641 221
1679919114179 0.3335226137017909 223
1679919115201 0.35446551265723686 225
1679919116168 0.3499045230759703 227
1679919117154 0.3459553739267984 229
1679919118197 0.36607895000137225 231
1679919119197 0.3260654274701381 233
1679919120171 0.33010868767737495 235
1679919121209 0.33252590697930745 237
1679919122226 0.32110248933190283 239
1679919123160 0.32702007129012195 241
1679919124191 0.33109134849013544 243
1679919125234 0.33107511735571166 245
1679919126179 0.32196053042331985 247
1679919127212 0.3243315564363116 249
1679919128252 0.32075919616292614 251
1679919129435 0.3374753370734759 253
1679919130426 0.33053467989965674 255
1679919131454 0.34712837902498256 257
1679919132539 0.313630931130252 259
1679919133517 0.3171902410856725 261
1679919134595 0.318565650975906 263
1679919135657 0.31753833943807763 265
1679919136660 0.3475069944552306 267
1679919137637 0.33050607960891715 269
1679919138627 0.32426015072683617 271
1679919139725 0.32273864409831693 273
1679919140715 0.3355081939032824 275
1679919141699 0.31635827618882506 277
1679919142779 0.3406427066731718 279
1679919143787 0.3176820517223153 281
1679919144833 0.34147646189304526 283
1679919145823 0.30843099398786 285
1679919146966 0.31045871098449784 287
1679919147969 0.3161949022718099 289
1679919149021 0.3147581046065501 291
1679919150139 0.3036714508547023 293
1679919151187 0.300660835699405 295
1679919152219 0.31573561471895206 297
1679919153172 0.32991569961582234 299
