1679919008078 1.0 1
1679919008242 2.0 2
1679919009235 3.0 3
1679919009388 4.0 4
1679919010187 5.0 5
1679919010327 6.0 6
1679919011088 7.0 7
1679919011232 8.0 8
1679919012075 9.0 9
1679919012215 10.0 10
1679919013042 11.0 11
1679919013221 12.0 12
1679919014050 13.0 13
1679919014200 14.0 14
1679919014966 15.0 15
1679919015114 16.0 16
1679919015965 17.0 17
1679919016128 18.0 18
1679919016905 19.0 19
1679919017052 20.0 20
1679919017879 21.0 21
1679919018024 22.0 22
1679919018878 23.0 23
1679919019040 24.0 24
1679919019832 25.0 25
1679919019981 26.0 26
1679919020758 27.0 27
1679919020907 28.0 28
1679919021732 29.0 29
1679919021883 30.0 30
1679919022747 31.0 31
1679919022894 32.0 32
1679919023644 33.0 33
1679919023796 34.0 34
1679919024563 35.0 35
1679919024730 36.0 36
1679919025554 37.0 37
1679919025696 38.0 38
1679919026466 39.0 39
1679919026621 40.0 40
1679919027377 41.0 41
1679919027530 42.0 42
1679919028277 43.0 43
1679919028505 44.0 44
1679919029267 45.0 45
1679919029417 46.0 46
1679919030174 47.0 47
1679919030329 48.0 48
1679919031113 49.0 49
1679919031272 50.0 50
1679919032137 51.0 51
1679919032287 52.0 52
1679919033055 53.0 53
1679919033199 54.0 54
1679919033972 55.0 55
1679919034139 56.0 56
1679919034894 57.0 57
1679919035126 58.0 58
1679919035853 59.0 59
1679919036003 60.0 60
1679919036789 61.0 61
1679919036937 62.0 62
1679919037662 63.0 63
1679919037807 64.0 64
1679919038605 65.0 65
1679919038752 66.0 66
1679919039549 67.0 67
1679919039691 68.0 68
1679919040420 69.0 69
1679919040566 70.0 70
1679919041283 71.0 71
1679919041566 72.0 72
1679919042363 73.0 73
1679919042504 74.0 74
1679919043249 75.0 75
1679919043401 76.0 76
1679919044253 77.0 77
1679919044401 78.0 78
1679919045294 79.0 79
1679919045449 80.0 80
1679919046238 81.0 81
1679919046401 82.0 82
1679919047202 83.0 83
1679919047355 84.0 84
1679919048095 85.0 85
1679919048323 86.0 86
1679919049106 87.0 87
1679919049273 88.0 88
1679919050003 89.0 89
1679919050155 90.0 90
1679919050925 91.0 91
1679919051081 92.0 92
1679919051946 93.0 93
1679919052119 94.0 94
1679919052865 95.0 95
1679919053012 96.0 96
1679919053760 97.0 97
1679919053934 98.0 98
1679919054722 99.0 99
1679919054950 100.0 100
1679919055700 101.0 101
1679919055843 102.0 102
1679919056685 103.0 103
1679919056844 104.0 104
1679919057583 105.0 105
1679919057759 106.0 106
1679919058584 107.0 107
1679919058737 108.0 108
1679919059547 109.0 109
1679919059692 110.0 110
1679919060429 111.0 111
1679919060573 112.0 112
1679919061396 113.0 113
1679919061553 114.0 114
1679919062317 115.0 115
1679919062465 116.0 116
1679919063203 117.0 117
1679919063405 118.0 118
1679919064181 119.0 119
1679919064334 120.0 120
1679919065160 121.0 121
1679919065303 122.0 122
1679919066034 123.0 123
1679919066183 124.0 124
1679919066952 125.0 125
1679919067100 126.0 126
1679919067917 127.0 127
1679919068061 128.0 128
1679919068796 129.0 129
1679919068986 130.0 130
1679919069756 131.0 131
1679919069905 132.0 132
1679919070662 133.0 133
1679919070890 134.0 134
1679919071656 135.0 135
1679919071813 136.0 136
1679919072562 137.0 137
1679919072712 138.0 138
1679919073476 139.0 139
1679919073632 140.0 140
1679919074501 141.0 141
1679919074681 142.0 142
1679919075423 143.0 143
1679919075576 144.0 144
1679919076326 145.0 145
1679919076484 146.0 146
1679919077328 147.0 147
1679919077479 148.0 148
1679919078228 149.0 149
1679919078376 150.0 150
1679919079131 151.0 151
1679919079286 152.0 152
1679919080022 153.0 153
1679919080197 154.0 154
1679919081006 155.0 155
1679919081172 156.0 156
1679919081980 157.0 157
1679919082132 158.0 158
1679919082883 159.0 159
1679919083034 160.0 160
1679919083779 161.0 161
1679919084023 162.0 162
1679919084811 163.0 163
1679919084965 164.0 164
1679919085734 165.0 165
1679919085902 166.0 166
1679919086697 167.0 167
1679919086850 168.0 168
1679919087705 169.0 169
1679919087856 170.0 170
1679919088597 171.0 171
1679919088749 172.0 172
1679919089530 173.0 173
1679919089682 174.0 174
1679919090511 175.0 175
1679919090665 176.0 176
1679919091407 177.0 177
1679919091610 178.0 178
1679919092375 179.0 179
1679919092525 180.0 180
1679919093263 181.0 181
1679919093424 182.0 182
1679919094304 183.0 183
1679919094455 184.0 184
1679919095215 185.0 185
1679919095367 186.0 186
1679919096109 187.0 187
1679919096261 188.0 188
1679919097141 189.0 189
1679919097312 190.0 190
1679919098092 191.0 191
1679919098242 192.0 192
1679919099052 193.0 193
1679919099224 194.0 194
1679919099991 195.0 195
1679919100150 196.0 196
1679919100988 197.0 197
1679919101140 198.0 198
1679919101943 199.0 199
1679919102097 200.0 200
1679919102937 201.0 201
1679919103191 202.0 202
1679919104069 203.0 203
1679919104231 204.0 204
1679919104977 205.0 205
1679919105135 206.0 206
1679919105897 207.0 207
1679919106077 208.0 208
1679919106937 209.0 209
1679919107173 210.0 210
1679919107995 211.0 211
1679919108172 212.0 212
1679919108955 213.0 213
1679919109130 214.0 214
1679919110036 215.0 215
1679919110219 216.0 216
1679919111186 217.0 217
1679919111347 218.0 218
1679919112226 219.0 219
1679919112383 220.0 220
1679919113176 221.0 221
1679919113347 222.0 222
1679919114186 223.0 223
1679919114431 224.0 224
1679919115206 225.0 225
1679919115368 226.0 226
1679919116175 227.0 227
1679919116350 228.0 228
1679919117162 229.0 229
1679919117326 230.0 230
1679919118204 231.0 231
1679919118402 232.0 232
1679919119204 233.0 233
1679919119371 234.0 234
1679919120177 235.0 235
1679919120329 236.0 236
1679919121215 237.0 237
1679919121386 238.0 238
1679919122232 239.0 239
1679919122389 240.0 240
1679919123165 241.0 241
1679919123324 242.0 242
1679919124196 243.0 243
1679919124355 244.0 244
1679919125239 245.0 245
1679919125402 246.0 246
1679919126185 247.0 247
1679919126358 248.0 248
1679919127219 249.0 249
1679919127388 250.0 250
1679919128259 251.0 251
1679919128526 252.0 252
1679919129441 253.0 253
1679919129597 254.0 254
1679919130432 255.0 255
1679919130616 256.0 256
1679919131461 257.0 257
1679919131625 258.0 258
1679919132546 259.0 259
1679919132709 260.0 260
1679919133524 261.0 261
1679919133689 262.0 262
1679919134602 263.0 263
1679919134761 264.0 264
1679919135664 265.0 265
1679919135839 266.0 266
1679919136665 267.0 267
1679919136832 268.0 268
1679919137642 269.0 269
1679919137808 270.0 270
1679919138634 271.0 271
1679919138806 272.0 272
1679919139732 273.0 273
1679919139895 274.0 274
1679919140722 275.0 275
1679919140900 276.0 276
1679919141706 277.0 277
1679919141889 278.0 278
1679919142785 279.0 279
1679919142947 280.0 280
1679919143795 281.0 281
1679919143972 282.0 282
1679919144838 283.0 283
1679919145019 284.0 284
1679919145828 285.0 285
1679919145995 286.0 286
1679919146973 287.0 287
1679919147134 288.0 288
1679919147975 289.0 289
1679919148144 290.0 290
1679919149029 291.0 291
1679919149243 292.0 292
1679919150146 293.0 293
1679919150308 294.0 294
1679919151196 295.0 295
1679919151385 296.0 296
1679919152227 297.0 297
1679919152397 298.0 298
1679919153177 299.0 299
1679919153350 300.0 300
1679919153475 301.0 301
