1679777153943 0.0 1
1679777154136 0.0 2
1679777155186 0.0 3
1679777155345 0.0 4
1679777156229 0.0 5
1679777156366 0.0 6
1679777157101 0.0 7
1679777157240 0.0 8
1679777158041 0.0 9
1679777158224 0.0 10
1679777159035 0.0 11
1679777159210 0.0 12
1679777160092 0.0 13
1679777160256 0.0 14
1679777161088 0.0 15
1679777161226 0.0 16
1679777161944 0.0 17
1679777162082 0.0 18
1679777162826 0.0 19
1679777162974 0.0 20
1679777163829 0.0 21
1679777163971 0.0 22
1679777164680 0.0 23
1679777164827 0.0 24
1679777165659 0.0 25
1679777165829 0.0 26
1679777166652 0.0 27
1679777166814 0.0 28
1679777167574 0.0 29
1679777167738 0.0 30
1679777168546 0.0 31
1679777168694 0.0 32
1679777169620 0.0 33
1679777169773 0.0 34
1679777170596 0.0 35
1679777170766 0.0 36
1679777171598 0.0 37
1679777171760 0.0 38
1679777172747 0.0 39
1679777172912 0.0 40
1679777173761 0.0 41
1679777173941 0.0 42
1679777174826 0.0 43
1679777175013 0.0 44
1679777175932 0.0 45
1679777176110 0.0 46
1679777176973 0.0 47
1679777177142 0.0 48
1679777178037 0.0 49
1679777178232 0.0 50
1679777179307 0.0 51
1679777179482 0.0 52
1679777180286 0.0 53
1679777180456 0.0 54
1679777181372 0.0 55
1679777181559 0.0 56
1679777182505 0.0 57
1679777182676 0.0 58
1679777183518 0.0 59
1679777183687 0.0 60
1679777184749 0.0 61
1679777184937 0.0 62
1679777185818 0.0 63
1679777186026 0.0 64
1679777186984 0.0 65
1679777187153 0.0 66
1679777188099 0.0 67
1679777188319 0.0 68
1679777189461 0.0 69
1679777189627 0.0 70
1679777190614 0.0 71
1679777190805 0.0 72
1679777191943 0.0 73
1679777192171 0.0 74
1679777193218 0.0 75
1679777193428 0.0 76
1679777194457 0.0 77
1679777194670 0.0 78
1679777195643 0.0 79
1679777195845 0.0 80
1679777196768 0.0 81
1679777196947 0.0 82
1679777197910 0.0 83
1679777198160 0.0 84
1679777199038 0.0 85
1679777199188 0.0 86
1679777200074 0.0 87
1679777200231 0.0 88
1679777201042 0.0 89
1679777201213 0.0 90
1679777201997 0.0 91
1679777202158 0.0 92
1679777202960 0.0 93
1679777203216 0.0 94
1679777204107 0.0 95
1679777204272 0.0 96
1679777205062 0.0 97
1679777205252 0.0 98
1679777206126 0.0 99
1679777206310 0.0 100
1679777207125 0.0 101
1679777207273 0.0 102
1679777208033 0.0 103
1679777208203 0.0 104
1679777209088 0.0 105
1679777209403 0.0 106
1679777210264 0.0 107
1679777210440 0.0 108
1679777211336 0.0 109
1679777211504 0.0 110
1679777212409 0.0 111
1679777212692 0.0 112
1679777213637 0.0 113
1679777213897 0.0 114
1679777214928 0.0 115
1679777215120 0.0 116
1679777216109 0.0 117
1679777216299 0.0 118
1679777217203 0.0 119
1679777217382 0.0 120
1679777218309 0.0 121
1679777218517 0.0 122
1679777219342 0.0 123
1679777219600 0.0 124
1679777220437 0.0 125
1679777220599 0.0 126
1679777221402 0.0 127
1679777221566 0.0 128
1679777222342 0.0 129
1679777222496 0.0 130
1679777223351 0.0 131
1679777223510 0.0 132
1679777224302 0.0 133
1679777224456 0.0 134
1679777225266 0.0 135
1679777225436 0.0 136
1679777226219 0.0 137
1679777226370 0.0 138
1679777227139 0.0 139
1679777227307 0.0 140
1679777228098 0.0 141
1679777228250 0.0 142
1679777229098 0.0 143
1679777229251 0.0 144
1679777229988 0.0 145
1679777230158 0.0 146
1679777230944 0.0 147
1679777231101 0.0 148
1679777231933 0.0 149
1679777232100 0.0 150
1679777232836 0.0 151
1679777232987 0.0 152
1679777233739 0.0 153
1679777233898 0.0 154
1679777234647 0.0 155
1679777234804 0.0 156
1679777235556 0.0 157
1679777235728 0.0 158
1679777236558 0.0 159
1679777236714 0.0 160
1679777237555 0.0 161
1679777237711 0.0 162
1679777238453 0.0 163
1679777238604 0.0 164
1679777239356 0.0 165
1679777239510 0.0 166
1679777240505 0.0 167
1679777240719 0.0 168
1679777241631 0.0 169
1679777241822 0.0 170
1679777242593 0.0 171
1679777242741 0.0 172
1679777243490 0.0 173
1679777243641 0.0 174
1679777244396 0.0 175
1679777244550 0.0 176
1679777245336 0.0 177
1679777245493 0.0 178
1679777246350 0.0 179
1679777246546 0.0 180
1679777247549 0.0 181
1679777247752 0.0 182
1679777248765 0.0 183
1679777248986 0.0 184
1679777250381 0.0 185
1679777250634 0.0 186
1679777251698 0.0 187
1679777251917 0.0 188
1679777253004 0.0 189
1679777253183 0.0 190
1679777254231 0.0 191
1679777254421 0.0 192
1679777255385 0.0 193
1679777255553 0.0 194
1679777256439 0.0 195
1679777256603 0.0 196
1679777257496 0.0 197
1679777257686 0.0 198
1679777258530 0.0 199
1679777258693 0.0 200
1679777259516 0.0 201
1679777259689 0.0 202
1679777260579 0.0 203
1679777260732 0.0 204
1679777261522 0.0 205
1679777261677 0.0 206
1679777262427 0.0 207
1679777262584 0.0 208
1679777263446 0.0 209
1679777263632 0.0 210
1679777264417 0.0 211
1679777264569 0.0 212
1679777265384 0.0 213
1679777265587 0.0 214
1679777266506 0.0 215
1679777266687 0.0 216
1679777267435 0.0 217
1679777267599 0.0 218
1679777268439 0.0 219
1679777268623 0.0 220
1679777269453 0.0 221
1679777269709 0.0 222
1679777270478 0.0 223
1679777270633 0.0 224
1679777271431 0.0 225
1679777271580 0.0 226
1679777272368 0.0 227
1679777272558 0.0 228
1679777273395 0.0 229
1679777273600 0.0 230
1679777274485 0.0 231
1679777274655 0.0 232
1679777275477 0.0 233
1679777275745 0.0 234
1679777276585 0.0 235
1679777276786 0.0 236
1679777277671 0.0 237
1679777277829 0.0 238
1679777278647 0.0 239
1679777278911 0.0 240
1679777279738 0.0 241
1679777279907 0.0 242
1679777280757 0.0 243
1679777280928 0.0 244
1679777281745 0.0 245
1679777281958 0.0 246
1679777282812 0.0 247
1679777283018 0.0 248
1679777283965 0.0 249
1679777284171 0.0 250
1679777285019 0.0 251
1679777285259 0.0 252
1679777286051 0.0 253
1679777286221 0.0 254
1679777287087 0.0 255
1679777287263 0.0 256
1679777288048 0.0 257
1679777288224 0.0 258
1679777289217 0.0 259
1679777289474 0.0 260
1679777290270 0.0 261
1679777290424 0.0 262
1679777291193 0.0 263
1679777291358 0.0 264
1679777292114 0.0 265
1679777292273 0.0 266
1679777293026 0.0 267
1679777293187 0.0 268
1679777293943 0.0 269
1679777294100 0.0 270
1679777294963 0.0 271
1679777295142 0.0 272
1679777296007 0.0 273
1679777296178 0.0 274
1679777296953 0.0 275
1679777297111 0.0 276
1679777297953 0.0 277
1679777298115 0.0 278
1679777298866 0.0 279
1679777299026 0.0 280
1679777299806 0.0 281
1679777299971 0.0 282
1679777300858 0.0 283
1679777301043 0.0 284
1679777301873 0.0 285
1679777302053 0.0 286
1679777302905 0.0 287
1679777303074 0.0 288
1679777304001 0.0 289
1679777304183 0.0 290
1679777305023 0.0 291
1679777305209 0.0 292
1679777306079 0.0 293
1679777306260 0.0 294
1679777307101 0.0 295
1679777307256 0.0 296
1679777308022 0.0 297
1679777308183 0.0 298
1679777308951 0.0 299
1679777309112 0.0 300
1679777309227 0.0 301
