1679777153953 11484.0 1
1679777154143 11484.0 2
1679777155193 11484.0 3
1679777155351 11484.0 4
1679777156235 11484.0 5
1679777156371 11484.0 6
1679777157106 11484.0 7
1679777157246 11484.0 8
1679777158048 11484.0 9
1679777158230 11484.0 10
1679777159042 11484.0 11
1679777159218 11484.0 12
1679777160097 11484.0 13
1679777160262 11484.0 14
1679777161094 11484.0 15
1679777161232 11484.0 16
1679777161949 11484.0 17
1679777162087 11484.0 18
1679777162831 11484.0 19
1679777162980 11484.0 20
1679777163836 11484.0 21
1679777163977 11484.0 22
1679777164686 11484.0 23
1679777164833 11484.0 24
1679777165665 11484.0 25
1679777165835 11484.0 26
1679777166660 11484.0 27
1679777166822 11484.0 28
1679777167582 11484.0 29
1679777167744 11484.0 30
1679777168550 11484.0 31
1679777168701 11484.0 32
1679777169626 11484.0 33
1679777169787 11484.0 34
1679777170602 11484.0 35
1679777170774 11484.0 36
1679777171606 11484.0 37
1679777171767 11484.0 38
1679777172753 11484.0 39
1679777172920 11484.0 40
1679777173769 11484.0 41
1679777173948 11484.0 42
1679777174831 11484.0 43
1679777175020 11484.0 44
1679777175939 11484.0 45
1679777176115 11484.0 46
1679777176978 11484.0 47
1679777177148 11484.0 48
1679777178043 11484.0 49
1679777178240 11484.0 50
1679777179314 11484.0 51
1679777179489 11484.0 52
1679777180292 11484.0 53
1679777180462 11484.0 54
1679777181380 11484.0 55
1679777181567 11484.0 56
1679777182513 11484.0 57
1679777182682 11484.0 58
1679777183526 11484.0 59
1679777183694 11484.0 60
1679777184756 11484.0 61
1679777184945 11484.0 62
1679777185826 11484.0 63
1679777186035 11484.0 64
1679777186992 11484.0 65
1679777187159 11484.0 66
1679777188106 11484.0 67
1679777188327 11484.0 68
1679777189469 11484.0 69
1679777189633 11484.0 70
1679777190621 11484.0 71
1679777190812 11484.0 72
1679777191951 11484.0 73
1679777192180 11484.0 74
1679777193226 11484.0 75
1679777193436 11484.0 76
1679777194463 11484.0 77
1679777194679 11484.0 78
1679777195652 11484.0 79
1679777195852 11484.0 80
1679777196776 11484.0 81
1679777196954 11484.0 82
1679777197918 11484.0 83
1679777198170 11484.0 84
1679777199043 11484.0 85
1679777199195 11484.0 86
1679777200078 11484.0 87
1679777200238 11484.0 88
1679777201048 11484.0 89
1679777201219 11484.0 90
1679777202002 11484.0 91
1679777202164 11484.0 92
1679777202966 11484.0 93
1679777203223 11484.0 94
1679777204113 11484.0 95
1679777204279 11484.0 96
1679777205070 11484.0 97
1679777205261 11484.0 98
1679777206134 11484.0 99
1679777206317 11484.0 100
1679777207130 11484.0 101
1679777207279 11484.0 102
1679777208039 11484.0 103
1679777208210 11484.0 104
1679777209094 11484.0 105
1679777209411 11484.0 106
1679777210270 11484.0 107
1679777210446 11484.0 108
1679777211343 11484.0 109
1679777211510 11484.0 110
1679777212417 11484.0 111
1679777212701 11484.0 112
1679777213646 11484.0 113
1679777213907 11484.0 114
1679777214936 11484.0 115
1679777215127 11484.0 116
1679777216115 11484.0 117
1679777216308 11484.0 118
1679777217211 11484.0 119
1679777217388 11484.0 120
1679777218315 11484.0 121
1679777218523 11484.0 122
1679777219348 11484.0 123
1679777219606 11484.0 124
1679777220444 11484.0 125
1679777220605 11484.0 126
1679777221408 11484.0 127
1679777221572 11484.0 128
1679777222348 11484.0 129
1679777222504 11484.0 130
1679777223357 11484.0 131
1679777223517 11484.0 132
1679777224307 11484.0 133
1679777224461 11484.0 134
1679777225272 11484.0 135
1679777225442 11484.0 136
1679777226224 11484.0 137
1679777226376 11484.0 138
1679777227146 11484.0 139
1679777227313 11484.0 140
1679777228104 11484.0 141
1679777228257 11484.0 142
1679777229104 11484.0 143
1679777229258 11484.0 144
1679777229994 11484.0 145
1679777230165 11484.0 146
1679777230950 11484.0 147
1679777231108 11484.0 148
1679777231939 11484.0 149
1679777232106 11484.0 150
1679777232842 11484.0 151
1679777232993 11484.0 152
1679777233745 11484.0 153
1679777233904 11484.0 154
1679777234653 11484.0 155
1679777234809 11484.0 156
1679777235562 11484.0 157
1679777235735 11484.0 158
1679777236564 11484.0 159
1679777236721 11484.0 160
1679777237562 11484.0 161
1679777237717 11484.0 162
1679777238459 11484.0 163
1679777238610 11484.0 164
1679777239361 11484.0 165
1679777239517 11484.0 166
1679777240511 11484.0 167
1679777240726 11484.0 168
1679777241639 11484.0 169
1679777241828 11484.0 170
1679777242598 11484.0 171
1679777242748 11484.0 172
1679777243497 11484.0 173
1679777243648 11484.0 174
1679777244403 11484.0 175
1679777244555 11484.0 176
1679777245342 11484.0 177
1679777245499 11484.0 178
1679777246356 11484.0 179
1679777246554 11484.0 180
1679777247557 11484.0 181
1679777247758 11484.0 182
1679777248775 11484.0 183
1679777248996 11484.0 184
1679777250391 11484.0 185
1679777250644 11484.0 186
1679777251704 11484.0 187
1679777251927 11484.0 188
1679777253011 11484.0 189
1679777253193 11484.0 190
1679777254240 11484.0 191
1679777254428 11484.0 192
1679777255394 11484.0 193
1679777255559 11484.0 194
1679777256444 11484.0 195
1679777256608 11484.0 196
1679777257503 11484.0 197
1679777257692 11484.0 198
1679777258536 11484.0 199
1679777258699 11484.0 200
1679777259523 11484.0 201
1679777259696 11484.0 202
1679777260585 11484.0 203
1679777260738 11484.0 204
1679777261527 11484.0 205
1679777261683 11484.0 206
1679777262433 11484.0 207
1679777262589 11484.0 208
1679777263455 11484.0 209
1679777263638 11484.0 210
1679777264422 11484.0 211
1679777264577 11484.0 212
1679777265392 11484.0 213
1679777265593 11484.0 214
1679777266513 11484.0 215
1679777266693 11484.0 216
1679777267441 11484.0 217
1679777267605 11484.0 218
1679777268445 11484.0 219
1679777268629 11484.0 220
1679777269459 11484.0 221
1679777269715 11484.0 222
1679777270484 11484.0 223
1679777270639 11484.0 224
1679777271437 11484.0 225
1679777271585 11484.0 226
1679777272375 11484.0 227
1679777272564 11484.0 228
1679777273403 11484.0 229
1679777273606 11484.0 230
1679777274491 11484.0 231
1679777274661 11484.0 232
1679777275484 11484.0 233
1679777275752 11484.0 234
1679777276592 11484.0 235
1679777276793 11484.0 236
1679777277678 11484.0 237
1679777277836 11484.0 238
1679777278654 11484.0 239
1679777278918 11484.0 240
1679777279744 11484.0 241
1679777279914 11484.0 242
1679777280763 11484.0 243
1679777280933 11484.0 244
1679777281752 11484.0 245
1679777281964 11484.0 246
1679777282818 11484.0 247
1679777283025 11484.0 248
1679777283973 11484.0 249
1679777284179 11484.0 250
1679777285027 11484.0 251
1679777285265 11484.0 252
1679777286058 11484.0 253
1679777286227 11484.0 254
1679777287093 11484.0 255
1679777287269 11484.0 256
1679777288055 11484.0 257
1679777288230 11484.0 258
1679777289224 11484.0 259
1679777289483 11484.0 260
1679777290276 11484.0 261
1679777290430 11484.0 262
1679777291201 11484.0 263
1679777291364 11484.0 264
1679777292120 11484.0 265
1679777292278 11484.0 266
1679777293032 11484.0 267
1679777293193 11484.0 268
1679777293949 11484.0 269
1679777294106 11484.0 270
1679777294968 11484.0 271
1679777295150 11484.0 272
1679777296015 11484.0 273
1679777296184 11484.0 274
1679777296958 11484.0 275
1679777297119 11484.0 276
1679777297958 11484.0 277
1679777298121 11484.0 278
1679777298872 11484.0 279
1679777299032 11484.0 280
1679777299811 11484.0 281
1679777299977 11484.0 282
1679777300865 11484.0 283
1679777301049 11484.0 284
1679777301879 11484.0 285
1679777302059 11484.0 286
1679777302911 11484.0 287
1679777303079 11484.0 288
1679777304009 11484.0 289
1679777304189 11484.0 290
1679777305030 11484.0 291
1679777305216 11484.0 292
1679777306084 11484.0 293
1679777306267 11484.0 294
1679777307107 11484.0 295
1679777307261 11484.0 296
1679777308027 11484.0 297
1679777308190 11484.0 298
1679777308956 11484.0 299
1679777309118 11484.0 300
1679777309234 11484.0 301
