1679777153956 0.0 1
1679777154146 0.0 2
1679777155196 0.0 3
1679777155355 0.0 4
1679777156238 0.0 5
1679777156375 0.0 6
1679777157108 0.0 7
1679777157249 0.0 8
1679777158053 0.0 9
1679777158233 0.0 10
1679777159044 0.0 11
1679777159222 0.0 12
1679777160100 0.0 13
1679777160265 0.0 14
1679777161098 0.0 15
1679777161234 0.0 16
1679777161953 0.0 17
1679777162090 0.0 18
1679777162834 0.0 19
1679777162982 0.0 20
1679777163840 0.0 21
1679777163980 0.0 22
1679777164688 0.0 23
1679777164837 0.0 24
1679777165669 0.0 25
1679777165838 0.0 26
1679777166662 0.0 27
1679777166825 0.0 28
1679777167593 0.0 29
1679777167747 0.0 30
1679777168554 0.0 31
1679777168703 0.0 32
1679777169629 0.0 33
1679777169790 0.0 34
1679777170605 0.0 35
1679777170777 0.0 36
1679777171609 0.0 37
1679777171771 0.0 38
1679777172756 0.0 39
1679777172923 0.0 40
1679777173773 0.0 41
1679777173950 0.0 42
1679777174834 0.0 43
1679777175024 0.0 44
1679777175942 0.0 45
1679777176119 0.0 46
1679777176981 0.0 47
1679777177154 0.0 48
1679777178047 0.0 49
1679777178243 0.0 50
1679777179317 0.0 51
1679777179493 0.0 52
1679777180295 0.0 53
1679777180465 0.0 54
1679777181384 0.0 55
1679777181571 0.0 56
1679777182516 0.0 57
1679777182685 0.0 58
1679777183531 0.0 59
1679777183697 0.0 60
1679777184759 0.0 61
1679777184947 0.0 62
1679777185830 0.0 63
1679777186038 0.0 64
1679777186996 0.0 65
1679777187162 0.0 66
1679777188110 0.0 67
1679777188330 0.0 68
1679777189473 0.0 69
1679777189635 0.0 70
1679777190625 0.0 71
1679777190816 0.0 72
1679777191955 0.0 73
1679777192185 0.0 74
1679777193230 0.0 75
1679777193438 0.0 76
1679777194467 0.0 77
1679777194685 0.0 78
1679777195656 0.0 79
1679777195856 0.0 80
1679777196779 0.0 81
1679777196957 0.0 82
1679777197924 0.0 83
1679777198174 0.0 84
1679777199046 0.0 85
1679777199199 0.0 86
1679777200081 0.0 87
1679777200241 0.0 88
1679777201051 0.0 89
1679777201222 0.0 90
1679777202005 0.0 91
1679777202167 0.0 92
1679777202969 0.0 93
1679777203226 0.0 94
1679777204116 0.0 95
1679777204281 0.0 96
1679777205074 0.0 97
1679777205268 0.0 98
1679777206137 0.0 99
1679777206321 0.0 100
1679777207133 0.0 101
1679777207282 0.0 102
1679777208042 0.0 103
1679777208213 0.0 104
1679777209097 0.0 105
1679777209414 0.0 106
1679777210274 0.0 107
1679777210449 0.0 108
1679777211346 0.0 109
1679777211513 0.0 110
1679777212420 0.0 111
1679777212707 0.0 112
1679777213652 0.0 113
1679777213911 0.0 114
1679777214940 0.0 115
1679777215131 0.0 116
1679777216118 0.0 117
1679777216312 0.0 118
1679777217215 0.0 119
1679777217391 0.0 120
1679777218319 0.0 121
1679777218526 0.0 122
1679777219351 0.0 123
1679777219608 0.0 124
1679777220447 0.0 125
1679777220608 0.0 126
1679777221411 0.0 127
1679777221574 0.0 128
1679777222352 0.0 129
1679777222507 0.0 130
1679777223360 0.0 131
1679777223520 0.0 132
1679777224310 0.0 133
1679777224464 0.0 134
1679777225275 0.0 135
1679777225445 0.0 136
1679777226227 0.0 137
1679777226379 0.0 138
1679777227149 0.0 139
1679777227316 0.0 140
1679777228107 0.0 141
1679777228260 0.0 142
1679777229107 0.0 143
1679777229261 0.0 144
1679777229997 0.0 145
1679777230167 0.0 146
1679777230953 0.0 147
1679777231111 0.0 148
1679777231942 0.0 149
1679777232109 0.0 150
1679777232845 0.0 151
1679777232996 0.0 152
1679777233748 0.0 153
1679777233907 0.0 154
1679777234656 0.0 155
1679777234812 0.0 156
1679777235564 0.0 157
1679777235737 0.0 158
1679777236567 0.0 159
1679777236724 0.0 160
1679777237565 0.0 161
1679777237720 0.0 162
1679777238462 0.0 163
1679777238613 0.0 164
1679777239364 0.0 165
1679777239520 0.0 166
1679777240514 0.0 167
1679777240729 0.0 168
1679777241643 0.0 169
1679777241832 0.0 170
1679777242602 0.0 171
1679777242750 0.0 172
1679777243499 0.0 173
1679777243651 0.0 174
1679777244405 0.0 175
1679777244558 0.0 176
1679777245345 0.0 177
1679777245501 0.0 178
1679777246359 0.0 179
1679777246558 0.0 180
1679777247562 0.0 181
1679777247761 0.0 182
1679777248780 0.0 183
1679777248999 0.0 184
1679777250394 0.0 185
1679777250648 0.0 186
1679777251708 0.0 187
1679777251932 0.0 188
1679777253016 0.0 189
1679777253196 0.0 190
1679777254244 0.0 191
1679777254431 0.0 192
1679777255399 0.0 193
1679777255562 0.0 194
1679777256448 0.0 195
1679777256611 0.0 196
1679777257506 0.0 197
1679777257695 0.0 198
1679777258540 0.0 199
1679777258702 0.0 200
1679777259526 0.0 201
1679777259698 0.0 202
1679777260588 0.0 203
1679777260741 0.0 204
1679777261530 0.0 205
1679777261686 0.0 206
1679777262435 0.0 207
1679777262592 0.0 208
1679777263460 0.0 209
1679777263641 0.0 210
1679777264425 0.0 211
1679777264580 0.0 212
1679777265395 0.0 213
1679777265595 0.0 214
1679777266516 0.0 215
1679777266696 0.0 216
1679777267444 0.0 217
1679777267608 0.0 218
1679777268448 0.0 219
1679777268632 0.0 220
1679777269462 0.0 221
1679777269718 0.0 222
1679777270487 0.0 223
1679777270642 0.0 224
1679777271439 0.0 225
1679777271588 0.0 226
1679777272378 0.0 227
1679777272568 0.0 228
1679777273406 0.0 229
1679777273609 0.0 230
1679777274493 0.0 231
1679777274664 0.0 232
1679777275489 0.0 233
1679777275755 0.0 234
1679777276594 0.0 235
1679777276796 0.0 236
1679777277682 0.0 237
1679777277838 0.0 238
1679777278657 0.0 239
1679777278921 0.0 240
1679777279747 0.0 241
1679777279917 0.0 242
1679777280766 0.0 243
1679777280937 0.0 244
1679777281755 0.0 245
1679777281969 0.0 246
1679777282821 0.0 247
1679777283029 0.0 248
1679777283977 0.0 249
1679777284184 0.0 250
1679777285030 0.0 251
1679777285269 0.0 252
1679777286060 0.0 253
1679777286230 0.0 254
1679777287096 0.0 255
1679777287272 0.0 256
1679777288058 0.0 257
1679777288234 0.0 258
1679777289226 0.0 259
1679777289486 0.0 260
1679777290279 0.0 261
1679777290433 0.0 262
1679777291205 0.0 263
1679777291366 0.0 264
1679777292123 0.0 265
1679777292281 0.0 266
1679777293035 0.0 267
1679777293197 0.0 268
1679777293951 0.0 269
1679777294109 0.0 270
1679777294970 0.0 271
1679777295153 0.0 272
1679777296019 0.0 273
1679777296187 0.0 274
1679777296961 0.0 275
1679777297122 0.0 276
1679777297961 0.0 277
1679777298123 0.0 278
1679777298874 0.0 279
1679777299035 0.0 280
1679777299815 0.0 281
1679777299980 0.0 282
1679777300869 0.0 283
1679777301051 0.0 284
1679777301883 0.0 285
1679777302061 0.0 286
1679777302914 0.0 287
1679777303083 0.0 288
1679777304012 0.0 289
1679777304192 0.0 290
1679777305033 0.0 291
1679777305219 0.0 292
1679777306089 0.0 293
1679777306269 0.0 294
1679777307110 0.0 295
1679777307264 0.0 296
1679777308030 0.0 297
1679777308193 0.0 298
1679777308959 0.0 299
1679777309121 0.0 300
1679777309236 0.0 301
