1677084593088 0.0 1
1677084593301 0.0 2
1677084594418 0.0 3
1677084594612 0.0 4
1677084595822 0.0 5
1677084596022 0.0 6
1677084597157 0.0 7
1677084597366 0.0 8
1677084598517 0.0 9
1677084598719 0.0 10
1677084599808 0.0 11
1677084600011 0.0 12
1677084601193 0.0 13
1677084601387 0.0 14
1677084602681 0.0 15
1677084602894 0.0 16
1677084604045 0.0 17
1677084604248 0.0 18
1677084605388 0.0 19
1677084605596 0.0 20
1677084606745 0.0 21
1677084606980 0.0 22
1677084608134 0.0 23
1677084608339 0.0 24
1677084609582 0.0 25
1677084609782 0.0 26
1677084610899 0.0 27
1677084611108 0.0 28
1677084612272 0.0 29
1677084612478 0.0 30
1677084613665 0.0 31
1677084613869 0.0 32
1677084615008 0.0 33
1677084615215 0.0 34
1677084616330 0.0 35
1677084616529 0.0 36
1677084617736 0.0 37
1677084617944 0.0 38
1677084619107 0.0 39
1677084619322 0.0 40
1677084620494 0.0 41
1677084620697 0.0 42
1677084621832 0.0 43
1677084622032 0.0 44
1677084623175 0.0 45
1677084623383 0.0 46
1677084624613 0.0 47
1677084624819 0.0 48
1677084625976 0.0 49
1677084626183 0.0 50
1677084627311 0.0 51
1677084627515 0.0 52
1677084628629 0.0 53
1677084628836 0.0 54
1677084629950 0.0 55
1677084630164 0.0 56
1677084631291 0.0 57
1677084631497 0.0 58
1677084632721 0.0 59
1677084632925 0.0 60
1677084634042 0.0 61
1677084634244 0.0 62
1677084635350 0.0 63
1677084635560 0.0 64
1677084636738 0.0 65
1677084636941 0.0 66
1677084638080 0.0 67
1677084638287 0.0 68
1677084639512 0.0 69
1677084639714 0.0 70
1677084640804 0.0 71
1677084641007 0.0 72
1677084642119 0.0 73
1677084642325 0.0 74
1677084643465 0.0 75
1677084643667 0.0 76
1677084644778 0.0 77
1677084644985 0.0 78
1677084646149 0.0 79
1677084646352 0.0 80
1677084647570 0.0 81
1677084647783 0.0 82
1677084648910 0.0 83
1677084649118 0.0 84
1677084650258 0.0 85
1677084650460 0.0 86
1677084651648 0.0 87
1677084651876 0.0 88
1677084653098 0.0 89
1677084653323 0.0 90
1677084654609 0.0 91
1677084654824 0.0 92
1677084656010 0.0 93
1677084656219 0.0 94
1677084657347 0.0 95
1677084657554 0.0 96
1677084658653 0.0 97
1677084658864 0.0 98
1677084659995 0.0 99
1677084660212 0.0 100
1677084661391 0.0 101
1677084661667 0.0 102
1677084662805 0.0 103
1677084663023 0.0 104
1677084664181 0.0 105
1677084664392 0.0 106
1677084665497 0.0 107
1677084665723 0.0 108
1677084666874 0.0 109
1677084667086 0.0 110
1677084668231 0.0 111
1677084668439 0.0 112
1677084669611 0.0 113
1677084669817 0.0 114
1677084670917 0.0 115
1677084671123 0.0 116
1677084672274 0.0 117
1677084672477 0.0 118
1677084673668 0.0 119
1677084673874 0.0 120
1677084674994 0.0 121
1677084675211 0.0 122
1677084676358 0.0 123
1677084676643 0.0 124
1677084677797 0.0 125
1677084678019 0.0 126
1677084679173 0.0 127
1677084679385 0.0 128
1677084680567 0.0 129
1677084680798 0.0 130
1677084682016 0.0 131
1677084682245 0.0 132
1677084683475 0.0 133
1677084683702 0.0 134
1677084685007 0.0 135
1677084685227 0.0 136
1677084686432 0.0 137
1677084686661 0.0 138
1677084687938 0.0 139
1677084688164 0.0 140
1677084689419 0.0 141
1677084689644 0.0 142
1677084690848 0.0 143
1677084691073 0.0 144
1677084692235 0.0 145
1677084692523 0.0 146
1677084693630 0.0 147
1677084693834 0.0 148
1677084694931 0.0 149
1677084695143 0.0 150
1677084696257 0.0 151
1677084696469 0.0 152
1677084697595 0.0 153
1677084697815 0.0 154
1677084698949 0.0 155
1677084699157 0.0 156
1677084700319 0.0 157
1677084700533 0.0 158
1677084701652 0.0 159
1677084701860 0.0 160
1677084702974 0.0 161
1677084703190 0.0 162
1677084704293 0.0 163
1677084704506 0.0 164
1677084705653 0.0 165
1677084705861 0.0 166
1677084706978 0.0 167
1677084707273 0.0 168
1677084708414 0.0 169
1677084708626 0.0 170
1677084709737 0.0 171
1677084709948 0.0 172
1677084711168 0.0 173
1677084711400 0.0 174
1677084712649 0.0 175
1677084712882 0.0 176
1677084714155 0.0 177
1677084714386 0.0 178
1677084715657 0.0 179
1677084715879 0.0 180
1677084716975 0.0 181
1677084717180 0.0 182
1677084718359 0.0 183
1677084718573 0.0 184
1677084719697 0.0 185
1677084719912 0.0 186
1677084721049 0.0 187
1677084721265 0.0 188
1677084722415 0.0 189
1677084722710 0.0 190
1677084723863 0.0 191
1677084724112 0.0 192
1677084725260 0.0 193
1677084725489 0.0 194
1677084726643 0.0 195
1677084726851 0.0 196
1677084727958 0.0 197
1677084728175 0.0 198
1677084729309 0.0 199
1677084729527 0.0 200
1677084730684 0.0 201
1677084730902 0.0 202
1677084731995 0.0 203
1677084732205 0.0 204
1677084733349 0.0 205
1677084733557 0.0 206
1677084734657 0.0 207
1677084734872 0.0 208
1677084736024 0.0 209
1677084736242 0.0 210
1677084737373 0.0 211
1677084737673 0.0 212
1677084738799 0.0 213
1677084739014 0.0 214
1677084740208 0.0 215
1677084740450 0.0 216
1677084741712 0.0 217
1677084741946 0.0 218
1677084743191 0.0 219
1677084743427 0.0 220
1677084744639 0.0 221
1677084744866 0.0 222
1677084746073 0.0 223
1677084746294 0.0 224
1677084747405 0.0 225
1677084747641 0.0 226
1677084748795 0.0 227
1677084749007 0.0 228
1677084750124 0.0 229
1677084750338 0.0 230
1677084751489 0.0 231
1677084751707 0.0 232
1677084752809 0.0 233
1677084753119 0.0 234
1677084754276 0.0 235
1677084754496 0.0 236
1677084755623 0.0 237
1677084755841 0.0 238
1677084756947 0.0 239
1677084757172 0.0 240
1677084758277 0.0 241
1677084758500 0.0 242
1677084759645 0.0 243
1677084759861 0.0 244
1677084761089 0.0 245
1677084761303 0.0 246
1677084762452 0.0 247
1677084762672 0.0 248
1677084763812 0.0 249
1677084764024 0.0 250
1677084765156 0.0 251
1677084765381 0.0 252
1677084766496 0.0 253
1677084766710 0.0 254
1677084767803 0.0 255
1677084768102 0.0 256
1677084769206 0.0 257
1677084769422 0.0 258
1677084770583 0.0 259
1677084770827 0.0 260
1677084772076 0.0 261
1677084772309 0.0 262
1677084773591 0.0 263
1677084773832 0.0 264
1677084775067 0.0 265
1677084775315 0.0 266
1677084776572 0.0 267
1677084776788 0.0 268
1677084777932 0.0 269
1677084778150 0.0 270
1677084779275 0.0 271
1677084779518 0.0 272
1677084780644 0.0 273
1677084780859 0.0 274
1677084782015 0.0 275
1677084782230 0.0 276
1677084783344 0.0 277
1677084783634 0.0 278
1677084784754 0.0 279
1677084784967 0.0 280
1677084786102 0.0 281
1677084786322 0.0 282
1677084787495 0.0 283
1677084787732 0.0 284
1677084788872 0.0 285
1677084789085 0.0 286
1677084790181 0.0 287
1677084790402 0.0 288
1677084791573 0.0 289
1677084791788 0.0 290
1677084792908 0.0 291
1677084793131 0.0 292
1677084794238 0.0 293
1677084794455 0.0 294
1677084795557 0.0 295
1677084795786 0.0 296
1677084796910 0.0 297
1677084797131 0.0 298
1677084798279 0.0 299
1677084798573 0.0 300
1677084798789 0.0 301
