1677084593102 23944.0 1
1677084593306 23944.0 2
1677084594424 23944.0 3
1677084594617 23944.0 4
1677084595829 23944.0 5
1677084596027 23944.0 6
1677084597164 23944.0 7
1677084597372 23944.0 8
1677084598523 23944.0 9
1677084598724 23944.0 10
1677084599814 23944.0 11
1677084600017 23944.0 12
1677084601199 23944.0 13
1677084601393 23944.0 14
1677084602687 23944.0 15
1677084602900 23944.0 16
1677084604052 23944.0 17
1677084604254 23944.0 18
1677084605393 23944.0 19
1677084605601 23944.0 20
1677084606757 23944.0 21
1677084606985 23944.0 22
1677084608139 23944.0 23
1677084608351 23944.0 24
1677084609587 23944.0 25
1677084609788 23944.0 26
1677084610911 23944.0 27
1677084611114 23944.0 28
1677084612278 23944.0 29
1677084612484 23944.0 30
1677084613671 23944.0 31
1677084613875 23944.0 32
1677084615014 23944.0 33
1677084615221 23944.0 34
1677084616336 23944.0 35
1677084616536 23944.0 36
1677084617742 23944.0 37
1677084617950 23944.0 38
1677084619113 23944.0 39
1677084619328 23944.0 40
1677084620500 23944.0 41
1677084620703 23944.0 42
1677084621838 23944.0 43
1677084622039 23944.0 44
1677084623182 23944.0 45
1677084623388 23944.0 46
1677084624617 23944.0 47
1677084624825 23944.0 48
1677084625982 23944.0 49
1677084626189 23944.0 50
1677084627317 23944.0 51
1677084627520 23944.0 52
1677084628634 23944.0 53
1677084628843 23944.0 54
1677084629956 23944.0 55
1677084630169 23944.0 56
1677084631298 23944.0 57
1677084631502 23944.0 58
1677084632727 23944.0 59
1677084632931 23944.0 60
1677084634047 23944.0 61
1677084634249 23944.0 62
1677084635357 23944.0 63
1677084635565 23944.0 64
1677084636744 23944.0 65
1677084636947 23944.0 66
1677084638086 23944.0 67
1677084638293 23944.0 68
1677084639517 23944.0 69
1677084639719 23944.0 70
1677084640809 23944.0 71
1677084641013 23944.0 72
1677084642124 23944.0 73
1677084642330 23944.0 74
1677084643470 23944.0 75
1677084643673 23944.0 76
1677084644784 23944.0 77
1677084644991 23944.0 78
1677084646153 23944.0 79
1677084646358 23944.0 80
1677084647577 23944.0 81
1677084647789 23944.0 82
1677084648915 23944.0 83
1677084649125 23944.0 84
1677084650264 23944.0 85
1677084650467 23944.0 86
1677084651654 23944.0 87
1677084651881 23944.0 88
1677084653104 23944.0 89
1677084653329 23944.0 90
1677084654615 23944.0 91
1677084654830 23944.0 92
1677084656015 23944.0 93
1677084656224 23944.0 94
1677084657352 23944.0 95
1677084657560 23944.0 96
1677084658660 23944.0 97
1677084658869 23944.0 98
1677084660002 23944.0 99
1677084660218 23944.0 100
1677084661397 23944.0 101
1677084661673 23944.0 102
1677084662811 23944.0 103
1677084663030 23944.0 104
1677084664186 23944.0 105
1677084664398 23944.0 106
1677084665502 23944.0 107
1677084665730 23944.0 108
1677084666880 23944.0 109
1677084667091 23944.0 110
1677084668236 23944.0 111
1677084668445 23944.0 112
1677084669619 23944.0 113
1677084669822 23944.0 114
1677084670923 23944.0 115
1677084671128 23944.0 116
1677084672280 23944.0 117
1677084672483 23944.0 118
1677084673674 23944.0 119
1677084673879 23944.0 120
1677084674999 23944.0 121
1677084675216 23944.0 122
1677084676364 23944.0 123
1677084676649 23944.0 124
1677084677804 23944.0 125
1677084678025 23944.0 126
1677084679181 23944.0 127
1677084679391 23944.0 128
1677084680574 23944.0 129
1677084680805 23944.0 130
1677084682023 23944.0 131
1677084682250 23944.0 132
1677084683483 23944.0 133
1677084683710 23944.0 134
1677084685013 23944.0 135
1677084685233 23944.0 136
1677084686437 23944.0 137
1677084686668 23944.0 138
1677084687943 23944.0 139
1677084688170 23944.0 140
1677084689426 23944.0 141
1677084689650 23944.0 142
1677084690854 23944.0 143
1677084691079 23944.0 144
1677084692242 23944.0 145
1677084692529 23944.0 146
1677084693636 23944.0 147
1677084693840 23944.0 148
1677084694936 23944.0 149
1677084695149 23944.0 150
1677084696264 23944.0 151
1677084696475 23944.0 152
1677084697600 23944.0 153
1677084697821 23944.0 154
1677084698956 23944.0 155
1677084699162 23944.0 156
1677084700325 23944.0 157
1677084700539 23944.0 158
1677084701657 23944.0 159
1677084701866 23944.0 160
1677084702981 23944.0 161
1677084703197 23944.0 162
1677084704298 23944.0 163
1677084704511 23944.0 164
1677084705659 23944.0 165
1677084705867 23944.0 166
1677084706984 23944.0 167
1677084707279 23944.0 168
1677084708420 23944.0 169
1677084708631 23944.0 170
1677084709742 23944.0 171
1677084709953 23944.0 172
1677084711175 23944.0 173
1677084711405 23944.0 174
1677084712655 23944.0 175
1677084712888 23944.0 176
1677084714161 23944.0 177
1677084714393 23944.0 178
1677084715663 23944.0 179
1677084715885 23944.0 180
1677084716982 23944.0 181
1677084717186 23944.0 182
1677084718365 23944.0 183
1677084718579 23944.0 184
1677084719702 23944.0 185
1677084719918 23944.0 186
1677084721054 23944.0 187
1677084721270 23944.0 188
1677084722421 23944.0 189
1677084722716 23944.0 190
1677084723870 23944.0 191
1677084724119 23944.0 192
1677084725266 23944.0 193
1677084725494 23944.0 194
1677084726648 23944.0 195
1677084726857 23944.0 196
1677084727964 23944.0 197
1677084728182 23944.0 198
1677084729315 23944.0 199
1677084729533 23944.0 200
1677084730692 23944.0 201
1677084730909 23944.0 202
1677084732002 23944.0 203
1677084732210 23944.0 204
1677084733356 23944.0 205
1677084733563 23944.0 206
1677084734662 23944.0 207
1677084734877 23944.0 208
1677084736030 23944.0 209
1677084736248 23944.0 210
1677084737378 23944.0 211
1677084737678 23944.0 212
1677084738805 23944.0 213
1677084739019 23944.0 214
1677084740215 23944.0 215
1677084740456 23944.0 216
1677084741720 23944.0 217
1677084741952 23944.0 218
1677084743197 23944.0 219
1677084743435 23944.0 220
1677084744646 23944.0 221
1677084744871 23944.0 222
1677084746079 23944.0 223
1677084746300 23944.0 224
1677084747411 23944.0 225
1677084747647 23944.0 226
1677084748801 23944.0 227
1677084749012 23944.0 228
1677084750129 23944.0 229
1677084750344 23944.0 230
1677084751495 23944.0 231
1677084751712 23944.0 232
1677084752815 23944.0 233
1677084753125 23944.0 234
1677084754283 23944.0 235
1677084754501 23944.0 236
1677084755629 23944.0 237
1677084755846 23944.0 238
1677084756954 23944.0 239
1677084757178 23944.0 240
1677084758283 23944.0 241
1677084758507 23944.0 242
1677084759650 23944.0 243
1677084759868 23944.0 244
1677084761094 23944.0 245
1677084761309 23944.0 246
1677084762458 23944.0 247
1677084762678 23944.0 248
1677084763817 23944.0 249
1677084764029 23944.0 250
1677084765161 23944.0 251
1677084765387 23944.0 252
1677084766502 23944.0 253
1677084766715 23944.0 254
1677084767809 23944.0 255
1677084768110 23944.0 256
1677084769211 23944.0 257
1677084769427 23944.0 258
1677084770592 23944.0 259
1677084770833 23944.0 260
1677084772082 23944.0 261
1677084772315 23944.0 262
1677084773597 23944.0 263
1677084773837 23944.0 264
1677084775072 23944.0 265
1677084775320 23944.0 266
1677084776578 23944.0 267
1677084776795 23944.0 268
1677084777938 23944.0 269
1677084778156 23944.0 270
1677084779281 23944.0 271
1677084779524 23944.0 272
1677084780649 23944.0 273
1677084780864 23944.0 274
1677084782021 23944.0 275
1677084782235 23944.0 276
1677084783349 23944.0 277
1677084783640 23944.0 278
1677084784760 23944.0 279
1677084784972 23944.0 280
1677084786109 23944.0 281
1677084786328 23944.0 282
1677084787501 23944.0 283
1677084787738 23944.0 284
1677084788878 23944.0 285
1677084789091 23944.0 286
1677084790187 23944.0 287
1677084790408 23944.0 288
1677084791578 23944.0 289
1677084791794 23944.0 290
1677084792914 23944.0 291
1677084793137 23944.0 292
1677084794244 23944.0 293
1677084794461 23944.0 294
1677084795562 23944.0 295
1677084795792 23944.0 296
1677084796915 23944.0 297
1677084797135 23944.0 298
1677084798285 23944.0 299
1677084798580 23944.0 300
1677084798794 23944.0 301
