1677084593105 0.0 1
1677084593308 0.0 2
1677084594427 0.0 3
1677084594620 0.0 4
1677084595831 0.0 5
1677084596030 0.0 6
1677084597166 0.0 7
1677084597374 0.0 8
1677084598525 0.0 9
1677084598727 0.0 10
1677084599817 0.0 11
1677084600020 0.0 12
1677084601201 0.0 13
1677084601395 0.0 14
1677084602690 0.0 15
1677084602903 0.0 16
1677084604054 0.0 17
1677084604256 0.0 18
1677084605395 0.0 19
1677084605603 0.0 20
1677084606759 0.0 21
1677084606987 0.0 22
1677084608142 0.0 23
1677084608353 0.0 24
1677084609590 0.0 25
1677084609790 0.0 26
1677084610914 0.0 27
1677084611117 0.0 28
1677084612287 0.0 29
1677084612487 0.0 30
1677084613673 0.0 31
1677084613878 0.0 32
1677084615016 0.0 33
1677084615224 0.0 34
1677084616338 0.0 35
1677084616539 0.0 36
1677084617744 0.0 37
1677084617952 0.0 38
1677084619115 0.0 39
1677084619330 0.0 40
1677084620502 0.0 41
1677084620705 0.0 42
1677084621840 0.0 43
1677084622040 0.0 44
1677084623185 0.0 45
1677084623390 0.0 46
1677084624620 0.0 47
1677084624827 0.0 48
1677084625984 0.0 49
1677084626192 0.0 50
1677084627319 0.0 51
1677084627523 0.0 52
1677084628636 0.0 53
1677084628845 0.0 54
1677084629959 0.0 55
1677084630172 0.0 56
1677084631300 0.0 57
1677084631504 0.0 58
1677084632729 0.0 59
1677084632933 0.0 60
1677084634049 0.0 61
1677084634251 0.0 62
1677084635358 0.0 63
1677084635568 0.0 64
1677084636745 0.0 65
1677084636949 0.0 66
1677084638088 0.0 67
1677084638295 0.0 68
1677084639519 0.0 69
1677084639721 0.0 70
1677084640811 0.0 71
1677084641015 0.0 72
1677084642127 0.0 73
1677084642332 0.0 74
1677084643473 0.0 75
1677084643676 0.0 76
1677084644787 0.0 77
1677084644993 0.0 78
1677084646156 0.0 79
1677084646361 0.0 80
1677084647580 0.0 81
1677084647791 0.0 82
1677084648919 0.0 83
1677084649126 0.0 84
1677084650266 0.0 85
1677084650469 0.0 86
1677084651657 0.0 87
1677084651884 0.0 88
1677084653106 0.0 89
1677084653331 0.0 90
1677084654617 0.0 91
1677084654832 0.0 92
1677084656018 0.0 93
1677084656227 0.0 94
1677084657354 0.0 95
1677084657562 0.0 96
1677084658662 0.0 97
1677084658871 0.0 98
1677084660004 0.0 99
1677084660221 0.0 100
1677084661399 0.0 101
1677084661675 0.0 102
1677084662813 0.0 103
1677084663032 0.0 104
1677084664188 0.0 105
1677084664400 0.0 106
1677084665505 0.0 107
1677084665734 0.0 108
1677084666881 0.0 109
1677084667094 0.0 110
1677084668239 0.0 111
1677084668447 0.0 112
1677084669621 0.0 113
1677084669825 0.0 114
1677084670925 0.0 115
1677084671130 0.0 116
1677084672282 0.0 117
1677084672485 0.0 118
1677084673675 0.0 119
1677084673881 0.0 120
1677084675001 0.0 121
1677084675218 0.0 122
1677084676366 0.0 123
1677084676651 0.0 124
1677084677806 0.0 125
1677084678027 0.0 126
1677084679184 0.0 127
1677084679393 0.0 128
1677084680577 0.0 129
1677084680807 0.0 130
1677084682025 0.0 131
1677084682253 0.0 132
1677084683485 0.0 133
1677084683712 0.0 134
1677084685015 0.0 135
1677084685235 0.0 136
1677084686440 0.0 137
1677084686671 0.0 138
1677084687945 0.0 139
1677084688174 0.0 140
1677084689428 0.0 141
1677084689653 0.0 142
1677084690857 0.0 143
1677084691081 0.0 144
1677084692245 0.0 145
1677084692531 0.0 146
1677084693638 0.0 147
1677084693842 0.0 148
1677084694939 0.0 149
1677084695151 0.0 150
1677084696267 0.0 151
1677084696476 0.0 152
1677084697602 0.0 153
1677084697823 0.0 154
1677084698958 0.0 155
1677084699165 0.0 156
1677084700327 0.0 157
1677084700541 0.0 158
1677084701659 0.0 159
1677084701868 0.0 160
1677084702982 0.0 161
1677084703200 0.0 162
1677084704300 0.0 163
1677084704513 0.0 164
1677084705661 0.0 165
1677084705869 0.0 166
1677084706987 0.0 167
1677084707281 0.0 168
1677084708422 0.0 169
1677084708633 0.0 170
1677084709745 0.0 171
1677084709955 0.0 172
1677084711177 0.0 173
1677084711408 0.0 174
1677084712657 0.0 175
1677084712890 0.0 176
1677084714165 0.0 177
1677084714395 0.0 178
1677084715665 0.0 179
1677084715888 0.0 180
1677084716985 0.0 181
1677084717189 0.0 182
1677084718368 0.0 183
1677084718581 0.0 184
1677084719704 0.0 185
1677084719920 0.0 186
1677084721057 0.0 187
1677084721272 0.0 188
1677084722423 0.0 189
1677084722719 0.0 190
1677084723872 0.0 191
1677084724121 0.0 192
1677084725268 0.0 193
1677084725496 0.0 194
1677084726650 0.0 195
1677084726859 0.0 196
1677084727965 0.0 197
1677084728184 0.0 198
1677084729317 0.0 199
1677084729535 0.0 200
1677084730695 0.0 201
1677084730911 0.0 202
1677084732004 0.0 203
1677084732212 0.0 204
1677084733358 0.0 205
1677084733565 0.0 206
1677084734664 0.0 207
1677084734880 0.0 208
1677084736032 0.0 209
1677084736251 0.0 210
1677084737381 0.0 211
1677084737681 0.0 212
1677084738808 0.0 213
1677084739021 0.0 214
1677084740218 0.0 215
1677084740459 0.0 216
1677084741722 0.0 217
1677084741955 0.0 218
1677084743200 0.0 219
1677084743437 0.0 220
1677084744650 0.0 221
1677084744874 0.0 222
1677084746082 0.0 223
1677084746302 0.0 224
1677084747413 0.0 225
1677084747649 0.0 226
1677084748803 0.0 227
1677084749015 0.0 228
1677084750132 0.0 229
1677084750346 0.0 230
1677084751498 0.0 231
1677084751714 0.0 232
1677084752817 0.0 233
1677084753127 0.0 234
1677084754285 0.0 235
1677084754503 0.0 236
1677084755631 0.0 237
1677084755848 0.0 238
1677084756955 0.0 239
1677084757180 0.0 240
1677084758285 0.0 241
1677084758510 0.0 242
1677084759653 0.0 243
1677084759870 0.0 244
1677084761096 0.0 245
1677084761311 0.0 246
1677084762460 0.0 247
1677084762680 0.0 248
1677084763819 0.0 249
1677084764031 0.0 250
1677084765163 0.0 251
1677084765389 0.0 252
1677084766504 0.0 253
1677084766718 0.0 254
1677084767811 0.0 255
1677084768112 0.0 256
1677084769214 0.0 257
1677084769429 0.0 258
1677084770596 0.0 259
1677084770835 0.0 260
1677084772085 0.0 261
1677084772317 0.0 262
1677084773599 0.0 263
1677084773840 0.0 264
1677084775074 0.0 265
1677084775323 0.0 266
1677084776580 0.0 267
1677084776797 0.0 268
1677084777940 0.0 269
1677084778158 0.0 270
1677084779283 0.0 271
1677084779527 0.0 272
1677084780651 0.0 273
1677084780866 0.0 274
1677084782023 0.0 275
1677084782238 0.0 276
1677084783352 0.0 277
1677084783643 0.0 278
1677084784762 0.0 279
1677084784975 0.0 280
1677084786111 0.0 281
1677084786331 0.0 282
1677084787503 0.0 283
1677084787740 0.0 284
1677084788880 0.0 285
1677084789093 0.0 286
1677084790189 0.0 287
1677084790410 0.0 288
1677084791580 0.0 289
1677084791796 0.0 290
1677084792917 0.0 291
1677084793139 0.0 292
1677084794246 0.0 293
1677084794463 0.0 294
1677084795565 0.0 295
1677084795794 0.0 296
1677084796917 0.0 297
1677084797138 0.0 298
1677084798288 0.0 299
1677084798582 0.0 300
1677084798796 0.0 301
