1677084593086 3.151010751724243 1
1677084593300 0.1899118423461914 2
1677084594417 1.1204683780670166 3
1677084594611 0.19441008567810059 4
1677084595820 1.2380421161651611 5
1677084596020 0.1653916835784912 6
1677084597155 1.1375646591186523 7
1677084597365 0.2100362777709961 8
1677084598516 1.145003080368042 9
1677084598718 0.2110593318939209 10
1677084599807 1.087228536605835 11
1677084600010 0.19876813888549805 12
1677084601192 1.1821565628051758 13
1677084601386 0.1983342170715332 14
1677084602679 1.2895712852478027 15
1677084602893 0.2149524688720703 16
1677084604037 1.1459591388702393 17
1677084604245 0.20900940895080566 18
1677084605386 1.139082908630371 19
1677084605595 0.2077944278717041 20
1677084606744 1.1500587463378906 21
1677084606978 0.2279961109161377 22
1677084608133 1.1589934825897217 23
1677084608337 0.20608854293823242 24
1677084609580 1.243917465209961 25
1677084609781 0.2011096477508545 26
1677084610898 1.1470067501068115 27
1677084611107 0.17805099487304688 28
1677084612271 1.163428783416748 29
1677084612477 0.2075638771057129 30
1677084613665 1.182375192642212 31
1677084613867 0.20344948768615723 32
1677084615007 1.1372320652008057 33
1677084615214 0.20934653282165527 34
1677084616329 1.1076316833496094 35
1677084616528 0.20893216133117676 36
1677084617735 1.2060041427612305 37
1677084617943 0.20791053771972656 38
1677084619106 1.1594901084899902 39
1677084619321 0.2106471061706543 40
1677084620493 1.177069902420044 41
1677084620696 0.20506048202514648 42
1677084621831 1.1379151344299316 43
1677084622031 0.1993274688720703 44
1677084623174 1.1412758827209473 45
1677084623382 0.20564818382263184 46
1677084624611 1.2316739559173584 47
1677084624818 0.20349740982055664 48
1677084625975 1.1926350593566895 49
1677084626182 0.17423367500305176 50
1677084627310 1.1255252361297607 51
1677084627514 0.20498299598693848 52
1677084628627 1.114900827407837 53
1677084628834 0.20436882972717285 54
1677084629949 1.116899013519287 55
1677084630163 0.21094489097595215 56
1677084631289 1.1278212070465088 57
1677084631495 0.2080850601196289 58
1677084632720 1.2201220989227295 59
1677084632924 0.20787572860717773 60
1677084634041 1.117182731628418 61
1677084634243 0.2018742561340332 62
1677084635349 1.1050307750701904 63
1677084635559 0.20882391929626465 64
1677084636736 1.1797709465026855 65
1677084636940 0.2033994197845459 66
1677084638079 1.1388177871704102 67
1677084638287 0.20704197883605957 68
1677084639510 1.225661039352417 69
1677084639713 0.20105361938476562 70
1677084640803 1.122776746749878 71
1677084641006 0.16805768013000488 72
1677084642117 1.114802598953247 73
1677084642324 0.20276618003845215 74
1677084643464 1.141906976699829 75
1677084643666 0.20289254188537598 76
1677084644777 1.1109964847564697 77
1677084644984 0.206132173538208 78
1677084646147 1.1630167961120605 79
1677084646351 0.20409893989562988 80
1677084647568 1.2168476581573486 81
1677084647782 0.2111060619354248 82
1677084648908 1.1268999576568604 83
1677084649116 0.21078276634216309 84
1677084650257 1.1371409893035889 85
1677084650459 0.20428204536437988 86
1677084651647 1.180790662765503 87
1677084651875 0.23089170455932617 88
1677084653097 1.2169783115386963 89
1677084653322 0.22947454452514648 90
1677084654608 1.2877461910247803 91
1677084654823 0.2142176628112793 92
1677084656008 1.222935438156128 93
1677084656217 0.17515826225280762 94
1677084657346 1.127608299255371 95
1677084657553 0.20594000816345215 96
1677084658652 1.1011905670166016 97
1677084658862 0.2087535858154297 98
1677084659994 1.1338367462158203 99
1677084660211 0.21626973152160645 100
1677084661390 1.1789367198944092 101
1677084661666 0.27503132820129395 102
1677084662805 1.1360366344451904 103
1677084663022 0.21790099143981934 104
1677084664180 1.158099889755249 105
1677084664391 0.21293401718139648 106
1677084665495 1.1022663116455078 107
1677084665721 0.2187337875366211 108
1677084666873 1.160236120223999 109
1677084667085 0.20604681968688965 110
1677084668230 1.1517393589019775 111
1677084668438 0.2092440128326416 112
1677084669610 1.1702251434326172 113
1677084669815 0.20705842971801758 114
1677084670916 1.1345372200012207 115
1677084671122 0.16842937469482422 116
1677084672273 1.1489901542663574 117
1677084672476 0.2078089714050293 118
1677084673667 1.1907436847686768 119
1677084673872 0.20703649520874023 120
1677084674993 1.1178820133209229 121
1677084675210 0.2172856330871582 122
1677084676357 1.1448180675506592 123
1677084676642 0.2859187126159668 124
1677084677795 1.1470870971679688 125
1677084678018 0.22900748252868652 126
1677084679172 1.154876947402954 127
1677084679384 0.21027421951293945 128
1677084680566 1.1773526668548584 129
1677084680797 0.23336029052734375 130
1677084682015 1.2101764678955078 131
1677084682244 0.23051762580871582 132
1677084683474 1.2330689430236816 133
1677084683701 0.23041582107543945 134
1677084685005 1.3431875705718994 135
1677084685226 0.18457245826721191 136
1677084686430 1.1991181373596191 137
1677084686660 0.23107504844665527 138
1677084687935 1.279109239578247 139
1677084688163 0.22244501113891602 140
1677084689418 1.2574989795684814 141
1677084689643 0.22516369819641113 142
1677084690847 1.2030436992645264 143
1677084691072 0.22572803497314453 144
1677084692233 1.1659536361694336 145
1677084692522 0.28624939918518066 146
1677084693629 1.1097452640533447 147
1677084693833 0.20296096801757812 148
1677084694930 1.0960094928741455 149
1677084695142 0.2119426727294922 150
1677084696256 1.1164748668670654 151
1677084696466 0.2072463035583496 152
1677084697594 1.1261351108551025 153
1677084697814 0.2201523780822754 154
1677084698947 1.1371409893035889 155
1677084699155 0.20827555656433105 156
1677084700318 1.1977882385253906 157
1677084700532 0.17196965217590332 158
1677084701651 1.1219823360443115 159
1677084701859 0.2099905014038086 160
1677084702973 1.1104316711425781 161
1677084703189 0.21839642524719238 162
1677084704292 1.103118658065796 163
1677084704505 0.21197152137756348 164
1677084705652 1.1455891132354736 165
1677084705860 0.21044659614562988 166
1677084706977 1.1181812286376953 167
1677084707272 0.2908306121826172 168
1677084708413 1.1438231468200684 169
1677084708625 0.2111053466796875 170
1677084709735 1.108808994293213 171
1677084709947 0.2091233730316162 172
1677084711167 1.2171714305877686 173
1677084711398 0.2310183048248291 174
1677084712647 1.2489566802978516 175
1677084712881 0.23304343223571777 176
1677084714154 1.2759580612182617 177
1677084714385 0.22934746742248535 178
1677084715655 1.3146448135375977 179
1677084715878 0.18283677101135254 180
1677084716973 1.0970745086669922 181
1677084717179 0.207045316696167 182
1677084718358 1.1672868728637695 183
1677084718572 0.22275996208190918 184
1677084719695 1.1221528053283691 185
1677084719911 0.21593070030212402 186
1677084721047 1.1358702182769775 187
1677084721263 0.2156219482421875 188
1677084722414 1.1480352878570557 189
1677084722709 0.29726243019104004 190
1677084723862 1.1511242389678955 191
1677084724111 0.24790668487548828 192
1677084725259 1.1502232551574707 193
1677084725487 0.2288188934326172 194
1677084726641 1.1550612449645996 195
1677084726850 0.2100377082824707 196
1677084727956 1.1058199405670166 197
1677084728174 0.21461939811706543 198
1677084729307 1.1374413967132568 199
1677084729526 0.22034811973571777 200
1677084730683 1.1942429542541504 201
1677084730901 0.17850661277770996 202
1677084731995 1.094783067703247 203
1677084732204 0.20730328559875488 204
1677084733348 1.1408288478851318 205
1677084733556 0.2163093090057373 206
1677084734655 1.0957424640655518 207
1677084734871 0.2151191234588623 208
1677084736023 1.1528301239013672 209
1677084736241 0.212968111038208 210
1677084737371 1.1280081272125244 211
1677084737671 0.29929256439208984 212
1677084738798 1.131742238998413 213
1677084739013 0.21310877799987793 214
1677084740207 1.1858701705932617 215
1677084740449 0.24311447143554688 216
1677084741710 1.2592473030090332 217
1677084741945 0.23978137969970703 218
1677084743190 1.2441558837890625 219
1677084743426 0.23274755477905273 220
1677084744638 1.2158892154693604 221
1677084744865 0.2339494228363037 222
1677084746072 1.2092020511627197 223
1677084746293 0.22043108940124512 224
1677084747404 1.1085901260375977 225
1677084747639 0.23388886451721191 226
1677084748794 1.158212661743164 227
1677084749005 0.21173715591430664 228
1677084750122 1.116971492767334 229
1677084750337 0.21223115921020508 230
1677084751488 1.1549949645996094 231
1677084751705 0.21580815315246582 232
1677084752808 1.10101318359375 233
1677084753118 0.3072702884674072 234
1677084754275 1.1627144813537598 235
1677084754494 0.21650290489196777 236
1677084755622 1.124453067779541 237
1677084755839 0.22208046913146973 238
1677084756946 1.1035947799682617 239
1677084757171 0.22192883491516113 240
1677084758276 1.1074719429016113 241
1677084758499 0.21615886688232422 242
1677084759644 1.1510772705078125 243
1677084759860 0.21575498580932617 244
1677084761087 1.266322374343872 245
1677084761302 0.17569518089294434 246
1677084762451 1.1490063667297363 247
1677084762671 0.21991515159606934 248
1677084763810 1.1382954120635986 249
1677084764023 0.21677303314208984 250
1677084765154 1.126023292541504 251
1677084765380 0.2222602367401123 252
1677084766495 1.1248416900634766 253
1677084766708 0.20875883102416992 254
1677084767802 1.0933160781860352 255
1677084768101 0.2997915744781494 256
1677084769205 1.106278657913208 257
1677084769420 0.21632170677185059 258
1677084770582 1.1524577140808105 259
1677084770826 0.24215054512023926 260
1677084772075 1.251603603363037 261
1677084772308 0.23581910133361816 262
1677084773590 1.2784123420715332 263
1677084773830 0.24397969245910645 264
1677084775065 1.2780578136444092 265
1677084775313 0.19392967224121094 266
1677084776571 1.2697944641113281 267
1677084776786 0.21926426887512207 268
1677084777931 1.1419334411621094 269
1677084778149 0.21786046028137207 270
1677084779274 1.1231629848480225 271
1677084779517 0.2440016269683838 272
1677084780643 1.1239686012268066 273
1677084780857 0.21945905685424805 274
1677084782014 1.118021011352539 275
1677084782229 0.24942469596862793 276
1677084783342 1.1161184310913086 277
1677084783633 0.29166603088378906 278
1677084784752 1.1206183433532715 279
1677084784966 0.21270036697387695 280
1677084786101 1.134068250656128 281
1677084786321 0.2192094326019287 282
1677084787495 1.1707053184509277 283
1677084787730 0.22908663749694824 284
1677084788870 1.1474616527557373 285
1677084789084 0.21687769889831543 286
1677084790180 1.1358139514923096 287
1677084790401 0.18294405937194824 288
1677084791572 1.167787790298462 289
1677084791786 0.21491694450378418 290
1677084792907 1.1179964542388916 291
1677084793130 0.2217411994934082 292
1677084794237 1.111341953277588 293
1677084794454 0.2185685634613037 294
1677084795556 1.1015818119049072 295
1677084795784 0.22481799125671387 296
1677084796909 1.1241686344146729 297
1677084797129 0.22284936904907227 298
1677084798278 1.1490139961242676 299
1677084798572 0.2880575656890869 300
1677084798788 0.2170717716217041 301
