1677084593100 3.151010751724243 1
1677084593305 3.3409225940704346 2
1677084594423 4.461390972137451 3
1677084594617 4.655801057815552 4
1677084595827 5.893843173980713 5
1677084596026 6.059234857559204 6
1677084597163 7.1967995166778564 7
1677084597371 7.4068357944488525 8
1677084598522 8.551838874816895 9
1677084598723 8.762898206710815 10
1677084599813 9.85012674331665 11
1677084600017 10.048894882202148 12
1677084601198 11.231051445007324 13
1677084601392 11.429385662078857 14
1677084602686 12.71895694732666 15
1677084602898 12.93390941619873 16
1677084604051 14.07986855506897 17
1677084604253 14.288877964019775 18
1677084605392 15.427960872650146 19
1677084605600 15.63575530052185 20
1677084606756 16.78581404685974 21
1677084606984 17.01381015777588 22
1677084608138 18.1728036403656 23
1677084608350 18.378892183303833 24
1677084609586 19.622809648513794 25
1677084609787 19.82391929626465 26
1677084610910 20.97092604637146 27
1677084611113 21.148977041244507 28
1677084612277 22.312405824661255 29
1677084612483 22.519969701766968 30
1677084613670 23.70234489440918 31
1677084613875 23.905794382095337 32
1677084615013 25.043026447296143 33
1677084615220 25.252372980117798 34
1677084616335 26.360004663467407 35
1677084616535 26.568936824798584 36
1677084617740 27.774940967559814 37
1677084617948 27.98285150527954 38
1677084619112 29.14234161376953 39
1677084619327 29.352988719940186 40
1677084620499 30.53005862236023 41
1677084620701 30.735119104385376 42
1677084621837 31.873034238815308 43
1677084622037 32.07236170768738 44
1677084623180 33.213637590408325 45
1677084623387 33.41928577423096 46
1677084624616 34.650959730148315 47
1677084624824 34.85445713996887 48
1677084625981 36.04709219932556 49
1677084626188 36.22132587432861 50
1677084627315 37.346851110458374 51
1677084627519 37.55183410644531 52
1677084628633 38.66673493385315 53
1677084628841 38.87110376358032 54
1677084629955 39.98800277709961 55
1677084630168 40.19894766807556 56
1677084631296 41.32676887512207 57
1677084631501 41.5348539352417 58
1677084632725 42.75497603416443 59
1677084632930 42.962851762771606 60
1677084634046 44.080034494400024 61
1677084634248 44.28190875053406 62
1677084635355 45.38693952560425 63
1677084635564 45.59576344490051 64
1677084636742 46.7755343914032 65
1677084636946 46.978933811187744 66
1677084638085 48.117751598358154 67
1677084638292 48.324793577194214 68
1677084639516 49.55045461654663 69
1677084639718 49.7515082359314 70
1677084640808 50.874284982681274 71
1677084641012 51.04234266281128 72
1677084642123 52.157145261764526 73
1677084642329 52.35991144180298 74
1677084643469 53.50181841850281 75
1677084643672 53.704710960388184 76
1677084644783 54.81570744514465 77
1677084644990 55.02183961868286 78
1677084646152 56.18485641479492 79
1677084646357 56.38895535469055 80
1677084647575 57.6058030128479 81
1677084647788 57.816909074783325 82
1677084648915 58.943809032440186 83
1677084649123 59.15459179878235 84
1677084650262 60.29173278808594 85
1677084650465 60.49601483345032 86
1677084651653 61.67680549621582 87
1677084651880 61.90769720077515 88
1677084653103 63.12467551231384 89
1677084653328 63.35415005683899 90
1677084654614 64.64189624786377 91
1677084654829 64.85611391067505 92
1677084656014 66.07904934883118 93
1677084656223 66.25420761108398 94
1677084657351 67.38181591033936 95
1677084657559 67.58775591850281 96
1677084658659 68.68894648551941 97
1677084658868 68.89770007133484 98
1677084660000 70.03153681755066 99
1677084660217 70.24780654907227 100
1677084661395 71.42674326896667 101
1677084661672 71.70177459716797 102
1677084662811 72.83781123161316 103
1677084663029 73.05571222305298 104
1677084664185 74.21381211280823 105
1677084664396 74.42674612998962 106
1677084665501 75.52901244163513 107
1677084665729 75.74774622917175 108
1677084666879 76.90798234939575 109
1677084667090 77.11402916908264 110
1677084668235 78.26576852798462 111
1677084668444 78.47501254081726 112
1677084669617 79.64523768424988 113
1677084669821 79.8522961139679 114
1677084670922 80.98683333396912 115
1677084671127 81.15526270866394 116
1677084672279 82.3042528629303 117
1677084672481 82.51206183433533 118
1677084673673 83.702805519104 119
1677084673878 83.90984201431274 120
1677084674998 85.02772402763367 121
1677084675215 85.24500966072083 122
1677084676363 86.38982772827148 123
1677084676648 86.67574644088745 124
1677084677803 87.82283353805542 125
1677084678024 88.0518410205841 126
1677084679179 89.20671796798706 127
1677084679390 89.4169921875 128
1677084680573 90.59434485435486 129
1677084680804 90.8277051448822 130
1677084682021 92.03788161277771 131
1677084682249 92.26839923858643 132
1677084683481 93.50146818161011 133
1677084683709 93.73188400268555 134
1677084685011 95.07507157325745 135
1677084685231 95.25964403152466 136
1677084686436 96.45876216888428 137
1677084686667 96.68983721733093 138
1677084687942 97.96894645690918 139
1677084688169 98.1913914680481 140
1677084689424 99.44889044761658 141
1677084689649 99.67405414581299 142
1677084690853 100.87709784507751 143
1677084691078 101.10282588005066 144
1677084692240 102.26877951622009 145
1677084692528 102.55502891540527 146
1677084693635 103.66477417945862 147
1677084693839 103.8677351474762 148
1677084694935 104.96374464035034 149
1677084695147 105.17568731307983 150
1677084696263 106.2921621799469 151
1677084696474 106.49940848350525 152
1677084697599 107.62554359436035 153
1677084697819 107.84569597244263 154
1677084698954 108.98283696174622 155
1677084699161 109.19111251831055 156
1677084700324 110.38890075683594 157
1677084700537 110.56087040901184 158
1677084701656 111.68285274505615 159
1677084701865 111.89284324645996 160
1677084702980 113.00327491760254 161
1677084703195 113.22167134284973 162
1677084704297 114.32479000091553 163
1677084704510 114.53676152229309 164
1677084705657 115.68235063552856 165
1677084705866 115.8927972316742 166
1677084706983 117.01097846031189 167
1677084707278 117.3018090724945 168
1677084708419 118.44563221931458 169
1677084708630 118.65673756599426 170
1677084709741 119.76554656028748 171
1677084709952 119.97466993331909 172
1677084711173 121.19184136390686 173
1677084711404 121.42285966873169 174
1677084712654 122.67181634902954 175
1677084712886 122.90485978126526 176
1677084714160 124.18081784248352 177
1677084714391 124.410165309906 178
1677084715662 125.7248101234436 179
1677084715884 125.90764689445496 180
1677084716981 127.00472140312195 181
1677084717185 127.21176671981812 182
1677084718364 128.37905359268188 183
1677084718576 128.6018135547638 184
1677084719701 129.72396636009216 185
1677084719917 129.9398970603943 186
1677084721053 131.07576727867126 187
1677084721269 131.29138922691345 188
1677084722420 132.4394245147705 189
1677084722715 132.73668694496155 190
1677084723869 133.88781118392944 191
1677084724117 134.13571786880493 192
1677084725265 135.2859411239624 193
1677084725493 135.51476001739502 194
1677084726647 136.66982126235962 195
1677084726855 136.8798589706421 196
1677084727963 137.9856789112091 197
1677084728181 138.20029830932617 198
1677084729314 139.33773970603943 199
1677084729532 139.55808782577515 200
1677084730691 140.7523307800293 201
1677084730908 140.930837392807 202
1677084732001 142.02562046051025 203
1677084732209 142.232923746109 204
1677084733355 143.37375259399414 205
1677084733562 143.59006190299988 206
1677084734661 144.68580436706543 207
1677084734877 144.9009234905243 208
1677084736029 146.05375361442566 209
1677084736247 146.26672172546387 210
1677084737377 147.3947298526764 211
1677084737677 147.69402241706848 212
1677084738804 148.8257646560669 213
1677084739018 149.03887343406677 214
1677084740214 150.22474360466003 215
1677084740455 150.46785807609558 216
1677084741718 151.72710537910461 217
1677084741951 151.96688675880432 218
1677084743196 153.21104264259338 219
1677084743433 153.44379019737244 220
1677084744645 154.6596794128418 221
1677084744870 154.8936288356781 222
1677084746078 156.10283088684082 223
1677084746299 156.32326197624207 224
1677084747410 157.43185210227966 225
1677084747645 157.66574096679688 226
1677084748800 158.82395362854004 227
1677084749011 159.03569078445435 228
1677084750128 160.15266227722168 229
1677084750343 160.36489343643188 230
1677084751494 161.5198884010315 231
1677084751712 161.73569655418396 232
1677084752814 162.8367097377777 233
1677084753124 163.14398002624512 234
1677084754281 164.30669450759888 235
1677084754500 164.52319741249084 236
1677084755627 165.64765048027039 237
1677084755845 165.86973094940186 238
1677084756953 166.97332572937012 239
1677084757177 167.19525456428528 240
1677084758281 168.3027265071869 241
1677084758505 168.5188853740692 242
1677084759649 169.66996264457703 243
1677084759866 169.88571763038635 244
1677084761093 171.15204000473022 245
1677084761308 171.32773518562317 246
1677084762457 172.4767415523529 247
1677084762677 172.69665670394897 248
1677084763816 173.83495211601257 249
1677084764028 174.05172514915466 250
1677084765160 175.17774844169617 251
1677084765385 175.40000867843628 252
1677084766500 176.52485036849976 253
1677084766714 176.73360919952393 254
1677084767807 177.82692527770996 255
1677084768108 178.1267168521881 256
1677084769210 179.23299551010132 257
1677084769425 179.44931721687317 258
1677084770591 180.60177493095398 259
1677084770832 180.84392547607422 260
1677084772081 182.09552907943726 261
1677084772314 182.33134818077087 262
1677084773595 183.6097605228424 263
1677084773837 183.8537402153015 264
1677084775071 185.13179802894592 265
1677084775319 185.32572770118713 266
1677084776577 186.59552216529846 267
1677084776794 186.81478643417358 268
1677084777937 187.9567198753357 269
1677084778155 188.17458033561707 270
1677084779280 189.2977433204651 271
1677084779523 189.54174494743347 272
1677084780648 190.66571354866028 273
1677084780863 190.88517260551453 274
1677084782020 192.00319361686707 275
1677084782235 192.2526183128357 276
1677084783348 193.368736743927 277
1677084783639 193.6604027748108 278
1677084784759 194.78102111816406 279
1677084784971 194.99372148513794 280
1677084786107 196.12778973579407 281
1677084786326 196.346999168396 282
1677084787500 197.51770448684692 283
1677084787736 197.74679112434387 284
1677084788877 198.8942527770996 285
1677084789090 199.11113047599792 286
1677084790185 200.24694442749023 287
1677084790407 200.42988848686218 288
1677084791577 201.59767627716064 289
1677084791793 201.81259322166443 290
1677084792913 202.93058967590332 291
1677084793135 203.15233087539673 292
1677084794243 204.26367282867432 293
1677084794459 204.48224139213562 294
1677084795561 205.58382320404053 295
1677084795791 205.80864119529724 296
1677084796915 206.9328098297119 297
1677084797135 207.155659198761 298
1677084798284 208.30467319488525 299
1677084798578 208.59273076057434 300
1677084798793 208.80980253219604 301
