1677084593085 61.15017820686409 1
1677084594416 51.1832544615776 3
1677084595819 21.18464517534349 5
1677084597154 9.7407636562822 7
1677084598515 7.294262301402779 9
1677084599805 6.641885741061017 11
1677084601191 5.490822504441146 13
1677084602679 5.449285180143582 15
1677084604035 5.285076929307494 17
1677084605385 6.534002999295627 19
1677084606743 5.320811919165189 21
1677084608132 14.468798342844622 23
1677084609579 10.789075443824608 25
1677084610897 6.818119716924388 27
1677084612269 5.037637222090477 29
1677084613663 4.299275944476176 31
1677084615006 4.393548414176688 33
1677084616320 3.859075633312582 35
1677084617733 3.8987173095466785 37
1677084619105 4.025230866116216 39
1677084620492 3.88875603996765 41
1677084621829 4.207817653011598 43
1677084623173 4.846434937737292 45
1677084624610 4.059110113954128 47
1677084625974 3.934087119552021 49
1677084627309 3.0280994795190392 51
1677084628626 3.0708918099320104 53
1677084629947 2.9370133678845853 55
1677084631288 3.7041858551773097 57
1677084632718 3.491608016790129 59
1677084634040 2.897927054115264 61
1677084635348 2.7032922898442187 63
1677084636735 3.820073235089267 65
1677084638077 3.3937357814301365 67
1677084639509 3.2312117192421335 69
1677084640801 3.4430437940090792 71
1677084642116 3.045995264291619 73
1677084643463 3.2939420438361076 75
1677084644776 2.7557146813876194 77
1677084646145 2.902557118239884 79
1677084647567 2.8472200787728728 81
1677084648906 3.0306565097739706 83
1677084650255 3.0983795116727926 85
1677084651645 3.105400621999357 87
1677084653095 2.8409871996521425 89
1677084654607 2.3602795294287446 91
1677084656006 2.6438555080050414 93
1677084657344 2.7601371690325927 95
1677084658651 2.741373002722263 97
1677084659993 2.560553891463529 99
1677084661389 2.552598621980711 101
1677084662803 2.9904735967447422 103
1677084664178 2.696033802618547 105
1677084665494 3.0323847918792675 107
1677084666871 2.526376341635449 109
1677084668229 2.542730933066223 111
1677084669609 2.4583678493113394 113
1677084670915 2.902863441834858 115
1677084672271 2.357830260785523 117
1677084673665 3.060363390654026 119
1677084674991 2.6222651320752557 121
1677084676355 2.8779563249402567 123
1677084677794 2.6642493110648497 125
1677084679170 2.8602005523182434 127
1677084680565 2.2446533398366597 129
1677084682013 2.552966673833956 131
1677084683473 2.3106835064871545 133
1677084685005 2.674183681893392 135
1677084686429 2.668532262645921 137
1677084687935 2.1982621172847767 139
1677084689417 2.459079746099329 141
1677084690846 2.363828463326157 143
1677084692232 2.706049674699603 145
1677084693628 2.487288199572977 147
1677084694928 2.417691755130884 149
1677084696255 2.5227896306178303 151
1677084697592 2.7940182384939893 153
1677084698946 2.1058442652440594 155
1677084700317 2.3208205229338663 157
1677084701649 2.430087570200428 159
1677084702972 2.7981443905753136 161
1677084704290 2.4035932760427308 163
1677084705651 2.7647096349514566 165
1677084706976 2.379220559509688 167
1677084708412 2.590381860337374 169
1677084709734 2.6323794471549653 171
1677084711166 2.1569346173138753 173
1677084712646 2.2566795065817296 175
1677084714152 2.700698462070782 177
1677084715654 2.5591684569580972 179
1677084716972 2.5301474928808796 181
1677084718357 2.505342044641411 183
1677084719694 2.37506756758227 185
1677084721046 2.54734186300553 187
1677084722413 2.490147636081372 189
1677084723861 2.364812329625429 191
1677084725257 2.522848324036757 193
1677084726640 2.3648540376596334 195
1677084727955 2.2362859198809883 197
1677084729306 2.2483261442660494 199
1677084730682 2.420267021386298 201
1677084731993 2.447742528176592 203
1677084733346 2.3449582653848524 205
1677084734654 2.4390941849750436 207
1677084736022 2.2327425699761805 209
1677084737370 2.4044045715337936 211
1677084738796 2.3664702979260337 213
1677084740205 2.3506061621882677 215
1677084741709 2.5449529659527323 217
1677084743188 2.492402227209456 219
1677084744637 2.141831024326829 221
1677084746070 2.249883067855009 223
1677084747403 2.2747700953811414 225
1677084748793 2.335363153128504 227
1677084750121 1.9684801125047242 229
1677084751487 2.1242722854521814 231
1677084752807 2.194196003052299 233
1677084754274 2.5864046070324065 235
1677084755620 2.2209837475425402 237
1677084756945 2.436626273802007 239
1677084758273 2.1007830207266163 241
1677084759642 2.503585025545286 243
1677084761086 2.202202157882174 245
1677084762450 2.4136503548591106 247
1677084763809 2.5450041760786113 249
1677084765153 2.5126625948678525 251
1677084766494 2.2294821124356567 253
1677084767800 2.3550549359447577 255
1677084769203 2.4272243063753134 257
1677084770580 2.2891307907221243 259
1677084772074 2.609621127419278 261
1677084773589 2.0945716028334336 263
1677084775064 2.246652627560894 265
1677084776569 2.0608684817107323 267
1677084777930 2.3368350438328322 269
1677084779273 2.2012368946725074 271
1677084780641 2.15009599978098 273
1677084782013 2.4127330896340236 275
1677084783341 2.314114917773164 277
1677084784750 2.317376965162353 279
1677084786099 2.0278331846374797 281
1677084787493 2.538194914918973 283
1677084788869 2.375661172822357 285
1677084790179 2.2525193251319475 287
1677084791570 2.7807745049958976 289
1677084792906 2.345647909824462 291
1677084794236 2.391017408644541 293
1677084795554 2.2194857988848535 295
1677084796908 2.1413740276838165 297
1677084798277 2.2439891693385636 299
