1677142252723 1.0 1
1677142252933 2.0 2
1677142254024 3.0 3
1677142254280 4.0 4
1677142255448 5.0 5
1677142255655 6.0 6
1677142256732 7.0 7
1677142256943 8.0 8
1677142258021 9.0 9
1677142258227 10.0 10
1677142259327 11.0 11
1677142259539 12.0 12
1677142260610 13.0 13
1677142260822 14.0 14
1677142261894 15.0 15
1677142262107 16.0 16
1677142263256 17.0 17
1677142263468 18.0 18
1677142264599 19.0 19
1677142264808 20.0 20
1677142265895 21.0 21
1677142266110 22.0 22
1677142267206 23.0 23
1677142267419 24.0 24
1677142268558 25.0 25
1677142268777 26.0 26
1677142270027 27.0 27
1677142270239 28.0 28
1677142271325 29.0 29
1677142271534 30.0 30
1677142272620 31.0 31
1677142272836 32.0 32
1677142273917 33.0 33
1677142274136 34.0 34
1677142275248 35.0 35
1677142275459 36.0 36
1677142276538 37.0 37
1677142276755 38.0 38
1677142277947 39.0 39
1677142278169 40.0 40
1677142279247 41.0 41
1677142279461 42.0 42
1677142280567 43.0 43
1677142280780 44.0 44
1677142281887 45.0 45
1677142282103 46.0 46
1677142283215 47.0 47
1677142283432 48.0 48
1677142284572 49.0 49
1677142284797 50.0 50
1677142285930 51.0 51
1677142286148 52.0 52
1677142287235 53.0 53
1677142287449 54.0 54
1677142288524 55.0 55
1677142288739 56.0 56
1677142289814 57.0 57
1677142290041 58.0 58
1677142291116 59.0 59
1677142291334 60.0 60
1677142292497 61.0 61
1677142292711 62.0 62
1677142293824 63.0 63
1677142294043 64.0 64
1677142295155 65.0 65
1677142295379 66.0 66
1677142296472 67.0 67
1677142296686 68.0 68
1677142297787 69.0 69
1677142298004 70.0 70
1677142299216 71.0 71
1677142299434 72.0 72
1677142300550 73.0 73
1677142300774 74.0 74
1677142301885 75.0 75
1677142302102 76.0 76
1677142303169 77.0 77
1677142303380 78.0 78
1677142304458 79.0 79
1677142304678 80.0 80
1677142305789 81.0 81
1677142306088 82.0 82
1677142307184 83.0 83
1677142307403 84.0 84
1677142308485 85.0 85
1677142308703 86.0 86
1677142309791 87.0 87
1677142310009 88.0 88
1677142311133 89.0 89
1677142311365 90.0 90
1677142312461 91.0 91
1677142312679 92.0 92
1677142313855 93.0 93
1677142314075 94.0 94
1677142315163 95.0 95
1677142315380 96.0 96
1677142316486 97.0 97
1677142316736 98.0 98
1677142317826 99.0 99
1677142318044 100.0 100
1677142319130 101.0 101
1677142319351 102.0 102
1677142320441 103.0 103
1677142320734 104.0 104
1677142321871 105.0 105
1677142322091 106.0 106
1677142323219 107.0 107
1677142323439 108.0 108
1677142324532 109.0 109
1677142324748 110.0 110
1677142325838 111.0 111
1677142326057 112.0 112
1677142327165 113.0 113
1677142327387 114.0 114
1677142328540 115.0 115
1677142328765 116.0 116
1677142329839 117.0 117
1677142330058 118.0 118
1677142331156 119.0 119
1677142331375 120.0 120
1677142332537 121.0 121
1677142332759 122.0 122
1677142333847 123.0 123
1677142334067 124.0 124
1677142335155 125.0 125
1677142335450 126.0 126
1677142336530 127.0 127
1677142336752 128.0 128
1677142337864 129.0 129
1677142338086 130.0 130
1677142339169 131.0 131
1677142339389 132.0 132
1677142340472 133.0 133
1677142340696 134.0 134
1677142341781 135.0 135
1677142342013 136.0 136
1677142343224 137.0 137
1677142343447 138.0 138
1677142344541 139.0 139
1677142344762 140.0 140
1677142345879 141.0 141
1677142346095 142.0 142
1677142347219 143.0 143
1677142347442 144.0 144
1677142348554 145.0 145
1677142348778 146.0 146
1677142349871 147.0 147
1677142350171 148.0 148
1677142351241 149.0 149
1677142351459 150.0 150
1677142352594 151.0 151
1677142352816 152.0 152
1677142353902 153.0 153
1677142354124 154.0 154
1677142355226 155.0 155
1677142355446 156.0 156
1677142356549 157.0 157
1677142356769 158.0 158
1677142357988 159.0 159
1677142358213 160.0 160
1677142359346 161.0 161
1677142359570 162.0 162
1677142360665 163.0 163
1677142360895 164.0 164
1677142362025 165.0 165
1677142362248 166.0 166
1677142363386 167.0 167
1677142363607 168.0 168
1677142364702 169.0 169
1677142365002 170.0 170
1677142366088 171.0 171
1677142366308 172.0 172
1677142367399 173.0 173
1677142367636 174.0 174
1677142368766 175.0 175
1677142368986 176.0 176
1677142370087 177.0 177
1677142370318 178.0 178
1677142371400 179.0 179
1677142371620 180.0 180
1677142372842 181.0 181
1677142373066 182.0 182
1677142374147 183.0 183
1677142374370 184.0 184
1677142375444 185.0 185
1677142375668 186.0 186
1677142376749 187.0 187
1677142376969 188.0 188
1677142378121 189.0 189
1677142378342 190.0 190
1677142379431 191.0 191
1677142379730 192.0 192
1677142380819 193.0 193
1677142381050 194.0 194
1677142382142 195.0 195
1677142382363 196.0 196
1677142383497 197.0 197
1677142383722 198.0 198
1677142384823 199.0 199
1677142385049 200.0 200
1677142386151 201.0 201
1677142386376 202.0 202
1677142387591 203.0 203
1677142387816 204.0 204
1677142388939 205.0 205
1677142389162 206.0 206
1677142390282 207.0 207
1677142390505 208.0 208
1677142391629 209.0 209
1677142391857 210.0 210
1677142392986 211.0 211
1677142393221 212.0 212
1677142394365 213.0 213
1677142394667 214.0 214
1677142395777 215.0 215
1677142396004 216.0 216
1677142397086 217.0 217
1677142397313 218.0 218
1677142398449 219.0 219
1677142398678 220.0 220
1677142399778 221.0 221
1677142400000 222.0 222
1677142401106 223.0 223
1677142401330 224.0 224
1677142402511 225.0 225
1677142402745 226.0 226
1677142403904 227.0 227
1677142404127 228.0 228
1677142405209 229.0 229
1677142405433 230.0 230
1677142406521 231.0 231
1677142406751 232.0 232
1677142407845 233.0 233
1677142408070 234.0 234
1677142409189 235.0 235
1677142409490 236.0 236
1677142410603 237.0 237
1677142410831 238.0 238
1677142411946 239.0 239
1677142412176 240.0 240
1677142413271 241.0 241
1677142413514 242.0 242
1677142414601 243.0 243
1677142414842 244.0 244
1677142416073 245.0 245
1677142416405 246.0 246
1677142417878 247.0 247
1677142418157 248.0 248
1677142419371 249.0 249
1677142419606 250.0 250
1677142420864 251.0 251
1677142421103 252.0 252
1677142422316 253.0 253
1677142422543 254.0 254
1677142423680 255.0 255
1677142423923 256.0 256
1677142425138 257.0 257
1677142425458 258.0 258
1677142426599 259.0 259
1677142426829 260.0 260
1677142427980 261.0 261
1677142428209 262.0 262
1677142429345 263.0 263
1677142429581 264.0 264
1677142430727 265.0 265
1677142430969 266.0 266
1677142432114 267.0 267
1677142432346 268.0 268
1677142433528 269.0 269
1677142433761 270.0 270
1677142434848 271.0 271
1677142435074 272.0 272
1677142436157 273.0 273
1677142436387 274.0 274
1677142437467 275.0 275
1677142437688 276.0 276
1677142438759 277.0 277
1677142438984 278.0 278
1677142440073 279.0 279
1677142440374 280.0 280
1677142441456 281.0 281
1677142441680 282.0 282
1677142442765 283.0 283
1677142443016 284.0 284
1677142444147 285.0 285
1677142444396 286.0 286
1677142445564 287.0 287
1677142445859 288.0 288
1677142446931 289.0 289
1677142447174 290.0 290
1677142448378 291.0 291
1677142448615 292.0 292
1677142449726 293.0 293
1677142449972 294.0 294
1677142451135 295.0 295
1677142451390 296.0 296
1677142452550 297.0 297
1677142452844 298.0 298
1677142453981 299.0 299
1677142454268 300.0 300
1677142454550 301.0 301
