1677142252716 3.094212055206299 1
1677142252928 3.2918965816497803 2
1677142254018 4.380177736282349 3
1677142254270 4.610166072845459 4
1677142255443 5.80495810508728 5
1677142255649 6.011808156967163 6
1677142256726 7.0870201587677 7
1677142256938 7.299939393997192 8
1677142258015 8.374076128005981 9
1677142258222 8.584004878997803 10
1677142259321 9.680862426757812 11
1677142259533 9.894867181777954 12
1677142260604 10.965195417404175 13
1677142260815 11.177534818649292 14
1677142261889 12.24988341331482 15
1677142262100 12.46095609664917 16
1677142263250 13.606115818023682 17
1677142263460 13.823779582977295 18
1677142264593 14.950894117355347 19
1677142264802 15.163816928863525 20
1677142265890 16.2420392036438 21
1677142266105 16.46383285522461 22
1677142267200 17.554920196533203 23
1677142267413 17.774874925613403 24
1677142268553 18.912734508514404 25
1677142268772 19.13277578353882 26
1677142270021 20.369396448135376 27
1677142270230 20.59185814857483 28
1677142271310 21.669861555099487 29
1677142271527 21.88610816001892 30
1677142272613 22.97310447692871 31
1677142272830 23.188868522644043 32
1677142273910 24.2710919380188 33
1677142274130 24.488906145095825 34
1677142275242 25.59295916557312 35
1677142275453 25.813746213912964 36
1677142276530 26.890812635421753 37
1677142276749 27.110082387924194 38
1677142277941 28.300378799438477 39
1677142278163 28.517889261245728 40
1677142279241 29.599932193756104 41
1677142279455 29.81497573852539 42
1677142280560 30.917979955673218 43
1677142280774 31.133971214294434 44
1677142281881 32.24036169052124 45
1677142282097 32.45485973358154 46
1677142283210 33.56751799583435 47
1677142283427 33.785940408706665 48
1677142284566 34.922911643981934 49
1677142284790 35.14087891578674 50
1677142285924 36.2826828956604 51
1677142286141 36.4980034828186 52
1677142287229 37.58719229698181 53
1677142287443 37.80000138282776 54
1677142288518 38.87409043312073 55
1677142288733 39.09082269668579 56
1677142289807 40.15989804267883 57
1677142290035 40.391833543777466 58
1677142291109 41.467886209487915 59
1677142291328 41.68491244316101 60
1677142292491 42.849480390548706 61
1677142292705 43.06484842300415 62
1677142293819 44.17593789100647 63
1677142294037 44.39408850669861 64
1677142295147 45.50588369369507 65
1677142295372 45.72886300086975 66
1677142296465 46.82223439216614 67
1677142296680 47.040937185287476 68
1677142297782 48.13796949386597 69
1677142297998 48.355128049850464 70
1677142299211 49.566898584365845 71
1677142299429 49.78482508659363 72
1677142300544 50.89820456504822 73
1677142300766 51.12593388557434 74
1677142301879 52.235995054244995 75
1677142302096 52.453829288482666 76
1677142303163 53.52211833000183 77
1677142303375 53.73277974128723 78
1677142304451 54.80715560913086 79
1677142304671 55.02778720855713 80
1677142305783 56.14036154747009 81
1677142306082 56.43708944320679 82
1677142307178 57.53280234336853 83
1677142307397 57.75395345687866 84
1677142308478 58.83189010620117 85
1677142308697 59.049856185913086 86
1677142309785 60.14070105552673 87
1677142310003 60.358946800231934 88
1677142311128 61.48280072212219 89
1677142311359 61.714990854263306 90
1677142312455 62.80913043022156 91
1677142312673 63.02800226211548 92
1677142313849 64.20182299613953 93
1677142314070 64.42193269729614 94
1677142315158 65.51104593276978 95
1677142315374 65.72966408729553 96
1677142316481 66.83219337463379 97
1677142316730 67.08489322662354 98
1677142317820 68.17521357536316 99
1677142318038 68.39265251159668 100
1677142319125 69.47840452194214 101
1677142319345 69.69802713394165 102
1677142320436 70.7891035079956 103
1677142320727 71.08266520500183 104
1677142321865 72.21699142456055 105
1677142322085 72.44279956817627 106
1677142323213 73.56726694107056 107
1677142323433 73.78716850280762 108
1677142324526 74.87819933891296 109
1677142324743 75.09812092781067 110
1677142325831 76.1862051486969 111
1677142326051 76.40493845939636 112
1677142327159 77.51118421554565 113
1677142327380 77.73608016967773 114
1677142328533 78.88627791404724 115
1677142328760 79.1118016242981 116
1677142329834 80.18891835212708 117
1677142330052 80.40642023086548 118
1677142331149 81.50078773498535 119
1677142331369 81.72236633300781 120
1677142332530 82.88480710983276 121
1677142332752 83.10788345336914 122
1677142333840 84.19489765167236 123
1677142334060 84.412593126297 124
1677142335149 85.50293850898743 125
1677142335444 85.79992866516113 126
1677142336524 86.87863993644714 127
1677142336744 87.09604668617249 128
1677142337858 88.21104717254639 129
1677142338079 88.43600034713745 130
1677142339164 89.51713538169861 131
1677142339383 89.73595571517944 132
1677142340466 90.81997466087341 133
1677142340690 91.04260873794556 134
1677142341775 92.1289713382721 135
1677142342007 92.36190557479858 136
1677142343217 93.57165575027466 137
1677142343441 93.79478526115417 138
1677142344532 94.88585424423218 139
1677142344756 95.10851955413818 140
1677142345872 96.22090077400208 141
1677142346089 96.44044899940491 142
1677142347211 97.55923461914062 143
1677142347436 97.78818607330322 144
1677142348548 98.89897680282593 145
1677142348773 99.12711954116821 146
1677142349866 100.21708369255066 147
1677142350165 100.51479387283325 148
1677142351233 101.58693790435791 149
1677142351452 101.8038649559021 150
1677142352588 102.9400360584259 151
1677142352810 103.16230583190918 152
1677142353896 104.24701642990112 153
1677142354118 104.47275876998901 154
1677142355220 105.57037711143494 155
1677142355440 105.79271984100342 156
1677142356543 106.89524555206299 157
1677142356763 107.1169900894165 158
1677142357981 108.33485007286072 159
1677142358208 108.55793595314026 160
1677142359339 109.68771362304688 161
1677142359564 109.91743302345276 162
1677142360659 111.00893449783325 163
1677142360890 111.23796606063843 164
1677142362019 112.37184953689575 165
1677142362243 112.5909321308136 166
1677142363379 113.73000168800354 167
1677142363600 113.950923204422 168
1677142364696 115.04797410964966 169
1677142364996 115.34798789024353 170
1677142366082 116.43272161483765 171
1677142366302 116.65470767021179 172
1677142367392 117.74403715133667 173
1677142367630 117.98085474967957 174
1677142368760 119.09404921531677 175
1677142368980 119.33282208442688 176
1677142370081 120.4282820224762 177
1677142370312 120.66179275512695 178
1677142371394 121.74396061897278 179
1677142371614 121.9637348651886 180
1677142372837 123.18682718276978 181
1677142373060 123.41227054595947 182
1677142374141 124.49283123016357 183
1677142374363 124.71491503715515 184
1677142375438 125.78888010978699 185
1677142375662 126.0127203464508 186
1677142376743 127.09218692779541 187
1677142376963 127.31412506103516 188
1677142378115 128.46482348442078 189
1677142378336 128.68806076049805 190
1677142379426 129.77690958976746 191
1677142379724 130.07258486747742 192
1677142380813 131.15999603271484 193
1677142381044 131.39603424072266 194
1677142382136 132.48286414146423 195
1677142382358 132.70755791664124 196
1677142383491 133.84102034568787 197
1677142383716 134.0665421485901 198
1677142384817 135.1659231185913 199
1677142385042 135.39303278923035 200
1677142386144 136.49262022972107 201
1677142386371 136.71980690956116 202
1677142387585 137.9338972568512 203
1677142387811 138.1560685634613 204
1677142388933 139.27933740615845 205
1677142389156 139.50264263153076 206
1677142390276 140.62484622001648 207
1677142390499 140.84838438034058 208
1677142391623 141.9718897342682 209
1677142391851 142.20135188102722 210
1677142392979 143.32073307037354 211
1677142393215 143.56004881858826 212
1677142394359 144.70794892311096 213
1677142394661 145.01187419891357 214
1677142395771 146.11992001533508 215
1677142395998 146.34704661369324 216
1677142397080 147.4298858642578 217
1677142397307 147.65608286857605 218
1677142398442 148.78984093666077 219
1677142398672 149.01897859573364 220
1677142399771 150.11842012405396 221
1677142399994 150.3440239429474 222
1677142401099 151.4460973739624 223
1677142401325 151.67602825164795 224
1677142402504 152.85174989700317 225
1677142402733 153.07987070083618 226
1677142403898 154.24475049972534 227
1677142404122 154.4679491519928 228
1677142405203 155.54984545707703 229
1677142405427 155.77476620674133 230
1677142406514 156.85802125930786 231
1677142406746 157.09381914138794 232
1677142407840 158.18607878684998 233
1677142408064 158.4138834476471 234
1677142409183 159.53107905387878 235
1677142409485 159.83208394050598 236
1677142410597 160.93694853782654 237
1677142410825 161.17374992370605 238
1677142411939 162.26384115219116 239
1677142412170 162.52139806747437 240
1677142413265 163.61199975013733 241
1677142413507 163.8447847366333 242
1677142414594 164.942622423172 243
1677142414837 165.17587280273438 244
1677142416067 166.3609435558319 245
1677142416395 166.65065908432007 246
1677142417872 168.1727569103241 247
1677142418151 168.44901633262634 248
1677142419364 169.74487233161926 249
1677142419600 169.94483304023743 250
1677142420858 171.2017936706543 251
1677142421097 171.44097590446472 252
1677142422310 172.65399980545044 253
1677142422537 172.88587880134583 254
1677142423674 174.01905608177185 255
1677142423916 174.26479744911194 256
1677142425132 175.47587037086487 257
1677142425451 175.7886781692505 258
1677142426593 176.94274854660034 259
1677142426822 177.17029762268066 260
1677142427974 178.31099009513855 261
1677142428204 178.55057764053345 262
1677142429340 179.68703055381775 263
1677142429575 179.91390776634216 264
1677142430720 181.0569121837616 265
1677142430962 181.2969000339508 266
1677142432109 182.49197340011597 267
1677142432340 182.68176555633545 268
1677142433521 183.86063528060913 269
1677142433755 184.0940968990326 270
1677142434842 185.19180345535278 271
1677142435069 185.4168574810028 272
1677142436151 186.49990224838257 273
1677142436380 186.72787737846375 274
1677142437461 187.8097221851349 275
1677142437682 188.0310423374176 276
1677142438753 189.10278344154358 277
1677142438978 189.32592463493347 278
1677142440067 190.41376638412476 279
1677142440368 190.71481132507324 280
1677142441450 191.7968192100525 281
1677142441674 192.02294611930847 282
1677142442759 193.10475516319275 283
1677142443007 193.3327362537384 284
1677142444140 194.48801708221436 285
1677142444390 194.71605277061462 286
1677142445558 195.83613562583923 287
1677142445853 196.1347734928131 288
1677142446925 197.3088297843933 289
1677142447168 197.5008237361908 290
1677142448372 198.69799971580505 291
1677142448609 198.94633984565735 292
1677142449719 200.05258464813232 293
1677142449966 200.29287195205688 294
1677142451129 201.41294717788696 295
1677142451385 201.7090301513672 296
1677142452544 202.8270080089569 297
1677142452838 203.11880826950073 298
1677142453976 204.3070170879364 299
1677142454262 204.54770493507385 300
1677142454543 204.82822227478027 301
