1677142252713 1.0 1
1677142252926 2.0 2
1677142254015 3.0 3
1677142254264 4.0 4
1677142255440 5.0 5
1677142255646 6.0 6
1677142256723 7.0 7
1677142256935 8.0 8
1677142258011 9.0 9
1677142258219 10.0 10
1677142259318 11.0 11
1677142259530 12.0 12
1677142260601 13.0 13
1677142260812 14.0 14
1677142261886 15.0 15
1677142262098 16.0 16
1677142263247 17.0 17
1677142263458 18.0 18
1677142264590 19.0 19
1677142264799 20.0 20
1677142265879 21.0 21
1677142266102 22.0 22
1677142267196 23.0 23
1677142267410 24.0 24
1677142268550 25.0 25
1677142268769 26.0 26
1677142270011 27.0 27
1677142270228 28.0 28
1677142271307 29.0 29
1677142271523 30.0 30
1677142272610 31.0 31
1677142272827 32.0 32
1677142273907 33.0 33
1677142274127 34.0 34
1677142275238 35.0 35
1677142275450 36.0 36
1677142276528 37.0 37
1677142276746 38.0 38
1677142277938 39.0 39
1677142278160 40.0 40
1677142279238 41.0 41
1677142279452 42.0 42
1677142280557 43.0 43
1677142280772 44.0 44
1677142281878 45.0 45
1677142282094 46.0 46
1677142283207 47.0 47
1677142283424 48.0 48
1677142284563 49.0 49
1677142284786 50.0 50
1677142285922 51.0 51
1677142286138 52.0 52
1677142287226 53.0 53
1677142287440 54.0 54
1677142288515 55.0 55
1677142288730 56.0 56
1677142289803 57.0 57
1677142290032 58.0 58
1677142291107 59.0 59
1677142291324 60.0 60
1677142292489 61.0 61
1677142292702 62.0 62
1677142293816 63.0 63
1677142294033 64.0 64
1677142295145 65.0 65
1677142295369 66.0 66
1677142296462 67.0 67
1677142296677 68.0 68
1677142297779 69.0 69
1677142297995 70.0 70
1677142299208 71.0 71
1677142299425 72.0 72
1677142300541 73.0 73
1677142300764 74.0 74
1677142301876 75.0 75
1677142302093 76.0 76
1677142303160 77.0 77
1677142303372 78.0 78
1677142304448 79.0 79
1677142304668 80.0 80
1677142305780 81.0 81
1677142306079 82.0 82
1677142307175 83.0 83
1677142307394 84.0 84
1677142308475 85.0 85
1677142308693 86.0 86
1677142309782 87.0 87
1677142310000 88.0 88
1677142311125 89.0 89
1677142311356 90.0 90
1677142312452 91.0 91
1677142312670 92.0 92
1677142313846 93.0 93
1677142314067 94.0 94
1677142315155 95.0 95
1677142315371 96.0 96
1677142316478 97.0 97
1677142316728 98.0 98
1677142317817 99.0 99
1677142318035 100.0 100
1677142319122 101.0 101
1677142319342 102.0 102
1677142320432 103.0 103
1677142320724 104.0 104
1677142321861 105.0 105
1677142322082 106.0 106
1677142323210 107.0 107
1677142323430 108.0 108
1677142324523 109.0 109
1677142324739 110.0 110
1677142325828 111.0 111
1677142326049 112.0 112
1677142327156 113.0 113
1677142327377 114.0 114
1677142328531 115.0 115
1677142328757 116.0 116
1677142329830 117.0 117
1677142330049 118.0 118
1677142331146 119.0 119
1677142331366 120.0 120
1677142332528 121.0 121
1677142332749 122.0 122
1677142333837 123.0 123
1677142334057 124.0 124
1677142335145 125.0 125
1677142335441 126.0 126
1677142336521 127.0 127
1677142336741 128.0 128
1677142337855 129.0 129
1677142338076 130.0 130
1677142339160 131.0 131
1677142339380 132.0 132
1677142340463 133.0 133
1677142340687 134.0 134
1677142341772 135.0 135
1677142342004 136.0 136
1677142343214 137.0 137
1677142343438 138.0 138
1677142344529 139.0 139
1677142344753 140.0 140
1677142345869 141.0 141
1677142346084 142.0 142
1677142347208 143.0 143
1677142347433 144.0 144
1677142348545 145.0 145
1677142348770 146.0 146
1677142349863 147.0 147
1677142350160 148.0 148
1677142351230 149.0 149
1677142351449 150.0 150
1677142352585 151.0 151
1677142352807 152.0 152
1677142353893 153.0 153
1677142354115 154.0 154
1677142355216 155.0 155
1677142355437 156.0 156
1677142356540 157.0 157
1677142356760 158.0 158
1677142357979 159.0 159
1677142358205 160.0 160
1677142359337 161.0 161
1677142359561 162.0 162
1677142360656 163.0 163
1677142360887 164.0 164
1677142362017 165.0 165
1677142362239 166.0 166
1677142363376 167.0 167
1677142363597 168.0 168
1677142364693 169.0 169
1677142364993 170.0 170
1677142366079 171.0 171
1677142366299 172.0 172
1677142367390 173.0 173
1677142367627 174.0 174
1677142368757 175.0 175
1677142368978 176.0 176
1677142370078 177.0 177
1677142370309 178.0 178
1677142371392 179.0 179
1677142371612 180.0 180
1677142372834 181.0 181
1677142373058 182.0 182
1677142374138 183.0 183
1677142374360 184.0 184
1677142375435 185.0 185
1677142375659 186.0 186
1677142376740 187.0 187
1677142376959 188.0 188
1677142378112 189.0 189
1677142378333 190.0 190
1677142379423 191.0 191
1677142379721 192.0 192
1677142380810 193.0 193
1677142381041 194.0 194
1677142382133 195.0 195
1677142382355 196.0 196
1677142383488 197.0 197
1677142383713 198.0 198
1677142384813 199.0 199
1677142385039 200.0 200
1677142386140 201.0 201
1677142386367 202.0 202
1677142387581 203.0 203
1677142387808 204.0 204
1677142388930 205.0 205
1677142389153 206.0 206
1677142390273 207.0 207
1677142390496 208.0 208
1677142391620 209.0 209
1677142391848 210.0 210
1677142392976 211.0 211
1677142393212 212.0 212
1677142394356 213.0 213
1677142394659 214.0 214
1677142395768 215.0 215
1677142395995 216.0 216
1677142397077 217.0 217
1677142397304 218.0 218
1677142398439 219.0 219
1677142398669 220.0 220
1677142399768 221.0 221
1677142399991 222.0 222
1677142401096 223.0 223
1677142401322 224.0 224
1677142402501 225.0 225
1677142402730 226.0 226
1677142403895 227.0 227
1677142404119 228.0 228
1677142405200 229.0 229
1677142405424 230.0 230
1677142406512 231.0 231
1677142406743 232.0 232
1677142407837 233.0 233
1677142408061 234.0 234
1677142409180 235.0 235
1677142409481 236.0 236
1677142410594 237.0 237
1677142410821 238.0 238
1677142411936 239.0 239
1677142412167 240.0 240
1677142413262 241.0 241
1677142413503 242.0 242
1677142414591 243.0 243
1677142414834 244.0 244
1677142416064 245.0 245
1677142416388 246.0 246
1677142417869 247.0 247
1677142418148 248.0 248
1677142419361 249.0 249
1677142419597 250.0 250
1677142420855 251.0 251
1677142421094 252.0 252
1677142422307 253.0 253
1677142422534 254.0 254
1677142423672 255.0 255
1677142423913 256.0 256
1677142425129 257.0 257
1677142425447 258.0 258
1677142426591 259.0 259
1677142426820 260.0 260
1677142427971 261.0 261
1677142428201 262.0 262
1677142429336 263.0 263
1677142429572 264.0 264
1677142430716 265.0 265
1677142430960 266.0 266
1677142432106 267.0 267
1677142432337 268.0 268
1677142433518 269.0 269
1677142433752 270.0 270
1677142434839 271.0 271
1677142435066 272.0 272
1677142436148 273.0 273
1677142436378 274.0 274
1677142437458 275.0 275
1677142437680 276.0 276
1677142438750 277.0 277
1677142438975 278.0 278
1677142440064 279.0 279
1677142440365 280.0 280
1677142441447 281.0 281
1677142441672 282.0 282
1677142442756 283.0 283
1677142443003 284.0 284
1677142444137 285.0 285
1677142444386 286.0 286
1677142445555 287.0 287
1677142445850 288.0 288
1677142446921 289.0 289
1677142447165 290.0 290
1677142448370 291.0 291
1677142448606 292.0 292
1677142449716 293.0 293
1677142449963 294.0 294
1677142451126 295.0 295
1677142451381 296.0 296
1677142452541 297.0 297
1677142452835 298.0 298
1677142453973 299.0 299
1677142454259 300.0 300
1677142454540 301.0 301
