1679778916244 3.3039543628692627 1
1679778916500 0.24220967292785645 2
1679778917440 0.9417233467102051 3
1679778917614 0.17319345474243164 4
1679778918505 0.8908171653747559 5
1679778918676 0.1721024513244629 6
1679778919575 0.897968053817749 7
1679778919840 0.265300989151001 8
1679778920748 0.9072728157043457 9
1679778920907 0.1615617275238037 10
1679778921920 1.0059282779693604 11
1679778922089 0.17270946502685547 12
1679778923062 0.9716072082519531 13
1679778923249 0.17879533767700195 14
1679778924241 0.9958877563476562 15
1679778924418 0.18094372749328613 16
1679778925383 0.9641578197479248 17
1679778925580 0.1892223358154297 18
1679778926638 1.0626542568206787 19
1679778926818 0.18204903602600098 20
1679778927741 0.929194450378418 21
1679778927944 0.1897735595703125 22
1679778928878 0.9429616928100586 23
1679778929045 0.16945672035217285 24
1679778929993 0.9475605487823486 25
1679778930155 0.16398096084594727 26
1679778930997 0.8381783962249756 27
1679778931172 0.17190766334533691 28
1679778932057 0.8879296779632568 29
1679778932220 0.16406750679016113 30
1679778933164 0.942990779876709 31
1679778933335 0.16586518287658691 32
1679778934223 0.8939497470855713 33
1679778934388 0.16393232345581055 34
1679778935259 0.8672561645507812 35
1679778935426 0.17206716537475586 36
1679778936369 0.9419331550598145 37
1679778936539 0.16698718070983887 38
1679778937452 0.9170248508453369 39
1679778937617 0.16213107109069824 40
1679778938489 0.8740153312683105 41
1679778938678 0.1786026954650879 42
1679778939591 0.9245448112487793 43
1679778939830 0.2375926971435547 44
1679778940736 0.9061815738677979 45
1679778940905 0.16546368598937988 46
1679778941806 0.9017729759216309 47
1679778941989 0.18163323402404785 48
1679778942918 0.9310598373413086 49
1679778943169 0.24893450736999512 50
1679778944058 0.8950839042663574 51
1679778944239 0.17340970039367676 52
1679778945211 0.9720458984375 53
1679778945384 0.1767580509185791 54
1679778946285 0.896740198135376 55
1679778946533 0.24985766410827637 56
1679778947411 0.8760824203491211 57
1679778947593 0.17900872230529785 58
1679778948570 0.9840872287750244 59
1679778948738 0.16600537300109863 60
1679778949632 0.8970813751220703 61
1679778949885 0.25086092948913574 62
1679778950765 0.875920295715332 63
1679778950938 0.17407679557800293 64
1679778951861 0.9224841594696045 65
1679778952025 0.1696643829345703 66
1679778953001 0.969630241394043 67
1679778953284 0.2791879177093506 68
1679778954291 1.012115240097046 69
1679778954480 0.18480467796325684 70
1679778955486 1.0100455284118652 71
1679778955686 0.1950089931488037 72
1679778956706 1.0262103080749512 73
1679778956970 0.2611401081085205 74
1679778957950 0.9757528305053711 75
1679778958126 0.18595576286315918 76
1679778959085 0.9570009708404541 77
1679778959254 0.16886210441589355 78
1679778960177 0.9238770008087158 79
1679778960420 0.24615955352783203 80
1679778961316 0.8890209197998047 81
1679778961495 0.1789073944091797 82
1679778962438 0.9480466842651367 83
1679778962604 0.16513729095458984 84
1679778963611 1.0000872611999512 85
1679778963879 0.268190860748291 86
1679778964816 0.9429221153259277 87
1679778964998 0.18251609802246094 88
1679778965905 0.9027025699615479 89
1679778966076 0.17454743385314941 90
1679778967051 0.9759001731872559 91
1679778967317 0.2620723247528076 92
1679778968232 0.9180381298065186 93
1679778968408 0.17183804512023926 94
1679778969291 0.889113187789917 95
1679778969467 0.17000269889831543 96
1679778970361 0.8979671001434326 97
1679778970603 0.23997139930725098 98
1679778971500 0.8989660739898682 99
1679778971670 0.16907095909118652 100
1679778972511 0.839076042175293 101
1679778972704 0.1888139247894287 102
1679778973692 0.9850714206695557 103
1679778973958 0.26386260986328125 104
1679778974859 0.9112813472747803 105
1679778975047 0.183912992477417 106
1679778975983 0.9411725997924805 107
1679778976160 0.17683982849121094 108
1679778977073 0.9148874282836914 109
1679778977328 0.24935698509216309 110
1679778978224 0.9006626605987549 111
1679778978411 0.1829054355621338 112
1679778979367 0.9592304229736328 113
1679778979541 0.17389321327209473 114
1679778980454 0.9121155738830566 115
1679778980719 0.26186037063598633 116
1679778981727 1.0064895153045654 117
1679778981937 0.2075209617614746 118
1679778982916 0.9810316562652588 119
1679778983116 0.1990039348602295 120
1679778984092 0.9790737628936768 121
1679778984381 0.2838268280029297 122
1679778985372 0.9942495822906494 123
1679778985557 0.18686246871948242 124
1679778986563 1.004023790359497 125
1679778986737 0.18103480339050293 126
1679778987660 0.9217731952667236 127
1679778987910 0.24867796897888184 128
1679778988808 0.8994777202606201 129
1679778988987 0.18007850646972656 130
1679778989864 0.8747799396514893 131
1679778990038 0.17368435859680176 132
1679778990925 0.8805997371673584 133
1679778991188 0.2706937789916992 134
1679778992106 0.9187085628509521 135
1679778992272 0.16516733169555664 136
1679778993137 0.8680932521820068 137
1679778993303 0.16255688667297363 138
1679778994201 0.8985481262207031 139
1679778994449 0.24605703353881836 140
1679778995329 0.8779556751251221 141
1679778995527 0.1921834945678711 142
1679778996468 0.9508697986602783 143
1679778996657 0.18473505973815918 144
1679778997597 0.9462168216705322 145
1679778997844 0.24496793746948242 146
1679778998735 0.8832588195800781 147
1679778998915 0.18392324447631836 148
1679778999838 0.9230835437774658 149
1679779000023 0.18183088302612305 150
1679779000897 0.878849983215332 151
1679779001171 0.27216410636901855 152
1679779002098 0.928999662399292 153
1679779002285 0.18102598190307617 154
1679779003238 0.9553368091583252 155
1679779003412 0.17753005027770996 156
1679779004416 0.9905774593353271 157
1679779004687 0.28434228897094727 158
1679779005671 0.9865834712982178 159
1679779005847 0.1702713966369629 160
1679779006796 0.9482276439666748 161
1679779006987 0.19191932678222656 162
1679779007932 0.9471123218536377 163
1679779008200 0.26493239402770996 164
1679779009152 0.9534823894500732 165
1679779009332 0.17651033401489258 166
1679779010230 0.9031362533569336 167
1679779010402 0.17368221282958984 168
1679779011305 0.900216817855835 169
1679779011557 0.24947547912597656 170
1679779012458 0.899529218673706 171
1679779012664 0.20408177375793457 172
1679779013690 1.0279016494750977 173
1679779013893 0.19915556907653809 174
1679779014906 1.018843650817871 175
1679779015180 0.27097249031066895 176
1679779016146 0.9639708995819092 177
1679779016342 0.19603967666625977 178
1679779017288 0.9511044025421143 179
1679779017472 0.18427538871765137 180
1679779018507 1.0317113399505615 181
1679779018771 0.26797986030578613 182
1679779019781 1.0029432773590088 183
1679779019968 0.19156193733215332 184
1679779020929 0.9575753211975098 185
1679779021119 0.193831205368042 186
1679779022062 0.941312313079834 187
1679779022344 0.2816476821899414 188
1679779023303 0.9579827785491943 189
1679779023509 0.20450758934020996 190
1679779024494 0.99178147315979 191
1679779024683 0.1857442855834961 192
1679779025613 0.931401252746582 193
1679779025868 0.25566935539245605 194
1679779026797 0.9228417873382568 195
1679779026984 0.19141316413879395 196
1679779027944 0.9517865180969238 197
1679779028125 0.19386720657348633 198
1679779029056 0.9286453723907471 199
1679779029350 0.28920936584472656 200
1679779030263 0.916778564453125 201
1679779030446 0.17860841751098633 202
1679779031515 1.0698213577270508 203
1679779031704 0.18992948532104492 204
1679779032639 0.9400026798248291 205
1679779032887 0.24554443359375 206
1679779033805 0.9166042804718018 207
1679779033998 0.19145679473876953 208
1679779034990 0.9914445877075195 209
1679779035219 0.22288823127746582 210
1679779036260 1.0466225147247314 211
1679779036551 0.28656458854675293 212
1679779037546 1.0003459453582764 213
1679779037740 0.1935718059539795 214
1679779038709 0.9709839820861816 215
1679779038897 0.18509769439697266 216
1679779039909 1.0104894638061523 217
1679779040186 0.280043363571167 218
1679779041295 1.108381748199463 219
1679779041492 0.1981964111328125 220
1679779042516 1.0231349468231201 221
1679779042709 0.19342923164367676 222
1679779043663 0.9491651058197021 223
1679779043930 0.27200818061828613 224
1679779044867 0.9292426109313965 225
1679779045061 0.2059030532836914 226
1679779045965 0.9021041393280029 227
1679779046160 0.1898806095123291 228
1679779047112 0.9579904079437256 229
1679779047392 0.2714662551879883 230
1679779048397 1.0105578899383545 231
1679779048596 0.19287347793579102 232
1679779049585 0.9933421611785889 233
1679779049773 0.19032573699951172 234
1679779050728 0.9496760368347168 235
1679779051009 0.27472853660583496 236
1679779052004 1.0070915222167969 237
1679779052177 0.17556452751159668 238
1679779053057 0.8831777572631836 239
1679779053232 0.17328476905822754 240
1679779054165 0.9263896942138672 241
1679779054422 0.2603585720062256 242
1679779055377 0.9545435905456543 243
1679779055569 0.1877744197845459 244
1679779056551 0.9757175445556641 245
1679779056763 0.21320533752441406 246
1679779057730 0.9708871841430664 247
1679779058039 0.30373620986938477 248
1679779059062 1.0291998386383057 249
1679779059258 0.19119930267333984 250
1679779060227 0.9751427173614502 251
1679779060427 0.20174264907836914 252
1679779061454 1.0169646739959717 253
1679779061756 0.3010435104370117 254
1679779062905 1.146146535873413 255
1679779063138 0.23666739463806152 256
1679779064183 1.047187089920044 257
1679779064385 0.20575761795043945 258
1679779065436 1.0410501956939697 259
1679779065719 0.28900599479675293 260
1679779066678 0.9631779193878174 261
1679779066870 0.19295835494995117 262
1679779067973 1.102006435394287 263
1679779068176 0.19806408882141113 264
1679779069255 1.086150884628296 265
1679779069542 0.28594207763671875 266
1679779070553 1.052419900894165 267
1679779070749 0.15239524841308594 268
1679779071820 1.070554494857788 269
1679779072030 0.20161151885986328 270
1679779072966 0.9528040885925293 271
1679779073217 0.24998068809509277 272
1679779074249 1.0277330875396729 273
1679779074412 0.2051701545715332 274
1679779075397 0.9469029903411865 275
1679779075580 0.1801908016204834 276
1679779076511 0.928499698638916 277
1679779076777 0.26758337020874023 278
1679779077748 0.9721722602844238 279
1679779077959 0.20273280143737793 280
1679779078919 0.9646222591400146 281
1679779079110 0.18867754936218262 282
1679779080061 0.9566469192504883 283
1679779080321 0.26004791259765625 284
1679779081242 0.9209802150726318 285
1679779081430 0.18703746795654297 286
1679779082338 0.9089968204498291 287
1679779082519 0.18085193634033203 288
1679779083436 0.9166901111602783 289
1679779083731 0.29545116424560547 290
1679779084718 0.9871127605438232 291
1679779084941 0.2027115821838379 292
1679779085912 0.9823513031005859 293
1679779086102 0.19597697257995605 294
1679779087038 0.9390676021575928 295
1679779087295 0.2578742504119873 296
1679779088205 0.9114222526550293 297
1679779088452 0.22552204132080078 298
1679779089576 1.1359593868255615 299
1679779089777 0.2052171230316162 300
1679779089957 0.15894746780395508 301
