1679778916247 1.0 1
1679778916503 2.0 2
1679778917444 3.0 3
1679778917619 4.0 4
1679778918508 5.0 5
1679778918678 6.0 6
1679778919578 7.0 7
1679778919843 8.0 8
1679778920751 9.0 9
1679778920910 10.0 10
1679778921923 11.0 11
1679778922093 12.0 12
1679778923065 13.0 13
1679778923253 14.0 14
1679778924245 15.0 15
1679778924422 16.0 16
1679778925387 17.0 17
1679778925584 18.0 18
1679778926642 19.0 19
1679778926822 20.0 20
1679778927744 21.0 21
1679778927948 22.0 22
1679778928881 23.0 23
1679778929048 24.0 24
1679778929996 25.0 25
1679778930158 26.0 26
1679778931000 27.0 27
1679778931175 28.0 28
1679778932060 29.0 29
1679778932223 30.0 30
1679778933167 31.0 31
1679778933338 32.0 32
1679778934226 33.0 33
1679778934391 34.0 34
1679778935262 35.0 35
1679778935429 36.0 36
1679778936371 37.0 37
1679778936542 38.0 38
1679778937455 39.0 39
1679778937620 40.0 40
1679778938491 41.0 41
1679778938680 42.0 42
1679778939594 43.0 43
1679778939833 44.0 44
1679778940740 45.0 45
1679778940908 46.0 46
1679778941809 47.0 47
1679778941994 48.0 48
1679778942922 49.0 49
1679778943173 50.0 50
1679778944061 51.0 51
1679778944242 52.0 52
1679778945214 53.0 53
1679778945388 54.0 54
1679778946288 55.0 55
1679778946537 56.0 56
1679778947414 57.0 57
1679778947597 58.0 58
1679778948573 59.0 59
1679778948741 60.0 60
1679778949635 61.0 61
1679778949889 62.0 62
1679778950769 63.0 63
1679778950940 64.0 64
1679778951864 65.0 65
1679778952028 66.0 66
1679778953005 67.0 67
1679778953288 68.0 68
1679778954294 69.0 69
1679778954484 70.0 70
1679778955490 71.0 71
1679778955690 72.0 72
1679778956709 73.0 73
1679778956974 74.0 74
1679778957953 75.0 75
1679778958129 76.0 76
1679778959088 77.0 77
1679778959257 78.0 78
1679778960180 79.0 79
1679778960424 80.0 80
1679778961318 81.0 81
1679778961498 82.0 82
1679778962441 83.0 83
1679778962607 84.0 84
1679778963614 85.0 85
1679778963882 86.0 86
1679778964819 87.0 87
1679778965001 88.0 88
1679778965908 89.0 89
1679778966079 90.0 90
1679778967054 91.0 91
1679778967320 92.0 92
1679778968235 93.0 93
1679778968412 94.0 94
1679778969294 95.0 95
1679778969470 96.0 96
1679778970364 97.0 97
1679778970606 98.0 98
1679778971502 99.0 99
1679778971672 100.0 100
1679778972513 101.0 101
1679778972708 102.0 102
1679778973695 103.0 103
1679778973961 104.0 104
1679778974863 105.0 105
1679778975050 106.0 106
1679778975987 107.0 107
1679778976163 108.0 108
1679778977076 109.0 109
1679778977331 110.0 110
1679778978227 111.0 111
1679778978415 112.0 112
1679778979371 113.0 113
1679778979544 114.0 114
1679778980457 115.0 115
1679778980722 116.0 116
1679778981730 117.0 117
1679778981941 118.0 118
1679778982919 119.0 119
1679778983118 120.0 120
1679778984094 121.0 121
1679778984385 122.0 122
1679778985375 123.0 123
1679778985560 124.0 124
1679778986567 125.0 125
1679778986740 126.0 126
1679778987663 127.0 127
1679778987913 128.0 128
1679778988811 129.0 129
1679778988989 130.0 130
1679778989866 131.0 131
1679778990041 132.0 132
1679778990928 133.0 133
1679778991191 134.0 134
1679778992110 135.0 135
1679778992275 136.0 136
1679778993141 137.0 137
1679778993306 138.0 138
1679778994204 139.0 139
1679778994453 140.0 140
1679778995332 141.0 141
1679778995532 142.0 142
1679778996471 143.0 143
1679778996660 144.0 144
1679778997600 145.0 145
1679778997846 146.0 146
1679778998738 147.0 147
1679778998919 148.0 148
1679778999842 149.0 149
1679779000026 150.0 150
1679779000900 151.0 151
1679779001175 152.0 152
1679779002101 153.0 153
1679779002288 154.0 154
1679779003241 155.0 155
1679779003416 156.0 156
1679779004419 157.0 157
1679779004690 158.0 158
1679779005674 159.0 159
1679779005851 160.0 160
1679779006799 161.0 161
1679779006990 162.0 162
1679779007935 163.0 163
1679779008204 164.0 164
1679779009156 165.0 165
1679779009335 166.0 166
1679779010234 167.0 167
1679779010405 168.0 168
1679779011308 169.0 169
1679779011560 170.0 170
1679779012461 171.0 171
1679779012667 172.0 172
1679779013693 173.0 173
1679779013896 174.0 174
1679779014910 175.0 175
1679779015183 176.0 176
1679779016149 177.0 177
1679779016345 178.0 178
1679779017291 179.0 179
1679779017475 180.0 180
1679779018511 181.0 181
1679779018774 182.0 182
1679779019784 183.0 183
1679779019970 184.0 184
1679779020932 185.0 185
1679779021123 186.0 186
1679779022066 187.0 187
1679779022347 188.0 188
1679779023307 189.0 189
1679779023512 190.0 190
1679779024497 191.0 191
1679779024685 192.0 192
1679779025616 193.0 193
1679779025872 194.0 194
1679779026800 195.0 195
1679779026987 196.0 196
1679779027948 197.0 197
1679779028128 198.0 198
1679779029059 199.0 199
1679779029354 200.0 200
1679779030264 201.0 201
1679779030450 202.0 202
1679779031518 203.0 203
1679779031708 204.0 204
1679779032643 205.0 205
1679779032891 206.0 206
1679779033808 207.0 207
1679779034001 208.0 208
1679779034993 209.0 209
1679779035222 210.0 210
1679779036263 211.0 211
1679779036554 212.0 212
1679779037548 213.0 213
1679779037745 214.0 214
1679779038713 215.0 215
1679779038900 216.0 216
1679779039911 217.0 217
1679779040189 218.0 218
1679779041298 219.0 219
1679779041495 220.0 220
1679779042519 221.0 221
1679779042713 222.0 222
1679779043666 223.0 223
1679779043933 224.0 224
1679779044870 225.0 225
1679779045064 226.0 226
1679779045968 227.0 227
1679779046163 228.0 228
1679779047115 229.0 229
1679779047395 230.0 230
1679779048400 231.0 231
1679779048598 232.0 232
1679779049588 233.0 233
1679779049776 234.0 234
1679779050732 235.0 235
1679779051013 236.0 236
1679779052007 237.0 237
1679779052179 238.0 238
1679779053061 239.0 239
1679779053235 240.0 240
1679779054167 241.0 241
1679779054425 242.0 242
1679779055381 243.0 243
1679779055572 244.0 244
1679779056555 245.0 245
1679779056766 246.0 246
1679779057733 247.0 247
1679779058043 248.0 248
1679779059065 249.0 249
1679779059260 250.0 250
1679779060231 251.0 251
1679779060432 252.0 252
1679779061457 253.0 253
1679779061759 254.0 254
1679779062909 255.0 255
1679779063140 256.0 256
1679779064187 257.0 257
1679779064387 258.0 258
1679779065440 259.0 259
1679779065722 260.0 260
1679779066681 261.0 261
1679779066874 262.0 262
1679779067977 263.0 263
1679779068180 264.0 264
1679779069257 265.0 265
1679779069546 266.0 266
1679779070556 267.0 267
1679779070752 268.0 268
1679779071824 269.0 269
1679779072033 270.0 270
1679779072969 271.0 271
1679779073219 272.0 272
1679779074253 273.0 273
1679779074416 274.0 274
1679779075400 275.0 275
1679779075584 276.0 276
1679779076515 277.0 277
1679779076780 278.0 278
1679779077751 279.0 279
1679779077962 280.0 280
1679779078922 281.0 281
1679779079113 282.0 282
1679779080064 283.0 283
1679779080324 284.0 284
1679779081245 285.0 285
1679779081433 286.0 286
1679779082340 287.0 287
1679779082521 288.0 288
1679779083439 289.0 289
1679779083735 290.0 290
1679779084721 291.0 291
1679779084944 292.0 292
1679779085915 293.0 293
1679779086105 294.0 294
1679779087041 295.0 295
1679779087298 296.0 296
1679779088208 297.0 297
1679779088457 298.0 298
1679779089580 299.0 299
1679779089780 300.0 300
1679779089960 301.0 301
