1677143408181 0.0 1
1677143408336 0.0 2
1677143409157 0.0 3
1677143409309 0.0 4
1677143410201 0.0 5
1677143410346 0.0 6
1677143411158 0.0 7
1677143411301 0.0 8
1677143412138 0.0 9
1677143412288 0.0 10
1677143413131 0.0 11
1677143413275 0.0 12
1677143414094 0.0 13
1677143414243 0.0 14
1677143415079 0.0 15
1677143415231 0.0 16
1677143416152 0.0 17
1677143416305 0.0 18
1677143417153 0.0 19
1677143417300 0.0 20
1677143418108 0.0 21
1677143418256 0.0 22
1677143419111 0.0 23
1677143419265 0.0 24
1677143420092 0.0 25
1677143420244 0.0 26
1677143421135 0.0 27
1677143421279 0.0 28
1677143422075 0.0 29
1677143422232 0.0 30
1677143423075 0.0 31
1677143423223 0.0 32
1677143424032 0.0 33
1677143424175 0.0 34
1677143425020 0.0 35
1677143425170 0.0 36
1677143426005 0.0 37
1677143426154 0.0 38
1677143427046 0.0 39
1677143427192 0.0 40
1677143428013 0.0 41
1677143428170 0.0 42
1677143428993 0.0 43
1677143429143 0.0 44
1677143430003 0.0 45
1677143430158 0.0 46
1677143430982 0.0 47
1677143431136 0.0 48
1677143432027 0.0 49
1677143432201 0.0 50
1677143433044 0.0 51
1677143433192 0.0 52
1677143434007 0.0 53
1677143434155 0.0 54
1677143434963 0.0 55
1677143435114 0.0 56
1677143435933 0.0 57
1677143436085 0.0 58
1677143436873 0.0 59
1677143437022 0.0 60
1677143437917 0.0 61
1677143438068 0.0 62
1677143438911 0.0 63
1677143439064 0.0 64
1677143439906 0.0 65
1677143440060 0.0 66
1677143440926 0.0 67
1677143441091 0.0 68
1677143442016 0.0 69
1677143442188 0.0 70
1677143443306 0.0 71
1677143443482 0.0 72
1677143444447 0.0 73
1677143444626 0.0 74
1677143445552 0.0 75
1677143445729 0.0 76
1677143446641 0.0 77
1677143446807 0.0 78
1677143447648 0.0 79
1677143447800 0.0 80
1677143448625 0.0 81
1677143448852 0.0 82
1677143449671 0.0 83
1677143449828 0.0 84
1677143450652 0.0 85
1677143450822 0.0 86
1677143451707 0.0 87
1677143451833 0.0 88
1677143452672 0.0 89
1677143452828 0.0 90
1677143453666 0.0 91
1677143453823 0.0 92
1677143454736 0.0 93
1677143454889 0.0 94
1677143455730 0.0 95
1677143455887 0.0 96
1677143456712 0.0 97
1677143456875 0.0 98
1677143457693 0.0 99
1677143457847 0.0 100
1677143458663 0.0 101
1677143458817 0.0 102
1677143459681 0.0 103
1677143459918 0.0 104
1677143460726 0.0 105
1677143460877 0.0 106
1677143461710 0.0 107
1677143461866 0.0 108
1677143462812 0.0 109
1677143462968 0.0 110
1677143463831 0.0 111
1677143464012 0.0 112
1677143464929 0.0 113
1677143465092 0.0 114
1677143466011 0.0 115
1677143466185 0.0 116
1677143467064 0.0 117
1677143467222 0.0 118
1677143468055 0.0 119
1677143468207 0.0 120
1677143469068 0.0 121
1677143469230 0.0 122
1677143470149 0.0 123
1677143470310 0.0 124
1677143471117 0.0 125
1677143471340 0.0 126
1677143472153 0.0 127
1677143472307 0.0 128
1677143473223 0.0 129
1677143473375 0.0 130
1677143474222 0.0 131
1677143474392 0.0 132
1677143475285 0.0 133
1677143475445 0.0 134
1677143476263 0.0 135
1677143476424 0.0 136
1677143477301 0.0 137
1677143477461 0.0 138
1677143478412 0.0 139
1677143478568 0.0 140
1677143479482 0.0 141
1677143479658 0.0 142
1677143480523 0.0 143
1677143480712 0.0 144
1677143481599 0.0 145
1677143481764 0.0 146
1677143482567 0.0 147
1677143482803 0.0 148
1677143483692 0.0 149
1677143483874 0.0 150
1677143484845 0.0 151
1677143485000 0.0 152
1677143485895 0.0 153
1677143486048 0.0 154
1677143486866 0.0 155
