1677143408192 1.0 1
1677143408346 2.0 2
1677143409167 3.0 3
1677143409319 4.0 4
1677143410212 5.0 5
1677143410356 6.0 6
1677143411170 7.0 7
1677143411311 8.0 8
1677143412148 9.0 9
1677143412301 10.0 10
1677143413141 11.0 11
1677143413286 12.0 12
1677143414104 13.0 13
1677143414253 14.0 14
1677143415089 15.0 15
1677143415242 16.0 16
1677143416164 17.0 17
1677143416315 18.0 18
1677143417163 19.0 19
1677143417310 20.0 20
1677143418119 21.0 21
1677143418266 22.0 22
1677143419123 23.0 23
1677143419275 24.0 24
1677143420102 25.0 25
1677143420254 26.0 26
1677143421147 27.0 27
1677143421290 28.0 28
1677143422093 29.0 29
1677143422243 30.0 30
1677143423086 31.0 31
1677143423234 32.0 32
1677143424042 33.0 33
1677143424193 34.0 34
1677143425030 35.0 35
1677143425181 36.0 36
1677143426015 37.0 37
1677143426165 38.0 38
1677143427055 39.0 39
1677143427202 40.0 40
1677143428023 41.0 41
1677143428181 42.0 42
1677143429003 43.0 43
1677143429154 44.0 44
1677143430013 45.0 45
1677143430167 46.0 46
1677143430994 47.0 47
1677143431147 48.0 48
1677143432040 49.0 49
1677143432218 50.0 50
1677143433055 51.0 51
1677143433203 52.0 52
1677143434017 53.0 53
1677143434165 54.0 54
1677143434974 55.0 55
1677143435124 56.0 56
1677143435943 57.0 57
1677143436096 58.0 58
1677143436884 59.0 59
1677143437033 60.0 60
1677143437928 61.0 61
1677143438079 62.0 62
1677143438921 63.0 63
1677143439075 64.0 64
1677143439919 65.0 65
1677143440071 66.0 66
1677143440938 67.0 67
1677143441104 68.0 68
1677143442028 69.0 69
1677143442201 70.0 70
1677143443317 71.0 71
1677143443496 72.0 72
1677143444459 73.0 73
1677143444640 74.0 74
1677143445572 75.0 75
1677143445739 76.0 76
1677143446652 77.0 77
1677143446818 78.0 78
1677143447658 79.0 79
1677143447810 80.0 80
1677143448636 81.0 81
1677143448862 82.0 82
1677143449681 83.0 83
1677143449838 84.0 84
1677143450665 85.0 85
1677143450832 86.0 86
1677143451718 87.0 87
1677143451844 88.0 88
1677143452682 89.0 89
1677143452838 90.0 90
1677143453676 91.0 91
1677143453834 92.0 92
1677143454747 93.0 93
1677143454899 94.0 94
1677143455741 95.0 95
1677143455897 96.0 96
1677143456722 97.0 97
1677143456885 98.0 98
1677143457704 99.0 99
1677143457858 100.0 100
1677143458674 101.0 101
1677143458827 102.0 102
1677143459693 103.0 103
1677143459929 104.0 104
1677143460735 105.0 105
1677143460887 106.0 106
1677143461720 107.0 107
1677143461877 108.0 108
1677143462823 109.0 109
1677143462978 110.0 110
1677143463843 111.0 111
1677143464026 112.0 112
1677143464942 113.0 113
1677143465103 114.0 114
1677143466022 115.0 115
1677143466196 116.0 116
1677143467075 117.0 117
1677143467233 118.0 118
1677143468065 119.0 119
1677143468218 120.0 120
1677143469083 121.0 121
1677143469241 122.0 122
1677143470162 123.0 123
1677143470321 124.0 124
1677143471128 125.0 125
1677143471350 126.0 126
1677143472164 127.0 127
1677143472317 128.0 128
1677143473233 129.0 129
1677143473385 130.0 130
1677143474236 131.0 131
1677143474403 132.0 132
1677143475297 133.0 133
1677143475457 134.0 134
1677143476274 135.0 135
1677143476433 136.0 136
1677143477312 137.0 137
1677143477475 138.0 138
1677143478423 139.0 139
1677143478579 140.0 140
1677143479493 141.0 141
1677143479669 142.0 142
1677143480534 143.0 143
1677143480723 144.0 144
1677143481609 145.0 145
1677143481775 146.0 146
1677143482578 147.0 147
1677143482815 148.0 148
1677143483703 149.0 149
1677143483886 150.0 150
1677143484855 151.0 151
1677143485012 152.0 152
1677143485905 153.0 153
1677143486057 154.0 154
1677143486877 155.0 155
