1677143408186 2.5266005992889404 1
1677143408341 2.6545894145965576 2
1677143409161 3.4755313396453857 3
1677143409313 3.627721071243286 4
1677143410206 4.520684003829956 5
1677143410350 4.663579225540161 6
1677143411164 5.477306842803955 7
1677143411306 5.619736671447754 8
1677143412142 6.456414461135864 9
1677143412293 6.605337619781494 10
1677143413136 7.448275327682495 11
1677143413280 7.593555688858032 12
1677143414099 8.412398338317871 13
1677143414247 8.560344934463501 14
1677143415084 9.395572662353516 15
1677143415236 9.549542903900146 16
1677143416158 10.461828231811523 17
1677143416309 10.621710300445557 18
1677143417157 11.469583988189697 19
1677143417304 11.615732192993164 20
1677143418113 12.424534797668457 21
1677143418260 12.571788311004639 22
1677143419115 13.427288055419922 23
1677143419269 13.58150601387024 24
1677143420096 14.407434225082397 25
1677143420248 14.56022334098816 26
1677143421139 15.450472116470337 27
1677143421283 15.595734596252441 28
1677143422079 16.419484615325928 29
1677143422236 16.54856514930725 30
1677143423080 17.390480041503906 31
1677143423228 17.53852868080139 32
1677143424036 18.347346782684326 33
1677143424187 18.49146032333374 34
1677143425024 19.327675819396973 35
1677143425175 19.48456048965454 36
1677143426009 20.319513082504272 37
1677143426159 20.4683575630188 38
1677143427050 21.360248565673828 39
1677143427196 21.50825047492981 40
1677143428017 22.327614784240723 41
1677143428175 22.485088109970093 42
1677143428997 23.307621240615845 43
1677143429147 23.45765709877014 44
1677143430008 24.31637930870056 45
1677143430162 24.473809003829956 46
1677143430987 25.297606468200684 47
1677143431141 25.44918942451477 48
1677143432032 26.342441082000732 49
1677143432208 26.50656509399414 50
1677143433048 27.358494997024536 51
1677143433197 27.50557255744934 52
1677143434012 28.321492195129395 53
1677143434159 28.469655752182007 54
1677143434968 29.277501344680786 55
1677143435118 29.427534580230713 56
1677143435937 30.245787858963013 57
1677143436090 30.399476051330566 58
1677143436878 31.217323064804077 59
1677143437027 31.336577653884888 60
1677143437922 32.231531620025635 61
1677143438072 32.38083839416504 62
1677143438915 33.225608110427856 63
1677143439069 33.37893986701965 64
1677143439913 34.2136447429657 65
1677143440065 34.37367820739746 66
1677143440931 35.22866654396057 67
1677143441096 35.401588678359985 68
1677143442022 36.32703495025635 69
1677143442194 36.49465203285217 70
1677143443311 37.61011505126953 71
1677143443488 37.791542768478394 72
1677143444452 38.75059700012207 73
1677143444632 38.93148350715637 74
1677143445561 39.840625047683716 75
1677143445734 40.04175400733948 76
1677143446645 40.95258355140686 77
1677143446812 41.11740016937256 78
1677143447653 41.96032118797302 79
1677143447804 42.11357831954956 80
1677143448630 42.93646693229675 81
1677143448856 43.1644012928009 82
1677143449675 43.98170852661133 83
1677143449833 44.14050889015198 84
1677143450658 44.959221839904785 85
1677143450826 45.13464403152466 86
1677143451712 46.01678395271301 87
1677143451838 46.17563796043396 88
1677143452675 46.980143785476685 89
1677143452832 47.140302419662476 90
1677143453670 47.97663688659668 91
1677143453827 48.13407492637634 92
1677143454741 49.046531200408936 93
1677143454893 49.20028638839722 94
1677143455735 50.03870391845703 95
1677143455891 50.19803047180176 96
1677143456716 51.02355742454529 97
1677143456879 51.18832802772522 98
1677143457697 52.00570225715637 99
1677143457852 52.159398794174194 100
1677143458668 52.97489047050476 101
1677143458821 53.125441551208496 102
1677143459686 53.99061632156372 103
1677143459923 54.22786784172058 104
1677143460730 55.03667163848877 105
1677143460881 55.1892614364624 106
1677143461714 56.015761613845825 107
1677143461871 56.17651033401489 108
1677143462816 57.117846965789795 109
1677143462972 57.27824878692627 110
1677143463836 58.15579104423523 111
1677143464018 58.3145489692688 112
1677143464936 59.2382390499115 113
1677143465096 59.39944911003113 114
1677143466016 60.31574082374573 115
1677143466189 60.49032974243164 116
1677143467068 61.40654993057251 117
1677143467227 61.531476736068726 118
1677143468060 62.36374020576477 119
1677143468212 62.51561450958252 120
1677143469075 63.37767291069031 121
1677143469235 63.53648662567139 122
1677143470155 64.45507979393005 123
1677143470314 64.61845445632935 124
1677143471122 65.4273419380188 125
1677143471345 65.65149402618408 126
1677143472158 66.4645471572876 127
1677143472311 66.61856842041016 128
1677143473227 67.53160500526428 129
1677143473379 67.68507266044617 130
1677143474227 68.5293960571289 131
1677143474397 68.70456647872925 132
1677143475290 69.58569741249084 133
1677143475451 69.75461411476135 134
1677143476268 70.568350315094 135
1677143476428 70.73236799240112 136
1677143477305 71.61146187782288 137
1677143477466 71.7702100276947 138
1677143478416 72.71663975715637 139
1677143478572 72.87638092041016 140
1677143479485 73.79062676429749 141
1677143479663 73.9634141921997 142
1677143480528 74.82463788986206 143
1677143480717 75.01311802864075 144
1677143481604 75.90668296813965 145
1677143481769 76.06963777542114 146
1677143482572 76.90898013114929 147
1677143482809 77.11242866516113 148
1677143483697 77.99453830718994 149
1677143483880 78.18143892288208 150
1677143484849 79.14656782150269 151
1677143485005 79.31046605110168 152
1677143485899 80.20556044578552 153
1677143486052 80.35699558258057 154
1677143486871 81.17040967941284 155
