1677143408182 1.0 1
1677143408338 2.0 2
1677143409158 3.0 3
1677143409310 4.0 4
1677143410203 5.0 5
1677143410347 6.0 6
1677143411160 7.0 7
1677143411303 8.0 8
1677143412139 9.0 9
1677143412290 10.0 10
1677143413132 11.0 11
1677143413277 12.0 12
1677143414095 13.0 13
1677143414244 14.0 14
1677143415081 15.0 15
1677143415233 16.0 16
1677143416154 17.0 17
1677143416306 18.0 18
1677143417154 19.0 19
1677143417301 20.0 20
1677143418109 21.0 21
1677143418257 22.0 22
1677143419113 23.0 23
1677143419266 24.0 24
1677143420093 25.0 25
1677143420245 26.0 26
1677143421136 27.0 27
1677143421281 28.0 28
1677143422076 29.0 29
1677143422234 30.0 30
1677143423077 31.0 31
1677143423224 32.0 32
1677143424033 33.0 33
1677143424184 34.0 34
1677143425021 35.0 35
1677143425172 36.0 36
1677143426006 37.0 37
1677143426156 38.0 38
1677143427047 39.0 39
1677143427193 40.0 40
1677143428014 41.0 41
1677143428171 42.0 42
1677143428995 43.0 43
1677143429145 44.0 44
1677143430004 45.0 45
1677143430159 46.0 46
1677143430984 47.0 47
1677143431138 48.0 48
1677143432029 49.0 49
1677143432203 50.0 50
1677143433046 51.0 51
1677143433194 52.0 52
1677143434009 53.0 53
1677143434157 54.0 54
1677143434965 55.0 55
1677143435115 56.0 56
1677143435934 57.0 57
1677143436087 58.0 58
1677143436874 59.0 59
1677143437024 60.0 60
1677143437919 61.0 61
1677143438069 62.0 62
1677143438912 63.0 63
1677143439065 64.0 64
1677143439908 65.0 65
1677143440062 66.0 66
1677143440928 67.0 67
1677143441093 68.0 68
1677143442018 69.0 69
1677143442189 70.0 70
1677143443308 71.0 71
1677143443484 72.0 72
1677143444448 73.0 73
1677143444628 74.0 74
1677143445555 75.0 75
1677143445731 76.0 76
1677143446642 77.0 77
1677143446809 78.0 78
1677143447649 79.0 79
1677143447801 80.0 80
1677143448627 81.0 81
1677143448853 82.0 82
1677143449672 83.0 83
1677143449830 84.0 84
1677143450654 85.0 85
1677143450824 86.0 86
1677143451709 87.0 87
1677143451834 88.0 88
1677143452673 89.0 89
1677143452829 90.0 90
1677143453667 91.0 91
1677143453825 92.0 92
1677143454738 93.0 93
1677143454890 94.0 94
1677143455731 95.0 95
1677143455888 96.0 96
1677143456713 97.0 97
1677143456876 98.0 98
1677143457694 99.0 99
1677143457849 100.0 100
1677143458665 101.0 101
1677143458818 102.0 102
1677143459683 103.0 103
1677143459920 104.0 104
1677143460727 105.0 105
1677143460878 106.0 106
1677143461711 107.0 107
1677143461868 108.0 108
1677143462814 109.0 109
1677143462969 110.0 110
1677143463833 111.0 111
1677143464014 112.0 112
1677143464931 113.0 113
1677143465093 114.0 114
1677143466012 115.0 115
1677143466187 116.0 116
1677143467066 117.0 117
1677143467224 118.0 118
1677143468057 119.0 119
1677143468209 120.0 120
1677143469071 121.0 121
1677143469232 122.0 122
1677143470151 123.0 123
1677143470311 124.0 124
1677143471119 125.0 125
1677143471342 126.0 126
1677143472154 127.0 127
1677143472308 128.0 128
1677143473224 129.0 129
1677143473376 130.0 130
1677143474224 131.0 131
1677143474394 132.0 132
1677143475287 133.0 133
1677143475448 134.0 134
1677143476265 135.0 135
1677143476425 136.0 136
1677143477303 137.0 137
1677143477463 138.0 138
1677143478414 139.0 139
1677143478569 140.0 140
1677143479483 141.0 141
1677143479660 142.0 142
1677143480525 143.0 143
1677143480713 144.0 144
1677143481600 145.0 145
1677143481765 146.0 146
1677143482569 147.0 147
1677143482805 148.0 148
1677143483693 149.0 149
1677143483876 150.0 150
1677143484846 151.0 151
1677143485002 152.0 152
1677143485897 153.0 153
1677143486049 154.0 154
1677143486868 155.0 155
1677143487094 156.0 156
1677143488227 157.0 157
1677143488405 158.0 158
1677143489328 159.0 159
1677143489480 160.0 160
1677143490335 161.0 161
1677143490494 162.0 162
