1677100008918 0.0 1
1677100009144 0.0 2
1677100011197 0.0 3
1677100011434 0.0 4
1677100013206 0.0 5
1677100013412 0.0 6
1677100015194 0.0 7
1677100015468 0.0 8
1677100017378 0.0 9
1677100017626 0.0 10
1677100019465 0.0 11
1677100019687 0.0 12
1677100021588 0.0 13
1677100021815 0.0 14
1677100023849 0.0 15
1677100024089 0.0 16
1677100026160 0.0 17
1677100026380 0.0 18
1677100028192 0.0 19
1677100028462 0.0 20
1677100030377 0.0 21
1677100030593 0.0 22
1677100032546 0.0 23
1677100032777 0.0 24
1677100034707 0.0 25
1677100034930 0.0 26
1677100036967 0.0 27
1677100037269 0.0 28
1677100039480 0.0 29
1677100039723 0.0 30
1677100041865 0.0 31
1677100042125 0.0 32
1677100044161 0.0 33
1677100044401 0.0 34
1677100046349 0.0 35
1677100046608 0.0 36
1677100048685 0.0 37
1677100048947 0.0 38
1677100051134 0.0 39
1677100051387 0.0 40
1677100053437 0.0 41
1677100053664 0.0 42
1677100055538 0.0 43
1677100055761 0.0 44
1677100057600 0.0 45
1677100057868 0.0 46
1677100059810 0.0 47
1677100060053 0.0 48
1677100061895 0.0 49
1677100062115 0.0 50
1677100063986 0.0 51
1677100064217 0.0 52
1677100066136 0.0 53
1677100066366 0.0 54
1677100068363 0.0 55
1677100068600 0.0 56
1677100070636 0.0 57
1677100070869 0.0 58
1677100072812 0.0 59
1677100073040 0.0 60
1677100074969 0.0 61
1677100075196 0.0 62
1677100077061 0.0 63
1677100077352 0.0 64
1677100079167 0.0 65
1677100079381 0.0 66
1677100081135 0.0 67
1677100081351 0.0 68
1677100083247 0.0 69
1677100083483 0.0 70
1677100085315 0.0 71
1677100085548 0.0 72
1677100087503 0.0 73
1677100087750 0.0 74
1677100089655 0.0 75
1677100089900 0.0 76
1677100091731 0.0 77
1677100091959 0.0 78
1677100093806 0.0 79
1677100094037 0.0 80
1677100095863 0.0 81
1677100096092 0.0 82
1677100097951 0.0 83
1677100098183 0.0 84
1677100100032 0.0 85
1677100100266 0.0 86
1677100102307 0.0 87
1677100102589 0.0 88
1677100104776 0.0 89
1677100105034 0.0 90
1677100107043 0.0 91
1677100107280 0.0 92
1677100109134 0.0 93
1677100109374 0.0 94
1677100111303 0.0 95
1677100111532 0.0 96
1677100113405 0.0 97
1677100113624 0.0 98
1677100115420 0.0 99
1677100115646 0.0 100
1677100117450 0.0 101
1677100117682 0.0 102
1677100119477 0.0 103
1677100119713 0.0 104
1677100121593 0.0 105
1677100121824 0.0 106
1677100123710 0.0 107
1677100123934 0.0 108
1677100125839 0.0 109
1677100126070 0.0 110
1677100127933 0.0 111
1677100128169 0.0 112
1677100129960 0.0 113
1677100130198 0.0 114
1677100132207 0.0 115
1677100132460 0.0 116
1677100134533 0.0 117
1677100134804 0.0 118
1677100136722 0.0 119
1677100136958 0.0 120
1677100138845 0.0 121
1677100139071 0.0 122
1677100140952 0.0 123
1677100141222 0.0 124
1677100143119 0.0 125
1677100143351 0.0 126
1677100145152 0.0 127
1677100145381 0.0 128
1677100147168 0.0 129
1677100147415 0.0 130
1677100149234 0.0 131
1677100149462 0.0 132
1677100151300 0.0 133
1677100151541 0.0 134
1677100153448 0.0 135
1677100153691 0.0 136
1677100155531 0.0 137
1677100155761 0.0 138
1677100157737 0.0 139
1677100157964 0.0 140
1677100159802 0.0 141
1677100160016 0.0 142
1677100162126 0.0 143
1677100162404 0.0 144
1677100164474 0.0 145
1677100164726 0.0 146
1677100166661 0.0 147
1677100166899 0.0 148
1677100168804 0.0 149
1677100169040 0.0 150
1677100170963 0.0 151
1677100171193 0.0 152
1677100173126 0.0 153
1677100173366 0.0 154
1677100175208 0.0 155
1677100175438 0.0 156
1677100177325 0.0 157
1677100177569 0.0 158
1677100179418 0.0 159
1677100179656 0.0 160
1677100181417 0.0 161
1677100181644 0.0 162
1677100183512 0.0 163
1677100183764 0.0 164
1677100185706 0.0 165
1677100185948 0.0 166
1677100187891 0.0 167
1677100188125 0.0 168
1677100190049 0.0 169
1677100190277 0.0 170
1677100192340 0.0 171
1677100192642 0.0 172
1677100194756 0.0 173
1677100195019 0.0 174
1677100196900 0.0 175
1677100197131 0.0 176
1677100198918 0.0 177
1677100199161 0.0 178
1677100201011 0.0 179
1677100201246 0.0 180
1677100203057 0.0 181
1677100203288 0.0 182
1677100205177 0.0 183
1677100205429 0.0 184
1677100207314 0.0 185
1677100207566 0.0 186
1677100209381 0.0 187
1677100209632 0.0 188
1677100211500 0.0 189
1677100211773 0.0 190
1677100213608 0.0 191
1677100213835 0.0 192
1677100215638 0.0 193
1677100215861 0.0 194
1677100217666 0.0 195
1677100217905 0.0 196
1677100219758 0.0 197
1677100219970 0.0 198
1677100221929 0.0 199
1677100222204 0.0 200
1677100224444 0.0 201
1677100224736 0.0 202
1677100226858 0.0 203
1677100227107 0.0 204
1677100229003 0.0 205
1677100229238 0.0 206
1677100231146 0.0 207
1677100231388 0.0 208
1677100233201 0.0 209
1677100233433 0.0 210
1677100235273 0.0 211
1677100235514 0.0 212
1677100237403 0.0 213
1677100237662 0.0 214
1677100239534 0.0 215
1677100239826 0.0 216
1677100241627 0.0 217
1677100241859 0.0 218
1677100243716 0.0 219
1677100243958 0.0 220
1677100245832 0.0 221
1677100246071 0.0 222
1677100247990 0.0 223
1677100248215 0.0 224
1677100249982 0.0 225
1677100250218 0.0 226
1677100252332 0.0 227
1677100252625 0.0 228
1677100254758 0.0 229
1677100255044 0.0 230
1677100256939 0.0 231
1677100257168 0.0 232
1677100259095 0.0 233
1677100259323 0.0 234
1677100261151 0.0 235
1677100261387 0.0 236
1677100263299 0.0 237
1677100263528 0.0 238
1677100265262 0.0 239
1677100265483 0.0 240
1677100267313 0.0 241
1677100267572 0.0 242
1677100269510 0.0 243
1677100269764 0.0 244
1677100271559 0.0 245
1677100271803 0.0 246
1677100273791 0.0 247
1677100274050 0.0 248
1677100275989 0.0 249
1677100276222 0.0 250
1677100278170 0.0 251
1677100278403 0.0 252
1677100280387 0.0 253
1677100280631 0.0 254
1677100282761 0.0 255
1677100282992 0.0 256
1677100284872 0.0 257
1677100285102 0.0 258
1677100286828 0.0 259
1677100287070 0.0 260
1677100288844 0.0 261
1677100289072 0.0 262
1677100290874 0.0 263
1677100291097 0.0 264
1677100292821 0.0 265
1677100293045 0.0 266
1677100294746 0.0 267
1677100294948 0.0 268
1677100296748 0.0 269
1677100296990 0.0 270
1677100299042 0.0 271
1677100299270 0.0 272
1677100301040 0.0 273
1677100301263 0.0 274
1677100303095 0.0 275
1677100303320 0.0 276
1677100305067 0.0 277
1677100305291 0.0 278
1677100307072 0.0 279
1677100307311 0.0 280
1677100309049 0.0 281
1677100309286 0.0 282
1677100311142 0.0 283
1677100311407 0.0 284
1677100313402 0.0 285
1677100313644 0.0 286
1677100315691 0.0 287
1677100315914 0.0 288
1677100317664 0.0 289
1677100317894 0.0 290
1677100319665 0.0 291
1677100319905 0.0 292
1677100321728 0.0 293
1677100321958 0.0 294
1677100323741 0.0 295
1677100323976 0.0 296
1677100325763 0.0 297
1677100325994 0.0 298
1677100327791 0.0 299
1677100328018 0.0 300
1677100328245 0.0 301
