1677100008908 4.073307514190674 1
1677100009134 0.1957378387451172 2
1677100011185 2.078960657119751 3
1677100011423 0.21215105056762695 4
1677100013196 1.7698924541473389 5
1677100013403 0.20806050300598145 6
1677100015183 1.7749791145324707 7
1677100015459 0.2788834571838379 8
1677100017368 1.8992295265197754 9
1677100017616 0.2598133087158203 10
1677100019456 1.8372368812561035 11
1677100019678 0.22288274765014648 12
1677100021580 1.9059953689575195 13
1677100021806 0.2223954200744629 14
1677100023840 2.026686191558838 15
1677100024080 0.2406623363494873 16
1677100026150 2.074105739593506 17
1677100026370 0.21855592727661133 18
1677100028183 1.8156671524047852 19
1677100028452 0.2657928466796875 20
1677100030368 1.9149572849273682 21
1677100030583 0.21993041038513184 22
1677100032536 1.9482452869415283 23
1677100032767 0.23475074768066406 24
1677100034698 1.9341378211975098 25
1677100034921 0.221665620803833 26
1677100036958 2.03151273727417 27
1677100037254 0.24800562858581543 28
1677100039470 2.266752004623413 29
1677100039714 0.24004387855529785 30
1677100041855 2.140244245529175 31
1677100042116 0.2597489356994629 32
1677100044151 2.0390124320983887 33
1677100044390 0.23803257942199707 34
1677100046340 1.9517934322357178 35
1677100046599 0.25841450691223145 36
1677100048676 2.06895112991333 37
1677100048938 0.2637968063354492 38
1677100051125 2.1922109127044678 39
1677100051377 0.24756646156311035 40
1677100053428 2.0584702491760254 41
1677100053654 0.22792291641235352 42
1677100055529 1.872976303100586 43
1677100055752 0.22520017623901367 44
1677100057590 1.834704875946045 45
1677100057858 0.26805615425109863 46
1677100059800 1.9349353313446045 47
1677100060044 0.24802899360656738 48
1677100061887 1.849163293838501 49
1677100062107 0.21718716621398926 50
1677100063976 1.8696401119232178 51
1677100064208 0.23103785514831543 52
1677100066128 1.9194262027740479 53
1677100066358 0.22955656051635742 54
1677100068354 1.9902071952819824 55
1677100068591 0.24303698539733887 56
1677100070626 2.066711187362671 57
1677100070860 0.2019519805908203 58
1677100072802 1.9446344375610352 59
1677100073031 0.22831153869628906 60
1677100074960 1.9279344081878662 61
1677100075187 0.2272655963897705 62
1677100077051 1.863832712173462 63
1677100077343 0.2831394672393799 64
1677100079159 1.8248810768127441 65
1677100079372 0.2140047550201416 66
1677100081126 1.7520248889923096 67
1677100081342 0.21400856971740723 68
1677100083237 1.8940391540527344 69
1677100083475 0.2432081699371338 70
1677100085303 1.8590404987335205 71
1677100085538 0.19784212112426758 72
1677100087494 1.9599742889404297 73
1677100087738 0.23587608337402344 74
1677100089647 1.9161875247955322 75
1677100089890 0.2452709674835205 76
1677100091722 1.83058762550354 77
1677100091950 0.22841119766235352 78
1677100093797 1.8436434268951416 79
1677100094027 0.2319471836090088 80
1677100095855 1.8292155265808105 81
1677100096083 0.22941160202026367 82
1677100097941 1.8583118915557861 83
1677100098173 0.22309327125549316 84
1677100100023 1.8909683227539062 85
1677100100257 0.20000553131103516 86
1677100102297 2.0291049480438232 87
1677100102579 0.2857837677001953 88
1677100104766 2.1870999336242676 89
1677100105024 0.2599751949310303 90
1677100107033 2.0104808807373047 91
1677100107271 0.2366013526916504 92
1677100109125 1.8569157123565674 93
1677100109364 0.2382795810699463 94
1677100111294 1.9326918125152588 95
1677100111522 0.22807097434997559 96
1677100113395 1.8709137439727783 97
1677100113614 0.220078706741333 98
1677100115411 1.8308780193328857 99
1677100115637 0.19135379791259766 100
1677100117441 1.8037493228912354 101
1677100117673 0.23495006561279297 102
1677100119467 1.7913453578948975 103
1677100119704 0.23365378379821777 104
1677100121584 1.8842847347259521 105
1677100121815 0.22867774963378906 106
1677100123701 1.8855822086334229 107
1677100123926 0.22774505615234375 108
1677100125830 1.9047839641571045 109
1677100126061 0.22978758811950684 110
1677100127924 1.8640844821929932 111
1677100128160 0.23692750930786133 112
1677100129951 1.8243656158447266 113
1677100130188 0.20285820960998535 114
1677100132196 2.002897262573242 115
1677100132448 0.24926996231079102 116
1677100134524 2.0778770446777344 117
1677100134794 0.26581287384033203 118
1677100136712 1.9291348457336426 119
1677100136948 0.23294448852539062 120
1677100138834 1.8891239166259766 121
1677100139062 0.22391700744628906 122
1677100140943 1.87996506690979 123
1677100141213 0.2690441608428955 124
1677100143111 1.900907278060913 125
1677100143341 0.22924423217773438 126
1677100145143 1.836876392364502 127
1677100145371 0.1898508071899414 128
1677100147158 1.790160894393921 129
1677100147406 0.2478628158569336 130
1677100149225 1.816066026687622 131
1677100149452 0.22900724411010742 132
1677100151292 1.8395295143127441 133
1677100151530 0.2332906723022461 134
1677100153438 1.9145581722259521 135
1677100153681 0.24101710319519043 136
1677100155522 1.842597484588623 137
1677100155752 0.229048490524292 138
1677100157728 1.973844051361084 139
1677100157956 0.23007798194885254 140
1677100159794 1.8341476917266846 141
1677100160007 0.25303196907043457 142
1677100162115 2.0622942447662354 143
1677100162392 0.27654027938842773 144
1677100164465 2.0772998332977295 145
1677100164716 0.2508060932159424 146
1677100166651 1.9389870166778564 147
1677100166890 0.24204635620117188 148
1677100168795 1.9047749042510986 149
1677100169029 0.23360633850097656 150
1677100170954 1.9244658946990967 151
1677100171184 0.2319023609161377 152
1677100173116 1.9231672286987305 153
1677100173357 0.24582242965698242 154
1677100175199 1.8799054622650146 155
1677100175428 0.19321084022521973 156
1677100177315 1.8838772773742676 157
1677100177560 0.24707746505737305 158
1677100179409 1.8457353115081787 159
1677100179647 0.24228620529174805 160
1677100181407 1.7610340118408203 161
1677100181634 0.2259504795074463 162
1677100183501 1.8680284023284912 163
1677100183755 0.24495244026184082 164
1677100185697 1.948315143585205 165
1677100185938 0.24070024490356445 166
1677100187882 1.945427656173706 167
1677100188115 0.23297715187072754 168
1677100190038 1.9586873054504395 169
1677100190268 0.1987464427947998 170
1677100192326 2.0416603088378906 171
1677100192632 0.31259751319885254 172
1677100194745 2.1094768047332764 173
1677100195009 0.2594432830810547 174
1677100196891 1.8931810855865479 175
1677100197122 0.230177640914917 176
1677100198909 1.790841817855835 177
1677100199151 0.23773837089538574 178
1677100201000 1.8536062240600586 179
1677100201235 0.23046040534973145 180
1677100203047 1.8162517547607422 181
1677100203280 0.2317793369293213 182
1677100205167 1.9216151237487793 183
1677100205420 0.21732664108276367 184
1677100207304 1.8835415840148926 185
1677100207556 0.25150585174560547 186
1677100209371 1.814192771911621 187
1677100209620 0.24722623825073242 188
1677100211491 1.8747119903564453 189
1677100211764 0.27401018142700195 190
1677100213598 1.8298320770263672 191
1677100213826 0.22802114486694336 192
1677100215628 1.805943250656128 193
1677100215851 0.22405457496643066 194
1677100217657 1.798041820526123 195
1677100217896 0.2459709644317627 196
1677100219748 1.8479223251342773 197
1677100219961 0.2529623508453369 198
1677100221917 1.909055471420288 199
1677100222194 0.27304625511169434 200
1677100224431 2.2409932613372803 201
1677100224727 0.2859346866607666 202
1677100226848 2.1371750831604004 203
1677100227098 0.24230265617370605 204
1677100228994 1.9016509056091309 205
1677100229229 0.23891997337341309 206
1677100231136 1.9061248302459717 207
1677100231379 0.2428114414215088 208
1677100233192 1.8130576610565186 209
1677100233423 0.23206138610839844 210
1677100235264 1.8769428730010986 211
1677100235506 0.20419073104858398 212
1677100237393 1.8837676048278809 213
1677100237651 0.25905942916870117 214
1677100239525 1.8741405010223389 215
1677100239817 0.2789337635040283 216
1677100241618 1.8197147846221924 217
1677100241850 0.2323322296142578 218
1677100243707 1.857771635055542 219
1677100243948 0.2378864288330078 220
1677100245821 1.8762712478637695 221
1677100246061 0.2359468936920166 222
1677100247981 1.9230785369873047 223
1677100248206 0.2262864112854004 224
1677100249971 1.79957914352417 225
1677100250208 0.2020883560180664 226
1677100252317 2.13798451423645 227
1677100252614 0.25487613677978516 228
1677100254748 2.177396774291992 229
1677100255034 0.24482393264770508 230
1677100256930 1.902968406677246 231
1677100257158 0.2318131923675537 232
1677100259086 1.9310686588287354 233
1677100259314 0.2240438461303711 234
1677100261143 1.8292489051818848 235
1677100261378 0.23054265975952148 236
1677100263290 1.910409688949585 237
1677100263519 0.23465824127197266 238
1677100265253 1.7703256607055664 239
1677100265474 0.18183469772338867 240
1677100267303 1.8288850784301758 241
1677100267560 0.25448036193847656 242
1677100269500 1.9377269744873047 243
1677100269755 0.26026320457458496 244
1677100271551 1.794602632522583 245
1677100271793 0.22321581840515137 246
1677100273780 2.006542921066284 247
1677100274040 0.2604100704193115 248
1677100275978 1.9360308647155762 249
1677100276211 0.2286388874053955 250
1677100278154 1.9431638717651367 251
1677100278393 0.24800848960876465 252
1677100280377 2.019024133682251 253
1677100280620 0.20797252655029297 254
1677100282753 2.131629705429077 255
1677100282984 0.22837448120117188 256
1677100284863 1.9178800582885742 257
1677100285093 0.19704937934875488 258
1677100286818 1.720956802368164 259
1677100287060 0.23902130126953125 260
1677100288835 1.7790172100067139 261
1677100289056 0.2224419116973877 262
1677100290864 1.8000166416168213 263
1677100291087 0.22588562965393066 264
1677100292813 1.7269864082336426 265
1677100293036 0.2257983684539795 266
1677100294736 1.6969795227050781 267
1677100294939 0.2429513931274414 268
1677100296740 1.7619061470031738 269
1677100296980 0.232346773147583 270
1677100299033 2.0619349479675293 271
1677100299261 0.226759672164917 272
1677100301031 1.7720255851745605 273
1677100301255 0.2230396270751953 274
1677100303086 1.8321614265441895 275
1677100303311 0.22267889976501465 276
1677100305058 1.742161750793457 277
1677100305282 0.23108220100402832 278
1677100307062 1.7781894207000732 279
1677100307301 0.23810529708862305 280
1677100309039 1.739656686782837 281
1677100309277 0.23505139350891113 282
1677100311132 1.8501875400543213 283
1677100311397 0.2615475654602051 284
1677100313391 1.9973092079162598 285
1677100313634 0.24191570281982422 286
1677100315682 2.0583038330078125 287
1677100315905 0.22259807586669922 288
1677100317656 1.7509453296661377 289
1677100317886 0.22508811950683594 290
1677100319656 1.7716126441955566 291
1677100319895 0.23401308059692383 292
1677100321718 1.81376314163208 293
1677100321948 0.24364233016967773 294
1677100323731 1.7793960571289062 295
1677100323967 0.23887419700622559 296
1677100325754 1.7896637916564941 297
1677100325985 0.2279496192932129 298
1677100327781 1.7942559719085693 299
1677100328008 0.23077869415283203 300
1677100328235 0.2251279354095459 301
