1679701053643 0.0 1
1679701053821 0.0 2
1679701055016 0.0 3
1679701055182 0.0 4
1679701056472 0.0 5
1679701056641 0.0 6
1679701057881 0.0 7
1679701058060 0.0 8
1679701059300 0.0 9
1679701059477 0.0 10
1679701060675 0.0 11
1679701060849 0.0 12
1679701062077 0.0 13
1679701062322 0.0 14
1679701063514 0.0 15
1679701063686 0.0 16
1679701064883 0.0 17
1679701065059 0.0 18
1679701066261 0.0 19
1679701066434 0.0 20
1679701067658 0.0 21
1679701067828 0.0 22
1679701069043 0.0 23
1679701069295 0.0 24
1679701070535 0.0 25
1679701070710 0.0 26
1679701071987 0.0 27
1679701072157 0.0 28
1679701073414 0.0 29
1679701073587 0.0 30
1679701074817 0.0 31
1679701074993 0.0 32
1679701076201 0.0 33
1679701076472 0.0 34
1679701077671 0.0 35
1679701077840 0.0 36
1679701079059 0.0 37
1679701079229 0.0 38
1679701080390 0.0 39
1679701080560 0.0 40
1679701081793 0.0 41
1679701081982 0.0 42
1679701083295 0.0 43
1679701083468 0.0 44
1679701084678 0.0 45
1679701084850 0.0 46
1679701086074 0.0 47
1679701086250 0.0 48
1679701087491 0.0 49
1679701087672 0.0 50
1679701088861 0.0 51
1679701089030 0.0 52
1679701090271 0.0 53
1679701090438 0.0 54
1679701091605 0.0 55
1679701091781 0.0 56
1679701092951 0.0 57
1679701093128 0.0 58
1679701094333 0.0 59
1679701094506 0.0 60
1679701095686 0.0 61
1679701095857 0.0 62
1679701097128 0.0 63
1679701097307 0.0 64
1679701098565 0.0 65
1679701098760 0.0 66
1679701099990 0.0 67
1679701100163 0.0 68
1679701101337 0.0 69
1679701101509 0.0 70
1679701102684 0.0 71
1679701102859 0.0 72
1679701104171 0.0 73
1679701104353 0.0 74
1679701105547 0.0 75
1679701105724 0.0 76
1679701106972 0.0 77
1679701107144 0.0 78
1679701108430 0.0 79
1679701108609 0.0 80
1679701109899 0.0 81
1679701110087 0.0 82
1679701111397 0.0 83
1679701111568 0.0 84
1679701112808 0.0 85
1679701112979 0.0 86
1679701114215 0.0 87
1679701114392 0.0 88
1679701115632 0.0 89
1679701115813 0.0 90
1679701117029 0.0 91
1679701117202 0.0 92
1679701118475 0.0 93
1679701118647 0.0 94
1679701119881 0.0 95
1679701120059 0.0 96
1679701121358 0.0 97
1679701121549 0.0 98
1679701122827 0.0 99
1679701123007 0.0 100
1679701124269 0.0 101
1679701124444 0.0 102
1679701125763 0.0 103
1679701125943 0.0 104
1679701127227 0.0 105
1679701127410 0.0 106
1679701128668 0.0 107
1679701128849 0.0 108
1679701130094 0.0 109
1679701130277 0.0 110
1679701131494 0.0 111
1679701131672 0.0 112
1679701132953 0.0 113
1679701133135 0.0 114
1679701134375 0.0 115
1679701134552 0.0 116
1679701135768 0.0 117
1679701135940 0.0 118
1679701137149 0.0 119
1679701137324 0.0 120
1679701138556 0.0 121
1679701138739 0.0 122
1679701140011 0.0 123
1679701140186 0.0 124
1679701141371 0.0 125
1679701141549 0.0 126
1679701142734 0.0 127
1679701142911 0.0 128
1679701144107 0.0 129
1679701144295 0.0 130
1679701145507 0.0 131
1679701145683 0.0 132
1679701146960 0.0 133
1679701147138 0.0 134
1679701148337 0.0 135
1679701148531 0.0 136
1679701149787 0.0 137
1679701149968 0.0 138
1679701151192 0.0 139
1679701151364 0.0 140
1679701152553 0.0 141
1679701152802 0.0 142
1679701154001 0.0 143
1679701154182 0.0 144
1679701155359 0.0 145
1679701155541 0.0 146
1679701156745 0.0 147
1679701156923 0.0 148
1679701158168 0.0 149
1679701158344 0.0 150
1679701159599 0.0 151
1679701159867 0.0 152
1679701161158 0.0 153
1679701161351 0.0 154
1679701162645 0.0 155
1679701162820 0.0 156
1679701164076 0.0 157
1679701164260 0.0 158
1679701165487 0.0 159
1679701165678 0.0 160
1679701166933 0.0 161
1679701167244 0.0 162
1679701168454 0.0 163
1679701168634 0.0 164
1679701169818 0.0 165
1679701169997 0.0 166
1679701171183 0.0 167
1679701171368 0.0 168
1679701172602 0.0 169
1679701172785 0.0 170
1679701174093 0.0 171
1679701174270 0.0 172
1679701175530 0.0 173
1679701175715 0.0 174
1679701176948 0.0 175
1679701177142 0.0 176
1679701178361 0.0 177
1679701178542 0.0 178
1679701179769 0.0 179
1679701179948 0.0 180
1679701181250 0.0 181
1679701181435 0.0 182
1679701182675 0.0 183
1679701182870 0.0 184
1679701184134 0.0 185
1679701184323 0.0 186
1679701185597 0.0 187
1679701185782 0.0 188
1679701187062 0.0 189
1679701187244 0.0 190
1679701188557 0.0 191
1679701188741 0.0 192
1679701189960 0.0 193
1679701190143 0.0 194
1679701191337 0.0 195
1679701191511 0.0 196
1679701192684 0.0 197
1679701192865 0.0 198
1679701194059 0.0 199
1679701194240 0.0 200
1679701195514 0.0 201
1679701195699 0.0 202
1679701196915 0.0 203
1679701197095 0.0 204
1679701198354 0.0 205
1679701198533 0.0 206
1679701199779 0.0 207
1679701200003 0.0 208
1679701201228 0.0 209
1679701201420 0.0 210
1679701202745 0.0 211
1679701202927 0.0 212
1679701204150 0.0 213
1679701204328 0.0 214
1679701205552 0.0 215
1679701205737 0.0 216
1679701206971 0.0 217
1679701207174 0.0 218
1679701208400 0.0 219
1679701208584 0.0 220
1679701209881 0.0 221
1679701210057 0.0 222
1679701211278 0.0 223
1679701211465 0.0 224
1679701212701 0.0 225
1679701212892 0.0 226
1679701214156 0.0 227
1679701214340 0.0 228
1679701215582 0.0 229
1679701215766 0.0 230
1679701217076 0.0 231
1679701217262 0.0 232
1679701218507 0.0 233
1679701218697 0.0 234
1679701219959 0.0 235
1679701220147 0.0 236
1679701221397 0.0 237
1679701221598 0.0 238
1679701222905 0.0 239
1679701223095 0.0 240
1679701224467 0.0 241
1679701224665 0.0 242
1679701225956 0.0 243
1679701226141 0.0 244
1679701227411 0.0 245
1679701227591 0.0 246
1679701228834 0.0 247
1679701229024 0.0 248
1679701230254 0.0 249
1679701230446 0.0 250
1679701231786 0.0 251
1679701231970 0.0 252
1679701233205 0.0 253
1679701233388 0.0 254
1679701234635 0.0 255
1679701234829 0.0 256
1679701236134 0.0 257
1679701236330 0.0 258
1679701237665 0.0 259
1679701237857 0.0 260
1679701239179 0.0 261
1679701239363 0.0 262
1679701240630 0.0 263
1679701240831 0.0 264
1679701242097 0.0 265
1679701242296 0.0 266
1679701243534 0.0 267
1679701243722 0.0 268
1679701244965 0.0 269
1679701245194 0.0 270
1679701246423 0.0 271
1679701246618 0.0 272
1679701247875 0.0 273
1679701248068 0.0 274
1679701249328 0.0 275
1679701249512 0.0 276
1679701250797 0.0 277
1679701250980 0.0 278
1679701252287 0.0 279
1679701252564 0.0 280
1679701253831 0.0 281
1679701254026 0.0 282
1679701255267 0.0 283
1679701255449 0.0 284
1679701256692 0.0 285
1679701256880 0.0 286
1679701258129 0.0 287
1679701258328 0.0 288
1679701259600 0.0 289
1679701259884 0.0 290
1679701261154 0.0 291
1679701261337 0.0 292
1679701262614 0.0 293
1679701262802 0.0 294
1679701264094 0.0 295
1679701264283 0.0 296
1679701265546 0.0 297
1679701265748 0.0 298
1679701267155 0.0 299
1679701267344 0.0 300
1679701267471 0.0 301
