1679701053640 3.5207417011260986 1
1679701053818 3.6786069869995117 2
1679701055012 4.874148845672607 3
1679701055178 5.039427995681763 4
1679701056469 6.327505350112915 5
1679701056637 6.498513221740723 6
1679701057877 7.738642930984497 7
1679701058055 7.911577224731445 8
1679701059296 9.155289649963379 9
1679701059473 9.33122968673706 10
1679701060671 10.531434535980225 11
1679701060845 10.70528793334961 12
1679701062073 11.933171272277832 13
1679701062317 12.176281690597534 14
1679701063511 13.371417045593262 15
1679701063682 13.539443731307983 16
1679701064880 14.740516901016235 17
1679701065055 14.914226531982422 18
1679701066257 16.14436364173889 19
1679701066430 16.28930950164795 20
1679701067654 17.513327598571777 21
1679701067824 17.684443473815918 22
1679701069039 18.899259090423584 23
1679701069292 19.14914870262146 24
1679701070532 20.393261432647705 25
1679701070707 20.565380573272705 26
1679701071983 21.842262983322144 27
1679701072154 22.013437509536743 28
1679701073410 23.27040433883667 29
1679701073582 23.441575050354004 30
1679701074812 24.670531272888184 31
1679701074989 24.846656560897827 32
1679701076198 26.0573992729187 33
1679701076468 26.307313680648804 34
1679701077667 27.517388820648193 35
1679701077837 27.695127248764038 36
1679701079055 28.914336681365967 37
1679701079225 29.082906246185303 38
1679701080385 30.27021551132202 39
1679701080556 30.41475248336792 40
1679701081790 31.645212650299072 41
1679701081978 31.828166961669922 42
1679701083290 33.149532318115234 43
1679701083463 33.32266044616699 44
1679701084675 34.533100605010986 45
1679701084847 34.704267501831055 46
1679701086071 35.929399251937866 47
1679701086246 36.103081464767456 48
1679701087488 37.346253395080566 49
1679701087668 37.52615785598755 50
1679701088857 38.7150502204895 51
1679701089026 38.88502836227417 52
1679701090268 40.125125885009766 53
1679701090434 40.293089628219604 54
1679701091601 41.45993518829346 55
1679701091777 41.63030791282654 56
1679701092947 42.80631375312805 57
1679701093124 42.98248648643494 58
1679701094329 44.184332847595215 59
1679701094503 44.361254930496216 60
1679701095682 45.5676007270813 61
1679701095853 45.71043682098389 62
1679701097123 46.982425689697266 63
1679701097303 47.16049337387085 64
1679701098559 48.39432716369629 65
1679701098755 48.607404708862305 66
1679701099986 49.84035015106201 67
1679701100159 50.016446113586426 68
1679701101332 51.19138956069946 69
1679701101505 51.360886573791504 70
1679701102681 52.539433002471924 71
1679701102855 52.712340354919434 72
1679701104167 54.02426743507385 73
1679701104349 54.204365730285645 74
1679701105544 55.40109372138977 75
1679701105720 55.5749876499176 76
1679701106968 56.82326698303223 77
1679701107140 56.99655246734619 78
1679701108424 58.28129696846008 79
1679701108605 58.460299253463745 80
1679701109895 59.75136613845825 81
1679701110083 59.93525457382202 82
1679701111392 61.27840209007263 83
1679701111565 61.41949677467346 84
1679701112804 62.659523248672485 85
1679701112975 62.8330078125 86
1679701114211 64.06845474243164 87
1679701114387 64.24126935005188 88
1679701115629 65.48279976844788 89
1679701115809 65.66213822364807 90
1679701117024 66.88088393211365 91
1679701117199 67.05411124229431 92
1679701118472 68.3291711807251 93
1679701118642 68.49826240539551 94
1679701119877 69.72639465332031 95
1679701120055 69.90923380851746 96
1679701121354 71.2102906703949 97
1679701121545 71.39952564239502 98
1679701122824 72.68050289154053 99
1679701123003 72.85734438896179 100
1679701124265 74.11728549003601 101
1679701124440 74.29724907875061 102
1679701125759 75.64409589767456 103
1679701125939 75.79308915138245 104
1679701127223 77.0789041519165 105
1679701127405 77.25936508178711 106
1679701128665 78.5202419757843 107
1679701128845 78.69849705696106 108
1679701130090 79.94496893882751 109
1679701130273 80.12606954574585 110
1679701131491 81.34512281417847 111
1679701131667 81.52034568786621 112
1679701132950 82.8062424659729 113
1679701133131 82.9862129688263 114
1679701134372 84.22522568702698 115
1679701134549 84.4017641544342 116
1679701135764 85.61932134628296 117
1679701135936 85.79134035110474 118
1679701137146 87.00239872932434 119
1679701137322 87.17466568946838 120
1679701138551 88.40423655509949 121
1679701138735 88.58916878700256 122
1679701140006 89.86122703552246 123
1679701140182 90.03618788719177 124
1679701141368 91.22315120697021 125
1679701141545 91.39944744110107 126
1679701142730 92.58464455604553 127
1679701142907 92.76071286201477 128
1679701144104 93.95808672904968 129
1679701144291 94.14508175849915 130
1679701145504 95.35642075538635 131
1679701145679 95.53204083442688 132
1679701146957 96.81198740005493 133
1679701147134 96.9874312877655 134
1679701148334 98.18748378753662 135
1679701148526 98.36651730537415 136
1679701149783 99.63732194900513 137
1679701149964 99.81720399856567 138
1679701151188 101.04190230369568 139
1679701151361 101.21607661247253 140
1679701152549 102.40323066711426 141
1679701152798 102.65118646621704 142
1679701153997 103.84806513786316 143
1679701154177 104.03114724159241 144
1679701155355 105.23975229263306 145
1679701155536 105.38831973075867 146
1679701156742 106.5941174030304 147
1679701156920 106.77314043045044 148
1679701158164 108.01200842857361 149
1679701158341 108.19368958473206 150
1679701159595 109.44714021682739 151
1679701159861 109.7091658115387 152
1679701161154 111.00708794593811 153
1679701161347 111.19803166389465 154
1679701162641 112.49005579948425 155
1679701162816 112.67021584510803 156
1679701164072 113.92430543899536 157
1679701164256 114.1074378490448 158
1679701165484 115.33615136146545 159
1679701165673 115.52299451828003 160
1679701166930 116.78122639656067 161
1679701167233 117.04514908790588 162
1679701168451 118.29706573486328 163
1679701168629 118.48138117790222 164
1679701169814 119.66720962524414 165
1679701169993 119.84422492980957 166
1679701171179 121.06324076652527 167
1679701171364 121.2132420539856 168
1679701172600 122.45005178451538 169
1679701172782 122.63298773765564 170
1679701174089 123.9411997795105 171
1679701174266 124.1201286315918 172
1679701175526 125.37485361099243 173
1679701175712 125.5581922531128 174
1679701176944 126.79611468315125 175
1679701177138 126.98826861381531 176
1679701178357 128.2091965675354 177
1679701178538 128.39012145996094 178
1679701179766 129.61930894851685 179
1679701179945 129.7969787120819 180
1679701181246 131.09830594062805 181
1679701181431 131.28033113479614 182
1679701182671 132.52298641204834 183
1679701182867 132.715012550354 184
1679701184131 133.9831507205963 185
1679701184319 134.1688187122345 186
1679701185593 135.4771373271942 187
1679701185779 135.62870979309082 188
1679701187058 136.9093532562256 189
1679701187240 137.0918345451355 190
1679701188553 138.4032425880432 191
1679701188737 138.58487105369568 192
1679701189957 139.80900979042053 193
1679701190140 139.98802971839905 194
1679701191333 141.18511843681335 195
1679701191507 141.35782670974731 196
1679701192681 142.5310127735138 197
1679701192861 142.71112084388733 198
1679701194056 143.9069356918335 199
1679701194236 144.0871229171753 200
1679701195510 145.36021208763123 201
1679701195695 145.54513359069824 202
1679701196911 146.762216091156 203
1679701197091 146.9392545223236 204
1679701198350 148.19903469085693 205
1679701198529 148.38087940216064 206
1679701199775 149.62702083587646 207
1679701199998 149.8430781364441 208
1679701201224 151.1071581840515 209
1679701201416 151.2631402015686 210
1679701202741 152.59306979179382 211
1679701202924 152.77068042755127 212
1679701204147 153.99598002433777 213
1679701204324 154.17387437820435 214
1679701205549 155.3989758491516 215
1679701205733 155.58017373085022 216
1679701206968 156.81715059280396 217
1679701207168 157.00722670555115 218
1679701208396 158.24509501457214 219
1679701208580 158.42960858345032 220
1679701209877 159.72632884979248 221
1679701210054 159.90620136260986 222
1679701211274 161.12405562400818 223
1679701211460 161.30871272087097 224
1679701212697 162.54697442054749 225
1679701212888 162.73736238479614 226
1679701214153 164.00353026390076 227
1679701214336 164.18405866622925 228
1679701215578 165.4611747264862 229
1679701215762 165.61041378974915 230
1679701217072 166.91902017593384 231
1679701217259 167.10488605499268 232
1679701218503 168.35009264945984 233
1679701218693 168.53712606430054 234
1679701219955 169.8040804862976 235
1679701220143 169.99301099777222 236
1679701221395 171.23921704292297 237
1679701221595 171.44248032569885 238
1679701222901 172.74892330169678 239
1679701223090 172.93419408798218 240
1679701224464 174.3122158050537 241
1679701224661 174.50890493392944 242
1679701225953 175.8002734184265 243
1679701226138 175.98709058761597 244
1679701227408 177.25302624702454 245
1679701227588 177.43372416496277 246
1679701228830 178.67824244499207 247
1679701229021 178.86606645584106 248
1679701230250 180.1332573890686 249
1679701230442 180.28624415397644 250
1679701231782 181.63093495368958 251
1679701231967 181.81201362609863 252
1679701233201 183.0501561164856 253
1679701233384 183.2322015762329 254
1679701234631 184.4782750606537 255
1679701234825 184.6682107448578 256
1679701236129 185.97220087051392 257
1679701236326 186.16591477394104 258
1679701237661 187.49482464790344 259
1679701237854 187.696879863739 260
1679701239175 189.01815795898438 261
1679701239359 189.2039294242859 262
1679701240626 190.46476984024048 263
1679701240826 190.66343474388123 264
1679701242094 191.9410548210144 265
1679701242292 192.1388967037201 266
1679701243530 193.37691140174866 267
1679701243717 193.5631136894226 268
1679701244961 194.80797147750854 269
1679701245190 195.06999707221985 270
1679701246420 196.2672061920166 271
1679701246613 196.45277738571167 272
1679701247872 197.71919345855713 273
1679701248064 197.91023921966553 274
1679701249324 199.17022609710693 275
1679701249508 199.35408186912537 276
1679701250793 200.64093208312988 277
1679701250976 200.82187485694885 278
1679701252283 202.13294291496277 279
1679701252559 202.39794206619263 280
1679701253827 203.67508816719055 281
1679701254022 203.86682963371277 282
1679701255264 205.10883283615112 283
1679701255445 205.29310631752014 284
1679701256687 206.53524351119995 285
1679701256876 206.71889805793762 286
1679701258125 207.96729564666748 287
1679701258323 208.16300177574158 288
1679701259596 209.4360477924347 289
1679701259879 209.71447348594666 290
1679701261150 211.02979350090027 291
1679701261333 211.17993998527527 292
1679701262610 212.45587849617004 293
1679701262799 212.64492988586426 294
1679701264090 213.93716597557068 295
1679701264279 214.12310123443604 296
1679701265543 215.3900270462036 297
1679701265745 215.5838484764099 298
1679701267152 216.9960470199585 299
1679701267339 217.18384647369385 300
1679701267467 217.31153345108032 301
