1679699166784 1.0 1
1679699166978 2.0 2
1679699168405 3.0 3
1679699168579 4.0 4
1679699170098 5.0 5
1679699170285 6.0 6
1679699171735 7.0 7
1679699171930 8.0 8
1679699173421 9.0 9
1679699173598 10.0 10
1679699174987 11.0 11
1679699175165 12.0 12
1679699176604 13.0 13
1679699176878 14.0 14
1679699178267 15.0 15
1679699178461 16.0 16
1679699179869 17.0 17
1679699180050 18.0 18
1679699181499 19.0 19
1679699181691 20.0 20
1679699183493 21.0 21
1679699183711 22.0 22
1679699185376 23.0 23
1679699185703 24.0 24
1679699187207 25.0 25
1679699187396 26.0 26
1679699188788 27.0 27
1679699188972 28.0 28
1679699190348 29.0 29
1679699190536 30.0 30
1679699191890 31.0 31
1679699192079 32.0 32
1679699193451 33.0 33
1679699193711 34.0 34
1679699195144 35.0 35
1679699195330 36.0 36
1679699196772 37.0 37
1679699196971 38.0 38
1679699198403 39.0 39
1679699198652 40.0 40
1679699200184 41.0 41
1679699200384 42.0 42
1679699202037 43.0 43
1679699202234 44.0 44
1679699203684 45.0 45
1679699203878 46.0 46
1679699205222 47.0 47
1679699205419 48.0 48
1679699206931 49.0 49
1679699207123 50.0 50
1679699208714 51.0 51
1679699208920 52.0 52
1679699210440 53.0 53
1679699210706 54.0 54
1679699212231 55.0 55
1679699212426 56.0 56
1679699213805 57.0 57
1679699213984 58.0 58
1679699215363 59.0 59
1679699215549 60.0 60
1679699216922 61.0 61
1679699217103 62.0 62
1679699218461 63.0 63
1679699218636 64.0 64
1679699219997 65.0 65
1679699220175 66.0 66
1679699221512 67.0 67
1679699221692 68.0 68
1679699223075 69.0 69
1679699223256 70.0 70
1679699224611 71.0 71
1679699224791 72.0 72
1679699226181 73.0 73
1679699226386 74.0 74
1679699227805 75.0 75
1679699227997 76.0 76
1679699229412 77.0 77
1679699229605 78.0 78
1679699230992 79.0 79
1679699231188 80.0 80
1679699232659 81.0 81
1679699232840 82.0 82
1679699234303 83.0 83
1679699234493 84.0 84
1679699235856 85.0 85
1679699236042 86.0 86
1679699237461 87.0 87
1679699237643 88.0 88
1679699238989 89.0 89
1679699239176 90.0 90
1679699240494 91.0 91
1679699240672 92.0 92
1679699242140 93.0 93
1679699242319 94.0 94
1679699243606 95.0 95
1679699243781 96.0 96
1679699245143 97.0 97
1679699245333 98.0 98
1679699246734 99.0 99
1679699246935 100.0 100
1679699248346 101.0 101
1679699248529 102.0 102
1679699250057 103.0 103
1679699250238 104.0 104
1679699251561 105.0 105
1679699251740 106.0 106
1679699253076 107.0 107
1679699253256 108.0 108
1679699254632 109.0 109
1679699254825 110.0 110
1679699256126 111.0 111
1679699256317 112.0 112
1679699258101 113.0 113
1679699258321 114.0 114
1679699259996 115.0 115
1679699260344 116.0 116
1679699261906 117.0 117
1679699262108 118.0 118
1679699263774 119.0 119
1679699264003 120.0 120
1679699265373 121.0 121
1679699265564 122.0 122
1679699267017 123.0 123
1679699267231 124.0 124
1679699268591 125.0 125
1679699268783 126.0 126
1679699270243 127.0 127
1679699270426 128.0 128
1679699271939 129.0 129
1679699272155 130.0 130
1679699273836 131.0 131
1679699274060 132.0 132
1679699275751 133.0 133
1679699275988 134.0 134
1679699277436 135.0 135
1679699277644 136.0 136
1679699279039 137.0 137
1679699279276 138.0 138
1679699281098 139.0 139
1679699281382 140.0 140
1679699283033 141.0 141
1679699283311 142.0 142
1679699284729 143.0 143
1679699284915 144.0 144
1679699286303 145.0 145
1679699286502 146.0 146
1679699288085 147.0 147
1679699288300 148.0 148
1679699289774 149.0 149
1679699289958 150.0 150
1679699291368 151.0 151
1679699291648 152.0 152
1679699293002 153.0 153
1679699293187 154.0 154
1679699294587 155.0 155
1679699294780 156.0 156
1679699296160 157.0 157
1679699296356 158.0 158
1679699297774 159.0 159
1679699297958 160.0 160
1679699299385 161.0 161
1679699299653 162.0 162
1679699301040 163.0 163
1679699301243 164.0 164
1679699302544 165.0 165
1679699302740 166.0 166
1679699304128 167.0 167
1679699304311 168.0 168
1679699305612 169.0 169
1679699305800 170.0 170
1679699307241 171.0 171
1679699307423 172.0 172
1679699308816 173.0 173
1679699309001 174.0 174
1679699310325 175.0 175
1679699310505 176.0 176
1679699311867 177.0 177
1679699312058 178.0 178
1679699313489 179.0 179
1679699313697 180.0 180
1679699315152 181.0 181
1679699315338 182.0 182
1679699316685 183.0 183
1679699316887 184.0 184
1679699318233 185.0 185
1679699318425 186.0 186
1679699319797 187.0 187
1679699319984 188.0 188
1679699321391 189.0 189
1679699321587 190.0 190
1679699322996 191.0 191
1679699323213 192.0 192
1679699324627 193.0 193
1679699324813 194.0 194
1679699326219 195.0 195
1679699326411 196.0 196
1679699327741 197.0 197
1679699327922 198.0 198
1679699329247 199.0 199
1679699329442 200.0 200
1679699330827 201.0 201
1679699331020 202.0 202
1679699332351 203.0 203
1679699332533 204.0 204
1679699333886 205.0 205
1679699334070 206.0 206
1679699335498 207.0 207
1679699335692 208.0 208
1679699337156 209.0 209
1679699337347 210.0 210
1679699338846 211.0 211
1679699339039 212.0 212
1679699340387 213.0 213
1679699340574 214.0 214
1679699341990 215.0 215
1679699342187 216.0 216
1679699343696 217.0 217
1679699343898 218.0 218
1679699345288 219.0 219
1679699345482 220.0 220
1679699347001 221.0 221
1679699347241 222.0 222
1679699348728 223.0 223
1679699348920 224.0 224
1679699350258 225.0 225
1679699350451 226.0 226
1679699351846 227.0 227
1679699352031 228.0 228
1679699353414 229.0 229
1679699353606 230.0 230
1679699355020 231.0 231
1679699355211 232.0 232
1679699356582 233.0 233
1679699356780 234.0 234
1679699358117 235.0 235
1679699358349 236.0 236
1679699359696 237.0 237
1679699359882 238.0 238
1679699361260 239.0 239
1679699361450 240.0 240
1679699363109 241.0 241
1679699363336 242.0 242
1679699364989 243.0 243
1679699365206 244.0 244
1679699366854 245.0 245
1679699367074 246.0 246
1679699368493 247.0 247
1679699368770 248.0 248
1679699370182 249.0 249
1679699370374 250.0 250
1679699371880 251.0 251
1679699372076 252.0 252
1679699373547 253.0 253
1679699373767 254.0 254
1679699375181 255.0 255
1679699375376 256.0 256
1679699376775 257.0 257
1679699376961 258.0 258
1679699378349 259.0 259
1679699378539 260.0 260
1679699379968 261.0 261
1679699380176 262.0 262
1679699381483 263.0 263
1679699381666 264.0 264
1679699382951 265.0 265
1679699383147 266.0 266
1679699384526 267.0 267
1679699384709 268.0 268
1679699386056 269.0 269
1679699386338 270.0 270
1679699387681 271.0 271
1679699387871 272.0 272
1679699389296 273.0 273
1679699389484 274.0 274
1679699390815 275.0 275
1679699391005 276.0 276
1679699392314 277.0 277
1679699392505 278.0 278
1679699393853 279.0 279
1679699394134 280.0 280
1679699395427 281.0 281
1679699395616 282.0 282
1679699397027 283.0 283
1679699397214 284.0 284
1679699398642 285.0 285
1679699398842 286.0 286
1679699400200 287.0 287
1679699400393 288.0 288
1679699401803 289.0 289
1679699402079 290.0 290
1679699403486 291.0 291
1679699403684 292.0 292
1679699405129 293.0 293
1679699405318 294.0 294
1679699406716 295.0 295
1679699406908 296.0 296
1679699408202 297.0 297
1679699408420 298.0 298
1679699409821 299.0 299
1679699410020 300.0 300
1679699410141 301.0 301
