1679699166781 3.8787338733673096 1
1679699166976 4.050928354263306 2
1679699168402 5.480921030044556 3
1679699168576 5.652045726776123 4
1679699170096 7.1712868213653564 5
1679699170282 7.355795860290527 6
1679699171731 8.805795431137085 7
1679699171928 9.000905752182007 8
1679699173419 10.48695993423462 9
1679699173596 10.671087265014648 10
1679699174983 12.052018642425537 11
1679699175162 12.260877132415771 12
1679699176601 13.67890477180481 13
1679699176876 13.945948839187622 14
1679699178265 15.3341703414917 15
1679699178458 15.532073020935059 16
1679699179866 16.941001892089844 17
1679699180048 17.11904740333557 18
1679699181497 18.569071054458618 19
1679699181688 18.754211902618408 20
1679699183491 20.554092407226562 21
1679699183708 20.770931243896484 22
1679699185371 22.4070143699646 23
1679699185700 22.763105630874634 24
1679699187204 24.273964643478394 25
1679699187393 24.464025020599365 26
1679699188785 25.85201334953308 27
1679699188969 26.041563034057617 28
1679699190345 27.44776701927185 29
1679699190533 27.604769945144653 30
1679699191887 28.96023201942444 31
1679699192076 29.152000904083252 32
1679699193448 30.5230975151062 33
1679699193708 30.78326654434204 34
1679699195141 32.21407389640808 35
1679699195327 32.39804697036743 36
1679699196769 33.84187364578247 37
1679699196969 34.04095458984375 38
1679699198401 35.47494578361511 39
1679699198649 35.7187294960022 40
1679699200180 37.246976137161255 41
1679699200382 37.45198130607605 42
1679699202034 39.09772849082947 43
1679699202232 39.3044593334198 44
1679699203682 40.754931926727295 45
1679699203876 40.94781255722046 46
1679699205219 42.32198667526245 47
1679699205417 42.48788905143738 48
1679699206928 43.995903968811035 49
1679699207120 44.19096612930298 50
1679699208712 45.7748908996582 51
1679699208917 45.98540663719177 52
1679699210438 47.49763035774231 53
1679699210704 47.76977777481079 54
1679699212228 49.30078172683716 55
1679699212424 49.49587416648865 56
1679699213803 50.87681770324707 57
1679699213981 51.055869340896606 58
1679699215361 52.432941913604736 59
1679699215547 52.61833047866821 60
1679699216920 53.991917848587036 61
1679699217100 54.17146563529968 62
1679699218459 55.53225517272949 63
1679699218633 55.703895807266235 64
1679699219995 57.06779432296753 65
1679699220172 57.245359897613525 66
1679699221510 58.58486843109131 67
1679699221690 58.76243472099304 68
1679699223073 60.14603042602539 69
1679699223253 60.32080101966858 70
1679699224608 61.67190670967102 71
1679699224789 61.859835386276245 72
1679699226178 63.25191521644592 73
1679699226383 63.454095125198364 74
1679699227803 64.86877250671387 75
1679699227994 65.06394863128662 76
1679699229409 66.4758632183075 77
1679699229602 66.6687548160553 78
1679699230990 68.0459291934967 79
1679699231185 68.2507836818695 80
1679699232657 69.72587370872498 81
1679699232837 69.90779900550842 82
1679699234301 71.36873459815979 83
1679699234489 71.56072878837585 84
1679699235854 72.92776894569397 85
1679699236038 73.10075044631958 86
1679699237458 74.52726435661316 87
1679699237640 74.71189022064209 88
1679699238987 76.06094002723694 89
1679699239173 76.2447772026062 90
1679699240491 77.56169366836548 91
1679699240669 77.74092817306519 92
1679699242138 79.2001166343689 93
1679699242317 79.39005374908447 94
1679699243604 80.67383408546448 95
1679699243779 80.85069680213928 96
1679699245141 82.21386790275574 97
1679699245329 82.39388465881348 98
1679699246732 83.79995346069336 99
1679699246932 83.9983024597168 100
1679699248343 85.40848970413208 101
1679699248527 85.59684348106384 102
1679699250055 87.12447142601013 103
1679699250235 87.30666661262512 104
1679699251559 88.62975096702576 105
1679699251738 88.80676221847534 106
1679699253074 90.14285254478455 107
1679699253253 90.32412219047546 108
1679699254630 91.68715023994446 109
1679699254822 91.89070129394531 110
1679699256125 93.19380617141724 111
1679699256314 93.38478636741638 112
1679699258098 95.1558940410614 113
1679699258318 95.37891578674316 114
1679699259992 97.04655170440674 115
1679699260342 97.3866457939148 116
1679699261903 98.96317481994629 117
1679699262106 99.17382955551147 118
1679699263770 100.81726813316345 119
1679699264000 101.0607225894928 120
1679699265369 102.4707715511322 121
1679699265562 102.62857508659363 122
1679699267014 104.08379459381104 123
1679699267228 104.29482340812683 124
1679699268588 105.65359854698181 125
1679699268781 105.84819316864014 126
1679699270240 107.3059241771698 127
1679699270424 107.49373936653137 128
1679699271936 109.00171375274658 129
1679699272151 109.209716796875 130
1679699273834 110.88975429534912 131
1679699274057 111.11308169364929 132
1679699275747 112.80069470405579 133
1679699275983 113.032874584198 134
1679699277434 114.49863862991333 135
1679699277642 114.70182228088379 136
1679699279037 116.10377478599548 137
1679699279273 116.31465554237366 138
1679699281094 118.18770360946655 139
1679699281379 118.4187798500061 140
1679699283029 120.08825302124023 141
1679699283308 120.37376165390015 142
1679699284727 121.79469633102417 143
1679699284914 121.98180675506592 144
1679699286301 123.36474180221558 145
1679699286498 123.5619854927063 146
1679699288082 125.14680767059326 147
1679699288298 125.3606595993042 148
1679699289771 126.83672761917114 149
1679699289955 127.021808385849 150
1679699291365 128.43179202079773 151
1679699291645 128.7037627696991 152
1679699292999 130.06655430793762 153
1679699293185 130.25176310539246 154
1679699294585 131.65063071250916 155
1679699294777 131.840669631958 156
1679699296157 133.22326970100403 157
1679699296354 133.41782355308533 158
1679699297771 134.83863234519958 159
1679699297955 135.0239453315735 160
1679699299383 136.44861388206482 161
1679699299650 136.7149555683136 162
1679699301036 138.10423135757446 163
1679699301240 138.30859899520874 164
1679699302542 139.60952973365784 165
1679699302738 139.8005781173706 166
1679699304126 141.19175934791565 167
1679699304309 141.37714457511902 168
1679699305610 142.67860078811646 169
1679699305798 142.86576962471008 170
1679699307239 144.30741572380066 171
1679699307421 144.4897060394287 172
1679699308814 145.87050890922546 173
1679699308998 146.06647276878357 174
1679699310323 147.39259147644043 175
1679699310503 147.5688705444336 176
1679699311865 148.9320192337036 177
1679699312055 149.1227490901947 178
1679699313487 150.55277299880981 179
1679699313694 150.75562262535095 180
1679699315149 152.21564865112305 181
1679699315335 152.4012598991394 182
1679699316682 153.74758648872375 183
1679699316885 153.94615006446838 184
1679699318231 155.2959885597229 185
1679699318422 155.48665046691895 186
1679699319794 156.85974764823914 187
1679699319981 157.0464210510254 188
1679699321388 158.44468569755554 189
1679699321584 158.64134168624878 190
1679699322993 160.06221842765808 191
1679699323209 160.2546203136444 192
1679699324625 161.69271278381348 193
1679699324811 161.87666082382202 194
1679699326216 163.2775502204895 195
1679699326408 163.47373032569885 196
1679699327739 164.80477571487427 197
1679699327920 164.98852038383484 198
1679699329244 166.31264758110046 199
1679699329440 166.50805759429932 200
1679699330824 167.89172625541687 201
1679699331017 168.08268976211548 202
1679699332348 169.41578888893127 203
1679699332530 169.5965540409088 204
1679699333884 170.94833731651306 205
1679699334067 171.13371419906616 206
1679699335496 172.5624976158142 207
1679699335690 172.757141828537 208
1679699337153 174.219722032547 209
1679699337344 174.4083833694458 210
1679699338843 175.9017150402069 211
1679699339036 176.0975513458252 212
1679699340385 177.4518654346466 213
1679699340571 177.63754177093506 214
1679699341987 179.04836559295654 215
1679699342186 179.2505066394806 216
1679699343693 180.74857187271118 217
1679699343896 180.9595296382904 218
1679699345286 182.35267186164856 219
1679699345480 182.54559469223022 220
1679699346999 184.06278347969055 221
1679699347239 184.30315947532654 222
1679699348725 185.78467416763306 223
1679699348918 185.98461198806763 224
1679699350255 187.31956815719604 225
1679699350448 187.50853085517883 226
1679699351843 188.89226293563843 227
1679699352028 189.0929319858551 228
1679699353411 190.47555375099182 229
1679699353602 190.66262531280518 230
1679699355018 192.08378052711487 231
1679699355208 192.27262115478516 232
1679699356579 193.6426339149475 233
1679699356778 193.83566403388977 234
1679699358115 195.1816210746765 235
1679699358347 195.40941858291626 236
1679699359693 196.7584743499756 237
1679699359879 196.94652676582336 238
1679699361258 198.31981754302979 239
1679699361447 198.5116171836853 240
1679699363106 200.15738105773926 241
1679699363332 200.38667130470276 242
1679699364986 202.03656363487244 243
1679699365204 202.25737237930298 244
1679699366850 203.90851378440857 245
1679699367071 204.13191938400269 246
1679699368491 205.55356884002686 247
1679699368768 205.82211136817932 248
1679699370179 207.24454307556152 249
1679699370372 207.4353804588318 250
1679699371877 208.94118881225586 251
1679699372074 209.13659739494324 252
1679699373544 210.6004445552826 253
1679699373764 210.82261323928833 254
1679699375178 212.23974609375 255
1679699375373 212.4304518699646 256
1679699376773 213.83748292922974 257
1679699376958 214.0225977897644 258
1679699378347 215.41046905517578 259
1679699378537 215.602796792984 260
1679699379965 217.02601099014282 261
1679699380174 217.23761677742004 262
1679699381481 218.54830241203308 263
1679699381664 218.7297215461731 264
1679699382948 220.01155424118042 265
1679699383145 220.2059769630432 266
1679699384523 221.58670783042908 267
1679699384707 221.77351140975952 268
1679699386054 223.11864614486694 269
1679699386335 223.39743399620056 270
1679699387679 224.74546647071838 271
1679699387868 224.93352723121643 272
1679699389294 226.35358810424805 273
1679699389481 226.54485988616943 274
1679699390812 227.87622618675232 275
1679699391002 228.06823658943176 276
1679699392312 229.3779320716858 277
1679699392502 229.56938648223877 278
1679699393850 230.9115297794342 279
1679699394132 231.19365739822388 280
1679699395425 232.48938822746277 281
1679699395613 232.67742466926575 282
1679699397024 234.08650398254395 283
1679699397212 234.27698421478271 284
1679699398640 235.704496383667 285
1679699398840 235.90043926239014 286
1679699400197 237.26348543167114 287
1679699400391 237.45553612709045 288
1679699401800 238.86351823806763 289
1679699402077 239.13254857063293 290
1679699403483 240.545428276062 291
1679699403681 240.7449667453766 292
1679699405127 242.1915476322174 293
1679699405315 242.38041877746582 294
1679699406713 243.77036309242249 295
1679699406906 243.96663999557495 296
1679699408199 245.2644543647766 297
1679699408417 245.46546339988708 298
1679699409819 246.88155269622803 299
1679699410017 247.08177399635315 300
1679699410139 247.204448223114 301
