1679699166782 0.0 1
1679699166977 0.0 2
1679699168403 0.0 3
1679699168577 0.0 4
1679699170097 0.0 5
1679699170283 0.0 6
1679699171733 0.0 7
1679699171929 0.0 8
1679699173420 0.0 9
1679699173597 0.0 10
1679699174985 0.0 11
1679699175163 0.0 12
1679699176603 0.0 13
1679699176877 0.0 14
1679699178266 0.0 15
1679699178460 0.0 16
1679699179868 0.0 17
1679699180049 0.0 18
1679699181498 0.0 19
1679699181689 0.0 20
1679699183492 0.0 21
1679699183709 0.0 22
1679699185373 0.0 23
1679699185701 0.0 24
1679699187206 0.0 25
1679699187395 0.0 26
1679699188786 0.0 27
1679699188970 0.0 28
1679699190346 0.0 29
1679699190535 0.0 30
1679699191888 0.0 31
1679699192078 0.0 32
1679699193449 0.0 33
1679699193710 0.0 34
1679699195143 0.0 35
1679699195329 0.0 36
1679699196770 0.0 37
1679699196970 0.0 38
1679699198402 0.0 39
1679699198651 0.0 40
1679699200182 0.0 41
1679699200383 0.0 42
1679699202035 0.0 43
1679699202233 0.0 44
1679699203683 0.0 45
1679699203877 0.0 46
1679699205221 0.0 47
1679699205418 0.0 48
1679699206930 0.0 49
1679699207121 0.0 50
1679699208712 0.0 51
1679699208918 0.0 52
1679699210439 0.0 53
1679699210705 0.0 54
1679699212230 0.0 55
1679699212425 0.0 56
1679699213804 0.0 57
1679699213983 0.0 58
1679699215361 0.0 59
1679699215548 0.0 60
1679699216921 0.0 61
1679699217101 0.0 62
1679699218460 0.0 63
1679699218635 0.0 64
1679699219996 0.0 65
1679699220173 0.0 66
1679699221511 0.0 67
1679699221692 0.0 68
1679699223074 0.0 69
1679699223255 0.0 70
1679699224610 0.0 71
1679699224790 0.0 72
1679699226179 0.0 73
1679699226384 0.0 74
1679699227804 0.0 75
1679699227995 0.0 76
1679699229411 0.0 77
1679699229604 0.0 78
1679699230991 0.0 79
1679699231186 0.0 80
1679699232658 0.0 81
1679699232838 0.0 82
1679699234301 0.0 83
1679699234492 0.0 84
1679699235855 0.0 85
1679699236039 0.0 86
1679699237459 0.0 87
1679699237642 0.0 88
1679699238989 0.0 89
1679699239174 0.0 90
1679699240493 0.0 91
1679699240671 0.0 92
1679699242139 0.0 93
1679699242318 0.0 94
1679699243605 0.0 95
1679699243780 0.0 96
1679699245143 0.0 97
1679699245331 0.0 98
1679699246733 0.0 99
1679699246933 0.0 100
1679699248345 0.0 101
1679699248528 0.0 102
1679699250056 0.0 103
1679699250236 0.0 104
1679699251560 0.0 105
1679699251739 0.0 106
1679699253075 0.0 107
1679699253254 0.0 108
1679699254631 0.0 109
1679699254823 0.0 110
1679699256126 0.0 111
1679699256315 0.0 112
1679699258099 0.0 113
1679699258320 0.0 114
1679699259994 0.0 115
1679699260343 0.0 116
1679699261905 0.0 117
1679699262107 0.0 118
1679699263771 0.0 119
1679699264002 0.0 120
1679699265371 0.0 121
1679699265563 0.0 122
1679699267015 0.0 123
1679699267230 0.0 124
1679699268590 0.0 125
1679699268782 0.0 126
1679699270241 0.0 127
1679699270425 0.0 128
1679699271937 0.0 129
1679699272153 0.0 130
1679699273835 0.0 131
1679699274058 0.0 132
1679699275749 0.0 133
1679699275986 0.0 134
1679699277435 0.0 135
1679699277643 0.0 136
1679699279038 0.0 137
1679699279274 0.0 138
1679699281096 0.0 139
1679699281381 0.0 140
1679699283030 0.0 141
1679699283309 0.0 142
1679699284728 0.0 143
1679699284915 0.0 144
1679699286302 0.0 145
1679699286499 0.0 146
1679699288083 0.0 147
1679699288299 0.0 148
1679699289771 0.0 149
1679699289956 0.0 150
1679699291367 0.0 151
1679699291647 0.0 152
1679699293001 0.0 153
1679699293186 0.0 154
1679699294586 0.0 155
1679699294779 0.0 156
1679699296158 0.0 157
1679699296355 0.0 158
1679699297772 0.0 159
1679699297957 0.0 160
1679699299384 0.0 161
1679699299651 0.0 162
1679699301038 0.0 163
1679699301241 0.0 164
1679699302543 0.0 165
1679699302739 0.0 166
1679699304127 0.0 167
1679699304309 0.0 168
1679699305611 0.0 169
1679699305799 0.0 170
1679699307240 0.0 171
1679699307422 0.0 172
1679699308815 0.0 173
1679699309000 0.0 174
1679699310324 0.0 175
1679699310504 0.0 176
1679699311866 0.0 177
1679699312057 0.0 178
1679699313488 0.0 179
1679699313696 0.0 180
1679699315151 0.0 181
1679699315336 0.0 182
1679699316684 0.0 183
1679699316886 0.0 184
1679699318232 0.0 185
1679699318423 0.0 186
1679699319796 0.0 187
1679699319982 0.0 188
1679699321389 0.0 189
1679699321586 0.0 190
1679699322994 0.0 191
1679699323211 0.0 192
1679699324626 0.0 193
1679699324812 0.0 194
1679699326217 0.0 195
1679699326410 0.0 196
1679699327740 0.0 197
1679699327921 0.0 198
1679699329245 0.0 199
1679699329441 0.0 200
1679699330825 0.0 201
1679699331019 0.0 202
1679699332350 0.0 203
1679699332532 0.0 204
1679699333885 0.0 205
1679699334069 0.0 206
1679699335497 0.0 207
1679699335691 0.0 208
1679699337155 0.0 209
1679699337346 0.0 210
1679699338845 0.0 211
1679699339037 0.0 212
1679699340386 0.0 213
1679699340573 0.0 214
1679699341989 0.0 215
1679699342187 0.0 216
1679699343695 0.0 217
1679699343897 0.0 218
1679699345287 0.0 219
1679699345481 0.0 220
1679699347001 0.0 221
1679699347240 0.0 222
1679699348726 0.0 223
1679699348919 0.0 224
1679699350257 0.0 225
1679699350450 0.0 226
1679699351844 0.0 227
1679699352029 0.0 228
1679699353412 0.0 229
1679699353605 0.0 230
1679699355019 0.0 231
1679699355209 0.0 232
1679699356580 0.0 233
1679699356779 0.0 234
1679699358116 0.0 235
1679699358348 0.0 236
1679699359695 0.0 237
1679699359881 0.0 238
1679699361259 0.0 239
1679699361449 0.0 240
1679699363107 0.0 241
1679699363334 0.0 242
1679699364987 0.0 243
1679699365205 0.0 244
1679699366852 0.0 245
1679699367072 0.0 246
1679699368492 0.0 247
1679699368768 0.0 248
1679699370181 0.0 249
1679699370373 0.0 250
1679699371879 0.0 251
1679699372075 0.0 252
1679699373545 0.0 253
1679699373765 0.0 254
1679699375179 0.0 255
1679699375374 0.0 256
1679699376774 0.0 257
1679699376960 0.0 258
1679699378348 0.0 259
1679699378539 0.0 260
1679699379967 0.0 261
1679699380175 0.0 262
1679699381483 0.0 263
1679699381665 0.0 264
1679699382950 0.0 265
1679699383146 0.0 266
1679699384524 0.0 267
1679699384708 0.0 268
1679699386055 0.0 269
1679699386336 0.0 270
1679699387680 0.0 271
1679699387869 0.0 272
1679699389295 0.0 273
1679699389483 0.0 274
1679699390814 0.0 275
1679699391003 0.0 276
1679699392313 0.0 277
1679699392504 0.0 278
1679699393852 0.0 279
1679699394133 0.0 280
1679699395426 0.0 281
1679699395615 0.0 282
1679699397026 0.0 283
1679699397213 0.0 284
1679699398641 0.0 285
1679699398841 0.0 286
1679699400199 0.0 287
1679699400392 0.0 288
1679699401800 0.0 289
1679699402078 0.0 290
1679699403485 0.0 291
1679699403682 0.0 292
1679699405128 0.0 293
1679699405316 0.0 294
1679699406715 0.0 295
1679699406907 0.0 296
1679699408201 0.0 297
1679699408419 0.0 298
1679699409819 0.0 299
1679699410018 0.0 300
1679699410140 0.0 301
