1679699166785 0.004431247711181641 1
1679699166980 0.004431247711181641 2
1679699168406 0.004431247711181641 3
1679699168581 0.004431247711181641 4
1679699170100 0.004431247711181641 5
1679699170287 0.004431247711181641 6
1679699171736 0.004431247711181641 7
1679699171931 0.004431247711181641 8
1679699173423 0.004431247711181641 9
1679699173599 0.004431247711181641 10
1679699174988 0.004431247711181641 11
1679699175166 0.004431247711181641 12
1679699176605 0.004431247711181641 13
1679699176879 0.004431247711181641 14
1679699178268 0.004431247711181641 15
1679699178463 0.004431247711181641 16
1679699179871 0.004431247711181641 17
1679699180051 0.004431247711181641 18
1679699181501 0.004431247711181641 19
1679699181692 0.004431247711181641 20
1679699183495 0.004431247711181641 21
1679699183712 0.004431247711181641 22
1679699185378 0.004431247711181641 23
1679699185704 0.004431247711181641 24
1679699187209 0.004431247711181641 25
1679699187397 0.004431247711181641 26
1679699188789 0.004431247711181641 27
1679699188973 0.004431247711181641 28
1679699190349 0.004431247711181641 29
1679699190537 0.004431247711181641 30
1679699191891 0.004431247711181641 31
1679699192079 0.004431247711181641 32
1679699193452 0.004431247711181641 33
1679699193712 0.004431247711181641 34
1679699195145 0.004431247711181641 35
1679699195331 0.004431247711181641 36
1679699196773 0.004431247711181641 37
1679699196972 0.004431247711181641 38
1679699198405 0.004431247711181641 39
1679699198654 0.004431247711181641 40
1679699200186 0.004431247711181641 41
1679699200386 0.004431247711181641 42
1679699202039 0.004431247711181641 43
1679699202236 0.004431247711181641 44
1679699203685 0.004431247711181641 45
1679699203879 0.004431247711181641 46
1679699205223 0.004431247711181641 47
1679699205421 0.004431247711181641 48
1679699206933 0.004431247711181641 49
1679699207124 0.004431247711181641 50
1679699208715 0.004431247711181641 51
1679699208921 0.004431247711181641 52
1679699210442 0.004431247711181641 53
1679699210707 0.004431247711181641 54
1679699212233 0.004431247711181641 55
1679699212428 0.004431247711181641 56
1679699213806 0.004431247711181641 57
1679699213985 0.004431247711181641 58
1679699215364 0.004431247711181641 59
1679699215550 0.004431247711181641 60
1679699216924 0.004431247711181641 61
1679699217104 0.004431247711181641 62
1679699218462 0.004431247711181641 63
1679699218637 0.004431247711181641 64
1679699219998 0.004431247711181641 65
1679699220176 0.004431247711181641 66
1679699221513 0.004431247711181641 67
1679699221693 0.004431247711181641 68
1679699223077 0.004431247711181641 69
1679699223257 0.004431247711181641 70
1679699224612 0.004431247711181641 71
1679699224793 0.004431247711181641 72
1679699226182 0.004431247711181641 73
1679699226387 0.004431247711181641 74
1679699227807 0.004431247711181641 75
1679699227998 0.004431247711181641 76
1679699229414 0.004431247711181641 77
1679699229607 0.004431247711181641 78
1679699230994 0.004431247711181641 79
1679699231189 0.004431247711181641 80
1679699232661 0.004431247711181641 81
1679699232841 0.004431247711181641 82
1679699234305 0.004431247711181641 83
1679699234494 0.004431247711181641 84
1679699235858 0.004431247711181641 85
1679699236044 0.004431247711181641 86
1679699237462 0.004431247711181641 87
1679699237644 0.004431247711181641 88
1679699238991 0.004431247711181641 89
1679699239178 0.004431247711181641 90
1679699240495 0.004431247711181641 91
1679699240673 0.004431247711181641 92
1679699242142 0.004431247711181641 93
1679699242321 0.004431247711181641 94
1679699243608 0.004431247711181641 95
1679699243783 0.004431247711181641 96
1679699245144 0.004431247711181641 97
1679699245334 0.004431247711181641 98
1679699246736 0.004431247711181641 99
1679699246936 0.004431247711181641 100
1679699248347 0.004431247711181641 101
1679699248531 0.004431247711181641 102
1679699250058 0.004431247711181641 103
1679699250239 0.004431247711181641 104
1679699251562 0.004431247711181641 105
1679699251741 0.004431247711181641 106
1679699253078 0.004431247711181641 107
1679699253257 0.004431247711181641 108
1679699254633 0.004431247711181641 109
1679699254826 0.004431247711181641 110
1679699256128 0.004431247711181641 111
1679699256318 0.004431247711181641 112
1679699258102 0.004431247711181641 113
1679699258323 0.004431247711181641 114
1679699259997 0.004431247711181641 115
1679699260346 0.004431247711181641 116
1679699261907 0.004431247711181641 117
1679699262109 0.004431247711181641 118
1679699263777 0.004431247711181641 119
1679699264004 0.004431247711181641 120
1679699265374 0.004431247711181641 121
1679699265565 0.004431247711181641 122
1679699267018 0.004431247711181641 123
1679699267232 0.004431247711181641 124
1679699268594 0.004431247711181641 125
1679699268784 0.004431247711181641 126
1679699270244 0.004431247711181641 127
1679699270427 0.004431247711181641 128
1679699271940 0.004431247711181641 129
1679699272156 0.004431247711181641 130
1679699273837 0.004431247711181641 131
1679699274063 0.004431247711181641 132
1679699275753 0.004431247711181641 133
1679699275989 0.004431247711181641 134
1679699277438 0.004431247711181641 135
1679699277646 0.004431247711181641 136
1679699279041 0.004431247711181641 137
1679699279278 0.004431247711181641 138
1679699281101 0.004431247711181641 139
1679699281384 0.004431247711181641 140
1679699283035 0.004431247711181641 141
1679699283313 0.004431247711181641 142
1679699284731 0.004431247711181641 143
1679699284916 0.004431247711181641 144
1679699286305 0.004431247711181641 145
1679699286504 0.004431247711181641 146
1679699288086 0.004431247711181641 147
1679699288301 0.004431247711181641 148
1679699289775 0.004431247711181641 149
1679699289960 0.004431247711181641 150
1679699291369 0.004431247711181641 151
1679699291649 0.004431247711181641 152
1679699293004 0.004431247711181641 153
1679699293189 0.004431247711181641 154
1679699294588 0.004431247711181641 155
1679699294781 0.004431247711181641 156
1679699296162 0.004431247711181641 157
1679699296357 0.004431247711181641 158
1679699297775 0.004431247711181641 159
1679699297959 0.004431247711181641 160
1679699299386 0.004431247711181641 161
1679699299654 0.004431247711181641 162
1679699301043 0.004431247711181641 163
1679699301244 0.004431247711181641 164
1679699302545 0.004431247711181641 165
1679699302741 0.004431247711181641 166
1679699304129 0.004431247711181641 167
1679699304313 0.004431247711181641 168
1679699305613 0.004431247711181641 169
1679699305801 0.004431247711181641 170
1679699307243 0.004431247711181641 171
1679699307425 0.004431247711181641 172
1679699308817 0.004431247711181641 173
1679699309002 0.004431247711181641 174
1679699310326 0.004431247711181641 175
1679699310506 0.004431247711181641 176
1679699311868 0.004431247711181641 177
1679699312059 0.004431247711181641 178
1679699313490 0.004431247711181641 179
1679699313698 0.004431247711181641 180
1679699315153 0.004431247711181641 181
1679699315339 0.004431247711181641 182
1679699316686 0.004431247711181641 183
1679699316889 0.004431247711181641 184
1679699318235 0.004431247711181641 185
1679699318426 0.004431247711181641 186
1679699319798 0.004431247711181641 187
1679699319985 0.004431247711181641 188
1679699321392 0.004431247711181641 189
1679699321588 0.004431247711181641 190
1679699322997 0.004431247711181641 191
1679699323215 0.004431247711181641 192
1679699324629 0.004431247711181641 193
1679699324814 0.004431247711181641 194
1679699326221 0.004431247711181641 195
1679699326413 0.004431247711181641 196
1679699327743 0.004431247711181641 197
1679699327923 0.004431247711181641 198
1679699329248 0.004431247711181641 199
1679699329444 0.004431247711181641 200
1679699330828 0.004431247711181641 201
1679699331021 0.004431247711181641 202
1679699332352 0.004431247711181641 203
1679699332534 0.004431247711181641 204
1679699333887 0.004431247711181641 205
1679699334071 0.004431247711181641 206
1679699335499 0.004431247711181641 207
1679699335693 0.004431247711181641 208
1679699337157 0.004431247711181641 209
1679699337348 0.004431247711181641 210
1679699338848 0.004431247711181641 211
1679699339039 0.004431247711181641 212
1679699340389 0.004431247711181641 213
1679699340576 0.004431247711181641 214
1679699341991 0.004431247711181641 215
1679699342189 0.004431247711181641 216
1679699343697 0.004431247711181641 217
1679699343899 0.004431247711181641 218
1679699345290 0.004431247711181641 219
1679699345483 0.004431247711181641 220
1679699347003 0.004431247711181641 221
1679699347242 0.004431247711181641 222
1679699348729 0.004431247711181641 223
1679699348922 0.004431247711181641 224
1679699350259 0.004431247711181641 225
1679699350453 0.004431247711181641 226
1679699351847 0.004431247711181641 227
1679699352032 0.004431247711181641 228
1679699353415 0.004431247711181641 229
1679699353609 0.004431247711181641 230
1679699355021 0.004431247711181641 231
1679699355212 0.004431247711181641 232
1679699356583 0.004431247711181641 233
1679699356782 0.004431247711181641 234
1679699358118 0.004431247711181641 235
1679699358350 0.004431247711181641 236
1679699359698 0.004431247711181641 237
1679699359883 0.004431247711181641 238
1679699361261 0.004431247711181641 239
1679699361451 0.004431247711181641 240
1679699363111 0.004431247711181641 241
1679699363337 0.004431247711181641 242
1679699364990 0.004431247711181641 243
1679699365207 0.004431247711181641 244
1679699366855 0.004431247711181641 245
1679699367075 0.004431247711181641 246
1679699368494 0.004431247711181641 247
1679699368771 0.004431247711181641 248
1679699370183 0.004431247711181641 249
1679699370376 0.004431247711181641 250
1679699371881 0.004431247711181641 251
1679699372078 0.004431247711181641 252
1679699373549 0.004431247711181641 253
1679699373768 0.004431247711181641 254
1679699375182 0.004431247711181641 255
1679699375377 0.004431247711181641 256
1679699376776 0.004431247711181641 257
1679699376963 0.004431247711181641 258
1679699378351 0.004431247711181641 259
1679699378541 0.004431247711181641 260
1679699379978 0.004431247711181641 261
1679699380178 0.004431247711181641 262
1679699381484 0.004431247711181641 263
1679699381667 0.004431247711181641 264
1679699382952 0.004431247711181641 265
1679699383148 0.004431247711181641 266
1679699384527 0.004431247711181641 267
1679699384711 0.004431247711181641 268
1679699386058 0.004431247711181641 269
1679699386339 0.004431247711181641 270
1679699387683 0.004431247711181641 271
1679699387872 0.004431247711181641 272
1679699389298 0.004431247711181641 273
1679699389485 0.004431247711181641 274
1679699390816 0.004431247711181641 275
1679699391006 0.004431247711181641 276
1679699392316 0.004431247711181641 277
1679699392506 0.004431247711181641 278
1679699393855 0.004431247711181641 279
1679699394135 0.004431247711181641 280
1679699395428 0.004431247711181641 281
1679699395618 0.004431247711181641 282
1679699397029 0.004431247711181641 283
1679699397215 0.004431247711181641 284
1679699398644 0.004431247711181641 285
1679699398844 0.004431247711181641 286
1679699400201 0.004431247711181641 287
1679699400395 0.004431247711181641 288
1679699401804 0.004431247711181641 289
1679699402081 0.004431247711181641 290
1679699403488 0.004431247711181641 291
1679699403685 0.004431247711181641 292
1679699405130 0.004431247711181641 293
1679699405319 0.004431247711181641 294
1679699406717 0.004431247711181641 295
1679699406909 0.004431247711181641 296
1679699408204 0.004431247711181641 297
1679699408421 0.004431247711181641 298
1679699409822 0.004431247711181641 299
1679699410021 0.004431247711181641 300
1679699410142 0.004431247711181641 301
