1677118388212 21584.0 1
1677118388390 21584.0 2
1677118389204 21584.0 3
1677118389372 21584.0 4
1677118390252 21584.0 5
1677118390421 21584.0 6
1677118391217 21584.0 7
1677118391387 21584.0 8
1677118392203 21584.0 9
1677118392372 21584.0 10
1677118393187 21584.0 11
1677118393358 21584.0 12
1677118394188 21584.0 13
1677118394359 21584.0 14
1677118395183 21584.0 15
1677118395431 21584.0 16
1677118396258 21584.0 17
1677118396433 21584.0 18
1677118397281 21584.0 19
1677118397454 21584.0 20
1677118398257 21584.0 21
1677118398430 21584.0 22
1677118399240 21584.0 23
1677118399411 21584.0 24
1677118400231 21584.0 25
1677118400406 21584.0 26
1677118401278 21584.0 27
1677118401450 21584.0 28
1677118402230 21584.0 29
1677118402413 21584.0 30
1677118403227 21584.0 31
1677118403399 21584.0 32
1677118404209 21584.0 33
1677118404389 21584.0 34
1677118405236 21584.0 35
1677118405417 21584.0 36
1677118406233 21584.0 37
1677118406481 21584.0 38
1677118407276 21584.0 39
1677118407448 21584.0 40
1677118408251 21584.0 41
1677118408434 21584.0 42
1677118409262 21584.0 43
1677118409441 21584.0 44
1677118410257 21584.0 45
1677118410432 21584.0 46
1677118411240 21584.0 47
1677118411418 21584.0 48
1677118412294 21584.0 49
1677118412470 21584.0 50
1677118413311 21584.0 51
1677118413486 21584.0 52
1677118414290 21584.0 53
1677118414475 21584.0 54
1677118415284 21584.0 55
1677118415462 21584.0 56
1677118416269 21584.0 57
1677118416448 21584.0 58
1677118417226 21584.0 59
1677118417402 21584.0 60
1677118418304 21584.0 61
1677118418482 21584.0 62
1677118419300 21584.0 63
1677118419480 21584.0 64
1677118420287 21584.0 65
1677118420464 21584.0 66
1677118421290 21584.0 67
1677118421466 21584.0 68
1677118422292 21584.0 69
1677118422467 21584.0 70
1677118423392 21584.0 71
1677118423567 21584.0 72
1677118424370 21584.0 73
1677118424547 21584.0 74
1677118425349 21584.0 75
1677118425523 21584.0 76
1677118426323 21584.0 77
1677118426499 21584.0 78
1677118427315 21584.0 79
1677118427489 21584.0 80
1677118428310 21584.0 81
1677118428487 21584.0 82
1677118429374 21584.0 83
1677118429552 21584.0 84
1677118430386 21584.0 85
1677118430567 21584.0 86
1677118431386 21584.0 87
1677118431563 21584.0 88
1677118432394 21584.0 89
1677118432573 21584.0 90
1677118433415 21584.0 91
1677118433592 21584.0 92
1677118434480 21584.0 93
1677118434655 21584.0 94
1677118435472 21584.0 95
1677118435646 21584.0 96
1677118436462 21584.0 97
1677118436636 21584.0 98
1677118437449 21584.0 99
1677118437628 21584.0 100
1677118438433 21584.0 101
1677118438609 21584.0 102
1677118439418 21584.0 103
1677118439594 21584.0 104
1677118440465 21584.0 105
1677118440646 21584.0 106
1677118441446 21584.0 107
1677118441621 21584.0 108
1677118442415 21584.0 109
1677118442593 21584.0 110
1677118443394 21584.0 111
1677118443575 21584.0 112
1677118444386 21584.0 113
1677118444587 21584.0 114
1677118445482 21584.0 115
1677118445666 21584.0 116
1677118446500 21584.0 117
1677118446650 21584.0 118
1677118447466 21584.0 119
1677118447644 21584.0 120
1677118448473 21584.0 121
1677118448652 21584.0 122
1677118449482 21584.0 123
1677118449661 21584.0 124
1677118450476 21584.0 125
1677118450656 21584.0 126
1677118451542 21584.0 127
1677118451718 21584.0 128
1677118452525 21584.0 129
1677118452701 21584.0 130
1677118453513 21584.0 131
1677118453688 21584.0 132
1677118454530 21584.0 133
1677118454709 21584.0 134
1677118455525 21584.0 135
1677118455703 21584.0 136
1677118456521 21584.0 137
1677118456773 21584.0 138
1677118457594 21584.0 139
1677118457772 21584.0 140
1677118458585 21584.0 141
1677118458763 21584.0 142
1677118459598 21584.0 143
1677118459782 21584.0 144
1677118460621 21584.0 145
1677118460801 21584.0 146
1677118461609 21584.0 147
1677118461792 21584.0 148
1677118462685 21584.0 149
1677118462865 21584.0 150
1677118463677 21584.0 151
1677118463854 21584.0 152
1677118464661 21584.0 153
1677118464841 21584.0 154
1677118465681 21584.0 155
1677118465867 21584.0 156
1677118466679 21584.0 157
1677118466861 21584.0 158
1677118467669 21584.0 159
1677118467925 21584.0 160
1677118468743 21584.0 161
1677118468922 21584.0 162
1677118469733 21584.0 163
1677118469913 21584.0 164
1677118470733 21584.0 165
1677118470916 21584.0 166
1677118471745 21584.0 167
1677118471923 21584.0 168
1677118472745 21584.0 169
1677118472925 21584.0 170
1677118473821 21584.0 171
1677118474028 21584.0 172
1677118474848 21584.0 173
1677118475027 21584.0 174
1677118475849 21584.0 175
1677118476027 21584.0 176
1677118476815 21584.0 177
1677118476997 21584.0 178
1677118477807 21584.0 179
1677118477996 21584.0 180
1677118478812 21584.0 181
1677118479067 21584.0 182
1677118479884 21584.0 183
1677118480063 21584.0 184
1677118480883 21584.0 185
1677118481064 21584.0 186
1677118481915 21584.0 187
1677118482101 21584.0 188
1677118482929 21584.0 189
1677118483109 21584.0 190
1677118483932 21584.0 191
1677118484114 21584.0 192
1677118485023 21584.0 193
1677118485206 21584.0 194
1677118486036 21584.0 195
1677118486322 21584.0 196
1677118487168 21584.0 197
1677118487348 21584.0 198
1677118488177 21584.0 199
1677118488362 21584.0 200
1677118489186 21584.0 201
1677118489370 21584.0 202
1677118490181 21584.0 203
1677118490363 21584.0 204
1677118491191 21584.0 205
1677118491375 21584.0 206
1677118492290 21584.0 207
1677118492477 21584.0 208
1677118493288 21584.0 209
1677118493467 21584.0 210
1677118494273 21584.0 211
1677118494456 21584.0 212
1677118495267 21584.0 213
1677118495452 21584.0 214
1677118496264 21584.0 215
1677118496446 21584.0 216
1677118497266 21584.0 217
1677118497522 21584.0 218
1677118498341 21584.0 219
1677118498523 21584.0 220
1677118499335 21584.0 221
1677118499520 21584.0 222
1677118500344 21584.0 223
1677118500530 21584.0 224
1677118501362 21584.0 225
1677118501547 21584.0 226
1677118502368 21584.0 227
1677118502555 21584.0 228
1677118503471 21584.0 229
1677118503654 21584.0 230
1677118504469 21584.0 231
1677118504658 21584.0 232
1677118505477 21584.0 233
1677118505664 21584.0 234
1677118506481 21584.0 235
1677118506631 21584.0 236
1677118507461 21584.0 237
1677118507653 21584.0 238
1677118508467 21584.0 239
1677118508649 21584.0 240
1677118509537 21584.0 241
1677118509716 21584.0 242
1677118510529 21584.0 243
1677118510714 21584.0 244
1677118511529 21584.0 245
1677118511714 21584.0 246
1677118512538 21584.0 247
1677118512720 21584.0 248
1677118513541 21584.0 249
1677118513726 21584.0 250
1677118514662 21584.0 251
1677118514851 21584.0 252
1677118515663 21584.0 253
1677118515850 21584.0 254
1677118516653 21584.0 255
1677118516832 21584.0 256
1677118517649 21584.0 257
1677118517831 21584.0 258
1677118518642 21584.0 259
1677118518823 21584.0 260
1677118519630 21584.0 261
1677118519813 21584.0 262
1677118520691 21584.0 263
1677118520874 21584.0 264
1677118521679 21584.0 265
1677118521864 21584.0 266
1677118522689 21584.0 267
1677118522872 21584.0 268
1677118523681 21584.0 269
1677118523862 21584.0 270
1677118524680 21584.0 271
1677118524861 21584.0 272
1677118525746 21584.0 273
1677118525948 21584.0 274
1677118526776 21584.0 275
1677118526958 21584.0 276
1677118527778 21584.0 277
1677118527964 21584.0 278
1677118528785 21584.0 279
1677118528966 21584.0 280
1677118529779 21584.0 281
1677118529964 21584.0 282
1677118530779 21584.0 283
1677118530962 21584.0 284
1677118531838 21584.0 285
1677118532021 21584.0 286
1677118532839 21584.0 287
1677118533026 21584.0 288
1677118533845 21584.0 289
1677118534033 21584.0 290
1677118534883 21584.0 291
1677118535067 21584.0 292
1677118535896 21584.0 293
1677118536085 21584.0 294
1677118536885 21584.0 295
1677118537143 21584.0 296
1677118537969 21584.0 297
1677118538150 21584.0 298
1677118538976 21584.0 299
1677118539157 21584.0 300
1677118539341 21584.0 301
