1677118388215 0.0 1
1677118388392 0.0 2
1677118389206 0.0 3
1677118389375 0.0 4
1677118390255 0.0 5
1677118390423 0.0 6
1677118391220 0.0 7
1677118391390 0.0 8
1677118392206 0.0 9
1677118392374 0.0 10
1677118393189 0.0 11
1677118393361 0.0 12
1677118394191 0.0 13
1677118394363 0.0 14
1677118395185 0.0 15
1677118395434 0.0 16
1677118396260 0.0 17
1677118396436 0.0 18
1677118397284 0.0 19
1677118397457 0.0 20
1677118398260 0.0 21
1677118398432 0.0 22
1677118399243 0.0 23
1677118399413 0.0 24
1677118400234 0.0 25
1677118400408 0.0 26
1677118401281 0.0 27
1677118401452 0.0 28
1677118402240 0.0 29
1677118402415 0.0 30
1677118403229 0.0 31
1677118403401 0.0 32
1677118404212 0.0 33
1677118404392 0.0 34
1677118405239 0.0 35
1677118405420 0.0 36
1677118406236 0.0 37
1677118406483 0.0 38
1677118407279 0.0 39
1677118407450 0.0 40
1677118408254 0.0 41
1677118408436 0.0 42
1677118409265 0.0 43
1677118409443 0.0 44
1677118410260 0.0 45
1677118410435 0.0 46
1677118411243 0.0 47
1677118411419 0.0 48
1677118412297 0.0 49
1677118412473 0.0 50
1677118413314 0.0 51
1677118413489 0.0 52
1677118414293 0.0 53
1677118414477 0.0 54
1677118415287 0.0 55
1677118415464 0.0 56
1677118416272 0.0 57
1677118416450 0.0 58
1677118417229 0.0 59
1677118417405 0.0 60
1677118418307 0.0 61
1677118418484 0.0 62
1677118419303 0.0 63
1677118419483 0.0 64
1677118420290 0.0 65
1677118420467 0.0 66
1677118421292 0.0 67
1677118421468 0.0 68
1677118422294 0.0 69
1677118422469 0.0 70
1677118423395 0.0 71
1677118423569 0.0 72
1677118424373 0.0 73
1677118424549 0.0 74
1677118425352 0.0 75
1677118425525 0.0 76
1677118426325 0.0 77
1677118426502 0.0 78
1677118427318 0.0 79
1677118427491 0.0 80
1677118428312 0.0 81
1677118428490 0.0 82
1677118429377 0.0 83
1677118429554 0.0 84
1677118430389 0.0 85
1677118430569 0.0 86
1677118431389 0.0 87
1677118431566 0.0 88
1677118432397 0.0 89
1677118432576 0.0 90
1677118433418 0.0 91
1677118433595 0.0 92
1677118434482 0.0 93
1677118434657 0.0 94
1677118435475 0.0 95
1677118435649 0.0 96
1677118436465 0.0 97
1677118436639 0.0 98
1677118437452 0.0 99
1677118437630 0.0 100
1677118438436 0.0 101
1677118438612 0.0 102
1677118439421 0.0 103
1677118439597 0.0 104
1677118440468 0.0 105
1677118440648 0.0 106
1677118441448 0.0 107
1677118441623 0.0 108
1677118442418 0.0 109
1677118442596 0.0 110
1677118443397 0.0 111
1677118443578 0.0 112
1677118444389 0.0 113
1677118444590 0.0 114
1677118445485 0.0 115
1677118445670 0.0 116
1677118446504 0.0 117
1677118446653 0.0 118
1677118447469 0.0 119
1677118447647 0.0 120
1677118448475 0.0 121
1677118448655 0.0 122
1677118449485 0.0 123
1677118449663 0.0 124
1677118450479 0.0 125
1677118450659 0.0 126
1677118451545 0.0 127
1677118451721 0.0 128
1677118452527 0.0 129
1677118452704 0.0 130
1677118453515 0.0 131
1677118453691 0.0 132
1677118454532 0.0 133
1677118454712 0.0 134
1677118455528 0.0 135
1677118455706 0.0 136
1677118456524 0.0 137
1677118456775 0.0 138
1677118457597 0.0 139
1677118457775 0.0 140
1677118458587 0.0 141
1677118458766 0.0 142
1677118459601 0.0 143
1677118459784 0.0 144
1677118460623 0.0 145
1677118460803 0.0 146
1677118461611 0.0 147
1677118461795 0.0 148
1677118462688 0.0 149
1677118462868 0.0 150
1677118463680 0.0 151
1677118463857 0.0 152
1677118464664 0.0 153
1677118464843 0.0 154
1677118465684 0.0 155
1677118465869 0.0 156
1677118466681 0.0 157
1677118466864 0.0 158
1677118467673 0.0 159
1677118467927 0.0 160
1677118468746 0.0 161
1677118468925 0.0 162
1677118469736 0.0 163
1677118469916 0.0 164
1677118470735 0.0 165
1677118470919 0.0 166
1677118471747 0.0 167
1677118471926 0.0 168
1677118472748 0.0 169
1677118472928 0.0 170
1677118473823 0.0 171
1677118474031 0.0 172
1677118474850 0.0 173
1677118475030 0.0 174
1677118475851 0.0 175
1677118476030 0.0 176
1677118476818 0.0 177
1677118477000 0.0 178
1677118477809 0.0 179
1677118477998 0.0 180
1677118478815 0.0 181
1677118479070 0.0 182
1677118479887 0.0 183
1677118480065 0.0 184
1677118480885 0.0 185
1677118481067 0.0 186
1677118481918 0.0 187
1677118482104 0.0 188
1677118482931 0.0 189
1677118483112 0.0 190
1677118483934 0.0 191
1677118484118 0.0 192
1677118485026 0.0 193
1677118485208 0.0 194
1677118486039 0.0 195
1677118486325 0.0 196
1677118487169 0.0 197
1677118487349 0.0 198
1677118488179 0.0 199
1677118488364 0.0 200
1677118489189 0.0 201
1677118489372 0.0 202
1677118490183 0.0 203
1677118490365 0.0 204
1677118491194 0.0 205
1677118491378 0.0 206
1677118492293 0.0 207
1677118492480 0.0 208
1677118493291 0.0 209
1677118493471 0.0 210
1677118494276 0.0 211
1677118494459 0.0 212
1677118495269 0.0 213
1677118495455 0.0 214
1677118496267 0.0 215
1677118496448 0.0 216
1677118497268 0.0 217
1677118497524 0.0 218
1677118498343 0.0 219
1677118498526 0.0 220
1677118499338 0.0 221
1677118499523 0.0 222
1677118500347 0.0 223
1677118500533 0.0 224
1677118501364 0.0 225
1677118501549 0.0 226
1677118502371 0.0 227
1677118502557 0.0 228
1677118503473 0.0 229
1677118503657 0.0 230
1677118504473 0.0 231
1677118504661 0.0 232
1677118505479 0.0 233
1677118505666 0.0 234
1677118506484 0.0 235
1677118506634 0.0 236
1677118507463 0.0 237
1677118507655 0.0 238
1677118508469 0.0 239
1677118508651 0.0 240
1677118509540 0.0 241
1677118509718 0.0 242
1677118510533 0.0 243
1677118510717 0.0 244
1677118511532 0.0 245
1677118511716 0.0 246
1677118512540 0.0 247
1677118512722 0.0 248
1677118513544 0.0 249
1677118513728 0.0 250
1677118514665 0.0 251
1677118514854 0.0 252
1677118515666 0.0 253
1677118515852 0.0 254
1677118516656 0.0 255
1677118516835 0.0 256
1677118517653 0.0 257
1677118517834 0.0 258
1677118518645 0.0 259
1677118518826 0.0 260
1677118519633 0.0 261
1677118519816 0.0 262
1677118520694 0.0 263
1677118520877 0.0 264
1677118521682 0.0 265
1677118521867 0.0 266
1677118522691 0.0 267
1677118522875 0.0 268
1677118523683 0.0 269
1677118523865 0.0 270
1677118524683 0.0 271
1677118524863 0.0 272
1677118525749 0.0 273
1677118525951 0.0 274
1677118526779 0.0 275
1677118526961 0.0 276
1677118527781 0.0 277
1677118527966 0.0 278
1677118528787 0.0 279
1677118528968 0.0 280
1677118529781 0.0 281
1677118529967 0.0 282
1677118530782 0.0 283
1677118530965 0.0 284
1677118531841 0.0 285
1677118532024 0.0 286
1677118532842 0.0 287
1677118533029 0.0 288
1677118533848 0.0 289
1677118534036 0.0 290
1677118534885 0.0 291
1677118535070 0.0 292
1677118535899 0.0 293
1677118536087 0.0 294
1677118536889 0.0 295
1677118537145 0.0 296
1677118537971 0.0 297
1677118538152 0.0 298
1677118538980 0.0 299
1677118539160 0.0 300
1677118539343 0.0 301
