1677118388214 2.8788206577301025 1
1677118388391 3.0322678089141846 2
1677118389205 3.8454134464263916 3
1677118389374 4.013937711715698 4
1677118390254 4.893009185791016 5
1677118390422 5.061950206756592 6
1677118391218 5.858060836791992 7
1677118391388 6.027282476425171 8
1677118392204 6.841753959655762 9
1677118392373 7.014112949371338 10
1677118393188 7.8254735469818115 11
1677118393359 7.996871709823608 12
1677118394190 8.828014373779297 13
1677118394361 8.999111890792847 14
1677118395184 9.821029663085938 15
1677118395432 10.071019411087036 16
1677118396259 10.894205570220947 17
1677118396434 11.070858478546143 18
1677118397282 11.91916012763977 19
1677118397455 12.093058586120605 20
1677118398259 12.887964725494385 21
1677118398430 13.069090366363525 22
1677118399242 13.876606941223145 23
1677118399412 14.050056457519531 24
1677118400232 14.870516061782837 25
1677118400406 15.044124126434326 26
1677118401280 15.909109830856323 27
1677118401451 16.088658094406128 28
1677118402239 16.894163131713867 29
1677118402414 17.05228328704834 30
1677118403228 17.86484432220459 31
1677118403400 18.038512468338013 32
1677118404209 18.84289002418518 33
1677118404390 19.02615475654602 34
1677118405238 19.872997522354126 35
1677118405418 20.047935962677002 36
1677118406234 20.86411452293396 37
1677118406482 21.120120763778687 38
1677118407278 21.913161516189575 39
1677118407449 22.08607006072998 40
1677118408252 22.88985538482666 41
1677118408435 23.061920404434204 42
1677118409264 23.89994740486145 43
1677118409442 24.079202890396118 44
1677118410258 24.89317512512207 45
1677118410434 25.07000231742859 46
1677118411241 25.877014636993408 47
1677118411419 26.053640365600586 48
1677118412295 26.930717706680298 49
1677118412472 27.106969833374023 50
1677118413312 27.94837975502014 51
1677118413487 28.120973110198975 52
1677118414291 28.926267385482788 53
1677118414476 29.110488891601562 54
1677118415286 29.920101642608643 55
1677118415463 30.0971519947052 56
1677118416270 30.903600215911865 57
1677118416449 31.085790634155273 58
1677118417227 31.89099621772766 59
1677118417404 32.03811240196228 60
1677118418305 32.93904376029968 61
1677118418483 33.11903381347656 62
1677118419302 33.937063455581665 63
1677118419482 34.116029262542725 64
1677118420288 34.92099571228027 65
1677118420466 35.10165286064148 66
1677118421291 35.92606544494629 67
1677118421467 36.0999014377594 68
1677118422293 36.92720651626587 69
1677118422468 37.10205149650574 70
1677118423393 38.028064250946045 71
1677118423568 38.20195460319519 72
1677118424372 39.00589299201965 73
1677118424548 39.18306922912598 74
1677118425351 39.983065128326416 75
1677118425523 40.159003496170044 76
1677118426324 40.958009243011475 77
1677118426500 41.13386654853821 78
1677118427316 41.94684147834778 79
1677118427490 42.12588119506836 80
1677118428311 42.943259477615356 81
1677118428489 43.122050046920776 82
1677118429375 44.00803518295288 83
1677118429553 44.187018156051636 84
1677118430388 45.021984577178955 85
1677118430568 45.1992609500885 86
1677118431388 46.01996612548828 87
1677118431565 46.19704031944275 88
1677118432396 47.029887199401855 89
1677118432575 47.20906448364258 90
1677118433417 48.05012798309326 91
1677118433594 48.22704267501831 92
1677118434481 49.11525893211365 93
1677118434656 49.28992509841919 94
1677118435473 50.10605573654175 95
1677118435648 50.280044078826904 96
1677118436463 51.09702968597412 97
1677118436637 51.27115774154663 98
1677118437451 52.0842227935791 99
1677118437629 52.262211561203 100
1677118438434 53.0662727355957 101
1677118438611 53.242310762405396 102
1677118439419 54.05223846435547 103
1677118439596 54.22754883766174 104
1677118440467 55.09805083274841 105
1677118440648 55.28003215789795 106
1677118441447 56.07805800437927 107
1677118441622 56.25200390815735 108
1677118442417 57.049981117248535 109
1677118442594 57.22408890724182 110
1677118443395 58.027175188064575 111
1677118443577 58.20679831504822 112
1677118444387 59.01907253265381 113
1677118444589 59.221131324768066 114
1677118445484 60.11629366874695 115
1677118445667 60.29899835586548 116
1677118446502 61.12811851501465 117
1677118446652 61.314077615737915 118
1677118447468 62.09923028945923 119
1677118447645 62.276031255722046 120
1677118448474 63.102959632873535 121
1677118448653 63.28488850593567 122
1677118449483 64.11517667770386 123
1677118449662 64.29294514656067 124
1677118450477 65.1071937084198 125
1677118450658 65.28819179534912 126
1677118451543 66.17570447921753 127
1677118451719 66.35104298591614 128
1677118452526 67.15606355667114 129
1677118452703 67.33415937423706 130
1677118453514 68.1451210975647 131
1677118453689 68.32365417480469 132
1677118454531 69.16094255447388 133
1677118454711 69.34192085266113 134
1677118455526 70.1538302898407 135
1677118455704 70.33602666854858 136
1677118456522 71.15289855003357 137
1677118456774 71.40526056289673 138
1677118457596 72.22419285774231 139
1677118457774 72.40407133102417 140
1677118458586 73.21397876739502 141
1677118458765 73.39496111869812 142
1677118459599 74.22999143600464 143
1677118459783 74.41296339035034 144
1677118460622 75.24899888038635 145
1677118460802 75.43291282653809 146
1677118461610 76.27193760871887 147
1677118461793 76.4241509437561 148
1677118462686 77.31614518165588 149
1677118462866 77.49632239341736 150
1677118463678 78.30895900726318 151
1677118463855 78.48529386520386 152
1677118464662 79.2897367477417 153
1677118464842 79.47312021255493 154
1677118465683 80.31217098236084 155
1677118465868 80.49517035484314 156
1677118466680 81.3100974559784 157
1677118466862 81.49215912818909 158
1677118467671 82.30094146728516 159
1677118467926 82.55700349807739 160
1677118468744 83.3730251789093 161
1677118468924 83.55211687088013 162
1677118469734 84.3621940612793 163
1677118469914 84.54494524002075 164
1677118470734 85.36609768867493 165
1677118470917 85.54760694503784 166
1677118471746 86.37509226799011 167
1677118471924 86.55408763885498 168
1677118472746 87.37332344055176 169
1677118472927 87.55707740783691 170
1677118473822 88.45103526115417 171
1677118474030 88.65601468086243 172
1677118474849 89.47512650489807 173
1677118475029 89.66003918647766 174
1677118475850 90.46994352340698 175
1677118476029 90.65982222557068 176
1677118476816 91.47721886634827 177
1677118476999 91.62722110748291 178
1677118477808 92.43604922294617 179
1677118477997 92.6269702911377 180
1677118478814 93.44187188148499 181
1677118479069 93.69789552688599 182
1677118479885 94.51324701309204 183
1677118480064 94.69527959823608 184
1677118480884 95.51309609413147 185
1677118481066 95.69530725479126 186
1677118481917 96.54512977600098 187
1677118482102 96.72718000411987 188
1677118482930 97.55905079841614 189
1677118483111 97.74110412597656 190
1677118483933 98.55952715873718 191
1677118484116 98.74694657325745 192
1677118485024 99.6522765159607 193
1677118485207 99.83509588241577 194
1677118486038 100.6641035079956 195
1677118486324 100.95038938522339 196
1677118487168 101.795081615448 197
1677118487348 101.97594141960144 198
1677118488178 102.80439829826355 199
1677118488363 102.99079370498657 200
1677118489187 103.81511497497559 201
1677118489371 103.99559020996094 202
1677118490182 104.80904269218445 203
1677118490364 104.99220252037048 204
1677118491192 105.81736326217651 205
1677118491376 106.00527548789978 206
1677118492292 106.95229244232178 207
1677118492479 107.10601830482483 208
1677118493290 107.91558027267456 209
1677118493469 108.09795546531677 210
1677118494275 108.90099859237671 211
1677118494458 109.08291292190552 212
1677118495268 109.89604353904724 213
1677118495453 110.08194422721863 214
1677118496265 110.89400720596313 215
1677118496447 111.0758638381958 216
1677118497267 111.89510750770569 217
1677118497523 112.15364408493042 218
1677118498342 112.9679901599884 219
1677118498524 113.15218162536621 220
1677118499336 113.96306037902832 221
1677118499522 114.14680337905884 222
1677118500345 114.96813583374023 223
1677118500532 115.15714240074158 224
1677118501363 115.98457288742065 225
1677118501548 116.17388582229614 226
1677118502369 116.99399161338806 227
1677118502556 117.18117451667786 228
1677118503472 118.09617757797241 229
1677118503655 118.2819664478302 230
1677118504471 119.09600043296814 231
1677118504659 119.28556275367737 232
1677118505478 120.10496258735657 233
1677118505665 120.29002046585083 234
1677118506482 121.10712361335754 235
1677118506633 121.29391312599182 236
1677118507462 122.0898060798645 237
1677118507654 122.27111053466797 238
1677118508468 123.0951292514801 239
1677118508650 123.27710819244385 240
1677118509538 124.16502928733826 241
1677118509718 124.34428095817566 242
1677118510532 125.15804266929626 243
1677118510716 125.34187197685242 244
1677118511531 126.15699505805969 245
1677118511715 126.34188437461853 246
1677118512539 127.1661274433136 247
1677118512721 127.34681177139282 248
1677118513543 128.16913485527039 249
1677118513727 128.35505962371826 250
1677118514664 129.28975701332092 251
1677118514852 129.47406697273254 252
1677118515665 130.29079794883728 253
1677118515851 130.47751021385193 254
1677118516654 131.28109192848206 255
1677118516834 131.4619481563568 256
1677118517651 132.280175447464 257
1677118517832 132.45897126197815 258
1677118518643 133.26816248893738 259
1677118518824 133.45308685302734 260
1677118519632 134.25893187522888 261
1677118519814 134.44196248054504 262
1677118520693 135.3175756931305 263
1677118520876 135.50312328338623 264
1677118521681 136.34057641029358 265
1677118521866 136.49090933799744 266
1677118522690 137.31408095359802 267
1677118522874 137.49891138076782 268
1677118523682 138.30845141410828 269
1677118523863 138.48975563049316 270
1677118524682 139.30749106407166 271
1677118524862 139.48702239990234 272
1677118525748 140.37412977218628 273
1677118525949 140.5758764743805 274
1677118526778 141.40357613563538 275
1677118526959 141.5861256122589 276
1677118527780 142.4060230255127 277
1677118527965 142.5898985862732 278
1677118528786 143.40882754325867 279
1677118528967 143.59522032737732 280
1677118529780 144.40613269805908 281
1677118529966 144.59019708633423 282
1677118530781 145.40510845184326 283
1677118530964 145.5891616344452 284
1677118531840 146.4655270576477 285
1677118532022 146.64698815345764 286
1677118532840 147.46501851081848 287
1677118533027 147.65406346321106 288
1677118533846 148.4712781906128 289
1677118534035 148.65701961517334 290
1677118534884 149.50974488258362 291
1677118535068 149.69294953346252 292
1677118535898 150.5219554901123 293
1677118536086 150.711993932724 294
1677118536887 151.54509973526 295
1677118537144 151.7659776210785 296
1677118537970 152.5942304134369 297
1677118538151 152.77716159820557 298
1677118538978 153.59890842437744 299
1677118539158 153.78598713874817 300
1677118539342 153.96508741378784 301
