1677142071256 0.0 1
1677142071415 0.0 2
1677142072407 0.0 3
1677142072569 0.0 4
1677142073614 0.0 5
1677142073773 0.0 6
1677142074734 0.0 7
1677142074890 0.0 8
1677142075904 0.0 9
1677142076061 0.0 10
1677142077037 0.0 11
1677142077195 0.0 12
1677142078162 0.0 13
1677142078321 0.0 14
1677142079305 0.0 15
1677142079461 0.0 16
1677142080522 0.0 17
1677142080680 0.0 18
1677142081668 0.0 19
1677142081827 0.0 20
1677142082797 0.0 21
1677142082958 0.0 22
1677142083931 0.0 23
1677142084087 0.0 24
1677142085098 0.0 25
1677142085255 0.0 26
1677142086312 0.0 27
1677142086472 0.0 28
1677142087475 0.0 29
1677142087640 0.0 30
1677142088607 0.0 31
1677142088768 0.0 32
1677142089737 0.0 33
1677142089900 0.0 34
1677142090866 0.0 35
1677142091024 0.0 36
1677142091993 0.0 37
1677142092152 0.0 38
1677142093181 0.0 39
1677142093350 0.0 40
1677142094350 0.0 41
1677142094521 0.0 42
1677142095492 0.0 43
1677142095654 0.0 44
1677142096600 0.0 45
1677142096762 0.0 46
1677142097732 0.0 47
1677142097888 0.0 48
1677142098927 0.0 49
1677142099095 0.0 50
1677142100056 0.0 51
1677142100218 0.0 52
1677142101180 0.0 53
1677142101339 0.0 54
1677142102312 0.0 55
1677142102478 0.0 56
1677142103423 0.0 57
1677142103582 0.0 58
1677142104547 0.0 59
1677142104709 0.0 60
1677142105760 0.0 61
1677142105950 0.0 62
1677142106914 0.0 63
1677142107075 0.0 64
1677142108051 0.0 65
1677142108212 0.0 66
1677142109179 0.0 67
1677142109344 0.0 68
1677142110324 0.0 69
1677142110486 0.0 70
1677142111543 0.0 71
1677142111709 0.0 72
1677142112683 0.0 73
1677142112850 0.0 74
1677142113833 0.0 75
1677142114001 0.0 76
1677142115014 0.0 77
1677142115174 0.0 78
1677142116156 0.0 79
1677142116323 0.0 80
1677142117299 0.0 81
1677142117539 0.0 82
1677142118506 0.0 83
1677142118666 0.0 84
1677142119639 0.0 85
1677142119800 0.0 86
1677142120794 0.0 87
1677142120958 0.0 88
1677142121918 0.0 89
1677142122077 0.0 90
1677142123053 0.0 91
1677142123249 0.0 92
1677142124295 0.0 93
1677142124457 0.0 94
1677142125448 0.0 95
1677142125613 0.0 96
1677142126575 0.0 97
1677142126740 0.0 98
1677142127710 0.0 99
1677142127875 0.0 100
1677142128835 0.0 101
1677142129000 0.0 102
1677142129966 0.0 103
1677142130207 0.0 104
1677142131183 0.0 105
1677142131345 0.0 106
1677142132348 0.0 107
1677142132514 0.0 108
1677142133501 0.0 109
1677142133674 0.0 110
1677142134641 0.0 111
1677142134811 0.0 112
1677142135820 0.0 113
1677142135982 0.0 114
1677142137035 0.0 115
1677142137196 0.0 116
1677142138210 0.0 117
1677142138392 0.0 118
1677142139416 0.0 119
1677142139580 0.0 120
1677142140560 0.0 121
1677142140732 0.0 122
1677142141825 0.0 123
1677142142023 0.0 124
1677142143076 0.0 125
1677142143314 0.0 126
1677142144311 0.0 127
1677142144474 0.0 128
1677142145460 0.0 129
1677142145625 0.0 130
1677142146632 0.0 131
1677142146800 0.0 132
1677142147812 0.0 133
1677142147980 0.0 134
1677142148952 0.0 135
1677142149124 0.0 136
1677142150186 0.0 137
1677142150351 0.0 138
1677142151370 0.0 139
1677142151543 0.0 140
1677142152514 0.0 141
1677142152677 0.0 142
1677142153654 0.0 143
1677142153818 0.0 144
1677142154842 0.0 145
1677142155014 0.0 146
1677142155980 0.0 147
1677142156220 0.0 148
1677142157210 0.0 149
1677142157375 0.0 150
1677142158327 0.0 151
1677142158492 0.0 152
1677142159460 0.0 153
1677142159627 0.0 154
1677142160613 0.0 155
1677142160782 0.0 156
1677142161789 0.0 157
1677142161957 0.0 158
1677142163018 0.0 159
1677142163190 0.0 160
1677142164152 0.0 161
1677142164316 0.0 162
1677142165296 0.0 163
1677142165466 0.0 164
1677142166430 0.0 165
1677142166597 0.0 166
1677142167590 0.0 167
1677142167764 0.0 168
1677142168735 0.0 169
1677142168982 0.0 170
1677142169978 0.0 171
1677142170165 0.0 172
1677142171145 0.0 173
1677142171317 0.0 174
1677142172362 0.0 175
1677142172530 0.0 176
1677142173520 0.0 177
1677142173694 0.0 178
1677142174700 0.0 179
1677142174872 0.0 180
1677142175947 0.0 181
1677142176115 0.0 182
1677142177146 0.0 183
1677142177321 0.0 184
1677142178303 0.0 185
1677142178471 0.0 186
1677142179458 0.0 187
1677142179629 0.0 188
1677142180622 0.0 189
1677142180801 0.0 190
1677142181782 0.0 191
1677142182030 0.0 192
1677142183020 0.0 193
1677142183184 0.0 194
1677142184174 0.0 195
1677142184345 0.0 196
1677142185346 0.0 197
1677142185518 0.0 198
1677142186495 0.0 199
1677142186670 0.0 200
1677142187655 0.0 201
1677142187826 0.0 202
1677142188890 0.0 203
1677142189065 0.0 204
1677142190092 0.0 205
1677142190266 0.0 206
1677142191262 0.0 207
1677142191435 0.0 208
1677142192454 0.0 209
1677142192620 0.0 210
1677142193592 0.0 211
1677142193760 0.0 212
1677142194755 0.0 213
1677142195001 0.0 214
1677142195983 0.0 215
1677142196153 0.0 216
1677142197142 0.0 217
1677142197321 0.0 218
1677142198318 0.0 219
1677142198488 0.0 220
1677142199491 0.0 221
1677142199655 0.0 222
1677142200645 0.0 223
1677142200817 0.0 224
1677142201873 0.0 225
1677142202047 0.0 226
1677142203022 0.0 227
1677142203190 0.0 228
1677142204180 0.0 229
1677142204355 0.0 230
1677142205331 0.0 231
1677142205503 0.0 232
1677142206497 0.0 233
1677142206666 0.0 234
1677142207694 0.0 235
1677142207970 0.0 236
1677142208943 0.0 237
1677142209112 0.0 238
1677142210125 0.0 239
1677142210304 0.0 240
1677142211292 0.0 241
1677142211520 0.0 242
1677142212509 0.0 243
1677142212683 0.0 244
1677142213667 0.0 245
1677142213838 0.0 246
1677142214922 0.0 247
1677142215117 0.0 248
1677142216116 0.0 249
1677142216284 0.0 250
1677142217245 0.0 251
1677142217420 0.0 252
1677142218401 0.0 253
1677142218571 0.0 254
1677142219570 0.0 255
1677142219739 0.0 256
1677142220734 0.0 257
1677142220985 0.0 258
1677142221964 0.0 259
1677142222136 0.0 260
1677142223174 0.0 261
1677142223346 0.0 262
1677142224355 0.0 263
1677142224530 0.0 264
1677142225534 0.0 265
1677142225714 0.0 266
1677142226718 0.0 267
1677142226890 0.0 268
1677142227958 0.0 269
1677142228133 0.0 270
1677142229110 0.0 271
1677142229286 0.0 272
1677142230278 0.0 273
1677142230451 0.0 274
1677142231444 0.0 275
1677142231614 0.0 276
1677142232646 0.0 277
1677142232826 0.0 278
1677142233811 0.0 279
1677142234059 0.0 280
1677142235037 0.0 281
1677142235209 0.0 282
1677142236186 0.0 283
1677142236357 0.0 284
1677142237385 0.0 285
1677142237576 0.0 286
1677142238627 0.0 287
1677142238801 0.0 288
1677142239808 0.0 289
1677142239986 0.0 290
1677142241040 0.0 291
1677142241213 0.0 292
1677142242247 0.0 293
1677142242425 0.0 294
1677142243416 0.0 295
1677142243590 0.0 296
1677142244602 0.0 297
1677142244769 0.0 298
1677142245766 0.0 299
1677142245940 0.0 300
1677142246110 0.0 301
