1677142071242 33.75106692008249 1
1677142072394 14.731932436738058 3
1677142073601 13.722879657134317 5
1677142074722 13.905370043248482 7
1677142075892 13.628838993712396 9
1677142077026 13.609772912160198 11
1677142078149 14.163456583926319 13
1677142079292 13.614251664306881 15
1677142080503 13.483739610856114 17
1677142081657 13.876857979687015 19
1677142082783 13.392564633436756 21
1677142083918 13.551197410964594 23
1677142085084 13.694883521893292 25
1677142086299 13.78903231261625 27
1677142087454 13.265632888082804 29
1677142088594 13.458966346166061 31
1677142089718 13.276205389668693 33
1677142090853 13.474805392119016 35
1677142091980 13.282421506625488 37
1677142093169 13.545239968712798 39
1677142094338 13.10837950478974 41
1677142095480 13.331651408984449 43
1677142096588 13.229787620976888 45
1677142097720 13.103813345755077 47
1677142098915 13.704201203564415 49
1677142100043 13.662326768624423 51
1677142101168 13.003409225332614 53
1677142102300 13.119570482448346 55
1677142103410 13.14856798362345 57
1677142104533 12.557263006748055 59
1677142105748 13.070198206667007 61
1677142106902 12.939780297211394 63
1677142108038 12.9577680016373 65
1677142109167 13.501069471011169 67
1677142110310 12.894268790044382 69
1677142111529 13.569933762969818 71
1677142112671 13.14030440219176 73
1677142113820 12.988777476706023 75
1677142115000 12.981184886649263 77
1677142116144 13.034584036465612 79
1677142117286 13.255514151643556 81
1677142118492 13.12058711469646 83
1677142119627 12.768115368583361 85
1677142120782 13.076852209780268 87
1677142121905 12.890081430237144 89
1677142123041 13.188265811650473 91
1677142124284 12.786300604281292 93
1677142125435 12.912934321599906 95
1677142126562 13.011000141440578 97
1677142127698 12.971906000656364 99
1677142128821 12.647227280810199 101
1677142129955 12.699768155148186 103
1677142131170 12.907049634495138 105
1677142132336 12.72511919155875 107
1677142133488 12.579530439088646 109
1677142134629 12.792615142590813 111
1677142135808 12.926116911425343 113
1677142137022 12.599951177457802 115
1677142138196 12.558105324029288 117
1677142139405 12.85700827300412 119
1677142140547 12.686668604383868 121
1677142141812 12.52388325157641 123
1677142143064 12.654902621931349 125
1677142144295 12.602548039882537 127
1677142145447 12.440888135844055 129
1677142146619 12.88708448227877 131
1677142147799 12.212537183856318 133
1677142148940 12.572437615742198 135
1677142150172 12.506120956430546 137
1677142151357 12.333578500298694 139
1677142152502 12.42719818765171 141
1677142153641 12.423477682489569 143
1677142154830 12.37974373579534 145
1677142155968 12.326168860914798 147
1677142157199 12.397119030823184 149
1677142158314 12.346312777682062 151
1677142159447 12.412345773117162 153
1677142160601 12.462397539600241 155
1677142161776 12.41115085085636 157
1677142163006 12.427942433560627 159
1677142164139 12.270371322276064 161
1677142165285 12.385869091584778 163
1677142166418 12.272823876066028 165
1677142167579 12.407877189007499 167
1677142168722 12.407712433898896 169
1677142169965 12.370513839233247 171
1677142171132 12.69288079155777 173
1677142172350 12.358538354790795 175
1677142173506 12.440239080649224 177
1677142174688 12.588378833701206 179
1677142175935 12.352747389246195 181
1677142177133 12.45982756137182 183
1677142178290 12.275532358221666 185
1677142179446 12.401405220278969 187
1677142180602 12.454403889695238 189
1677142181769 12.398353218099517 191
1677142183008 12.482146767509414 193
1677142184161 12.363347419927509 195
1677142185334 12.166689366960398 197
1677142186482 12.349896224654286 199
1677142187643 12.466287515756186 201
1677142188877 12.510553021248436 203
1677142190079 12.543480467186413 205
1677142191249 12.503984573351795 207
1677142192442 12.515937795778985 209
1677142193579 12.306099267705278 211
1677142194742 12.43952099111204 213
1677142195970 12.437282870792377 215
1677142197127 12.555837515449017 217
1677142198306 12.393853893426257 219
1677142199479 12.56376932380693 221
1677142200632 12.329228081617636 223
1677142201860 12.526516797058473 225
1677142203010 12.468991943056064 227
1677142204166 12.423777975906551 229
1677142205319 12.597263611879622 231
1677142206485 12.353433588104686 233
1677142207680 12.488394411848176 235
1677142208930 12.296792239651877 237
1677142210111 12.419333047515321 239
1677142211278 12.310832361088703 241
1677142212497 12.515298581027249 243
1677142213655 12.31957308422022 245
1677142214908 12.295130343753394 247
1677142216104 12.447321719828322 249
1677142217232 12.364532367815745 251
1677142218389 12.270861172747065 253
1677142219558 12.332928783282982 255
1677142220722 12.211456953714471 257
1677142221953 12.363865038578329 259
1677142223160 12.189476064928785 261
1677142224343 12.374639402655802 263
1677142225521 12.333316207161335 265
1677142226706 12.17354371772129 267
1677142227945 12.494281526969514 269
1677142229098 12.357041942843063 271
1677142230266 12.54293105450069 273
1677142231430 12.46920452047067 275
1677142232633 12.347910686775025 277
1677142233798 12.399665971298152 279
1677142235022 12.485981629118859 281
1677142236174 12.660699173343676 283
1677142237372 12.300542169700519 285
1677142238613 12.640215664250107 287
1677142239793 12.289340922599893 289
1677142241027 12.607710099614112 291
1677142242235 12.421464876627732 293
1677142243404 12.543641694225162 295
1677142244589 12.327387053311321 297
1677142245753 12.481781554881014 299
