1679919161728 1.0 1
1679919161954 2.0 2
1679919163566 3.0 3
1679919163743 4.0 4
1679919165416 5.0 5
1679919165586 6.0 6
1679919167175 7.0 7
1679919167402 8.0 8
1679919169000 9.0 9
1679919169179 10.0 10
1679919170744 11.0 11
1679919170928 12.0 12
1679919172524 13.0 13
1679919172743 14.0 14
1679919174427 15.0 15
1679919174614 16.0 16
1679919176182 17.0 17
1679919176359 18.0 18
1679919177870 19.0 19
1679919178088 20.0 20
1679919179681 21.0 21
1679919179849 22.0 22
1679919181396 23.0 23
1679919181595 24.0 24
1679919183275 25.0 25
1679919183489 26.0 26
1679919185011 27.0 27
1679919185190 28.0 28
1679919186836 29.0 29
1679919186999 30.0 30
1679919188556 31.0 31
1679919188758 32.0 32
1679919190506 33.0 33
1679919190689 34.0 34
1679919192338 35.0 35
1679919192509 36.0 36
1679919194052 37.0 37
1679919194279 38.0 38
1679919195831 39.0 39
1679919196007 40.0 40
1679919197524 41.0 41
1679919197703 42.0 42
1679919199337 43.0 43
1679919199586 44.0 44
1679919201186 45.0 45
1679919201366 46.0 46
1679919203014 47.0 47
1679919203205 48.0 48
1679919204842 49.0 49
1679919205071 50.0 50
1679919206720 51.0 51
1679919206931 52.0 52
1679919208503 53.0 53
1679919208711 54.0 54
1679919210395 55.0 55
1679919210583 56.0 56
1679919212322 57.0 57
1679919212519 58.0 58
1679919214170 59.0 59
1679919214345 60.0 60
1679919216021 61.0 61
1679919216241 62.0 62
1679919217867 63.0 63
1679919218045 64.0 64
1679919219642 65.0 65
1679919219824 66.0 66
1679919221340 67.0 67
1679919221668 68.0 68
1679919223457 69.0 69
1679919223631 70.0 70
1679919225276 71.0 71
1679919225449 72.0 72
1679919227138 73.0 73
1679919227343 74.0 74
1679919229105 75.0 75
1679919229291 76.0 76
1679919230839 77.0 77
1679919231020 78.0 78
1679919232691 79.0 79
1679919232948 80.0 80
1679919234708 81.0 81
1679919234909 82.0 82
1679919236688 83.0 83
1679919236887 84.0 84
1679919238548 85.0 85
1679919238756 86.0 86
1679919240393 87.0 87
1679919240575 88.0 88
1679919242165 89.0 89
1679919242442 90.0 90
1679919244102 91.0 91
1679919244320 92.0 92
1679919245907 93.0 93
1679919246103 94.0 94
1679919247665 95.0 95
1679919247845 96.0 96
1679919249453 97.0 97
1679919249682 98.0 98
1679919251220 99.0 99
1679919251489 100.0 100
1679919253065 101.0 101
1679919253247 102.0 102
1679919254879 103.0 103
1679919255103 104.0 104
1679919256715 105.0 105
1679919256912 106.0 106
1679919258521 107.0 107
1679919258709 108.0 108
1679919260292 109.0 109
1679919260609 110.0 110
1679919262378 111.0 111
1679919262580 112.0 112
1679919264323 113.0 113
1679919264525 114.0 114
1679919266245 115.0 115
1679919266492 116.0 116
1679919268138 117.0 117
1679919268321 118.0 118
1679919269955 119.0 119
1679919270137 120.0 120
1679919271826 121.0 121
1679919272078 122.0 122
1679919273637 123.0 123
1679919273850 124.0 124
1679919275452 125.0 125
1679919275642 126.0 126
1679919277320 127.0 127
1679919277529 128.0 128
1679919279160 129.0 129
1679919279370 130.0 130
1679919281002 131.0 131
1679919281195 132.0 132
1679919282835 133.0 133
1679919283045 134.0 134
1679919284801 135.0 135
1679919285000 136.0 136
1679919286607 137.0 137
1679919286799 138.0 138
1679919288357 139.0 139
1679919288567 140.0 140
1679919290298 141.0 141
1679919290505 142.0 142
1679919292293 143.0 143
1679919292528 144.0 144
1679919294272 145.0 145
1679919294532 146.0 146
1679919296236 147.0 147
1679919296438 148.0 148
1679919298074 149.0 149
1679919298262 150.0 150
1679919299897 151.0 151
1679919300116 152.0 152
1679919301723 153.0 153
1679919301918 154.0 154
1679919303506 155.0 155
1679919303695 156.0 156
1679919305253 157.0 157
1679919305497 158.0 158
1679919307158 159.0 159
1679919307354 160.0 160
1679919309091 161.0 161
1679919309276 162.0 162
1679919310847 163.0 163
1679919311055 164.0 164
1679919312780 165.0 165
1679919312982 166.0 166
1679919314625 167.0 167
1679919314800 168.0 168
1679919316459 169.0 169
1679919316678 170.0 170
1679919318309 171.0 171
1679919318509 172.0 172
1679919320097 173.0 173
1679919320298 174.0 174
1679919322006 175.0 175
1679919322254 176.0 176
1679919323915 177.0 177
1679919324104 178.0 178
1679919325851 179.0 179
1679919326063 180.0 180
1679919327822 181.0 181
1679919328085 182.0 182
1679919329860 183.0 183
1679919330099 184.0 184
1679919331707 185.0 185
1679919331889 186.0 186
1679919333566 187.0 187
1679919333773 188.0 188
1679919335399 189.0 189
1679919335601 190.0 190
1679919337314 191.0 191
1679919337512 192.0 192
1679919339197 193.0 193
1679919339404 194.0 194
1679919340946 195.0 195
1679919341125 196.0 196
1679919342625 197.0 197
1679919342816 198.0 198
1679919344299 199.0 199
1679919344498 200.0 200
1679919344626 201.0 201
