1679701506200 0.0 1
1679701506471 0.0 2
1679701507647 0.0 3
1679701507831 0.0 4
1679701508999 0.0 5
1679701509180 0.0 6
1679701510364 0.0 7
1679701510623 0.0 8
1679701511795 0.0 9
1679701511993 0.0 10
1679701513212 0.0 11
1679701513394 0.0 12
1679701514559 0.0 13
1679701514813 0.0 14
1679701515953 0.0 15
1679701516135 0.0 16
1679701517288 0.0 17
1679701517485 0.0 18
1679701518661 0.0 19
1679701518921 0.0 20
1679701520119 0.0 21
1679701520302 0.0 22
1679701521469 0.0 23
1679701521658 0.0 24
1679701522863 0.0 25
1679701523133 0.0 26
1679701524372 0.0 27
1679701524559 0.0 28
1679701525762 0.0 29
1679701525948 0.0 30
1679701527104 0.0 31
1679701527362 0.0 32
1679701528532 0.0 33
1679701528729 0.0 34
1679701529896 0.0 35
1679701530083 0.0 36
1679701531231 0.0 37
1679701531491 0.0 38
1679701532653 0.0 39
1679701532845 0.0 40
1679701534048 0.0 41
1679701534255 0.0 42
1679701535503 0.0 43
1679701535768 0.0 44
1679701536993 0.0 45
1679701537180 0.0 46
1679701538386 0.0 47
1679701538584 0.0 48
1679701539782 0.0 49
1679701540089 0.0 50
1679701541310 0.0 51
1679701541501 0.0 52
1679701542688 0.0 53
1679701542878 0.0 54
1679701544051 0.0 55
1679701544310 0.0 56
1679701545468 0.0 57
1679701545667 0.0 58
1679701546915 0.0 59
1679701547099 0.0 60
1679701548268 0.0 61
1679701548527 0.0 62
1679701549687 0.0 63
1679701549876 0.0 64
1679701551028 0.0 65
1679701551223 0.0 66
1679701552399 0.0 67
1679701552657 0.0 68
1679701553820 0.0 69
1679701554007 0.0 70
1679701555243 0.0 71
1679701555434 0.0 72
1679701556667 0.0 73
1679701556958 0.0 74
1679701558212 0.0 75
1679701558400 0.0 76
1679701559603 0.0 77
1679701559795 0.0 78
1679701560961 0.0 79
1679701561222 0.0 80
1679701562415 0.0 81
1679701562622 0.0 82
1679701563826 0.0 83
1679701564018 0.0 84
1679701565184 0.0 85
1679701565444 0.0 86
1679701566666 0.0 87
1679701566854 0.0 88
1679701568052 0.0 89
1679701568256 0.0 90
1679701569498 0.0 91
1679701569762 0.0 92
1679701570956 0.0 93
1679701571148 0.0 94
1679701572340 0.0 95
1679701572530 0.0 96
1679701573726 0.0 97
1679701574008 0.0 98
1679701575202 0.0 99
1679701575397 0.0 100
1679701576632 0.0 101
1679701576827 0.0 102
1679701578049 0.0 103
1679701578306 0.0 104
1679701579485 0.0 105
1679701579688 0.0 106
1679701580933 0.0 107
1679701581124 0.0 108
1679701582320 0.0 109
1679701582589 0.0 110
1679701583784 0.0 111
1679701583976 0.0 112
1679701585139 0.0 113
1679701585363 0.0 114
1679701586572 0.0 115
1679701586839 0.0 116
1679701588008 0.0 117
1679701588196 0.0 118
1679701589370 0.0 119
1679701589558 0.0 120
1679701590719 0.0 121
1679701590989 0.0 122
1679701592165 0.0 123
1679701592357 0.0 124
1679701593548 0.0 125
1679701593736 0.0 126
1679701594914 0.0 127
1679701595176 0.0 128
1679701596349 0.0 129
1679701596544 0.0 130
1679701597761 0.0 131
1679701597956 0.0 132
1679701599162 0.0 133
1679701599430 0.0 134
1679701600645 0.0 135
1679701600838 0.0 136
1679701602060 0.0 137
1679701602270 0.0 138
1679701603505 0.0 139
1679701603772 0.0 140
1679701604999 0.0 141
1679701605169 0.0 142
1679701606363 0.0 143
1679701606555 0.0 144
1679701607733 0.0 145
1679701608008 0.0 146
1679701609218 0.0 147
1679701609412 0.0 148
1679701610604 0.0 149
1679701610798 0.0 150
1679701612038 0.0 151
1679701612306 0.0 152
1679701613527 0.0 153
1679701613764 0.0 154
1679701615074 0.0 155
1679701615268 0.0 156
1679701616477 0.0 157
1679701616751 0.0 158
1679701618004 0.0 159
1679701618200 0.0 160
1679701619378 0.0 161
1679701619580 0.0 162
1679701620756 0.0 163
1679701621018 0.0 164
1679701622190 0.0 165
1679701622381 0.0 166
1679701623584 0.0 167
1679701623779 0.0 168
1679701625009 0.0 169
1679701625302 0.0 170
1679701626599 0.0 171
1679701626794 0.0 172
1679701628021 0.0 173
1679701628216 0.0 174
1679701629429 0.0 175
1679701629700 0.0 176
1679701630886 0.0 177
1679701631094 0.0 178
1679701632327 0.0 179
1679701632534 0.0 180
1679701633742 0.0 181
1679701634016 0.0 182
1679701635188 0.0 183
1679701635388 0.0 184
1679701636597 0.0 185
1679701636803 0.0 186
1679701638067 0.0 187
1679701638339 0.0 188
1679701639580 0.0 189
1679701639788 0.0 190
1679701641011 0.0 191
1679701641212 0.0 192
1679701642433 0.0 193
1679701642731 0.0 194
1679701643954 0.0 195
1679701644157 0.0 196
1679701645377 0.0 197
1679701645582 0.0 198
1679701646792 0.0 199
1679701647070 0.0 200
1679701648376 0.0 201
1679701648586 0.0 202
1679701649841 0.0 203
1679701650039 0.0 204
1679701651274 0.0 205
1679701651551 0.0 206
1679701652765 0.0 207
1679701652965 0.0 208
1679701654154 0.0 209
1679701654369 0.0 210
1679701655595 0.0 211
1679701655871 0.0 212
1679701657074 0.0 213
1679701657273 0.0 214
1679701658501 0.0 215
1679701658701 0.0 216
1679701659969 0.0 217
1679701660260 0.0 218
1679701661511 0.0 219
1679701661717 0.0 220
1679701662962 0.0 221
1679701663164 0.0 222
1679701664372 0.0 223
1679701664646 0.0 224
1679701665855 0.0 225
1679701666069 0.0 226
1679701667332 0.0 227
1679701667536 0.0 228
1679701668766 0.0 229
1679701669045 0.0 230
1679701670264 0.0 231
1679701670470 0.0 232
1679701671712 0.0 233
1679701671929 0.0 234
1679701673182 0.0 235
1679701673459 0.0 236
1679701674701 0.0 237
1679701674906 0.0 238
1679701676128 0.0 239
1679701676329 0.0 240
1679701677559 0.0 241
1679701677889 0.0 242
1679701679112 0.0 243
1679701679314 0.0 244
1679701680481 0.0 245
1679701680687 0.0 246
1679701681900 0.0 247
1679701682177 0.0 248
1679701683407 0.0 249
1679701683654 0.0 250
1679701684898 0.0 251
1679701685103 0.0 252
1679701686334 0.0 253
1679701686616 0.0 254
1679701687839 0.0 255
1679701688048 0.0 256
1679701689251 0.0 257
1679701689467 0.0 258
1679701690729 0.0 259
1679701691015 0.0 260
1679701692228 0.0 261
1679701692431 0.0 262
1679701693637 0.0 263
1679701693841 0.0 264
1679701695085 0.0 265
1679701695349 0.0 266
1679701696625 0.0 267
1679701696830 0.0 268
1679701698044 0.0 269
1679701698244 0.0 270
1679701699493 0.0 271
1679701699772 0.0 272
1679701700966 0.0 273
1679701701184 0.0 274
1679701702406 0.0 275
1679701702611 0.0 276
1679701703826 0.0 277
1679701704104 0.0 278
1679701705318 0.0 279
1679701705526 0.0 280
1679701706766 0.0 281
1679701706979 0.0 282
1679701708257 0.0 283
1679701708534 0.0 284
1679701709752 0.0 285
1679701709958 0.0 286
1679701711170 0.0 287
1679701711369 0.0 288
1679701712584 0.0 289
1679701712878 0.0 290
1679701714093 0.0 291
1679701714297 0.0 292
1679701715517 0.0 293
1679701715718 0.0 294
1679701716935 0.0 295
1679701717213 0.0 296
1679701718422 0.0 297
1679701718634 0.0 298
1679701719952 0.0 299
1679701720160 0.0 300
1679701720297 0.0 301
