1679701506187 3.77122163772583 1
1679701506462 0.24478411674499512 2
1679701507638 1.1778481006622314 3
1679701507822 0.18326425552368164 4
1679701508991 1.1698596477508545 5
1679701509171 0.1808762550354004 6
1679701510355 1.182978868484497 7
1679701510612 0.2565038204193115 8
1679701511787 1.1743686199188232 9
1679701511983 0.1951303482055664 10
1679701513204 1.2211105823516846 11
1679701513386 0.1819751262664795 12
1679701514550 1.1659464836120605 13
1679701514806 0.25499677658081055 14
1679701515944 1.1643447875976562 15
1679701516126 0.15643572807312012 16
1679701517279 1.1520791053771973 17
1679701517476 0.19526314735412598 18
1679701518653 1.1787807941436768 19
1679701518911 0.2574632167816162 20
1679701520102 1.1915795803070068 21
1679701520292 0.18828606605529785 22
1679701521461 1.1685261726379395 23
1679701521649 0.19034862518310547 24
1679701522855 1.1959683895111084 25
1679701523126 0.27602624893188477 26
1679701524363 1.2398478984832764 27
1679701524550 0.18781471252441406 28
1679701525753 1.2024948596954346 29
1679701525938 0.18482255935668945 30
1679701527096 1.1572895050048828 31
1679701527352 0.2565641403198242 32
1679701528524 1.1711399555206299 33
1679701528720 0.1948084831237793 34
1679701529889 1.1710970401763916 35
1679701530073 0.18466520309448242 36
1679701531222 1.1766636371612549 37
1679701531482 0.23258233070373535 38
1679701532644 1.163193941116333 39
1679701532837 0.1848926544189453 40
1679701534039 1.2048311233520508 41
1679701534246 0.20852112770080566 42
1679701535494 1.2509400844573975 43
1679701535758 0.2608177661895752 44
1679701536985 1.2281711101531982 45
1679701537173 0.18688344955444336 46
1679701538378 1.2020998001098633 47
1679701538576 0.1987898349761963 48
1679701539774 1.2010502815246582 49
1679701540079 0.28142690658569336 50
1679701541300 1.2464559078216553 51
1679701541491 0.19008421897888184 52
1679701542679 1.1887218952178955 53
1679701542869 0.18823027610778809 54
1679701544043 1.1759774684906006 55
1679701544301 0.25678515434265137 56
1679701545460 1.1865253448486328 57
1679701545659 0.16955208778381348 58
1679701546906 1.2472584247589111 59
1679701547090 0.18590664863586426 60
1679701548260 1.1698644161224365 61
1679701548518 0.2576022148132324 62
1679701549678 1.1613295078277588 63
1679701549867 0.18324494361877441 64
1679701551020 1.157862663269043 65
1679701551212 0.18998217582702637 66
1679701552390 1.1790521144866943 67
1679701552648 0.2570950984954834 68
1679701553811 1.1636481285095215 69
1679701553998 0.18732976913452148 70
1679701555233 1.2359211444854736 71
1679701555426 0.18907523155212402 72
1679701556658 1.2340552806854248 73
1679701556949 0.28693628311157227 74
1679701558201 1.255934476852417 75
1679701558392 0.19049429893493652 76
1679701559594 1.200474500656128 77
1679701559786 0.193983793258667 78
1679701560953 1.196162223815918 79
1679701561215 0.23061442375183105 80
1679701562408 1.1948792934417725 81
1679701562612 0.20057415962219238 82
1679701563816 1.2091052532196045 83
1679701564009 0.19070720672607422 84
1679701565174 1.167616605758667 85
1679701565436 0.2593262195587158 86
1679701566657 1.2211816310882568 87
1679701566844 0.18881678581237793 88
1679701568044 1.1989459991455078 89
1679701568244 0.1981058120727539 90
1679701569489 1.2429282665252686 91
1679701569753 0.2668299674987793 92
1679701570946 1.1944084167480469 93
1679701571139 0.1920299530029297 94
1679701572331 1.1920623779296875 95
1679701572522 0.18973088264465332 96
1679701573717 1.1939716339111328 97
1679701573998 0.2799644470214844 98
1679701575193 1.2278168201446533 99
1679701575388 0.16484618186950684 100
1679701576623 1.2344367504119873 101
1679701576818 0.19603371620178223 102
1679701578035 1.2168033123016357 103
1679701578297 0.26320958137512207 104
1679701579477 1.1788039207458496 105
1679701579679 0.20012784004211426 106
1679701580924 1.2459313869476318 107
1679701581114 0.19055676460266113 108
1679701582311 1.1985087394714355 109
1679701582580 0.2675342559814453 110
1679701583776 1.1955232620239258 111
1679701583968 0.19014978408813477 112
1679701585130 1.1648616790771484 113
1679701585353 0.21586036682128906 114
1679701586562 1.2143104076385498 115
1679701586831 0.2668931484222412 116
1679701587999 1.1717557907104492 117
1679701588185 0.18631672859191895 118
1679701589362 1.176626443862915 119
1679701589549 0.1879875659942627 120
1679701590711 1.1903884410858154 121
1679701590981 0.23768830299377441 122
1679701592158 1.178032636642456 123
1679701592350 0.19117259979248047 124
1679701593539 1.191390037536621 125
1679701593729 0.1877431869506836 126
1679701594905 1.17881178855896 127
1679701595167 0.26149487495422363 128
1679701596339 1.1705994606018066 129
1679701596534 0.19556069374084473 130
1679701597752 1.2162425518035889 131
1679701597949 0.19593477249145508 132
1679701599153 1.2048602104187012 133
1679701599421 0.26795506477355957 134
1679701600636 1.2173166275024414 135
1679701600829 0.19319748878479004 136
1679701602050 1.218566656112671 137
1679701602261 0.20917320251464844 138
1679701603497 1.237781047821045 139
1679701603762 0.26628684997558594 140
1679701604991 1.2270724773406982 141
1679701605160 0.19579410552978516 142
1679701606355 1.1692099571228027 143
1679701606546 0.19076824188232422 144
1679701607724 1.1780133247375488 145
1679701607998 0.27404236793518066 146
1679701609209 1.2121100425720215 147
1679701609403 0.19534730911254883 148
1679701610596 1.1917777061462402 149
1679701610790 0.19292068481445312 150
1679701612029 1.2406408786773682 151
1679701612297 0.26546406745910645 152
1679701613519 1.2197279930114746 153
1679701613755 0.2330021858215332 154
1679701615064 1.3150830268859863 155
1679701615259 0.1948237419128418 156
1679701616468 1.2079510688781738 157
1679701616741 0.27336621284484863 158
1679701617995 1.2537386417388916 159
1679701618191 0.19719958305358887 160
1679701619369 1.1788058280944824 161
1679701619571 0.1992783546447754 162
1679701620748 1.2096929550170898 163
1679701621009 0.22925448417663574 164
1679701622182 1.1710338592529297 165
1679701622372 0.19399261474609375 166
1679701623575 1.1982669830322266 167
1679701623770 0.19746065139770508 168
1679701625000 1.2303647994995117 169
1679701625288 0.2805345058441162 170
1679701626591 1.310102939605713 171
1679701626785 0.19511055946350098 172
1679701628011 1.22391676902771 173
1679701628208 0.1958012580871582 174
1679701629420 1.2093479633331299 175
1679701629691 0.272205114364624 176
1679701630876 1.1856789588928223 177
1679701631084 0.20835328102111816 178
1679701632319 1.2333192825317383 179
1679701632526 0.20723390579223633 180
1679701633733 1.2092442512512207 181
1679701634006 0.27329325675964355 182
1679701635179 1.2046661376953125 183
1679701635379 0.1668548583984375 184
1679701636589 1.20906400680542 185
1679701636794 0.2028806209564209 186
1679701638058 1.2650847434997559 187
1679701638330 0.2729225158691406 188
1679701639571 1.2410812377929688 189
1679701639779 0.20682883262634277 190
1679701641002 1.2240211963653564 191
1679701641203 0.19899725914001465 192
1679701642423 1.2219576835632324 193
1679701642719 0.2850062847137451 194
1679701643945 1.235365390777588 195
1679701644149 0.20275425910949707 196
1679701645369 1.2188935279846191 197
1679701645572 0.20283222198486328 198
1679701646782 1.2139196395874023 199
1679701647060 0.2754175662994385 200
1679701648367 1.3069865703582764 201
1679701648577 0.21060466766357422 202
1679701649832 1.2561743259429932 203
1679701650031 0.1984272003173828 204
1679701651266 1.272620439529419 205
1679701651543 0.2393021583557129 206
1679701652757 1.2159113883972168 207
1679701652957 0.20073676109313965 208
1679701654146 1.188389778137207 209
1679701654360 0.21241211891174316 210
1679701655586 1.2243335247039795 211
1679701655861 0.27774548530578613 212
1679701657065 1.2031280994415283 213
1679701657264 0.20012474060058594 214
1679701658493 1.2257633209228516 215
1679701658691 0.2002251148223877 216
1679701659960 1.2681233882904053 217
1679701660251 0.28998255729675293 218
1679701661502 1.2491483688354492 219
1679701661708 0.20494365692138672 220
1679701662952 1.2477941513061523 221
1679701663154 0.20495057106018066 222
1679701664364 1.205573320388794 223
1679701664638 0.2754225730895996 224
1679701665846 1.245929479598999 225
1679701666059 0.17495322227478027 226
1679701667323 1.2649495601654053 227
1679701667527 0.20117473602294922 228
1679701668755 1.229417324066162 229
1679701669037 0.27771902084350586 230
1679701670255 1.2214312553405762 231
1679701670462 0.2083132266998291 232
1679701671702 1.236419439315796 233
1679701671921 0.21781039237976074 234
1679701673173 1.2558557987213135 235
1679701673451 0.27818751335144043 236
1679701674693 1.2419967651367188 237
1679701674897 0.2059338092803955 238
1679701676120 1.221024990081787 239
1679701676320 0.20075368881225586 240
1679701677551 1.2286770343780518 241
1679701677880 0.3164389133453369 242
1679701679103 1.2378642559051514 243
1679701679306 0.201157808303833 244
1679701680473 1.2065536975860596 245
1679701680678 0.16676783561706543 246
1679701681891 1.2125511169433594 247
1679701682168 0.27610063552856445 248
1679701683398 1.2323896884918213 249
1679701683642 0.22159957885742188 250
1679701684889 1.2680997848510742 251
1679701685094 0.20589208602905273 252
1679701686324 1.2268121242523193 253
1679701686607 0.2830474376678467 254
1679701687830 1.2246475219726562 255
1679701688038 0.2078697681427002 256
1679701689243 1.2017230987548828 257
1679701689459 0.21544981002807617 258
1679701690721 1.2653820514678955 259
1679701691006 0.28487491607666016 260
1679701692220 1.215357780456543 261
1679701692422 0.2014150619506836 262
1679701693629 1.2085731029510498 263
1679701693832 0.2028946876525879 264
1679701695077 1.240098237991333 265
1679701695339 0.30303144454956055 266
1679701696615 1.238752841949463 267
1679701696821 0.20314359664916992 268
1679701698034 1.2164337635040283 269
1679701698236 0.2005906105041504 270
1679701699485 1.2488999366760254 271
1679701699764 0.27713966369628906 272
1679701700958 1.1959788799285889 273
1679701701174 0.2142622470855713 274
1679701702397 1.2256512641906738 275
1679701702603 0.20412158966064453 276
1679701703818 1.2108650207519531 277
1679701704096 0.2839810848236084 278
1679701705308 1.2102060317993164 279
1679701705517 0.2088625431060791 280
1679701706757 1.2409594058990479 281
1679701706970 0.21128392219543457 282
1679701708249 1.2718079090118408 283
1679701708523 0.28342437744140625 284
1679701709744 1.220663070678711 285
1679701709950 0.20591044425964355 286
1679701711161 1.2498726844787598 287
1679701711361 0.16161680221557617 288
1679701712576 1.2129895687103271 289
1679701712869 0.28920531272888184 290
1679701714084 1.217212200164795 291
1679701714289 0.2059483528137207 292
1679701715508 1.2201392650604248 293
1679701715709 0.20010685920715332 294
1679701716927 1.2185652256011963 295
1679701717205 0.2779874801635742 296
1679701718414 1.210035800933838 297
1679701718625 0.20917153358459473 298
1679701719942 1.3163628578186035 299
1679701720151 0.21024274826049805 300
1679701720288 0.13759684562683105 301
