1679701506196 3.77122163772583 1
1679701506467 4.016005754470825 2
1679701507644 5.193853855133057 3
1679701507826 5.377118110656738 4
1679701508994 6.546977758407593 5
1679701509176 6.727854013442993 6
1679701510360 7.91083288192749 7
1679701510618 8.167336702346802 8
1679701511792 9.341705322265625 9
1679701511989 9.536835670471191 10
1679701513209 10.757946252822876 11
1679701513391 10.939921379089355 12
1679701514555 12.105867862701416 13
1679701514810 12.360864639282227 14
1679701515950 13.525209426879883 15
1679701516131 13.681645154953003 16
1679701517284 14.8337242603302 17
1679701517482 15.028987407684326 18
1679701518658 16.207768201828003 19
1679701518916 16.46523141860962 20
1679701520115 17.656810998916626 21
1679701520298 17.845097064971924 22
1679701521466 19.013623237609863 23
1679701521654 19.20397186279297 24
1679701522859 20.399940252304077 25
1679701523130 20.675966501235962 26
1679701524368 21.91581439971924 27
1679701524555 22.103629112243652 28
1679701525759 23.306123971939087 29
1679701525944 23.490946531295776 30
1679701527101 24.64823603630066 31
1679701527358 24.904800176620483 32
1679701528529 26.075940132141113 33
1679701528725 26.270748615264893 34
1679701529894 27.441845655441284 35
1679701530078 27.626510858535767 36
1679701531227 28.80317449569702 37
1679701531487 29.035756826400757 38
1679701532649 30.19895076751709 39
1679701532842 30.383843421936035 40
1679701534044 31.588674545288086 41
1679701534251 31.79719567298889 42
1679701535499 33.04813575744629 43
1679701535764 33.308953523635864 44
1679701536989 34.53712463378906 45
1679701537177 34.724008083343506 46
1679701538384 35.92610788345337 47
1679701538581 36.124897718429565 48
1679701539779 37.325947999954224 49
1679701540084 37.60737490653992 50
1679701541306 38.85383081436157 51
1679701541497 39.043915033340454 52
1679701542684 40.23263692855835 53
1679701542874 40.42086720466614 54
1679701544048 41.59684467315674 55
1679701544306 41.85362982749939 56
1679701545465 43.04015517234802 57
1679701545663 43.209707260131836 58
1679701546911 44.45696568489075 59
1679701547096 44.64287233352661 60
1679701548264 45.81273674964905 61
1679701548523 46.07033896446228 62
1679701549684 47.23166847229004 63
1679701549872 47.41491341590881 64
1679701551024 48.572776079177856 65
1679701551218 48.76275825500488 66
1679701552395 49.94181036949158 67
1679701552653 50.19890546798706 68
1679701553817 51.36255359649658 69
1679701554003 51.5498833656311 70
1679701555239 52.78580451011658 71
1679701555431 52.9748797416687 72
1679701556663 54.208935022354126 73
1679701556954 54.4958713054657 74
1679701558207 55.751805782318115 75
1679701558397 55.94230008125305 76
1679701559600 57.14277458190918 77
1679701559791 57.33675837516785 78
1679701560957 58.532920598983765 79
1679701561219 58.763535022735596 80
1679701562412 59.95841431617737 81
1679701562618 60.15898847579956 82
1679701563821 61.368093729019165 83
1679701564014 61.55880093574524 84
1679701565180 62.726417541503906 85
1679701565441 62.98574376106262 86
1679701566662 64.20692539215088 87
1679701566851 64.39574217796326 88
1679701568049 65.59468817710876 89
1679701568252 65.79279398918152 90
1679701569494 67.03572225570679 91
1679701569758 67.30255222320557 92
1679701570952 68.49696063995361 93
1679701571144 68.68899059295654 94
1679701572336 69.88105297088623 95
1679701572526 70.07078385353088 96
1679701573722 71.26475548744202 97
1679701574003 71.5447199344635 98
1679701575199 72.77253675460815 99
1679701575393 72.93738293647766 100
1679701576628 74.17181968688965 101
1679701576823 74.36785340309143 102
1679701578044 75.58465671539307 103
1679701578302 75.84786629676819 104
1679701579482 77.02667021751404 105
1679701579684 77.22679805755615 106
1679701580929 78.47272944450378 107
1679701581120 78.66328620910645 108
1679701582316 79.86179494857788 109
1679701582584 80.12932920455933 110
1679701583781 81.32485246658325 111
1679701583972 81.51500225067139 112
1679701585135 82.67986392974854 113
1679701585359 82.89572429656982 114
1679701586568 84.11003470420837 115
1679701586836 84.37692785263062 116
1679701588004 85.54868364334106 117
1679701588191 85.73500037193298 118
1679701589366 86.9116268157959 119
1679701589554 87.09961438179016 120
1679701590715 88.29000282287598 121
1679701590986 88.52769112586975 122
1679701592162 89.7057237625122 123
1679701592355 89.89689636230469 124
1679701593543 91.08828639984131 125
1679701593733 91.27602958679199 126
1679701594911 92.45484137535095 127
1679701595172 92.71633625030518 128
1679701596346 93.88693571090698 129
1679701596540 94.08249640464783 130
1679701597757 95.29873895645142 131
1679701597954 95.49467372894287 132
1679701599158 96.69953393936157 133
1679701599426 96.96748900413513 134
1679701600641 98.18480563163757 135
1679701600834 98.37800312042236 136
1679701602056 99.59656977653503 137
1679701602267 99.80574297904968 138
1679701603501 101.04352402687073 139
1679701603768 101.30981087684631 140
1679701604995 102.53688335418701 141
1679701605165 102.7326774597168 142
1679701606360 103.9018874168396 143
1679701606551 104.09265565872192 144
1679701607729 105.27066898345947 145
1679701608003 105.54471135139465 146
1679701609214 106.75682139396667 147
1679701609408 106.95216870307922 148
1679701610601 108.14394640922546 149
1679701610794 108.33686709403992 150
1679701612034 109.57750797271729 151
1679701612302 109.84297204017639 152
1679701613524 111.06270003318787 153
1679701613760 111.2957022190094 154
1679701615070 112.61078524589539 155
1679701615265 112.80560898780823 156
1679701616473 114.0135600566864 157
1679701616747 114.28692626953125 158
1679701618000 115.54066491127014 159
1679701618195 115.73786449432373 160
1679701619374 116.91667032241821 161
1679701619576 117.11594867706299 162
1679701620753 118.32564163208008 163
1679701621015 118.55489611625671 164
1679701622186 119.72592997550964 165
1679701622379 119.91992259025574 166
1679701623580 121.11818957328796 167
1679701623774 121.31565022468567 168
1679701625005 122.54601502418518 169
1679701625296 122.8265495300293 170
1679701626596 124.13665246963501 171
1679701626790 124.33176302909851 172
1679701628018 125.55567979812622 173
1679701628213 125.75148105621338 174
1679701629425 126.96082901954651 175
1679701629696 127.23303413391113 176
1679701630882 128.41871309280396 177
1679701631090 128.62706637382507 178
1679701632324 129.8603856563568 179
1679701632531 130.06761956214905 180
1679701633738 131.27686381340027 181
1679701634012 131.5501570701599 182
1679701635184 132.75482320785522 183
1679701635384 132.92167806625366 184
1679701636594 134.13074207305908 185
1679701636800 134.3336226940155 186
1679701638063 135.59870743751526 187
1679701638335 135.8716299533844 188
1679701639577 137.11271119117737 189
1679701639784 137.3195400238037 190
1679701641007 138.54356122016907 191
1679701641208 138.74255847930908 192
1679701642428 139.96451616287231 193
1679701642725 140.24952244758606 194
1679701643951 141.48488783836365 195
1679701644154 141.68764209747314 196
1679701645374 142.90653562545776 197
1679701645578 143.10936784744263 198
1679701646788 144.32328748703003 199
1679701647065 144.59870505332947 200
1679701648371 145.90569162368774 201
1679701648583 146.11629629135132 202
1679701649837 147.3724706172943 203
1679701650036 147.5708978176117 204
1679701651271 148.8435182571411 205
1679701651548 149.08282041549683 206
1679701652762 150.29873180389404 207
1679701652962 150.49946856498718 208
1679701654151 151.6878583431244 209
1679701654365 151.90027046203613 210
1679701655591 153.1246039867401 211
1679701655866 153.4023494720459 212
1679701657070 154.60547757148743 213
1679701657269 154.805602312088 214
1679701658498 156.03136563301086 215
1679701658697 156.23159074783325 216
1679701659965 157.49971413612366 217
1679701660256 157.7896966934204 218
1679701661507 159.03884506225586 219
1679701661713 159.24378871917725 220
1679701662958 160.4915828704834 221
1679701663160 160.69653344154358 222
1679701664368 161.90210676193237 223
1679701664643 162.17752933502197 224
1679701665851 163.42345881462097 225
1679701666065 163.59841203689575 226
1679701667328 164.86336159706116 227
1679701667532 165.0645363330841 228
1679701668762 166.29395365715027 229
1679701669042 166.57167267799377 230
1679701670261 167.79310393333435 231
1679701670466 168.00141716003418 232
1679701671708 169.23783659934998 233
1679701671925 169.45564699172974 234
1679701673178 170.71150279045105 235
1679701673455 170.9896903038025 236
1679701674697 172.2316870689392 237
1679701674903 172.4376208782196 238
1679701676125 173.6586458683014 239
1679701676325 173.85939955711365 240
1679701677556 175.0880765914917 241
1679701677885 175.40451550483704 242
1679701679108 176.6423797607422 243
1679701679310 176.84353756904602 244
1679701680478 178.05009126663208 245
1679701680683 178.21685910224915 246
1679701681896 179.4294102191925 247
1679701682174 179.70551085472107 248
1679701683403 180.9379005432129 249
1679701683649 181.1595001220703 250
1679701684894 182.4275999069214 251
1679701685099 182.63349199295044 252
1679701686330 183.86030411720276 253
1679701686612 184.1433515548706 254
1679701687835 185.36799907684326 255
1679701688044 185.57586884498596 256
1679701689247 186.77759194374084 257
1679701689464 186.99304175376892 258
1679701690725 188.25842380523682 259
1679701691011 188.54329872131348 260
1679701692225 189.75865650177002 261
1679701692427 189.9600715637207 262
1679701693634 191.16864466667175 263
1679701693837 191.37153935432434 264
1679701695082 192.61163759231567 265
1679701695344 192.91466903686523 266
1679701696621 194.1534218788147 267
1679701696826 194.35656547546387 268
1679701698040 195.5729992389679 269
1679701698241 195.77358984947205 270
1679701699490 197.02248978614807 271
1679701699768 197.29962944984436 272
1679701700963 198.49560832977295 273
1679701701180 198.70987057685852 274
1679701702402 199.9355218410492 275
1679701702609 200.13964343070984 276
1679701703823 201.3505084514618 277
1679701704101 201.6344895362854 278
1679701705314 202.84469556808472 279
1679701705522 203.0535581111908 280
1679701706762 204.29451751708984 281
1679701706975 204.50580143928528 282
1679701708254 205.77760934829712 283
1679701708529 206.06103372573853 284
1679701709749 207.28169679641724 285
1679701709955 207.48760724067688 286
1679701711166 208.73747992515564 287
1679701711365 208.89909672737122 288
1679701712581 210.11208629608154 289
1679701712874 210.40129160881042 290
1679701714089 211.61850380897522 291
1679701714293 211.82445216178894 292
1679701715513 213.04459142684937 293
1679701715714 213.24469828605652 294
1679701716932 214.46326351165771 295
1679701717210 214.7412509918213 296
1679701718419 215.95128679275513 297
1679701718630 216.16045832633972 298
1679701719948 217.47682118415833 299
1679701720155 217.68706393241882 300
1679701720293 217.82466077804565 301
