1677118042464 0.0 1
1677118042708 0.0 2
1677118044673 0.0 3
1677118044903 0.0 4
1677118046906 0.0 5
1677118047138 0.0 6
1677118049157 0.0 7
1677118049393 0.0 8
1677118051434 0.0 9
1677118051665 0.0 10
1677118053680 0.0 11
1677118053920 0.0 12
1677118055935 0.0 13
1677118056170 0.0 14
1677118058185 0.0 15
1677118058419 0.0 16
1677118060477 0.0 17
1677118060709 0.0 18
1677118062688 0.0 19
1677118062925 0.0 20
1677118064913 0.0 21
1677118065147 0.0 22
1677118067137 0.0 23
1677118067370 0.0 24
1677118069417 0.0 25
1677118069657 0.0 26
1677118071605 0.0 27
1677118071839 0.0 28
1677118073805 0.0 29
1677118074045 0.0 30
1677118076023 0.0 31
1677118076259 0.0 32
1677118078236 0.0 33
1677118078469 0.0 34
1677118080520 0.0 35
1677118080758 0.0 36
1677118082780 0.0 37
1677118083027 0.0 38
1677118085029 0.0 39
1677118085264 0.0 40
1677118087248 0.0 41
1677118087488 0.0 42
1677118089526 0.0 43
1677118089764 0.0 44
1677118091776 0.0 45
1677118092010 0.0 46
1677118094016 0.0 47
1677118094254 0.0 48
1677118096300 0.0 49
1677118096546 0.0 50
1677118098576 0.0 51
1677118098813 0.0 52
1677118100830 0.0 53
1677118101063 0.0 54
1677118103054 0.0 55
1677118103295 0.0 56
1677118105315 0.0 57
1677118105559 0.0 58
1677118107662 0.0 59
1677118107899 0.0 60
1677118109929 0.0 61
1677118110168 0.0 62
1677118112170 0.0 63
1677118112416 0.0 64
1677118114435 0.0 65
1677118114674 0.0 66
1677118116669 0.0 67
1677118116940 0.0 68
1677118118940 0.0 69
1677118119191 0.0 70
1677118121227 0.0 71
1677118121464 0.0 72
1677118123446 0.0 73
1677118123688 0.0 74
1677118125684 0.0 75
1677118125920 0.0 76
1677118127984 0.0 77
1677118128223 0.0 78
1677118130271 0.0 79
1677118130511 0.0 80
1677118132506 0.0 81
1677118132741 0.0 82
1677118134774 0.0 83
1677118135009 0.0 84
1677118137061 0.0 85
1677118137298 0.0 86
1677118139313 0.0 87
1677118139550 0.0 88
1677118141593 0.0 89
1677118141836 0.0 90
1677118143879 0.0 91
1677118144122 0.0 92
1677118146147 0.0 93
1677118146381 0.0 94
1677118148339 0.0 95
1677118148577 0.0 96
1677118150570 0.0 97
1677118150816 0.0 98
1677118152797 0.0 99
1677118153037 0.0 100
1677118155031 0.0 101
1677118155272 0.0 102
1677118157324 0.0 103
1677118157573 0.0 104
1677118159597 0.0 105
1677118159837 0.0 106
1677118161869 0.0 107
1677118162107 0.0 108
1677118164098 0.0 109
1677118164344 0.0 110
1677118166340 0.0 111
1677118166579 0.0 112
1677118168617 0.0 113
1677118168857 0.0 114
1677118170990 0.0 115
1677118171240 0.0 116
1677118173309 0.0 117
1677118173549 0.0 118
1677118175607 0.0 119
1677118175846 0.0 120
1677118177858 0.0 121
1677118178102 0.0 122
1677118180153 0.0 123
1677118180394 0.0 124
1677118182471 0.0 125
1677118182714 0.0 126
1677118184758 0.0 127
1677118185007 0.0 128
1677118187072 0.0 129
1677118187318 0.0 130
1677118189361 0.0 131
1677118189615 0.0 132
1677118191597 0.0 133
1677118191842 0.0 134
1677118193854 0.0 135
1677118194096 0.0 136
1677118196107 0.0 137
1677118196349 0.0 138
1677118198386 0.0 139
1677118198639 0.0 140
1677118200648 0.0 141
1677118200893 0.0 142
1677118202895 0.0 143
1677118203136 0.0 144
1677118205130 0.0 145
1677118205383 0.0 146
1677118207399 0.0 147
1677118207642 0.0 148
1677118209715 0.0 149
1677118209960 0.0 150
1677118211957 0.0 151
1677118212205 0.0 152
1677118214226 0.0 153
1677118214467 0.0 154
1677118216472 0.0 155
1677118216716 0.0 156
1677118218790 0.0 157
1677118219036 0.0 158
1677118221100 0.0 159
1677118221340 0.0 160
1677118223334 0.0 161
1677118223581 0.0 162
1677118225657 0.0 163
1677118225904 0.0 164
1677118227945 0.0 165
1677118228188 0.0 166
1677118230221 0.0 167
1677118230460 0.0 168
1677118232463 0.0 169
1677118232714 0.0 170
1677118234783 0.0 171
1677118235029 0.0 172
1677118237086 0.0 173
1677118237330 0.0 174
1677118239389 0.0 175
1677118239639 0.0 176
1677118241677 0.0 177
1677118241919 0.0 178
1677118243952 0.0 179
1677118244196 0.0 180
1677118246251 0.0 181
1677118246501 0.0 182
1677118248598 0.0 183
1677118248843 0.0 184
1677118250891 0.0 185
1677118251132 0.0 186
1677118253148 0.0 187
1677118253392 0.0 188
1677118255419 0.0 189
1677118255658 0.0 190
1677118257706 0.0 191
1677118257951 0.0 192
1677118259973 0.0 193
1677118260222 0.0 194
1677118262253 0.0 195
1677118262497 0.0 196
1677118264516 0.0 197
1677118264764 0.0 198
1677118266815 0.0 199
1677118267063 0.0 200
1677118269075 0.0 201
1677118269320 0.0 202
1677118271348 0.0 203
1677118271596 0.0 204
1677118273627 0.0 205
1677118273874 0.0 206
1677118275931 0.0 207
1677118276173 0.0 208
1677118278231 0.0 209
1677118278491 0.0 210
1677118280467 0.0 211
1677118280715 0.0 212
1677118282768 0.0 213
1677118283016 0.0 214
1677118285066 0.0 215
1677118285315 0.0 216
1677118287347 0.0 217
1677118287597 0.0 218
1677118289633 0.0 219
1677118289879 0.0 220
1677118291929 0.0 221
1677118292177 0.0 222
1677118294173 0.0 223
1677118294441 0.0 224
1677118296471 0.0 225
1677118296690 0.0 226
1677118298735 0.0 227
1677118298978 0.0 228
1677118300999 0.0 229
1677118301250 0.0 230
1677118303364 0.0 231
1677118303613 0.0 232
1677118305665 0.0 233
1677118305914 0.0 234
1677118307943 0.0 235
1677118308190 0.0 236
1677118310220 0.0 237
1677118310465 0.0 238
1677118312492 0.0 239
1677118312739 0.0 240
1677118314815 0.0 241
1677118315061 0.0 242
1677118317106 0.0 243
1677118317349 0.0 244
1677118319365 0.0 245
1677118319615 0.0 246
1677118321634 0.0 247
1677118321883 0.0 248
1677118323909 0.0 249
1677118324156 0.0 250
1677118326200 0.0 251
1677118326449 0.0 252
1677118328444 0.0 253
1677118328695 0.0 254
1677118330702 0.0 255
1677118330952 0.0 256
1677118332962 0.0 257
1677118333207 0.0 258
1677118335265 0.0 259
1677118335514 0.0 260
1677118337546 0.0 261
1677118337792 0.0 262
1677118339854 0.0 263
1677118340102 0.0 264
1677118342139 0.0 265
1677118342389 0.0 266
1677118344434 0.0 267
1677118344685 0.0 268
1677118346689 0.0 269
1677118346946 0.0 270
1677118348984 0.0 271
1677118349231 0.0 272
1677118351285 0.0 273
1677118351532 0.0 274
1677118353643 0.0 275
1677118353894 0.0 276
1677118355951 0.0 277
1677118356209 0.0 278
1677118358217 0.0 279
1677118358464 0.0 280
1677118360463 0.0 281
1677118360716 0.0 282
1677118362744 0.0 283
1677118363027 0.0 284
1677118365089 0.0 285
1677118365340 0.0 286
1677118367383 0.0 287
1677118367638 0.0 288
1677118369723 0.0 289
1677118369982 0.0 290
1677118371957 0.0 291
1677118372202 0.0 292
1677118374241 0.0 293
1677118374497 0.0 294
1677118376497 0.0 295
1677118376747 0.0 296
1677118378783 0.0 297
1677118379031 0.0 298
1677118381106 0.0 299
1677118381361 0.0 300
1677118381614 0.0 301
