1677118042480 1.0 1
1677118042717 2.0 2
1677118044683 3.0 3
1677118044913 4.0 4
1677118046915 5.0 5
1677118047148 6.0 6
1677118049167 7.0 7
1677118049403 8.0 8
1677118051443 9.0 9
1677118051674 10.0 10
1677118053690 11.0 11
1677118053929 12.0 12
1677118055945 13.0 13
1677118056180 14.0 14
1677118058195 15.0 15
1677118058429 16.0 16
1677118060488 17.0 17
1677118060720 18.0 18
1677118062698 19.0 19
1677118062934 20.0 20
1677118064923 21.0 21
1677118065157 22.0 22
1677118067147 23.0 23
1677118067380 24.0 24
1677118069427 25.0 25
1677118069665 26.0 26
1677118071614 27.0 27
1677118071849 28.0 28
1677118073822 29.0 29
1677118074055 30.0 30
1677118076032 31.0 31
1677118076268 32.0 32
1677118078246 33.0 33
1677118078487 34.0 34
1677118080530 35.0 35
1677118080766 36.0 36
1677118082791 37.0 37
1677118083036 38.0 38
1677118085039 39.0 39
1677118085273 40.0 40
1677118087257 41.0 41
1677118087497 42.0 42
1677118089536 43.0 43
1677118089774 44.0 44
1677118091786 45.0 45
1677118092019 46.0 46
1677118094025 47.0 47
1677118094264 48.0 48
1677118096311 49.0 49
1677118096555 50.0 50
1677118098586 51.0 51
1677118098822 52.0 52
1677118100840 53.0 53
1677118101073 54.0 54
1677118103064 55.0 55
1677118103305 56.0 56
1677118105325 57.0 57
1677118105569 58.0 58
1677118107671 59.0 59
1677118107908 60.0 60
1677118109939 61.0 61
1677118110177 62.0 62
1677118112180 63.0 63
1677118112427 64.0 64
1677118114445 65.0 65
1677118114682 66.0 66
1677118116679 67.0 67
1677118116949 68.0 68
1677118118949 69.0 69
1677118119201 70.0 70
1677118121237 71.0 71
1677118121473 72.0 72
1677118123457 73.0 73
1677118123698 74.0 74
1677118125694 75.0 75
1677118125929 76.0 76
1677118127993 77.0 77
1677118128233 78.0 78
1677118130280 79.0 79
1677118130520 80.0 80
1677118132515 81.0 81
1677118132750 82.0 82
1677118134784 83.0 83
1677118135018 84.0 84
1677118137070 85.0 85
1677118137307 86.0 86
1677118139322 87.0 87
1677118139559 88.0 88
1677118141602 89.0 89
1677118141845 90.0 90
1677118143888 91.0 91
1677118144131 92.0 92
1677118146156 93.0 93
1677118146391 94.0 94
1677118148348 95.0 95
1677118148586 96.0 96
1677118150581 97.0 97
1677118150825 98.0 98
1677118152807 99.0 99
1677118153047 100.0 100
1677118155042 101.0 101
1677118155281 102.0 102
1677118157333 103.0 103
1677118157582 104.0 104
1677118159606 105.0 105
1677118159848 106.0 106
1677118161877 107.0 107
1677118162117 108.0 108
1677118164107 109.0 109
1677118164354 110.0 110
1677118166350 111.0 111
1677118166589 112.0 112
1677118168626 113.0 113
1677118168867 114.0 114
1677118171000 115.0 115
1677118171250 116.0 116
1677118173318 117.0 117
1677118173559 118.0 118
1677118175618 119.0 119
1677118175856 120.0 120
1677118177867 121.0 121
1677118178111 122.0 122
1677118180162 123.0 123
1677118180403 124.0 124
1677118182480 125.0 125
1677118182723 126.0 126
1677118184768 127.0 127
1677118185016 128.0 128
1677118187082 129.0 129
1677118187328 130.0 130
1677118189371 131.0 131
1677118189624 132.0 132
1677118191607 133.0 133
1677118191852 134.0 134
1677118193863 135.0 135
1677118194107 136.0 136
1677118196116 137.0 137
1677118196358 138.0 138
1677118198395 139.0 139
1677118198648 140.0 140
1677118200658 141.0 141
1677118200902 142.0 142
1677118202905 143.0 143
1677118203145 144.0 144
1677118205141 145.0 145
1677118205393 146.0 146
1677118207410 147.0 147
1677118207651 148.0 148
1677118209725 149.0 149
1677118209969 150.0 150
1677118211966 151.0 151
1677118212214 152.0 152
1677118214236 153.0 153
1677118214476 154.0 154
1677118216481 155.0 155
1677118216725 156.0 156
1677118218799 157.0 157
1677118219046 158.0 158
1677118221109 159.0 159
1677118221350 160.0 160
1677118223343 161.0 161
1677118223590 162.0 162
1677118225666 163.0 163
1677118225913 164.0 164
1677118227955 165.0 165
1677118228198 166.0 166
1677118230229 167.0 167
1677118230470 168.0 168
1677118232473 169.0 169
1677118232723 170.0 170
1677118234793 171.0 171
1677118235038 172.0 172
1677118237095 173.0 173
1677118237341 174.0 174
1677118239398 175.0 175
1677118239649 176.0 176
1677118241686 177.0 177
1677118241929 178.0 178
1677118243962 179.0 179
1677118244205 180.0 180
1677118246260 181.0 181
1677118246511 182.0 182
1677118248607 183.0 183
1677118248852 184.0 184
1677118250900 185.0 185
1677118251142 186.0 186
1677118253157 187.0 187
1677118253403 188.0 188
1677118255428 189.0 189
1677118255667 190.0 190
1677118257716 191.0 191
1677118257961 192.0 192
1677118259983 193.0 193
1677118260232 194.0 194
1677118262263 195.0 195
1677118262506 196.0 196
1677118264525 197.0 197
1677118264775 198.0 198
1677118266825 199.0 199
1677118267073 200.0 200
1677118269084 201.0 201
1677118269329 202.0 202
1677118271359 203.0 203
1677118271605 204.0 204
1677118273636 205.0 205
1677118273885 206.0 206
1677118275940 207.0 207
1677118276183 208.0 208
1677118278241 209.0 209
1677118278500 210.0 210
1677118280476 211.0 211
1677118280726 212.0 212
1677118282778 213.0 213
1677118283026 214.0 214
1677118285076 215.0 215
1677118285324 216.0 216
1677118287356 217.0 217
1677118287606 218.0 218
1677118289644 219.0 219
1677118289890 220.0 220
1677118291939 221.0 221
1677118292188 222.0 222
1677118294182 223.0 223
1677118294450 224.0 224
1677118296481 225.0 225
1677118296699 226.0 226
1677118298745 227.0 227
1677118298988 228.0 228
1677118301008 229.0 229
1677118301258 230.0 230
1677118303373 231.0 231
1677118303622 232.0 232
1677118305674 233.0 233
1677118305924 234.0 234
1677118307953 235.0 235
1677118308200 236.0 236
1677118310229 237.0 237
1677118310476 238.0 238
1677118312501 239.0 239
1677118312748 240.0 240
1677118314825 241.0 241
1677118315071 242.0 242
1677118317115 243.0 243
1677118317358 244.0 244
1677118319376 245.0 245
1677118319624 246.0 246
1677118321644 247.0 247
1677118321893 248.0 248
1677118323919 249.0 249
1677118324165 250.0 250
1677118326209 251.0 251
1677118326458 252.0 252
1677118328454 253.0 253
1677118328704 254.0 254
1677118330712 255.0 255
1677118330962 256.0 256
1677118332972 257.0 257
1677118333217 258.0 258
1677118335274 259.0 259
1677118335523 260.0 260
1677118337556 261.0 261
1677118337801 262.0 262
1677118339865 263.0 263
1677118340112 264.0 264
1677118342149 265.0 265
1677118342398 266.0 266
1677118344444 267.0 267
1677118344694 268.0 268
1677118346699 269.0 269
1677118346956 270.0 270
1677118348994 271.0 271
1677118349240 272.0 272
1677118351294 273.0 273
1677118351541 274.0 274
1677118353653 275.0 275
1677118353905 276.0 276
1677118355961 277.0 277
1677118356221 278.0 278
1677118358227 279.0 279
1677118358473 280.0 280
1677118360473 281.0 281
1677118360727 282.0 282
1677118362754 283.0 283
1677118363036 284.0 284
1677118365098 285.0 285
1677118365350 286.0 286
1677118367392 287.0 287
1677118367648 288.0 288
1677118369733 289.0 289
1677118369991 290.0 290
1677118371967 291.0 291
1677118372212 292.0 292
1677118374250 293.0 293
1677118374507 294.0 294
1677118376507 295.0 295
1677118376756 296.0 296
1677118378792 297.0 297
1677118379042 298.0 298
1677118381115 299.0 299
1677118381371 300.0 300
1677118381623 301.0 301
