1677118042476 22076.0 1
1677118042713 22076.0 2
1677118044679 22076.0 3
1677118044910 22076.0 4
1677118046911 22076.0 5
1677118047144 22076.0 6
1677118049163 22076.0 7
1677118049398 22076.0 8
1677118051439 22076.0 9
1677118051670 22076.0 10
1677118053686 22076.0 11
1677118053925 22076.0 12
1677118055941 22076.0 13
1677118056176 22076.0 14
1677118058191 22076.0 15
1677118058424 22076.0 16
1677118060483 22076.0 17
1677118060716 22076.0 18
1677118062694 22076.0 19
1677118062930 22076.0 20
1677118064919 22076.0 21
1677118065153 22076.0 22
1677118067143 22076.0 23
1677118067376 22076.0 24
1677118069423 22076.0 25
1677118069661 22076.0 26
1677118071610 22076.0 27
1677118071845 22076.0 28
1677118073811 22076.0 29
1677118074051 22076.0 30
1677118076028 22076.0 31
1677118076264 22076.0 32
1677118078241 22076.0 33
1677118078482 22076.0 34
1677118080526 22076.0 35
1677118080762 22076.0 36
1677118082786 22076.0 37
1677118083032 22076.0 38
1677118085035 22076.0 39
1677118085269 22076.0 40
1677118087253 22076.0 41
1677118087493 22076.0 42
1677118089531 22076.0 43
1677118089769 22076.0 44
1677118091781 22076.0 45
1677118092015 22076.0 46
1677118094021 22076.0 47
1677118094260 22076.0 48
1677118096307 22076.0 49
1677118096551 22076.0 50
1677118098581 22076.0 51
1677118098818 22076.0 52
1677118100836 22076.0 53
1677118101068 22076.0 54
1677118103059 22076.0 55
1677118103301 22076.0 56
1677118105321 22076.0 57
1677118105565 22076.0 58
1677118107667 22076.0 59
1677118107904 22076.0 60
1677118109935 22076.0 61
1677118110173 22076.0 62
1677118112176 22076.0 63
1677118112422 22076.0 64
1677118114441 22076.0 65
1677118114679 22076.0 66
1677118116675 22076.0 67
1677118116945 22076.0 68
1677118118945 22076.0 69
1677118119196 22076.0 70
1677118121233 22076.0 71
1677118121469 22076.0 72
1677118123452 22076.0 73
1677118123694 22076.0 74
1677118125690 22076.0 75
1677118125925 22076.0 76
1677118127990 22076.0 77
1677118128229 22076.0 78
1677118130276 22076.0 79
1677118130516 22076.0 80
1677118132511 22076.0 81
1677118132746 22076.0 82
1677118134780 22076.0 83
1677118135014 22076.0 84
1677118137066 22076.0 85
1677118137303 22076.0 86
1677118139318 22076.0 87
1677118139555 22076.0 88
1677118141598 22076.0 89
1677118141841 22076.0 90
1677118143884 22076.0 91
1677118144127 22076.0 92
1677118146152 22076.0 93
1677118146386 22076.0 94
1677118148344 22076.0 95
1677118148582 22076.0 96
1677118150576 22076.0 97
1677118150821 22076.0 98
1677118152803 22076.0 99
1677118153043 22076.0 100
1677118155037 22076.0 101
1677118155277 22076.0 102
1677118157329 22076.0 103
1677118157578 22076.0 104
1677118159602 22076.0 105
1677118159844 22076.0 106
1677118161873 22076.0 107
1677118162113 22076.0 108
1677118164103 22076.0 109
1677118164349 22076.0 110
1677118166346 22076.0 111
1677118166585 22076.0 112
1677118168622 22076.0 113
1677118168863 22076.0 114
1677118170996 22076.0 115
1677118171246 22076.0 116
1677118173314 22076.0 117
1677118173555 22076.0 118
1677118175613 22076.0 119
1677118175852 22076.0 120
1677118177863 22076.0 121
1677118178107 22076.0 122
1677118180158 22076.0 123
1677118180399 22076.0 124
1677118182476 22076.0 125
1677118182719 22076.0 126
1677118184764 22076.0 127
1677118185012 22076.0 128
1677118187078 22076.0 129
1677118187324 22076.0 130
1677118189367 22076.0 131
1677118189620 22076.0 132
1677118191602 22076.0 133
1677118191847 22076.0 134
1677118193859 22076.0 135
1677118194101 22076.0 136
1677118196112 22076.0 137
1677118196354 22076.0 138
1677118198391 22076.0 139
1677118198644 22076.0 140
1677118200654 22076.0 141
1677118200898 22076.0 142
1677118202901 22076.0 143
1677118203141 22076.0 144
1677118205136 22076.0 145
1677118205389 22076.0 146
1677118207406 22076.0 147
1677118207648 22076.0 148
1677118209721 22076.0 149
1677118209964 22076.0 150
1677118211962 22076.0 151
1677118212210 22076.0 152
1677118214231 22076.0 153
1677118214472 22076.0 154
1677118216477 22076.0 155
1677118216721 22076.0 156
1677118218795 22076.0 157
1677118219042 22076.0 158
1677118221105 22076.0 159
1677118221346 22076.0 160
1677118223339 22076.0 161
1677118223587 22076.0 162
1677118225662 22076.0 163
1677118225909 22076.0 164
1677118227951 22076.0 165
1677118228194 22076.0 166
1677118230226 22076.0 167
1677118230466 22076.0 168
1677118232468 22076.0 169
1677118232719 22076.0 170
1677118234789 22076.0 171
1677118235034 22076.0 172
1677118237091 22076.0 173
1677118237336 22076.0 174
1677118239394 22076.0 175
1677118239645 22076.0 176
1677118241682 22076.0 177
1677118241925 22076.0 178
1677118243957 22076.0 179
1677118244201 22076.0 180
1677118246257 22076.0 181
1677118246507 22076.0 182
1677118248603 22076.0 183
1677118248848 22076.0 184
1677118250896 22076.0 185
1677118251138 22076.0 186
1677118253153 22076.0 187
1677118253398 22076.0 188
1677118255424 22076.0 189
1677118255663 22076.0 190
1677118257712 22076.0 191
1677118257957 22076.0 192
1677118259979 22076.0 193
1677118260228 22076.0 194
1677118262259 22076.0 195
1677118262501 22076.0 196
1677118264521 22076.0 197
1677118264771 22076.0 198
1677118266821 22076.0 199
1677118267069 22076.0 200
1677118269079 22076.0 201
1677118269325 22076.0 202
1677118271354 22076.0 203
1677118271601 22076.0 204
1677118273632 22076.0 205
1677118273880 22076.0 206
1677118275937 22076.0 207
1677118276178 22076.0 208
1677118278237 22076.0 209
1677118278496 22076.0 210
1677118280472 22076.0 211
1677118280722 22076.0 212
1677118282774 22076.0 213
1677118283022 22076.0 214
1677118285072 22076.0 215
1677118285320 22076.0 216
1677118287352 22076.0 217
1677118287602 22076.0 218
1677118289640 22076.0 219
1677118289885 22076.0 220
1677118291935 22076.0 221
1677118292183 22076.0 222
1677118294179 22076.0 223
1677118294446 22076.0 224
1677118296477 22076.0 225
1677118296694 22076.0 226
1677118298741 22076.0 227
1677118298984 22076.0 228
1677118301004 22076.0 229
1677118301255 22076.0 230
1677118303369 22076.0 231
1677118303618 22076.0 232
1677118305671 22076.0 233
1677118305920 22076.0 234
1677118307949 22076.0 235
1677118308196 22076.0 236
1677118310225 22076.0 237
1677118310472 22076.0 238
1677118312498 22076.0 239
1677118312744 22076.0 240
1677118314821 22076.0 241
1677118315067 22076.0 242
1677118317111 22076.0 243
1677118317353 22076.0 244
1677118319371 22076.0 245
1677118319620 22076.0 246
1677118321640 22076.0 247
1677118321889 22076.0 248
1677118323915 22076.0 249
1677118324162 22076.0 250
1677118326206 22076.0 251
1677118326454 22076.0 252
1677118328449 22076.0 253
1677118328699 22076.0 254
1677118330708 22076.0 255
1677118330958 22076.0 256
1677118332968 22076.0 257
1677118333213 22076.0 258
1677118335270 22076.0 259
1677118335520 22076.0 260
1677118337552 22076.0 261
1677118337798 22076.0 262
1677118339861 22076.0 263
1677118340108 22076.0 264
1677118342144 22076.0 265
1677118342394 22076.0 266
1677118344440 22076.0 267
1677118344689 22076.0 268
1677118346695 22076.0 269
1677118346952 22076.0 270
1677118348990 22076.0 271
1677118349236 22076.0 272
1677118351289 22076.0 273
1677118351538 22076.0 274
1677118353649 22076.0 275
1677118353901 22076.0 276
1677118355957 22076.0 277
1677118356215 22076.0 278
1677118358223 22076.0 279
1677118358470 22076.0 280
1677118360469 22076.0 281
1677118360722 22076.0 282
1677118362750 22076.0 283
1677118363032 22076.0 284
1677118365094 22076.0 285
1677118365345 22076.0 286
1677118367388 22076.0 287
1677118367644 22076.0 288
1677118369729 22076.0 289
1677118369987 22076.0 290
1677118371963 22076.0 291
1677118372208 22076.0 292
1677118374246 22076.0 293
1677118374503 22076.0 294
1677118376503 22076.0 295
1677118376752 22076.0 296
1677118378787 22076.0 297
1677118379037 22076.0 298
1677118381111 22076.0 299
1677118381367 22076.0 300
1677118381619 22076.0 301
