1677118042478 18.191077947616577 1
1677118042715 18.41036820411682 2
1677118044680 20.373335361480713 3
1677118044910 20.603986263275146 4
1677118046912 22.60473918914795 5
1677118047145 22.83738374710083 6
1677118049164 24.85694432258606 7
1677118049400 25.093018770217896 8
1677118051441 27.134029865264893 9
1677118051671 27.36518430709839 10
1677118053687 29.381046772003174 11
1677118053927 29.61790704727173 12
1677118055942 31.633135080337524 13
1677118056177 31.870654582977295 14
1677118058193 33.911213874816895 15
1677118058426 34.12102508544922 16
1677118060484 36.16709327697754 17
1677118060717 36.40836215019226 18
1677118062695 38.386374711990356 19
1677118062931 38.62411093711853 20
1677118064920 40.61187171936035 21
1677118065154 40.84719944000244 22
1677118067144 42.83475399017334 23
1677118067377 43.06890368461609 24
1677118069424 45.115195512771606 25
1677118069663 45.356053590774536 26
1677118071611 47.33015036582947 27
1677118071846 47.53815293312073 28
1677118073820 49.50213432312012 29
1677118074052 49.74493646621704 30
1677118076029 51.71795916557312 31
1677118076266 51.95831298828125 32
1677118078243 53.93220233917236 33
1677118078484 54.166037797927856 34
1677118080527 56.218223571777344 35
1677118080764 56.455992698669434 36
1677118082788 58.476908922195435 37
1677118083034 58.725011587142944 38
1677118085036 60.72772264480591 39
1677118085270 60.96192693710327 40
1677118087255 62.97290635108948 41
1677118087494 63.180235385894775 42
1677118089532 65.22399640083313 43
1677118089771 65.46245288848877 44
1677118091783 67.4724850654602 45
1677118092017 67.70813608169556 46
1677118094022 69.71324181556702 47
1677118094261 69.95311212539673 48
1677118096308 71.99594020843506 49
1677118096552 72.24372935295105 50
1677118098583 74.2709412574768 51
1677118098819 74.50912594795227 52
1677118100837 76.52601504325867 53
1677118101070 76.76104521751404 54
1677118103062 78.77998805046082 55
1677118103302 78.99397158622742 56
1677118105322 81.01127934455872 57
1677118105566 81.25603890419006 58
1677118107668 83.35692739486694 59
1677118107905 83.59768557548523 60
1677118109936 85.61594295501709 61
1677118110174 85.86393213272095 62
1677118112177 87.86697149276733 63
1677118112423 88.10424447059631 64
1677118114442 90.12922501564026 65
1677118114680 90.3671383857727 66
1677118116676 92.39386415481567 67
1677118116946 92.63493180274963 68
1677118118947 94.63400220870972 69
1677118119198 94.8777003288269 70
1677118121234 96.9220232963562 71
1677118121470 97.15821695327759 72
1677118123454 99.14409804344177 73
1677118123695 99.385080575943 74
1677118125691 101.37767434120178 75
1677118125927 101.6129059791565 76
1677118127991 103.6787850856781 77
1677118128230 103.9200279712677 78
1677118130278 105.96614527702332 79
1677118130517 106.20727038383484 80
1677118132512 108.230055809021 81
1677118132747 108.43596172332764 82
1677118134781 110.46997475624084 83
1677118135015 110.70595979690552 84
1677118137068 112.75488138198853 85
1677118137305 112.99300742149353 86
1677118139320 115.0048656463623 87
1677118139556 115.24190926551819 88
1677118141599 117.28624129295349 89
1677118141842 117.5281617641449 90
1677118143885 119.57215213775635 91
1677118144128 119.8160138130188 92
1677118146154 121.84084439277649 93
1677118146388 122.07696771621704 94
1677118148345 124.06260943412781 95
1677118148584 124.27197504043579 96
1677118150577 126.26345086097717 97
1677118150822 126.50810217857361 98
1677118152804 128.4900574684143 99
1677118153044 128.73206448554993 100
1677118155039 130.72496962547302 101
1677118155278 130.9638741016388 102
1677118157330 133.0162034034729 103
1677118157580 133.26475977897644 104
1677118159603 135.28937578201294 105
1677118159845 135.53005695343018 106
1677118161875 137.59294509887695 107
1677118162114 137.79998350143433 108
1677118164104 139.79090285301208 109
1677118164351 140.03798818588257 110
1677118166348 142.03163814544678 111
1677118166587 142.27182340621948 112
1677118168624 144.30903220176697 113
1677118168864 144.54816126823425 114
1677118170997 146.67917704582214 115
1677118171247 146.9322166442871 116
1677118173315 149.00200986862183 117
1677118173556 149.2411024570465 118
1677118175615 151.29811000823975 119
1677118175853 151.53900456428528 120
1677118177864 153.58026337623596 121
1677118178108 153.7949182987213 122
1677118180160 155.84381103515625 123
1677118180400 156.08411741256714 124
1677118182478 158.16178464889526 125
1677118182720 158.40623354911804 126
1677118184765 160.45101809501648 127
1677118185013 160.69841194152832 128
1677118187080 162.76319694519043 129
1677118187325 163.0083873271942 130
1677118189368 165.05205416679382 131
1677118189621 165.29856848716736 132
1677118191604 167.3188259601593 133
1677118191849 167.5359582901001 134
1677118193861 169.54444646835327 135
1677118194103 169.78765678405762 136
1677118196113 171.79864382743835 137
1677118196356 172.04083919525146 138
1677118198392 174.0759048461914 139
1677118198646 174.33035969734192 140
1677118200655 176.33707642555237 141
1677118200899 176.58204007148743 142
1677118202902 178.5862443447113 143
1677118203142 178.82748222351074 144
1677118205138 180.82148623466492 145
1677118205390 181.07485103607178 146
1677118207408 183.12325978279114 147
1677118207649 183.33277440071106 148
1677118209722 185.40474271774292 149
1677118209966 185.65062880516052 150
1677118211964 187.64793014526367 151
1677118212211 187.89491200447083 152
1677118214232 189.91692852973938 153
1677118214473 190.1580708026886 154
1677118216479 192.16006016731262 155
1677118216723 192.40509462356567 156
1677118218796 194.47928643226624 157
1677118219043 194.72595620155334 158
1677118221106 196.79050397872925 159
1677118221347 197.03209972381592 160
1677118223340 199.05701899528503 161
1677118223588 199.2727496623993 162
1677118225664 201.3482050895691 163
1677118225910 201.5952184200287 164
1677118227952 203.6369218826294 165
1677118228195 203.8783164024353 166
1677118230227 205.90858244895935 167
1677118230467 206.15243363380432 168
1677118232470 208.1529266834259 169
1677118232721 208.39905452728271 170
1677118234790 210.47298288345337 171
1677118235035 210.7211410999298 172
1677118237092 212.80808353424072 173
1677118237337 213.02289938926697 174
1677118239396 215.07800793647766 175
1677118239646 215.32980108261108 176
1677118241684 217.3648121356964 177
1677118241926 217.6102910041809 178
1677118243959 219.63979697227478 179
1677118244202 219.8859782218933 180
1677118246258 221.9382815361023 181
1677118246508 222.18932819366455 182
1677118248605 224.2840325832367 183
1677118248849 224.53014612197876 184
1677118250897 226.57711338996887 185
1677118251139 226.8219223022461 186
1677118253154 228.8701207637787 187
1677118253399 229.08261799812317 188
1677118255426 231.10767436027527 189
1677118255664 231.3490493297577 190
1677118257713 233.39623188972473 191
1677118257958 233.63983345031738 192
1677118259980 235.66097950935364 193
1677118260228 235.91196298599243 194
1677118262260 237.94154477119446 195
1677118262504 238.18696761131287 196
1677118264523 240.2050700187683 197
1677118264772 240.4540593624115 198
1677118266822 242.53805661201477 199
1677118267071 242.75209069252014 200
1677118269082 244.76110792160034 201
1677118269326 245.00918102264404 202
1677118271356 247.03719067573547 203
1677118271603 247.28439450263977 204
1677118273634 249.31450510025024 205
1677118273881 249.56400203704834 206
1677118275938 251.61998581886292 207
1677118276179 251.86059594154358 208
1677118278239 253.91932201385498 209
1677118278497 254.17687821388245 210
1677118280473 256.1559314727783 211
1677118280723 256.4037187099457 212
1677118282775 258.4901747703552 213
1677118283023 258.70387983322144 214
1677118285073 260.75395584106445 215
1677118285321 261.001389503479 216
1677118287353 263.03396916389465 217
1677118287603 263.2846839427948 218
1677118289641 265.32014560699463 219
1677118289887 265.56806445121765 220
1677118291937 267.6159842014313 221
1677118292185 267.8648600578308 222
1677118294180 269.85879158973694 223
1677118294447 270.12815976142883 224
1677118296478 272.15826869010925 225
1677118296696 272.41146659851074 226
1677118298742 274.4207293987274 227
1677118298985 274.66597747802734 228
1677118301005 276.6848804950714 229
1677118301256 276.936913728714 230
1677118303370 279.05086517333984 231
1677118303619 279.2980992794037 232
1677118305672 281.3549211025238 233
1677118305921 281.6021571159363 234
1677118307950 283.6292097568512 235
1677118308197 283.87806940078735 236
1677118310226 285.90623593330383 237
1677118310473 286.150057554245 238
1677118312499 288.2129817008972 239
1677118312745 288.4262149333954 240
1677118314822 290.5031282901764 241
1677118315068 290.7500174045563 242
1677118317113 292.7919487953186 243
1677118317355 293.0347545146942 244
1677118319373 295.0502071380615 245
1677118319621 295.3020133972168 246
1677118321641 297.3219563961029 247
1677118321890 297.5709137916565 248
1677118323916 299.59694600105286 249
1677118324163 299.84292793273926 250
1677118326208 301.88477540016174 251
1677118326455 302.1341094970703 252
1677118328451 304.1634638309479 253
1677118328701 304.3799865245819 254
1677118330709 306.390056848526 255
1677118330960 306.639164686203 256
1677118332969 308.64759349823 257
1677118333214 308.89593482017517 258
1677118335272 310.9478003978729 259
1677118335521 311.2004351615906 260
1677118337553 313.2299954891205 261
1677118337799 313.47627210617065 262
1677118339862 315.5385773181915 263
1677118340109 315.78798961639404 264
1677118342145 317.8580038547516 265
1677118342395 318.0737497806549 266
1677118344442 320.1179597377777 267
1677118344691 320.36813020706177 268
1677118346696 322.37489557266235 269
1677118346954 322.63118076324463 270
1677118348991 324.67075777053833 271
1677118349237 324.91720700263977 272
1677118351292 326.9680299758911 273
1677118351539 327.21701192855835 274
1677118353650 329.32618045806885 275
1677118353902 329.5800042152405 276
1677118355958 331.6348674297333 277
1677118356217 331.8908314704895 278
1677118358224 333.9371316432953 279
1677118358470 334.14686274528503 280
1677118360470 336.1462161540985 281
1677118360723 336.4000914096832 282
1677118362751 338.42953610420227 283
1677118363033 338.7099893093109 284
1677118365095 340.7738482952118 285
1677118365347 341.02327966690063 286
1677118367389 343.06680369377136 287
1677118367645 343.3140757083893 288
1677118369731 345.4080617427826 289
1677118369988 345.66798877716064 290
1677118371964 347.67620491981506 291
1677118372209 347.88805985450745 292
1677118374247 349.92467975616455 293
1677118374504 350.1823811531067 294
1677118376504 352.1780068874359 295
1677118376754 352.4317865371704 296
1677118378789 354.4650535583496 297
1677118379039 354.7169497013092 298
1677118381112 356.7910244464874 299
1677118381368 357.0469434261322 300
1677118381620 357.2969403266907 301
