1677118042479 0.0 1
1677118042716 0.0 2
1677118044681 0.0 3
1677118044912 0.0 4
1677118046914 0.0 5
1677118047146 0.0 6
1677118049165 0.0 7
1677118049401 0.0 8
1677118051442 0.0 9
1677118051673 0.0 10
1677118053688 0.0 11
1677118053928 0.0 12
1677118055943 0.0 13
1677118056179 0.0 14
1677118058194 0.0 15
1677118058427 0.0 16
1677118060486 0.0 17
1677118060718 0.0 18
1677118062696 0.0 19
1677118062932 0.0 20
1677118064921 0.0 21
1677118065156 0.0 22
1677118067146 0.0 23
1677118067379 0.0 24
1677118069426 0.0 25
1677118069664 0.0 26
1677118071613 0.0 27
1677118071847 0.0 28
1677118073821 0.0 29
1677118074054 0.0 30
1677118076031 0.0 31
1677118076267 0.0 32
1677118078244 0.0 33
1677118078485 0.0 34
1677118080528 0.0 35
1677118080765 0.0 36
1677118082789 0.0 37
1677118083035 0.0 38
1677118085037 0.0 39
1677118085272 0.0 40
1677118087256 0.0 41
1677118087496 0.0 42
1677118089534 0.0 43
1677118089772 0.0 44
1677118091784 0.0 45
1677118092018 0.0 46
1677118094024 0.0 47
1677118094262 0.0 48
1677118096309 0.0 49
1677118096554 0.0 50
1677118098585 0.0 51
1677118098821 0.0 52
1677118100839 0.0 53
1677118101071 0.0 54
1677118103063 0.0 55
1677118103304 0.0 56
1677118105324 0.0 57
1677118105567 0.0 58
1677118107670 0.0 59
1677118107907 0.0 60
1677118109937 0.0 61
1677118110176 0.0 62
1677118112178 0.0 63
1677118112425 0.0 64
1677118114443 0.0 65
1677118114681 0.0 66
1677118116678 0.0 67
1677118116947 0.0 68
1677118118948 0.0 69
1677118119200 0.0 70
1677118121235 0.0 71
1677118121472 0.0 72
1677118123456 0.0 73
1677118123696 0.0 74
1677118125692 0.0 75
1677118125928 0.0 76
1677118127992 0.0 77
1677118128232 0.0 78
1677118130279 0.0 79
1677118130519 0.0 80
1677118132514 0.0 81
1677118132749 0.0 82
1677118134783 0.0 83
1677118135016 0.0 84
1677118137069 0.0 85
1677118137306 0.0 86
1677118139321 0.0 87
1677118139558 0.0 88
1677118141600 0.0 89
1677118141844 0.0 90
1677118143887 0.0 91
1677118144130 0.0 92
1677118146155 0.0 93
1677118146389 0.0 94
1677118148347 0.0 95
1677118148585 0.0 96
1677118150579 0.0 97
1677118150824 0.0 98
1677118152805 0.0 99
1677118153046 0.0 100
1677118155040 0.0 101
1677118155280 0.0 102
1677118157331 0.0 103
1677118157581 0.0 104
1677118159605 0.0 105
1677118159846 0.0 106
1677118161876 0.0 107
1677118162116 0.0 108
1677118164106 0.0 109
1677118164353 0.0 110
1677118166349 0.0 111
1677118166588 0.0 112
1677118168625 0.0 113
1677118168866 0.0 114
1677118170998 0.0 115
1677118171248 0.0 116
1677118173317 0.0 117
1677118173557 0.0 118
1677118175616 0.0 119
1677118175855 0.0 120
1677118177865 0.0 121
1677118178110 0.0 122
1677118180161 0.0 123
1677118180402 0.0 124
1677118182479 0.0 125
1677118182722 0.0 126
1677118184766 0.0 127
1677118185015 0.0 128
1677118187081 0.0 129
1677118187326 0.0 130
1677118189370 0.0 131
1677118189622 0.0 132
1677118191605 0.0 133
1677118191849 0.0 134
1677118193862 0.0 135
1677118194105 0.0 136
1677118196114 0.0 137
1677118196357 0.0 138
1677118198393 0.0 139
1677118198647 0.0 140
1677118200657 0.0 141
1677118200900 0.0 142
1677118202903 0.0 143
1677118203144 0.0 144
1677118205140 0.0 145
1677118205392 0.0 146
1677118207409 0.0 147
1677118207650 0.0 148
1677118209724 0.0 149
1677118209967 0.0 150
1677118211965 0.0 151
1677118212213 0.0 152
1677118214235 0.0 153
1677118214474 0.0 154
1677118216480 0.0 155
1677118216724 0.0 156
1677118218798 0.0 157
1677118219044 0.0 158
1677118221107 0.0 159
1677118221348 0.0 160
1677118223342 0.0 161
1677118223590 0.0 162
1677118225665 0.0 163
1677118225911 0.0 164
1677118227954 0.0 165
1677118228197 0.0 166
1677118230228 0.0 167
1677118230468 0.0 168
1677118232471 0.0 169
1677118232722 0.0 170
1677118234791 0.0 171
1677118235037 0.0 172
1677118237094 0.0 173
1677118237339 0.0 174
1677118239397 0.0 175
1677118239648 0.0 176
1677118241685 0.0 177
1677118241927 0.0 178
1677118243961 0.0 179
1677118244204 0.0 180
1677118246259 0.0 181
1677118246510 0.0 182
1677118248606 0.0 183
1677118248851 0.0 184
1677118250899 0.0 185
1677118251141 0.0 186
1677118253155 0.0 187
1677118253401 0.0 188
1677118255427 0.0 189
1677118255666 0.0 190
1677118257715 0.0 191
1677118257959 0.0 192
1677118259981 0.0 193
1677118260229 0.0 194
1677118262261 0.0 195
1677118262504 0.0 196
1677118264524 0.0 197
1677118264774 0.0 198
1677118266823 0.0 199
1677118267072 0.0 200
1677118269083 0.0 201
1677118269328 0.0 202
1677118271358 0.0 203
1677118271604 0.0 204
1677118273635 0.0 205
1677118273883 0.0 206
1677118275940 0.0 207
1677118276181 0.0 208
1677118278240 0.0 209
1677118278499 0.0 210
1677118280475 0.0 211
1677118280725 0.0 212
1677118282776 0.0 213
1677118283025 0.0 214
1677118285075 0.0 215
1677118285323 0.0 216
1677118287355 0.0 217
1677118287604 0.0 218
1677118289642 0.0 219
1677118289889 0.0 220
1677118291938 0.0 221
1677118292186 0.0 222
1677118294181 0.0 223
1677118294449 0.0 224
1677118296480 0.0 225
1677118296697 0.0 226
1677118298743 0.0 227
1677118298986 0.0 228
1677118301006 0.0 229
1677118301258 0.0 230
1677118303372 0.0 231
1677118303621 0.0 232
1677118305673 0.0 233
1677118305923 0.0 234
1677118307952 0.0 235
1677118308198 0.0 236
1677118310227 0.0 237
1677118310475 0.0 238
1677118312500 0.0 239
1677118312747 0.0 240
1677118314823 0.0 241
1677118315069 0.0 242
1677118317114 0.0 243
1677118317356 0.0 244
1677118319374 0.0 245
1677118319623 0.0 246
1677118321642 0.0 247
1677118321892 0.0 248
1677118323917 0.0 249
1677118324164 0.0 250
1677118326209 0.0 251
1677118326457 0.0 252
1677118328452 0.0 253
1677118328703 0.0 254
1677118330710 0.0 255
1677118330961 0.0 256
1677118332970 0.0 257
1677118333216 0.0 258
1677118335273 0.0 259
1677118335522 0.0 260
1677118337555 0.0 261
1677118337800 0.0 262
1677118339864 0.0 263
1677118340110 0.0 264
1677118342147 0.0 265
1677118342397 0.0 266
1677118344443 0.0 267
1677118344692 0.0 268
1677118346697 0.0 269
1677118346955 0.0 270
1677118348992 0.0 271
1677118349239 0.0 272
1677118351293 0.0 273
1677118351540 0.0 274
1677118353651 0.0 275
1677118353904 0.0 276
1677118355960 0.0 277
1677118356219 0.0 278
1677118358226 0.0 279
1677118358472 0.0 280
1677118360472 0.0 281
1677118360726 0.0 282
1677118362753 0.0 283
1677118363035 0.0 284
1677118365097 0.0 285
1677118365348 0.0 286
1677118367390 0.0 287
1677118367646 0.0 288
1677118369732 0.0 289
1677118369990 0.0 290
1677118371965 0.0 291
1677118372210 0.0 292
1677118374249 0.0 293
1677118374505 0.0 294
1677118376506 0.0 295
1677118376755 0.0 296
1677118378789 0.0 297
1677118379040 0.0 298
1677118381114 0.0 299
1677118381370 0.0 300
1677118381621 0.0 301
