1677118042461 64.41037215923213 1
1677118044670 57.84955291914878 3
1677118046903 57.8479398875203 5
1677118049154 57.84959784151302 7
1677118051431 57.851932338000346 9
1677118053677 57.84356641454089 11
1677118055932 57.85556058031674 13
1677118058183 57.84515922235438 15
1677118060466 57.850850781226846 17
1677118062685 57.84455514257549 19
1677118064910 57.84520933079538 21
1677118067135 57.84508435209907 23
1677118069415 57.842980321285225 25
1677118071602 57.84595700030389 27
1677118073801 57.83837264868722 29
1677118076020 57.83792865076906 31
1677118078232 57.83474081136763 33
1677118080518 57.82858427399331 35
1677118082777 57.828492716836905 37
1677118085027 57.831204469416825 39
1677118087245 57.82297826134267 41
1677118089523 57.82198669753587 43
1677118091773 57.81973689025241 45
1677118094013 57.81799609998344 47
1677118096297 57.81945687336292 49
1677118098573 57.81798847475968 51
1677118100827 57.811044557367744 53
1677118103051 57.811549988775866 55
1677118105312 57.81003027250968 57
1677118107659 57.810742111280426 59
1677118109926 57.81112793916068 61
1677118112167 57.809682420801494 63
1677118114432 57.805623689793144 65
1677118116666 57.80711056269876 67
1677118118937 57.8069172302997 69
1677118121224 57.80476821918308 71
1677118123444 57.805001471182514 73
1677118125681 57.80438279616907 75
1677118127981 57.801038535084665 77
1677118130268 57.8024480126098 79
1677118132503 57.80173254559533 81
1677118134771 57.803737039438154 83
1677118137058 57.80096692878391 85
1677118139310 57.802620812456354 87
1677118141590 57.80289950776434 89
1677118143876 57.79993776904867 91
1677118146144 57.80227468081413 93
1677118148336 57.79907652825297 95
1677118150567 57.80004831215546 97
1677118152794 57.80036838854201 99
1677118155028 57.80118637070891 101
1677118157321 57.80194367256168 103
1677118159594 57.80106346895582 105
1677118161866 57.80016346461693 107
1677118164095 57.79844605247147 109
1677118166337 57.80022381425931 111
1677118168614 57.80175614871432 113
1677118170987 57.79997855094329 115
1677118173306 57.80010031814629 117
1677118175604 57.80049568598572 119
1677118177855 57.79966810471511 121
1677118180150 57.79896953522564 123
1677118182467 57.79766046764395 125
1677118184755 57.80157148257339 127
1677118187069 57.79667144861017 129
1677118189357 57.797373560038565 131
1677118191594 57.8002402781498 133
1677118193851 57.80073717199067 135
1677118196104 57.79863874975766 137
1677118198383 57.80006127762374 139
1677118200644 57.800850565994985 141
1677118202892 57.80156815977579 143
1677118205127 57.79883468084825 145
1677118207397 57.79745450876477 147
1677118209712 57.80242080612096 149
1677118211954 57.7998403422614 151
1677118214223 57.80002783060696 153
1677118216469 57.80085997058 155
1677118218787 57.79816015992108 157
1677118221097 57.79936848168668 159
1677118223331 57.79671791023998 161
1677118225654 57.79879211155234 163
1677118227942 57.79936191267286 165
1677118230218 57.80070603201298 167
1677118232460 57.801777411453166 169
1677118234780 57.79705184916222 171
1677118237083 57.800251117530124 173
1677118239386 57.800939933446614 175
1677118241674 57.80114738797414 177
1677118243949 57.80200174790299 179
1677118246248 57.800144747605856 181
1677118248595 57.79948778270805 183
1677118250887 57.79923809586277 185
1677118253145 57.79975539793703 187
1677118255416 57.801945201199324 189
1677118257703 57.80050307829959 191
1677118259970 57.80025844100115 193
1677118262250 57.80093433275506 195
1677118264513 57.800033054371404 197
1677118266812 57.80007689766183 199
1677118269072 57.800138871743954 201
1677118271345 57.79885135277476 203
1677118273624 57.79935652031883 205
1677118275928 57.80099289961917 207
1677118278228 57.80005056135653 209
1677118280464 57.79975845682033 211
1677118282765 57.800932419426644 213
1677118285063 57.80100291821195 215
1677118287344 57.80062661863282 217
1677118289630 57.7988379836965 219
1677118291926 57.8008574402288 221
1677118294170 57.79933393675224 223
1677118296467 57.79969752512934 225
1677118298732 57.80014054537868 227
1677118300996 57.79954158504472 229
1677118303361 57.80027191530343 231
1677118305662 57.800294394952516 233
1677118307940 57.8002739415944 235
1677118310216 57.7999950400594 237
1677118312489 57.79984390178791 239
1677118314812 57.80156022109099 241
1677118317103 57.79864100353149 243
1677118319362 57.79956325656933 245
1677118321631 57.80067214334677 247
1677118323906 57.797630269154894 249
1677118326197 57.80011899154015 251
1677118328440 57.798213606988504 253
1677118330699 57.80114078941318 255
1677118332960 57.80136849418733 257
1677118335261 57.79724184680413 259
1677118337543 57.80046013805636 261
1677118339850 57.798084890075806 263
1677118342135 57.799432079806536 265
1677118344430 57.8016774559227 267
1677118346686 57.797886670337704 269
1677118348981 57.800049015307174 271
1677118351282 57.79890288731778 273
1677118353640 57.79835233194143 275
1677118355947 57.800686314820986 277
1677118358214 57.800703253777314 279
1677118360460 57.7978840463703 281
1677118362741 57.79906638629583 283
1677118365086 57.80010991815452 285
1677118367380 57.79925635479259 287
1677118369721 57.800575066602725 289
1677118371954 57.79973891032842 291
1677118374238 57.79989771638564 293
1677118376493 57.80009461665275 295
1677118378780 57.80021726484309 297
1677118381102 57.79764426907476 299
