1679938450558 20.093814849853516 1
1679938450747 0.1572895050048828 2
1679938451508 0.7774040699005127 3
1679938451644 0.1363527774810791 4
1679938452268 0.6240434646606445 5
1679938452414 0.13916850090026855 6
1679938453188 0.776350736618042 7
1679938453335 0.14944863319396973 8
1679938454014 0.6801283359527588 9
1679938454154 0.13741064071655273 10
1679938454762 0.6106624603271484 11
1679938454900 0.13600802421569824 12
1679938455524 0.6257238388061523 13
1679938455661 0.13717365264892578 14
1679938456448 0.7672452926635742 15
1679938456590 0.16085147857666016 16
1679938457310 0.7179379463195801 17
1679938457501 0.16900992393493652 18
1679938458225 0.7467737197875977 19
1679938458365 0.14107179641723633 20
1679938459033 0.6600337028503418 21
1679938459192 0.16489171981811523 22
1679938459817 0.6261489391326904 23
1679938459963 0.1459059715270996 24
1679938460591 0.6291368007659912 25
1679938460733 0.14047646522521973 26
1679938461534 0.8026583194732666 27
1679938461690 0.14541244506835938 28
1679938462404 0.7144055366516113 29
1679938462609 0.1919572353363037 30
1679938463411 0.8177304267883301 31
1679938463575 0.1615159511566162 32
1679938464293 0.7198977470397949 33
1679938464448 0.15593385696411133 34
1679938465138 0.6929388046264648 35
1679938465301 0.1568775177001953 36
1679938466092 0.7942996025085449 37
1679938466280 0.16577649116516113 38
1679938467052 0.7971651554107666 39
1679938467196 0.1424415111541748 40
1679938467820 0.6277351379394531 41
1679938467971 0.14471650123596191 42
1679938468695 0.7280850410461426 43
1679938468844 0.14983248710632324 44
1679938469488 0.6409740447998047 45
1679938469631 0.14714741706848145 46
1679938470348 0.715867280960083 47
1679938470492 0.14238977432250977 48
1679938471134 0.6413881778717041 49
1679938471313 0.1762073040008545 50
1679938472092 0.7745513916015625 51
1679938472240 0.15268874168395996 52
1679938472895 0.6581807136535645 53
1679938473049 0.14994573593139648 54
1679938473841 0.7938814163208008 55
1679938473988 0.15035653114318848 56
1679938474721 0.7334086894989014 57
1679938474861 0.14004158973693848 58
1679938475488 0.6265773773193359 59
1679938475635 0.14270782470703125 60
1679938476290 0.6564993858337402 61
1679938476468 0.15933513641357422 62
1679938477176 0.7279746532440186 63
1679938477319 0.14440107345581055 64
1679938477965 0.6468400955200195 65
1679938478141 0.1535046100616455 66
1679938478885 0.7642323970794678 67
1679938479117 0.23102784156799316 68
1679938479735 0.6208982467651367 69
1679938479878 0.14210081100463867 70
1679938480523 0.6408431529998779 71
1679938480662 0.14296603202819824 72
1679938481296 0.6342074871063232 73
1679938481481 0.16594767570495605 74
1679938482177 0.7144896984100342 75
1679938482330 0.15144085884094238 76
1679938482965 0.6339623928070068 77
1679938483125 0.15410280227661133 78
1679938483983 0.8629448413848877 79
1679938484144 0.1620478630065918 80
1679938484763 0.6221883296966553 81
1679938484912 0.14493370056152344 82
1679938485551 0.6398110389709473 83
1679938485783 0.23296785354614258 84
1679938486449 0.6650211811065674 85
1679938486628 0.1632990837097168 86
1679938487359 0.7459011077880859 87
1679938487507 0.14888429641723633 88
1679938488135 0.630021333694458 89
1679938488285 0.144881010055542 90
1679938489047 0.7630467414855957 91
1679938489195 0.14749932289123535 92
1679938489834 0.6403803825378418 93
1679938489976 0.14516377449035645 94
1679938490698 0.7152302265167236 95
1679938490840 0.1491250991821289 96
1679938491515 0.6746180057525635 97
1679938491701 0.1774735450744629 98
1679938492570 0.8660743236541748 99
1679938492733 0.16536474227905273 100
1679938493432 0.6980700492858887 101
1679938493633 0.18498468399047852 102
1679938494465 0.8527994155883789 103
1679938494641 0.16823339462280273 104
1679938495413 0.7741196155548096 105
1679938495574 0.16402149200439453 106
1679938496273 0.6968207359313965 107
1679938496445 0.17239785194396973 108
1679938497136 0.6988785266876221 109
1679938497314 0.15647172927856445 110
1679938498098 0.8011746406555176 111
1679938498253 0.16016459465026855 112
1679938498917 0.6648998260498047 113
1679938499101 0.17020082473754883 114
1679938499845 0.7518386840820312 115
1679938499999 0.15491533279418945 116
1679938500634 0.6342065334320068 117
1679938500802 0.16689705848693848 118
1679938501460 0.6624267101287842 119
1679938501610 0.14933538436889648 120
1679938502325 0.7162699699401855 121
1679938502534 0.18941783905029297 122
1679938503267 0.7526400089263916 123
1679938503420 0.14847970008850098 124
1679938504078 0.66046142578125 125
1679938504251 0.15207862854003906 126
1679938504955 0.7280073165893555 127
1679938505099 0.14433073997497559 128
1679938505725 0.6224868297576904 129
1679938505876 0.15007543563842773 130
1679938506600 0.728034496307373 131
1679938506761 0.15323567390441895 132
1679938507401 0.6446306705474854 133
1679938507577 0.1569521427154541 134
1679938508331 0.7723119258880615 135
1679938508490 0.15783023834228516 136
1679938509139 0.6509745121002197 137
1679938509310 0.15120267868041992 138
1679938510101 0.8127038478851318 139
1679938510249 0.14531254768371582 140
1679938510855 0.6098370552062988 141
1679938511022 0.16002631187438965 142
1679938511678 0.6580057144165039 143
1679938511827 0.15377163887023926 144
1679938512454 0.6220791339874268 145
1679938512631 0.15781474113464355 146
1679938513343 0.7341434955596924 147
1679938513497 0.15333914756774902 148
1679938514217 0.7199552059173584 149
1679938514373 0.152299165725708 150
1679938515093 0.7214465141296387 151
1679938515247 0.1519927978515625 152
1679938515862 0.6209697723388672 153
1679938516015 0.1491405963897705 154
1679938516740 0.7284274101257324 155
1679938516885 0.14454340934753418 156
1679938517520 0.6288690567016602 157
1679938517722 0.18803095817565918 158
1679938518475 0.7709875106811523 159
1679938518633 0.1571667194366455 160
1679938519279 0.6470150947570801 161
1679938519456 0.14879775047302246 162
1679938520200 0.7680459022521973 163
1679938520345 0.14941692352294922 164
1679938521062 0.7137329578399658 165
1679938521228 0.16789913177490234 166
1679938521873 0.643928050994873 167
1679938522041 0.16107678413391113 168
1679938522795 0.7551476955413818 169
1679938523004 0.18853211402893066 170
1679938523906 0.9164760112762451 171
1679938524080 0.1757667064666748 172
1679938524813 0.7359583377838135 173
1679938524997 0.180894136428833 174
1679938525807 0.8101983070373535 175
1679938525973 0.16993474960327148 176
1679938526780 0.8050687313079834 177
1679938526941 0.16564297676086426 178
1679938527619 0.6823315620422363 179
1679938527774 0.15326881408691406 180
1679938528405 0.6297228336334229 181
1679938528599 0.1768195629119873 182
1679938529483 0.9033243656158447 183
1679938529636 0.15282583236694336 184
1679938530287 0.6517581939697266 185
1679938530482 0.16739463806152344 186
1679938531211 0.7560064792633057 187
1679938531371 0.15874385833740234 188
1679938532021 0.6540927886962891 189
1679938532174 0.14604830741882324 190
1679938532812 0.639965295791626 191
1679938532969 0.1559913158416748 192
1679938533719 0.7539148330688477 193
1679938533912 0.1669449806213379 194
1679938534668 0.7783446311950684 195
1679938534832 0.15932393074035645 196
1679938535455 0.6345903873443604 197
1679938535645 0.16298460960388184 198
1679938536398 0.7728872299194336 199
1679938536553 0.15057778358459473 200
1679938537191 0.6458249092102051 201
1679938537344 0.15214037895202637 202
1679938538087 0.7445504665374756 203
1679938538242 0.14890670776367188 204
1679938538894 0.65606689453125 205
1679938539080 0.15926170349121094 206
1679938539772 0.7199268341064453 207
1679938539930 0.15172886848449707 208
1679938540559 0.6271488666534424 209
1679938540743 0.17884612083435059 210
1679938541519 0.7861428260803223 211
1679938541680 0.16282081604003906 212
1679938542387 0.7070107460021973 213
1679938542536 0.14821982383728027 214
1679938543153 0.6183750629425049 215
1679938543304 0.15055179595947266 216
1679938543962 0.6580688953399658 217
1679938544153 0.17077970504760742 218
1679938544832 0.7001199722290039 219
1679938544987 0.15189576148986816 220
1679938545660 0.6732499599456787 221
1679938545851 0.17886829376220703 222
1679938546699 0.8637523651123047 223
1679938546851 0.1521158218383789 224
1679938547462 0.609346866607666 225
1679938547617 0.15465188026428223 226
1679938548260 0.6451945304870605 227
1679938548413 0.14972329139709473 228
1679938549069 0.6590659618377686 229
1679938549248 0.16578888893127441 230
1679938550002 0.763131856918335 231
1679938550156 0.15762734413146973 232
1679938550879 0.7180147171020508 233
1679938551091 0.18133902549743652 234
1679938551900 0.8355286121368408 235
1679938552087 0.17442846298217773 236
1679938552836 0.7554206848144531 237
1679938553024 0.18483543395996094 238
1679938553754 0.7381813526153564 239
1679938553932 0.17569994926452637 240
1679938554664 0.7359321117401123 241
1679938554882 0.19424223899841309 242
1679938555781 0.9180305004119873 243
1679938555957 0.17704010009765625 244
1679938556745 0.7893478870391846 245
1679938556896 0.1623857021331787 246
1679938557524 0.6271400451660156 247
1679938557675 0.1500229835510254 248
1679938558338 0.6590576171875 249
1679938558507 0.1668686866760254 250
1679938559178 0.674957275390625 251
1679938559338 0.1598067283630371 252
1679938560062 0.712277889251709 253
1679938560251 0.1949777603149414 254
1679938561031 0.7825374603271484 255
1679938561203 0.16972875595092773 256
1679938561923 0.7251577377319336 257
1679938562086 0.15944838523864746 258
1679938562742 0.6623280048370361 259
1679938562922 0.16486573219299316 260
1679938563561 0.6473233699798584 261
1679938563717 0.16229867935180664 262
1679938564393 0.6716969013214111 263
1679938564630 0.2395319938659668 264
1679938565326 0.6946055889129639 265
1679938565531 0.18647313117980957 266
1679938566263 0.7475545406341553 267
1679938566464 0.18594622611999512 268
1679938567323 0.8774182796478271 269
1679938567480 0.15584945678710938 270
1679938568229 0.7462437152862549 271
1679938568395 0.17188572883605957 272
1679938569048 0.6441679000854492 273
1679938569207 0.16078567504882812 274
1679938569926 0.7233834266662598 275
1679938570111 0.1797468662261963 276
1679938570806 0.6978938579559326 277
1679938570992 0.18518757820129395 278
1679938571688 0.7018942832946777 279
1679938571865 0.15413475036621094 280
1679938572573 0.7287623882293701 281
1679938572720 0.15093731880187988 282
1679938573420 0.6999845504760742 283
1679938573575 0.148024320602417 284
1679938574275 0.7009811401367188 285
1679938574442 0.16414165496826172 286
1679938575119 0.7220039367675781 287
1679938575294 0.12402129173278809 288
1679938575942 0.660067081451416 289
1679938576168 0.18694067001342773 290
1679938577146 1.0182125568389893 291
1679938577359 0.1876053810119629 292
1679938578177 0.8322978019714355 293
1679938578374 0.19376897811889648 294
1679938579030 0.6660795211791992 295
1679938579198 0.17017364501953125 296
1679938579890 0.6808254718780518 297
1679938580067 0.1780993938446045 298
1679938580791 0.719447135925293 299
1679938580967 0.18449997901916504 300
1679938581159 0.15471839904785156 301
