1679938450573 1679938450.0 1
1679938450757 1679938450.0 2
1679938451514 1679938451.0 3
1679938451652 1679938451.0 4
1679938452275 1679938452.0 5
1679938452420 1679938452.0 6
1679938453195 1679938453.0 7
1679938453341 1679938453.0 8
1679938454021 1679938453.0 9
1679938454161 1679938454.0 10
1679938454769 1679938454.0 11
1679938454907 1679938454.0 12
1679938455530 1679938455.0 13
1679938455668 1679938455.0 14
1679938456457 1679938456.0 15
1679938456597 1679938456.0 16
1679938457323 1679938457.0 17
1679938457510 1679938457.0 18
1679938458231 1679938458.0 19
1679938458372 1679938458.0 20
1679938459040 1679938458.0 21
1679938459198 1679938459.0 22
1679938459823 1679938459.0 23
1679938459970 1679938459.0 24
1679938460598 1679938460.0 25
1679938460740 1679938460.0 26
1679938461541 1679938461.0 27
1679938461698 1679938461.0 28
1679938462412 1679938462.0 29
1679938462617 1679938462.0 30
1679938463419 1679938463.0 31
1679938463583 1679938463.0 32
1679938464300 1679938464.0 33
1679938464464 1679938464.0 34
1679938465145 1679938465.0 35
1679938465308 1679938465.0 36
1679938466099 1679938466.0 37
1679938466288 1679938466.0 38
1679938467059 1679938467.0 39
1679938467203 1679938467.0 40
1679938467827 1679938467.0 41
1679938467980 1679938467.0 42
1679938468702 1679938468.0 43
1679938468850 1679938468.0 44
1679938469496 1679938469.0 45
1679938469638 1679938469.0 46
1679938470354 1679938470.0 47
1679938470499 1679938470.0 48
1679938471141 1679938471.0 49
1679938471320 1679938471.0 50
1679938472100 1679938472.0 51
1679938472245 1679938472.0 52
1679938472902 1679938472.0 53
1679938473056 1679938473.0 54
1679938473849 1679938473.0 55
1679938473995 1679938473.0 56
1679938474727 1679938474.0 57
1679938474868 1679938474.0 58
1679938475495 1679938475.0 59
1679938475641 1679938475.0 60
1679938476297 1679938476.0 61
1679938476476 1679938476.0 62
1679938477182 1679938477.0 63
1679938477326 1679938477.0 64
1679938477972 1679938477.0 65
1679938478151 1679938478.0 66
1679938478892 1679938478.0 67
1679938479124 1679938479.0 68
1679938479742 1679938479.0 69
1679938479884 1679938479.0 70
1679938480530 1679938480.0 71
1679938480668 1679938480.0 72
1679938481303 1679938481.0 73
1679938481488 1679938481.0 74
1679938482185 1679938482.0 75
1679938482336 1679938482.0 76
1679938482972 1679938482.0 77
1679938483132 1679938483.0 78
1679938483993 1679938483.0 79
1679938484151 1679938484.0 80
1679938484769 1679938484.0 81
1679938484919 1679938484.0 82
1679938485557 1679938485.0 83
1679938485790 1679938485.0 84
1679938486457 1679938486.0 85
1679938486635 1679938486.0 86
1679938487366 1679938487.0 87
1679938487513 1679938487.0 88
1679938488141 1679938488.0 89
1679938488297 1679938488.0 90
1679938489055 1679938488.0 91
1679938489202 1679938489.0 92
1679938489841 1679938489.0 93
1679938489983 1679938489.0 94
1679938490705 1679938490.0 95
1679938490848 1679938490.0 96
1679938491522 1679938491.0 97
1679938491708 1679938491.0 98
1679938492579 1679938492.0 99
1679938492741 1679938492.0 100
1679938493440 1679938493.0 101
1679938493643 1679938493.0 102
1679938494474 1679938494.0 103
1679938494648 1679938494.0 104
1679938495420 1679938495.0 105
1679938495580 1679938495.0 106
1679938496280 1679938496.0 107
1679938496452 1679938496.0 108
1679938497143 1679938497.0 109
1679938497323 1679938497.0 110
1679938498105 1679938498.0 111
1679938498261 1679938498.0 112
1679938498923 1679938498.0 113
1679938499107 1679938499.0 114
1679938499852 1679938499.0 115
1679938500009 1679938499.0 116
1679938500643 1679938500.0 117
1679938500811 1679938500.0 118
1679938501467 1679938501.0 119
1679938501617 1679938501.0 120
1679938502334 1679938502.0 121
1679938502542 1679938502.0 122
1679938503273 1679938503.0 123
1679938503427 1679938503.0 124
1679938504085 1679938504.0 125
1679938504258 1679938504.0 126
1679938504964 1679938504.0 127
1679938505106 1679938505.0 128
1679938505732 1679938505.0 129
1679938505882 1679938505.0 130
1679938506607 1679938506.0 131
1679938506767 1679938506.0 132
1679938507408 1679938507.0 133
1679938507584 1679938507.0 134
1679938508337 1679938508.0 135
1679938508498 1679938508.0 136
1679938509147 1679938509.0 137
1679938509319 1679938509.0 138
1679938510107 1679938510.0 139
1679938510256 1679938510.0 140
1679938510862 1679938510.0 141
1679938511029 1679938510.0 142
1679938511684 1679938511.0 143
1679938511833 1679938511.0 144
1679938512461 1679938512.0 145
1679938512639 1679938512.0 146
1679938513350 1679938513.0 147
1679938513504 1679938513.0 148
1679938514223 1679938514.0 149
1679938514382 1679938514.0 150
1679938515100 1679938515.0 151
1679938515254 1679938515.0 152
1679938515869 1679938515.0 153
1679938516021 1679938515.0 154
1679938516747 1679938516.0 155
1679938516893 1679938516.0 156
1679938517527 1679938517.0 157
1679938517730 1679938517.0 158
1679938518483 1679938518.0 159
1679938518640 1679938518.0 160
1679938519287 1679938519.0 161
1679938519464 1679938519.0 162
1679938520206 1679938520.0 163
1679938520351 1679938520.0 164
1679938521069 1679938521.0 165
1679938521234 1679938521.0 166
1679938521881 1679938521.0 167
1679938522049 1679938521.0 168
1679938522804 1679938522.0 169
1679938523013 1679938522.0 170
1679938523913 1679938523.0 171
1679938524087 1679938524.0 172
1679938524820 1679938524.0 173
1679938525004 1679938524.0 174
1679938525815 1679938525.0 175
1679938525980 1679938525.0 176
1679938526787 1679938526.0 177
1679938526950 1679938526.0 178
1679938527628 1679938527.0 179
1679938527781 1679938527.0 180
1679938528412 1679938528.0 181
1679938528606 1679938528.0 182
1679938529491 1679938529.0 183
1679938529642 1679938529.0 184
1679938530293 1679938530.0 185
1679938530491 1679938530.0 186
1679938531218 1679938531.0 187
1679938531379 1679938531.0 188
1679938532028 1679938531.0 189
1679938532181 1679938532.0 190
1679938532819 1679938532.0 191
1679938532976 1679938532.0 192
1679938533725 1679938533.0 193
1679938533920 1679938533.0 194
1679938534675 1679938534.0 195
1679938534839 1679938534.0 196
1679938535462 1679938535.0 197
1679938535654 1679938535.0 198
1679938536404 1679938536.0 199
1679938536559 1679938536.0 200
1679938537197 1679938537.0 201
1679938537351 1679938537.0 202
1679938538095 1679938538.0 203
1679938538249 1679938538.0 204
1679938538900 1679938538.0 205
1679938539091 1679938539.0 206
1679938539779 1679938539.0 207
1679938539939 1679938539.0 208
1679938540567 1679938540.0 209
1679938540751 1679938540.0 210
1679938541525 1679938541.0 211
1679938541688 1679938541.0 212
1679938542394 1679938542.0 213
1679938542543 1679938542.0 214
1679938543160 1679938543.0 215
1679938543311 1679938543.0 216
1679938543969 1679938543.0 217
1679938544163 1679938544.0 218
1679938544839 1679938544.0 219
1679938544994 1679938544.0 220
1679938545667 1679938545.0 221
1679938545858 1679938545.0 222
1679938546705 1679938546.0 223
1679938546858 1679938546.0 224
1679938547469 1679938547.0 225
1679938547624 1679938547.0 226
1679938548268 1679938548.0 227
1679938548419 1679938548.0 228
1679938549076 1679938549.0 229
1679938549258 1679938549.0 230
1679938550011 1679938549.0 231
1679938550166 1679938550.0 232
1679938550888 1679938550.0 233
1679938551100 1679938551.0 234
1679938551908 1679938551.0 235
1679938552095 1679938552.0 236
1679938552843 1679938552.0 237
1679938553033 1679938552.0 238
1679938553763 1679938553.0 239
1679938553939 1679938553.0 240
1679938554671 1679938554.0 241
1679938554892 1679938554.0 242
1679938555788 1679938555.0 243
1679938555964 1679938555.0 244
1679938556753 1679938556.0 245
1679938556903 1679938556.0 246
1679938557530 1679938557.0 247
1679938557682 1679938557.0 248
1679938558352 1679938558.0 249
1679938558514 1679938558.0 250
1679938559186 1679938559.0 251
1679938559345 1679938559.0 252
1679938560070 1679938559.0 253
1679938560258 1679938560.0 254
1679938561037 1679938560.0 255
1679938561211 1679938561.0 256
1679938561930 1679938561.0 257
1679938562095 1679938562.0 258
1679938562749 1679938562.0 259
1679938562928 1679938562.0 260
1679938563569 1679938563.0 261
1679938563725 1679938563.0 262
1679938564399 1679938564.0 263
1679938564636 1679938564.0 264
1679938565333 1679938565.0 265
1679938565539 1679938565.0 266
1679938566270 1679938566.0 267
1679938566471 1679938566.0 268
1679938567330 1679938567.0 269
1679938567486 1679938567.0 270
1679938568236 1679938568.0 271
1679938568402 1679938568.0 272
1679938569054 1679938568.0 273
1679938569215 1679938569.0 274
1679938569936 1679938569.0 275
1679938570117 1679938570.0 276
1679938570813 1679938570.0 277
1679938571000 1679938570.0 278
1679938571695 1679938571.0 279
1679938571872 1679938571.0 280
1679938572579 1679938572.0 281
1679938572729 1679938572.0 282
1679938573427 1679938573.0 283
1679938573582 1679938573.0 284
1679938574282 1679938574.0 285
1679938574451 1679938574.0 286
1679938575125 1679938575.0 287
1679938575301 1679938575.0 288
1679938575949 1679938575.0 289
1679938576176 1679938576.0 290
1679938577153 1679938577.0 291
1679938577372 1679938577.0 292
1679938578185 1679938578.0 293
1679938578383 1679938578.0 294
1679938579037 1679938578.0 295
1679938579204 1679938579.0 296
1679938579897 1679938579.0 297
1679938580075 1679938580.0 298
1679938580799 1679938580.0 299
1679938580975 1679938580.0 300
1679938581168 1679938581.0 301
