1679938450564 1.0 1
1679938450754 2.0 2
1679938451512 3.0 3
1679938451649 4.0 4
1679938452272 5.0 5
1679938452418 6.0 6
1679938453192 7.0 7
1679938453339 8.0 8
1679938454019 9.0 9
1679938454158 10.0 10
1679938454767 11.0 11
1679938454905 12.0 12
1679938455528 13.0 13
1679938455666 14.0 14
1679938456454 15.0 15
1679938456594 16.0 16
1679938457321 17.0 17
1679938457508 18.0 18
1679938458229 19.0 19
1679938458369 20.0 20
1679938459038 21.0 21
1679938459196 22.0 22
1679938459821 23.0 23
1679938459968 24.0 24
1679938460595 25.0 25
1679938460738 26.0 26
1679938461538 27.0 27
1679938461695 28.0 28
1679938462409 29.0 29
1679938462614 30.0 30
1679938463417 31.0 31
1679938463580 32.0 32
1679938464298 33.0 33
1679938464461 34.0 34
1679938465142 35.0 35
1679938465306 36.0 36
1679938466097 37.0 37
1679938466286 38.0 38
1679938467057 39.0 39
1679938467201 40.0 40
1679938467824 41.0 41
1679938467977 42.0 42
1679938468699 43.0 43
1679938468848 44.0 44
1679938469492 45.0 45
1679938469636 46.0 46
1679938470352 47.0 47
1679938470497 48.0 48
1679938471138 49.0 49
1679938471318 50.0 50
1679938472097 51.0 51
1679938472244 52.0 52
1679938472900 53.0 53
1679938473053 54.0 54
1679938473847 55.0 55
1679938473993 56.0 56
1679938474725 57.0 57
1679938474866 58.0 58
1679938475492 59.0 59
1679938475638 60.0 60
1679938476295 61.0 61
1679938476473 62.0 62
1679938477180 63.0 63
1679938477324 64.0 64
1679938477970 65.0 65
1679938478148 66.0 66
1679938478890 67.0 67
1679938479121 68.0 68
1679938479739 69.0 69
1679938479882 70.0 70
1679938480528 71.0 71
1679938480666 72.0 72
1679938481301 73.0 73
1679938481486 74.0 74
1679938482183 75.0 75
1679938482334 76.0 76
1679938482970 77.0 77
1679938483130 78.0 78
1679938483990 79.0 79
1679938484148 80.0 80
1679938484767 81.0 81
1679938484917 82.0 82
1679938485555 83.0 83
1679938485788 84.0 84
1679938486454 85.0 85
1679938486635 86.0 86
1679938487364 87.0 87
1679938487511 88.0 88
1679938488139 89.0 89
1679938488293 90.0 90
1679938489052 91.0 91
1679938489200 92.0 92
1679938489838 93.0 93
1679938489980 94.0 94
1679938490702 95.0 95
1679938490845 96.0 96
1679938491520 97.0 97
1679938491705 98.0 98
1679938492577 99.0 99
1679938492738 100.0 100
1679938493437 101.0 101
1679938493640 102.0 102
1679938494471 103.0 103
1679938494645 104.0 104
1679938495418 105.0 105
1679938495578 106.0 106
1679938496278 107.0 107
1679938496449 108.0 108
1679938497141 109.0 109
1679938497320 110.0 110
1679938498102 111.0 111
1679938498259 112.0 112
1679938498921 113.0 113
1679938499105 114.0 114
1679938499850 115.0 115
1679938500005 116.0 116
1679938500639 117.0 117
1679938500808 118.0 118
1679938501464 119.0 119
1679938501615 120.0 120
1679938502332 121.0 121
1679938502539 122.0 122
1679938503271 123.0 123
1679938503424 124.0 124
1679938504083 125.0 125
1679938504255 126.0 126
1679938504961 127.0 127
1679938505104 128.0 128
1679938505730 129.0 129
1679938505880 130.0 130
1679938506605 131.0 131
1679938506765 132.0 132
1679938507406 133.0 133
1679938507582 134.0 134
1679938508335 135.0 135
1679938508496 136.0 136
1679938509145 137.0 137
1679938509315 138.0 138
1679938510104 139.0 139
1679938510254 140.0 140
1679938510860 141.0 141
1679938511027 142.0 142
1679938511682 143.0 143
1679938511831 144.0 144
1679938512459 145.0 145
1679938512636 146.0 146
1679938513348 147.0 147
1679938513501 148.0 148
1679938514222 149.0 149
1679938514378 150.0 150
1679938515098 151.0 151
1679938515252 152.0 152
1679938515866 153.0 153
1679938516019 154.0 154
1679938516745 155.0 155
1679938516890 156.0 156
1679938517524 157.0 157
1679938517727 158.0 158
1679938518481 159.0 159
1679938518638 160.0 160
1679938519284 161.0 161
1679938519462 162.0 162
1679938520204 163.0 163
1679938520348 164.0 164
1679938521067 165.0 165
1679938521233 166.0 166
1679938521878 167.0 167
1679938522045 168.0 168
1679938522801 169.0 169
1679938523010 170.0 170
1679938523911 171.0 171
1679938524085 172.0 172
1679938524817 173.0 173
1679938525002 174.0 174
1679938525812 175.0 175
1679938525977 176.0 176
1679938526785 177.0 177
1679938526948 178.0 178
1679938527625 179.0 179
1679938527779 180.0 180
1679938528410 181.0 181
1679938528603 182.0 182
1679938529488 183.0 183
1679938529640 184.0 184
1679938530291 185.0 185
1679938530488 186.0 186
1679938531215 187.0 187
1679938531376 188.0 188
1679938532026 189.0 189
1679938532179 190.0 190
1679938532816 191.0 191
1679938532974 192.0 192
1679938533723 193.0 193
1679938533917 194.0 194
1679938534673 195.0 195
1679938534836 196.0 196
1679938535460 197.0 197
1679938535651 198.0 198
1679938536402 199.0 199
1679938536557 200.0 200
1679938537195 201.0 201
1679938537348 202.0 202
1679938538092 203.0 203
1679938538247 204.0 204
1679938538898 205.0 205
1679938539087 206.0 206
1679938539777 207.0 207
1679938539935 208.0 208
1679938540564 209.0 209
1679938540748 210.0 210
1679938541523 211.0 211
1679938541685 212.0 212
1679938542391 213.0 213
1679938542541 214.0 214
1679938543158 215.0 215
1679938543309 216.0 216
1679938543967 217.0 217
1679938544159 218.0 218
1679938544837 219.0 219
1679938544992 220.0 220
1679938545665 221.0 221
1679938545855 222.0 222
1679938546703 223.0 223
1679938546856 224.0 224
1679938547467 225.0 225
1679938547622 226.0 226
1679938548265 227.0 227
1679938548417 228.0 228
1679938549074 229.0 229
1679938549254 230.0 230
1679938550008 231.0 231
1679938550163 232.0 232
1679938550885 233.0 233
1679938551097 234.0 234
1679938551905 235.0 235
1679938552092 236.0 236
1679938552841 237.0 237
1679938553030 238.0 238
1679938553760 239.0 239
1679938553937 240.0 240
1679938554668 241.0 241
1679938554889 242.0 242
1679938555786 243.0 243
1679938555962 244.0 244
1679938556751 245.0 245
1679938556900 246.0 246
1679938557528 247.0 247
1679938557680 248.0 248
1679938558343 249.0 249
1679938558511 250.0 250
1679938559183 251.0 251
1679938559342 252.0 252
1679938560067 253.0 253
1679938560255 254.0 254
1679938561035 255.0 255
1679938561209 256.0 256
1679938561928 257.0 257
1679938562092 258.0 258
1679938562747 259.0 259
1679938562926 260.0 260
1679938563567 261.0 261
1679938563723 262.0 262
1679938564397 263.0 263
1679938564634 264.0 264
1679938565331 265.0 265
1679938565536 266.0 266
1679938566268 267.0 267
1679938566469 268.0 268
1679938567328 269.0 269
1679938567484 270.0 270
1679938568234 271.0 271
1679938568400 272.0 272
1679938569052 273.0 273
1679938569212 274.0 274
1679938569934 275.0 275
1679938570115 276.0 276
1679938570811 277.0 277
1679938570997 278.0 278
1679938571693 279.0 279
1679938571869 280.0 280
1679938572577 281.0 281
1679938572725 282.0 282
1679938573424 283.0 283
1679938573580 284.0 284
1679938574280 285.0 285
1679938574449 286.0 286
1679938575123 287.0 287
1679938575298 288.0 288
1679938575947 289.0 289
1679938576173 290.0 290
1679938577151 291.0 291
1679938577368 292.0 292
1679938578182 293.0 293
1679938578380 294.0 294
1679938579035 295.0 295
1679938579202 296.0 296
1679938579894 297.0 297
1679938580073 298.0 298
1679938580796 299.0 299
1679938580972 300.0 300
1679938581165 301.0 301
