1677101017708 0.0 1
1677101017948 0.0 2
1677101019575 0.0 3
1677101019839 0.0 4
1677101021450 0.0 5
1677101021671 0.0 6
1677101023350 0.0 7
1677101023595 0.0 8
1677101025285 0.0 9
1677101025517 0.0 10
1677101027075 0.0 11
1677101027296 0.0 12
1677101029050 0.0 13
1677101029281 0.0 14
1677101031041 0.0 15
1677101031258 0.0 16
1677101032900 0.0 17
1677101033142 0.0 18
1677101034889 0.0 19
1677101035127 0.0 20
1677101036824 0.0 21
1677101037031 0.0 22
1677101038597 0.0 23
1677101038808 0.0 24
1677101040411 0.0 25
1677101040639 0.0 26
1677101042177 0.0 27
1677101042403 0.0 28
1677101044152 0.0 29
1677101044387 0.0 30
1677101046110 0.0 31
1677101046340 0.0 32
1677101047977 0.0 33
1677101048199 0.0 34
1677101049777 0.0 35
1677101050001 0.0 36
1677101051619 0.0 37
1677101051864 0.0 38
1677101053443 0.0 39
1677101053691 0.0 40
1677101055444 0.0 41
1677101055679 0.0 42
1677101057449 0.0 43
1677101057677 0.0 44
1677101059260 0.0 45
1677101059492 0.0 46
1677101061208 0.0 47
1677101061450 0.0 48
1677101063248 0.0 49
1677101063494 0.0 50
1677101065272 0.0 51
1677101065516 0.0 52
1677101067214 0.0 53
1677101067444 0.0 54
1677101068995 0.0 55
1677101069212 0.0 56
1677101070816 0.0 57
1677101071028 0.0 58
1677101072564 0.0 59
1677101072782 0.0 60
1677101074427 0.0 61
1677101074662 0.0 62
1677101076214 0.0 63
1677101076461 0.0 64
1677101078225 0.0 65
1677101078459 0.0 66
1677101080184 0.0 67
1677101080422 0.0 68
1677101082100 0.0 69
1677101082311 0.0 70
1677101083933 0.0 71
1677101084148 0.0 72
1677101085852 0.0 73
1677101086070 0.0 74
1677101087797 0.0 75
1677101088056 0.0 76
1677101089669 0.0 77
1677101089894 0.0 78
1677101091581 0.0 79
1677101091806 0.0 80
1677101093397 0.0 81
1677101093619 0.0 82
1677101095311 0.0 83
1677101095558 0.0 84
1677101097292 0.0 85
1677101097540 0.0 86
1677101099375 0.0 87
1677101099647 0.0 88
1677101101413 0.0 89
1677101101646 0.0 90
1677101103358 0.0 91
1677101103586 0.0 92
1677101105268 0.0 93
1677101105508 0.0 94
1677101107221 0.0 95
1677101107464 0.0 96
1677101109066 0.0 97
1677101109287 0.0 98
1677101110911 0.0 99
1677101111152 0.0 100
1677101112845 0.0 101
1677101113109 0.0 102
1677101114937 0.0 103
1677101115166 0.0 104
1677101116777 0.0 105
1677101116992 0.0 106
1677101118571 0.0 107
1677101118789 0.0 108
1677101120405 0.0 109
1677101120644 0.0 110
1677101122387 0.0 111
1677101122639 0.0 112
1677101124466 0.0 113
1677101124709 0.0 114
1677101126514 0.0 115
1677101126744 0.0 116
1677101128349 0.0 117
1677101128569 0.0 118
1677101130180 0.0 119
1677101130415 0.0 120
1677101132017 0.0 121
1677101132244 0.0 122
1677101133848 0.0 123
1677101134075 0.0 124
1677101135685 0.0 125
1677101135910 0.0 126
1677101137490 0.0 127
1677101137716 0.0 128
1677101139322 0.0 129
1677101139547 0.0 130
1677101141202 0.0 131
1677101141421 0.0 132
1677101143038 0.0 133
1677101143297 0.0 134
1677101144885 0.0 135
1677101145110 0.0 136
1677101146741 0.0 137
1677101146959 0.0 138
1677101148548 0.0 139
1677101148773 0.0 140
1677101150306 0.0 141
1677101150558 0.0 142
1677101152375 0.0 143
1677101152607 0.0 144
1677101154434 0.0 145
1677101154684 0.0 146
1677101156375 0.0 147
1677101156592 0.0 148
1677101158223 0.0 149
1677101158451 0.0 150
1677101160014 0.0 151
1677101160245 0.0 152
1677101161832 0.0 153
1677101162057 0.0 154
1677101163692 0.0 155
1677101163927 0.0 156
1677101165578 0.0 157
1677101165820 0.0 158
1677101167423 0.0 159
1677101167652 0.0 160
1677101169248 0.0 161
1677101169476 0.0 162
1677101171051 0.0 163
1677101171276 0.0 164
1677101172888 0.0 165
1677101173124 0.0 166
1677101174737 0.0 167
1677101174962 0.0 168
1677101176537 0.0 169
1677101176772 0.0 170
1677101178341 0.0 171
1677101178564 0.0 172
1677101180097 0.0 173
1677101180326 0.0 174
1677101182047 0.0 175
1677101182305 0.0 176
1677101184113 0.0 177
1677101184357 0.0 178
1677101186121 0.0 179
1677101186347 0.0 180
1677101187915 0.0 181
1677101188160 0.0 182
1677101189704 0.0 183
1677101189932 0.0 184
1677101191554 0.0 185
1677101191777 0.0 186
1677101193367 0.0 187
1677101193592 0.0 188
1677101195150 0.0 189
1677101195390 0.0 190
1677101197000 0.0 191
1677101197223 0.0 192
1677101198988 0.0 193
1677101199214 0.0 194
1677101200796 0.0 195
1677101201020 0.0 196
1677101202577 0.0 197
1677101202813 0.0 198
1677101204431 0.0 199
1677101204662 0.0 200
1677101206261 0.0 201
1677101206486 0.0 202
1677101208173 0.0 203
1677101208397 0.0 204
1677101210013 0.0 205
1677101210253 0.0 206
1677101212061 0.0 207
1677101212305 0.0 208
1677101214100 0.0 209
1677101214355 0.0 210
1677101216113 0.0 211
1677101216349 0.0 212
1677101217918 0.0 213
1677101218156 0.0 214
1677101219707 0.0 215
1677101219932 0.0 216
1677101221518 0.0 217
1677101221750 0.0 218
1677101223300 0.0 219
1677101223519 0.0 220
1677101225177 0.0 221
1677101225417 0.0 222
1677101227093 0.0 223
1677101227317 0.0 224
1677101228934 0.0 225
1677101229157 0.0 226
1677101230869 0.0 227
1677101231103 0.0 228
1677101232861 0.0 229
1677101233113 0.0 230
1677101234871 0.0 231
1677101235103 0.0 232
1677101236880 0.0 233
1677101237115 0.0 234
1677101238762 0.0 235
1677101238998 0.0 236
1677101240601 0.0 237
1677101240795 0.0 238
1677101242405 0.0 239
1677101242651 0.0 240
1677101244433 0.0 241
1677101244667 0.0 242
1677101246258 0.0 243
1677101246505 0.0 244
1677101248255 0.0 245
1677101248486 0.0 246
1677101250139 0.0 247
1677101250374 0.0 248
1677101252060 0.0 249
1677101252286 0.0 250
1677101253937 0.0 251
1677101254182 0.0 252
1677101255771 0.0 253
1677101256005 0.0 254
1677101257663 0.0 255
1677101257889 0.0 256
1677101259560 0.0 257
1677101259826 0.0 258
1677101261485 0.0 259
1677101261725 0.0 260
1677101263345 0.0 261
1677101263578 0.0 262
1677101265356 0.0 263
1677101265612 0.0 264
1677101267435 0.0 265
1677101267698 0.0 266
1677101269495 0.0 267
1677101269728 0.0 268
1677101271383 0.0 269
1677101271672 0.0 270
1677101273449 0.0 271
1677101273699 0.0 272
1677101275445 0.0 273
1677101275680 0.0 274
1677101277421 0.0 275
1677101277656 0.0 276
1677101279362 0.0 277
1677101279604 0.0 278
1677101281228 0.0 279
1677101281473 0.0 280
1677101283898 0.0 281
1677101284259 0.0 282
1677101286323 0.0 283
1677101286637 0.0 284
1677101288755 0.0 285
1677101289064 0.0 286
1677101290797 0.0 287
1677101291049 0.0 288
1677101292812 0.0 289
1677101293053 0.0 290
1677101294746 0.0 291
1677101295010 0.0 292
1677101296690 0.0 293
1677101296922 0.0 294
1677101298555 0.0 295
1677101298820 0.0 296
1677101300505 0.0 297
1677101300702 0.0 298
1677101302470 0.0 299
1677101302741 0.0 300
1677101303060 0.0 301
