1677101017726 1.0 1
1677101017957 2.0 2
1677101019587 3.0 3
1677101019848 4.0 4
1677101021459 5.0 5
1677101021680 6.0 6
1677101023360 7.0 7
1677101023604 8.0 8
1677101025295 9.0 9
1677101025527 10.0 10
1677101027085 11.0 11
1677101027305 12.0 12
1677101029063 13.0 13
1677101029290 14.0 14
1677101031049 15.0 15
1677101031267 16.0 16
1677101032912 17.0 17
1677101033151 18.0 18
1677101034897 19.0 19
1677101035137 20.0 20
1677101036833 21.0 21
1677101037039 22.0 22
1677101038607 23.0 23
1677101038817 24.0 24
1677101040420 25.0 25
1677101040647 26.0 26
1677101042194 27.0 27
1677101042414 28.0 28
1677101044168 29.0 29
1677101044396 30.0 30
1677101046119 31.0 31
1677101046349 32.0 32
1677101047985 33.0 33
1677101048217 34.0 34
1677101049791 35.0 35
1677101050009 36.0 36
1677101051630 37.0 37
1677101051873 38.0 38
1677101053458 39.0 39
1677101053700 40.0 40
1677101055453 41.0 41
1677101055688 42.0 42
1677101057457 43.0 43
1677101057686 44.0 44
1677101059269 45.0 45
1677101059501 46.0 46
1677101061220 47.0 47
1677101061461 48.0 48
1677101063257 49.0 49
1677101063506 50.0 50
1677101065281 51.0 51
1677101065527 52.0 52
1677101067225 53.0 53
1677101067454 54.0 54
1677101069004 55.0 55
1677101069222 56.0 56
1677101070825 57.0 57
1677101071037 58.0 58
1677101072573 59.0 59
1677101072791 60.0 60
1677101074435 61.0 61
1677101074671 62.0 62
1677101076223 63.0 63
1677101076472 64.0 64
1677101078235 65.0 65
1677101078470 66.0 66
1677101080194 67.0 67
1677101080430 68.0 68
1677101082109 69.0 69
1677101082321 70.0 70
1677101083943 71.0 71
1677101084156 72.0 72
1677101085863 73.0 73
1677101086081 74.0 74
1677101087808 75.0 75
1677101088065 76.0 76
1677101089678 77.0 77
1677101089904 78.0 78
1677101091590 79.0 79
1677101091814 80.0 80
1677101093406 81.0 81
1677101093628 82.0 82
1677101095320 83.0 83
1677101095567 84.0 84
1677101097302 85.0 85
1677101097550 86.0 86
1677101099384 87.0 87
1677101099659 88.0 88
1677101101422 89.0 89
1677101101656 90.0 90
1677101103367 91.0 91
1677101103595 92.0 92
1677101105278 93.0 93
1677101105517 94.0 94
1677101107233 95.0 95
1677101107473 96.0 96
1677101109075 97.0 97
1677101109297 98.0 98
1677101110920 99.0 99
1677101111162 100.0 100
1677101112855 101.0 101
1677101113123 102.0 102
1677101114946 103.0 103
1677101115175 104.0 104
1677101116786 105.0 105
1677101117000 106.0 106
1677101118580 107.0 107
1677101118797 108.0 108
1677101120413 109.0 109
1677101120653 110.0 110
1677101122398 111.0 111
1677101122649 112.0 112
1677101124477 113.0 113
1677101124719 114.0 114
1677101126523 115.0 115
1677101126753 116.0 116
1677101128358 117.0 117
1677101128577 118.0 118
1677101130190 119.0 119
1677101130425 120.0 120
1677101132025 121.0 121
1677101132252 122.0 122
1677101133857 123.0 123
1677101134084 124.0 124
1677101135694 125.0 125
1677101135918 126.0 126
1677101137499 127.0 127
1677101137724 128.0 128
1677101139334 129.0 129
1677101139556 130.0 130
1677101141212 131.0 131
1677101141429 132.0 132
1677101143047 133.0 133
1677101143305 134.0 134
1677101144894 135.0 135
1677101145118 136.0 136
1677101146750 137.0 137
1677101146967 138.0 138
1677101148557 139.0 139
1677101148783 140.0 140
1677101150315 141.0 141
1677101150568 142.0 142
1677101152384 143.0 143
1677101152617 144.0 144
1677101154445 145.0 145
1677101154694 146.0 146
1677101156384 147.0 147
1677101156601 148.0 148
1677101158235 149.0 149
1677101158461 150.0 150
1677101160025 151.0 151
1677101160256 152.0 152
1677101161841 153.0 153
1677101162065 154.0 154
1677101163701 155.0 155
1677101163936 156.0 156
1677101165587 157.0 157
1677101165830 158.0 158
1677101167434 159.0 159
1677101167665 160.0 160
1677101169257 161.0 161
1677101169484 162.0 162
1677101171060 163.0 163
1677101171284 164.0 164
1677101172898 165.0 165
1677101173133 166.0 166
1677101174747 167.0 167
1677101174971 168.0 168
1677101176546 169.0 169
1677101176780 170.0 170
1677101178350 171.0 171
1677101178574 172.0 172
1677101180106 173.0 173
1677101180335 174.0 174
1677101182056 175.0 175
1677101182315 176.0 176
1677101184123 177.0 177
1677101184366 178.0 178
1677101186132 179.0 179
1677101186356 180.0 180
1677101187924 181.0 181
1677101188170 182.0 182
1677101189714 183.0 183
1677101189940 184.0 184
1677101191563 185.0 185
1677101191785 186.0 186
1677101193376 187.0 187
1677101193601 188.0 188
1677101195163 189.0 189
1677101195399 190.0 190
1677101197009 191.0 191
1677101197233 192.0 192
1677101198997 193.0 193
1677101199224 194.0 194
1677101200805 195.0 195
1677101201028 196.0 196
1677101202586 197.0 197
1677101202822 198.0 198
1677101204440 199.0 199
1677101204671 200.0 200
1677101206270 201.0 201
1677101206496 202.0 202
1677101208183 203.0 203
1677101208407 204.0 204
1677101210024 205.0 205
1677101210262 206.0 206
1677101212071 207.0 207
1677101212316 208.0 208
1677101214111 209.0 209
1677101214365 210.0 210
1677101216123 211.0 211
1677101216360 212.0 212
1677101217927 213.0 213
1677101218165 214.0 214
1677101219716 215.0 215
1677101219942 216.0 216
1677101221528 217.0 217
1677101221760 218.0 218
1677101223309 219.0 219
1677101223529 220.0 220
1677101225186 221.0 221
1677101225427 222.0 222
1677101227101 223.0 223
1677101227328 224.0 224
1677101228943 225.0 225
1677101229167 226.0 226
1677101230879 227.0 227
1677101231112 228.0 228
1677101232870 229.0 229
1677101233123 230.0 230
1677101234879 231.0 231
1677101235113 232.0 232
1677101236889 233.0 233
1677101237124 234.0 234
1677101238772 235.0 235
1677101239007 236.0 236
1677101240610 237.0 237
1677101240803 238.0 238
1677101242413 239.0 239
1677101242660 240.0 240
1677101244442 241.0 241
1677101244676 242.0 242
1677101246267 243.0 243
1677101246513 244.0 244
1677101248264 245.0 245
1677101248495 246.0 246
1677101250148 247.0 247
1677101250383 248.0 248
1677101252068 249.0 249
1677101252295 250.0 250
1677101253946 251.0 251
1677101254191 252.0 252
1677101255780 253.0 253
1677101256015 254.0 254
1677101257673 255.0 255
1677101257899 256.0 256
1677101259568 257.0 257
1677101259835 258.0 258
1677101261494 259.0 259
1677101261732 260.0 260
1677101263354 261.0 261
1677101263587 262.0 262
1677101265365 263.0 263
1677101265622 264.0 264
1677101267445 265.0 265
1677101267708 266.0 266
1677101269505 267.0 267
1677101269737 268.0 268
1677101271392 269.0 269
1677101271682 270.0 270
1677101273457 271.0 271
1677101273709 272.0 272
1677101275454 273.0 273
1677101275689 274.0 274
1677101277431 275.0 275
1677101277665 276.0 276
1677101279371 277.0 277
1677101279612 278.0 278
1677101281237 279.0 279
1677101281482 280.0 280
1677101283912 281.0 281
1677101284268 282.0 282
1677101286335 283.0 283
1677101286650 284.0 284
1677101288765 285.0 285
1677101289077 286.0 286
1677101290806 287.0 287
1677101291058 288.0 288
1677101292821 289.0 289
1677101293062 290.0 290
1677101294755 291.0 291
1677101295020 292.0 292
1677101296700 293.0 293
1677101296932 294.0 294
1677101298567 295.0 295
1677101298831 296.0 296
1677101300515 297.0 297
1677101300712 298.0 298
1677101302480 299.0 299
1677101302752 300.0 300
1677101303071 301.0 301
