1677101017720 17.603522062301636 1
1677101017952 17.813209772109985 2
1677101019582 19.432830333709717 3
1677101019844 19.698096752166748 4
1677101021454 21.31721830368042 5
1677101021675 21.538021326065063 6
1677101023354 23.211193084716797 7
1677101023599 23.457956790924072 8
1677101025289 25.150771141052246 9
1677101025521 25.380939245224 10
1677101027080 26.93812394142151 11
1677101027300 27.16317081451416 12
1677101029056 28.913471221923828 13
1677101029284 29.146958589553833 14
1677101031045 30.935311794281006 15
1677101031262 31.117960929870605 16
1677101032905 32.75552487373352 17
1677101033145 32.9947304725647 18
1677101034892 34.74929475784302 19
1677101035131 34.98689365386963 20
1677101036828 36.691128730773926 21
1677101037035 36.89688444137573 22
1677101038601 38.4619665145874 23
1677101038812 38.674031496047974 24
1677101040415 40.2710018157959 25
1677101040642 40.50086688995361 26
1677101042188 42.0382194519043 27
1677101042407 42.264034032821655 28
1677101044155 44.01388478279114 29
1677101044392 44.24812030792236 30
1677101046113 46.0031476020813 31
1677101046343 46.20323085784912 32
1677101047980 47.83924889564514 33
1677101048210 48.06216788291931 34
1677101049783 49.6309769153595 35
1677101050005 49.86285591125488 36
1677101051623 51.479005575180054 37
1677101051867 51.72736716270447 38
1677101053450 53.304906606674194 39
1677101053695 53.550971269607544 40
1677101055448 55.307900190353394 41
1677101055683 55.531044006347656 42
1677101057452 57.31183338165283 43
1677101057681 57.541141986846924 44
1677101059264 59.11512756347656 45
1677101059496 59.34895086288452 46
1677101061213 61.06416368484497 47
1677101061455 61.310790061950684 48
1677101063252 63.104109048843384 49
1677101063500 63.3510844707489 50
1677101065276 65.12897562980652 51
1677101065519 65.37413549423218 52
1677101067219 67.0780861377716 53
1677101067448 67.29870247840881 54
1677101068999 68.85637593269348 55
1677101069217 69.07504177093506 56
1677101070821 70.68011355400085 57
1677101071032 70.8891487121582 58
1677101072567 72.42727875709534 59
1677101072786 72.64282321929932 60
1677101074430 74.28356599807739 61
1677101074665 74.51898717880249 62
1677101076218 76.10627055168152 63
1677101076465 76.31689476966858 64
1677101078230 78.08491635322571 65
1677101078464 78.32078766822815 66
1677101080189 80.04192662239075 67
1677101080425 80.28289771080017 68
1677101082105 81.95809435844421 69
1677101082315 82.17315697669983 70
1677101083938 83.77797269821167 71
1677101084152 84.00884628295898 72
1677101085856 85.71130442619324 73
1677101086074 85.93118929862976 74
1677101087802 87.65006399154663 75
1677101088060 87.90860390663147 76
1677101089673 89.5300862789154 77
1677101089898 89.75770306587219 78
1677101091585 91.44096398353577 79
1677101091810 91.66629934310913 80
1677101093401 93.2574610710144 81
1677101093623 93.47236037254333 82
1677101095315 95.16229796409607 83
1677101095563 95.41120767593384 84
1677101097296 97.1484067440033 85
1677101097544 97.39602470397949 86
1677101099379 99.22639155387878 87
1677101099653 99.48933410644531 88
1677101101417 101.26686668395996 89
1677101101651 101.50107383728027 90
1677101103362 103.21600079536438 91
1677101103590 103.4437747001648 92
1677101105272 105.12383246421814 93
1677101105512 105.36589312553406 94
1677101107226 107.07617425918579 95
1677101107468 107.31696271896362 96
1677101109071 108.92404413223267 97
1677101109293 109.14510679244995 98
1677101110915 110.76511406898499 99
1677101111157 111.00894451141357 100
1677101112850 112.70124888420105 101
1677101113115 112.95125150680542 102
1677101114941 114.79628705978394 103
1677101115169 115.02499580383301 104
1677101116782 116.63802671432495 105
1677101116995 116.85233998298645 106
1677101118576 118.43002605438232 107
1677101118793 118.64710140228271 108
1677101120410 120.26317501068115 109
1677101120648 120.50101494789124 110
1677101122392 122.23714637756348 111
1677101122644 122.48885917663574 112
1677101124470 124.31713223457336 113
1677101124713 124.56222224235535 114
1677101126517 126.36816430091858 115
1677101126749 126.60211825370789 116
1677101128353 128.20111179351807 117
1677101128572 128.42589569091797 118
1677101130185 130.0386402606964 119
1677101130420 130.27095341682434 120
1677101132021 131.87217116355896 121
1677101132247 132.09831476211548 122
1677101133852 133.70337438583374 123
1677101134078 133.9307680130005 124
1677101135688 135.53401637077332 125
1677101135913 135.76302194595337 126
1677101137493 137.3429820537567 127
1677101137719 137.57235383987427 128
1677101139327 139.17826628684998 129
1677101139551 139.40422368049622 130
1677101141207 141.05509519577026 131
1677101141425 141.27781629562378 132
1677101143042 142.89221262931824 133
1677101143300 143.15612483024597 134
1677101144888 144.74201846122742 135
1677101145114 144.96789503097534 136
1677101146745 146.5989053249359 137
1677101146962 146.8160195350647 138
1677101148552 148.40585923194885 139
1677101148776 148.63124227523804 140
1677101150310 150.16315531730652 141
1677101150562 150.40581440925598 142
1677101152379 152.22339868545532 143
1677101152612 152.46011638641357 144
1677101154440 154.28008341789246 145
1677101154687 154.53403210639954 146
1677101156379 156.23293375968933 147
1677101156596 156.44784998893738 148
1677101158229 158.0457022190094 149
1677101158455 158.30319023132324 150
1677101160019 159.86531043052673 151
1677101160250 160.09774899482727 152
1677101161835 161.68819332122803 153
1677101162060 161.90420365333557 154
1677101163697 163.54101085662842 155
1677101163931 163.7768726348877 156
1677101165582 165.41790914535522 157
1677101165824 165.6710648536682 158
1677101167427 167.27289867401123 159
1677101167660 167.50435280799866 160
1677101169252 169.09681248664856 161
1677101169479 169.32503962516785 162
1677101171054 170.90527606010437 163
1677101171279 171.13004612922668 164
1677101172893 172.73431849479675 165
1677101173127 172.97617626190186 166
1677101174741 174.59436774253845 167
1677101174966 174.817955493927 168
1677101176541 176.3903784751892 169
1677101176776 176.6261579990387 170
1677101178345 178.1942970752716 171
1677101178567 178.41836762428284 172
1677101180100 179.94883227348328 173
1677101180330 180.17590999603271 174
1677101182052 181.89717769622803 175
1677101182309 182.1519591808319 176
1677101184117 183.96112489700317 177
1677101184361 184.20309782028198 178
1677101186126 185.96911883354187 179
1677101186351 186.19876217842102 180
1677101187920 187.76376795768738 181
1677101188164 188.01276636123657 182
1677101189708 189.5592441558838 183
1677101189935 189.78696513175964 184
1677101191557 191.40520906448364 185
1677101191780 191.62688398361206 186
1677101193371 193.22010803222656 187
1677101193595 193.44815230369568 188
1677101195156 195.00522994995117 189
1677101195394 195.24018263816833 190
1677101197004 196.85301733016968 191
1677101197227 197.0711054801941 192
1677101198992 198.84219002723694 193
1677101199218 199.0699691772461 194
1677101200801 200.64876413345337 195
1677101201024 200.8702187538147 196
1677101202581 202.43230891227722 197
1677101202817 202.66246366500854 198
1677101204434 204.28237795829773 199
1677101204665 204.5110731124878 200
1677101206264 206.11412382125854 201
1677101206491 206.34091305732727 202
1677101208177 208.02243304252625 203
1677101208401 208.24831104278564 204
1677101210017 209.8635196685791 205
1677101210257 210.10237002372742 206
1677101212066 211.9089469909668 207
1677101212312 212.15401911735535 208
1677101214104 213.94596886634827 209
1677101214360 214.1969108581543 210
1677101216117 215.9640052318573 211
1677101216354 216.19714951515198 212
1677101217922 217.76600766181946 213
1677101218161 218.00206089019775 214
1677101219711 219.55626010894775 215
1677101219937 219.78327631950378 216
1677101221522 221.37227129936218 217
1677101221755 221.602876663208 218
1677101223304 223.15311217308044 219
1677101223523 223.37423968315125 220
1677101225181 225.027911901474 221
1677101225421 225.26803827285767 222
1677101227097 226.98249435424805 223
1677101227323 227.17115831375122 224
1677101228939 228.78396081924438 225
1677101229162 229.00779914855957 226
1677101230874 230.7162048816681 227
1677101231108 230.95447373390198 228
1677101232864 232.70832586288452 229
1677101233117 232.965181350708 230
1677101234875 234.7171130180359 231
1677101235107 234.95535922050476 232
1677101236883 236.72683572769165 233
1677101237119 236.96461272239685 234
1677101238766 238.6142053604126 235
1677101239002 238.85115337371826 236
1677101240605 240.45363187789917 237
1677101240798 240.685218334198 238
1677101242408 242.25631952285767 239
1677101242656 242.4922091960907 240
1677101244437 244.28239941596985 241
1677101244671 244.52024221420288 242
1677101246262 246.10989236831665 243
1677101246508 246.35021042823792 244
1677101248259 248.1008059978485 245
1677101248490 248.33431243896484 246
1677101250143 249.98809266090393 247
1677101250377 250.22692584991455 248
1677101252064 251.91121697425842 249
1677101252290 252.13894772529602 250
1677101253941 253.7820909023285 251
1677101254186 254.02589344978333 252
1677101255775 255.660258769989 253
1677101256010 255.85907816886902 254
1677101257666 257.5134334564209 255
1677101257893 257.7432007789612 256
1677101259563 259.4088099002838 257
1677101259830 259.669233083725 258
1677101261489 261.33107328414917 259
1677101261728 261.5752286911011 260
1677101263349 263.19503140449524 261
1677101263582 263.4278793334961 262
1677101265360 265.2022635936737 263
1677101265616 265.4520583152771 264
1677101267439 267.27529072761536 265
1677101267703 267.5407898426056 266
1677101269500 269.34356236457825 267
1677101269732 269.57611441612244 268
1677101271387 271.2690625190735 269
1677101271676 271.5000092983246 270
1677101273453 273.2969915866852 271
1677101273703 273.5430996417999 272
1677101275449 275.2903289794922 273
1677101275683 275.5252330303192 274
1677101277424 277.2681703567505 275
1677101277660 277.5002992153168 276
1677101279366 279.2070162296295 277
1677101279609 279.4531464576721 278
1677101281232 281.0724391937256 279
1677101281477 281.318217754364 280
1677101283904 283.7203152179718 281
1677101284263 284.09330010414124 282
1677101286328 286.2084765434265 283
1677101286642 286.4731433391571 284
1677101288760 288.5943064689636 285
1677101289069 288.8899013996124 286
1677101290800 290.6381108760834 287
1677101291052 290.8909068107605 288
1677101292816 292.65532207489014 289
1677101293057 292.8990845680237 290
1677101294750 294.592689037323 291
1677101295014 294.8270914554596 292
1677101296694 296.5352590084076 293
1677101296927 296.76875925064087 294
1677101298561 298.3920364379883 295
1677101298825 298.6631643772125 296
1677101300509 300.34905791282654 297
1677101300706 300.58797240257263 298
1677101302474 302.3101534843445 299
1677101302745 302.56287479400635 300
1677101303065 302.86882400512695 301
