1677101017728 0.003935337066650391 1
1677101017958 0.003935337066650391 2
1677101019590 0.003935337066650391 3
1677101019850 0.003935337066650391 4
1677101021460 0.003935337066650391 5
1677101021681 0.003935337066650391 6
1677101023361 0.003935337066650391 7
1677101023605 0.003935337066650391 8
1677101025296 0.003935337066650391 9
1677101025528 0.003935337066650391 10
1677101027087 0.003935337066650391 11
1677101027307 0.003935337066650391 12
1677101029064 0.003935337066650391 13
1677101029291 0.003935337066650391 14
1677101031051 0.003935337066650391 15
1677101031268 0.003935337066650391 16
1677101032913 0.003935337066650391 17
1677101033152 0.003935337066650391 18
1677101034899 0.003935337066650391 19
1677101035139 0.003935337066650391 20
1677101036835 0.003935337066650391 21
1677101037041 0.003935337066650391 22
1677101038607 0.003935337066650391 23
1677101038818 0.003935337066650391 24
1677101040421 0.003935337066650391 25
1677101040649 0.003935337066650391 26
1677101042195 0.003935337066650391 27
1677101042415 0.003935337066650391 28
1677101044170 0.003935337066650391 29
1677101044397 0.003935337066650391 30
1677101046120 0.003935337066650391 31
1677101046350 0.003935337066650391 32
1677101047987 0.003935337066650391 33
1677101048218 0.003935337066650391 34
1677101049792 0.003935337066650391 35
1677101050011 0.003935337066650391 36
1677101051631 0.003935337066650391 37
1677101051874 0.003935337066650391 38
1677101053460 0.003935337066650391 39
1677101053701 0.003935337066650391 40
1677101055454 0.003935337066650391 41
1677101055690 0.003935337066650391 42
1677101057458 0.003935337066650391 43
1677101057687 0.003935337066650391 44
1677101059271 0.003935337066650391 45
1677101059503 0.003935337066650391 46
1677101061221 0.003935337066650391 47
1677101061462 0.003935337066650391 48
1677101063259 0.003935337066650391 49
1677101063507 0.003935337066650391 50
1677101065282 0.003935337066650391 51
1677101065529 0.003935337066650391 52
1677101067227 0.003935337066650391 53
1677101067455 0.003935337066650391 54
1677101069006 0.003935337066650391 55
1677101069223 0.003935337066650391 56
1677101070826 0.003935337066650391 57
1677101071038 0.003935337066650391 58
1677101072574 0.003935337066650391 59
1677101072793 0.003935337066650391 60
1677101074437 0.003935337066650391 61
1677101074673 0.003935337066650391 62
1677101076225 0.003935337066650391 63
1677101076473 0.003935337066650391 64
1677101078237 0.003935337066650391 65
1677101078471 0.003935337066650391 66
1677101080196 0.003935337066650391 67
1677101080431 0.003935337066650391 68
1677101082111 0.003935337066650391 69
1677101082323 0.003935337066650391 70
1677101083945 0.003935337066650391 71
1677101084158 0.003935337066650391 72
1677101085864 0.003935337066650391 73
1677101086082 0.003935337066650391 74
1677101087810 0.003935337066650391 75
1677101088066 0.003935337066650391 76
1677101089680 0.003935337066650391 77
1677101089906 0.003935337066650391 78
1677101091591 0.003935337066650391 79
1677101091815 0.003935337066650391 80
1677101093408 0.003935337066650391 81
1677101093630 0.003935337066650391 82
1677101095322 0.003935337066650391 83
1677101095569 0.003935337066650391 84
1677101097303 0.003935337066650391 85
1677101097551 0.003935337066650391 86
1677101099385 0.003935337066650391 87
1677101099661 0.003935337066650391 88
1677101101423 0.003935337066650391 89
1677101101657 0.003935337066650391 90
1677101103367 0.003935337066650391 91
1677101103597 0.003935337066650391 92
1677101105279 0.003935337066650391 93
1677101105519 0.003935337066650391 94
1677101107235 0.003935337066650391 95
1677101107475 0.003935337066650391 96
1677101109076 0.003935337066650391 97
1677101109298 0.003935337066650391 98
1677101110922 0.003935337066650391 99
1677101111164 0.003935337066650391 100
1677101112858 0.003935337066650391 101
1677101113124 0.003935337066650391 102
1677101114947 0.003935337066650391 103
1677101115176 0.003935337066650391 104
1677101116788 0.003935337066650391 105
1677101117002 0.003935337066650391 106
1677101118581 0.003935337066650391 107
1677101118800 0.003935337066650391 108
1677101120415 0.003935337066650391 109
1677101120654 0.003935337066650391 110
1677101122399 0.003935337066650391 111
1677101122650 0.003935337066650391 112
1677101124479 0.003935337066650391 113
1677101124721 0.003935337066650391 114
1677101126525 0.003935337066650391 115
1677101126754 0.003935337066650391 116
1677101128359 0.003935337066650391 117
1677101128578 0.003935337066650391 118
1677101130191 0.003935337066650391 119
1677101130426 0.003935337066650391 120
1677101132027 0.003935337066650391 121
1677101132254 0.003935337066650391 122
1677101133858 0.003935337066650391 123
1677101134085 0.003935337066650391 124
1677101135696 0.003935337066650391 125
1677101135919 0.003935337066650391 126
1677101137500 0.003935337066650391 127
1677101137725 0.003935337066650391 128
1677101139335 0.003935337066650391 129
1677101139558 0.003935337066650391 130
1677101141213 0.003935337066650391 131
1677101141431 0.003935337066650391 132
1677101143048 0.003935337066650391 133
1677101143306 0.003935337066650391 134
1677101144895 0.003935337066650391 135
1677101145120 0.003935337066650391 136
1677101146751 0.003935337066650391 137
1677101146969 0.003935337066650391 138
1677101148558 0.003935337066650391 139
1677101148784 0.003935337066650391 140
1677101150315 0.003935337066650391 141
1677101150570 0.003935337066650391 142
1677101152385 0.003935337066650391 143
1677101152619 0.003935337066650391 144
1677101154447 0.003935337066650391 145
1677101154695 0.003935337066650391 146
1677101156385 0.003935337066650391 147
1677101156602 0.003935337066650391 148
1677101158235 0.003935337066650391 149
1677101158462 0.003935337066650391 150
1677101160025 0.003935337066650391 151
1677101160257 0.003935337066650391 152
1677101161842 0.003935337066650391 153
1677101162067 0.003935337066650391 154
1677101163702 0.003935337066650391 155
1677101163937 0.003935337066650391 156
1677101165589 0.003935337066650391 157
1677101165831 0.003935337066650391 158
1677101167435 0.003935337066650391 159
1677101167667 0.003935337066650391 160
1677101169260 0.003935337066650391 161
1677101169485 0.003935337066650391 162
1677101171062 0.003935337066650391 163
1677101171286 0.003935337066650391 164
1677101172899 0.003935337066650391 165
1677101173134 0.003935337066650391 166
1677101174747 0.003935337066650391 167
1677101174972 0.003935337066650391 168
1677101176548 0.003935337066650391 169
1677101176781 0.003935337066650391 170
1677101178352 0.003935337066650391 171
1677101178575 0.003935337066650391 172
1677101180107 0.003935337066650391 173
1677101180336 0.003935337066650391 174
1677101182059 0.003935337066650391 175
1677101182315 0.003935337066650391 176
1677101184125 0.003935337066650391 177
1677101184367 0.003935337066650391 178
1677101186133 0.003935337066650391 179
1677101186357 0.003935337066650391 180
1677101187926 0.003935337066650391 181
1677101188171 0.003935337066650391 182
1677101189715 0.003935337066650391 183
1677101189942 0.003935337066650391 184
1677101191564 0.003935337066650391 185
1677101191787 0.003935337066650391 186
1677101193378 0.003935337066650391 187
1677101193602 0.003935337066650391 188
1677101195164 0.003935337066650391 189
1677101195400 0.003935337066650391 190
1677101197010 0.003935337066650391 191
1677101197234 0.003935337066650391 192
1677101198998 0.003935337066650391 193
1677101199225 0.003935337066650391 194
1677101200807 0.003935337066650391 195
1677101201030 0.003935337066650391 196
1677101202589 0.003935337066650391 197
1677101202824 0.003935337066650391 198
1677101204441 0.003935337066650391 199
1677101204672 0.003935337066650391 200
1677101206272 0.003935337066650391 201
1677101206497 0.003935337066650391 202
1677101208184 0.003935337066650391 203
1677101208409 0.003935337066650391 204
1677101210025 0.003935337066650391 205
1677101210264 0.003935337066650391 206
1677101212073 0.003935337066650391 207
1677101212317 0.003935337066650391 208
1677101214113 0.003935337066650391 209
1677101214366 0.003935337066650391 210
1677101216124 0.003935337066650391 211
1677101216361 0.003935337066650391 212
1677101217928 0.003935337066650391 213
1677101218168 0.003935337066650391 214
1677101219717 0.003935337066650391 215
1677101219943 0.003935337066650391 216
1677101221530 0.003935337066650391 217
1677101221762 0.003935337066650391 218
1677101223310 0.003935337066650391 219
1677101223529 0.003935337066650391 220
1677101225187 0.003935337066650391 221
1677101225429 0.003935337066650391 222
1677101227102 0.003935337066650391 223
1677101227330 0.003935337066650391 224
1677101228944 0.003935337066650391 225
1677101229168 0.003935337066650391 226
1677101230880 0.003935337066650391 227
1677101231114 0.003935337066650391 228
1677101232871 0.003935337066650391 229
1677101233125 0.003935337066650391 230
1677101234881 0.003935337066650391 231
1677101235114 0.003935337066650391 232
1677101236891 0.003935337066650391 233
1677101237126 0.003935337066650391 234
1677101238773 0.003935337066650391 235
1677101239009 0.003935337066650391 236
1677101240612 0.003935337066650391 237
1677101240804 0.003935337066650391 238
1677101242414 0.003935337066650391 239
1677101242662 0.003935337066650391 240
1677101244444 0.003935337066650391 241
1677101244677 0.003935337066650391 242
1677101246268 0.003935337066650391 243
1677101246515 0.003935337066650391 244
1677101248265 0.003935337066650391 245
1677101248497 0.003935337066650391 246
1677101250149 0.003935337066650391 247
1677101250384 0.003935337066650391 248
1677101252070 0.003935337066650391 249
1677101252296 0.003935337066650391 250
1677101253947 0.003935337066650391 251
1677101254193 0.003935337066650391 252
1677101255782 0.003935337066650391 253
1677101256017 0.003935337066650391 254
1677101257674 0.003935337066650391 255
1677101257900 0.003935337066650391 256
1677101259570 0.003935337066650391 257
1677101259837 0.003935337066650391 258
1677101261496 0.003935337066650391 259
1677101261734 0.003935337066650391 260
1677101263355 0.003935337066650391 261
1677101263588 0.003935337066650391 262
1677101265366 0.003935337066650391 263
1677101265624 0.003935337066650391 264
1677101267447 0.003935337066650391 265
1677101267710 0.003935337066650391 266
1677101269505 0.003935337066650391 267
1677101269738 0.003935337066650391 268
1677101271393 0.003935337066650391 269
1677101271683 0.003935337066650391 270
1677101273459 0.003935337066650391 271
1677101273710 0.003935337066650391 272
1677101275455 0.003935337066650391 273
1677101275690 0.003935337066650391 274
1677101277432 0.003935337066650391 275
1677101277666 0.003935337066650391 276
1677101279372 0.003935337066650391 277
1677101279614 0.003935337066650391 278
1677101281238 0.003935337066650391 279
1677101281483 0.003935337066650391 280
1677101283914 0.003935337066650391 281
1677101284270 0.003935337066650391 282
1677101286338 0.003935337066650391 283
1677101286652 0.003935337066650391 284
1677101288767 0.003935337066650391 285
1677101289077 0.003935337066650391 286
1677101290807 0.003935337066650391 287
1677101291059 0.003935337066650391 288
1677101292822 0.003935337066650391 289
1677101293064 0.003935337066650391 290
1677101294756 0.003935337066650391 291
1677101295022 0.003935337066650391 292
1677101296701 0.003935337066650391 293
1677101296933 0.003935337066650391 294
1677101298568 0.003935337066650391 295
1677101298832 0.003935337066650391 296
1677101300516 0.003935337066650391 297
1677101300713 0.003935337066650391 298
1677101302480 0.003935337066650391 299
1677101302754 0.003935337066650391 300
1677101303073 0.003935337066650391 301
