1679854303730 4.130533218383789 1
1679854303896 4.268665790557861 2
1679854304715 5.0954368114471436 3
1679854304882 5.2575976848602295 4
1679854305712 6.090076684951782 5
1679854305897 6.241226673126221 6
1679854306798 7.169826030731201 7
1679854306957 7.339436054229736 8
1679854307736 8.125357389450073 9
1679854307862 8.25136923789978 10
1679854308575 8.961546659469604 11
1679854308718 9.098175764083862 12
1679854309485 9.869563341140747 13
1679854309628 10.013199090957642 14
1679854310330 10.720556735992432 15
1679854310461 10.849483013153076 16
1679854311168 11.552196264266968 17
1679854311329 11.703137874603271 18
1679854312055 12.443854808807373 19
1679854312188 12.572477579116821 20
1679854312918 13.30598521232605 21
1679854313055 13.439281702041626 22
1679854313835 14.217192649841309 23
1679854313967 14.35206389427185 24
1679854314720 15.107645988464355 25
1679854314866 15.248282670974731 26
1679854315606 15.98669695854187 27
1679854315746 16.12483239173889 28
1679854316496 16.871456146240234 29
1679854316661 17.0312283039093 30
1679854317415 17.798283100128174 31
1679854317557 17.93691349029541 32
1679854318297 18.678772687911987 33
1679854318445 18.819931983947754 34
1679854319226 19.593316555023193 35
1679854319373 19.750637531280518 36
1679854320157 20.538154125213623 37
1679854320300 20.681296586990356 38
1679854321079 21.461754322052002 39
1679854321218 21.60038447380066 40
1679854322061 22.442309617996216 41
1679854322223 22.587642192840576 42
1679854322976 23.360154151916504 43
1679854323117 23.49978470802307 44
1679854323903 24.2774760723114 45
1679854324055 24.43312382698059 46
1679854324877 25.252912282943726 47
1679854325018 25.396833419799805 48
1679854325778 26.160117387771606 49
1679854325961 26.334420442581177 50
1679854326724 27.102280616760254 51
1679854326866 27.2449152469635 52
1679854327573 27.950610399246216 53
1679854327719 28.098302364349365 54
1679854328427 28.810917854309082 55
1679854328564 28.945549249649048 56
1679854329385 29.76006579399109 57
1679854329542 29.92272162437439 58
1679854330271 30.656785488128662 59
1679854330410 30.793033361434937 60
1679854331162 31.542446613311768 61
1679854331309 31.6915922164917 62
1679854332074 32.444560527801514 63
1679854332220 32.59627652168274 64
1679854333021 33.39673447608948 65
1679854333174 33.5492262840271 66
1679854333964 34.334765672683716 67
1679854334115 34.491599321365356 68
1679854334925 35.30134415626526 69
1679854335068 35.44398212432861 70
1679854335842 36.20183181762695 71
1679854335983 36.363489866256714 72
1679854336805 37.182913303375244 73
1679854336968 37.334555864334106 74
1679854337731 38.105236291885376 75
1679854337893 38.2568793296814 76
1679854338666 39.033957958221436 77
1679854338863 39.19511365890503 78
1679854339685 40.05327582359314 79
1679854339848 40.21801829338074 80
1679854340598 40.96997022628784 81
1679854340751 41.12174963951111 82
1679854341498 41.87090086936951 83
1679854341648 42.0165433883667 84
1679854342385 42.758710861206055 85
1679854342581 42.92797803878784 86
1679854343340 43.71231245994568 87
1679854343488 43.85895037651062 88
1679854344257 44.62759828567505 89
1679854344425 44.78775501251221 90
1679854345272 45.64346957206726 91
1679854345436 45.798880100250244 92
1679854346176 46.54430794715881 93
1679854346331 46.698458433151245 94
1679854347088 47.460707902908325 95
1679854347237 47.60885787010193 96
1679854347956 48.33026123046875 97
1679854348109 48.48170304298401 98
1679854348862 49.22597360610962 99
1679854349009 49.38575220108032 100
1679854349780 50.15661334991455 101
1679854349934 50.309571743011475 102
1679854350679 51.049033403396606 103
1679854350834 51.207815647125244 104
1679854351610 51.98737454414368 105
1679854351761 52.13601517677307 106
1679854352654 53.01287651062012 107
1679854352816 53.18881058692932 108
1679854353620 53.99728584289551 109
1679854353783 54.15556597709656 110
1679854354570 54.942256689071655 111
1679854354724 55.09481072425842 112
1679854355495 55.86161398887634 113
1679854355671 56.02677392959595 114
1679854356426 56.79964518547058 115
1679854356575 56.9492871761322 116
1679854357464 57.83913469314575 117
1679854357617 57.991180181503296 118
1679854358352 58.728647232055664 119
1679854358497 58.87228345870972 120
1679854359264 59.63938903808594 121
1679854359433 59.7961642742157 122
1679854360203 60.57966446876526 123
1679854360355 60.727747440338135 124
1679854361120 61.49555945396423 125
1679854361272 61.64420175552368 126
1679854362029 62.404624938964844 127
1679854362179 62.55526804924011 128
1679854362951 63.324846506118774 129
1679854363100 63.47148299217224 130
1679854363862 64.2332763671875 131
1679854364019 64.39192581176758 132
1679854364919 65.29024481773376 133
1679854365095 65.45640540122986 134
1679854365887 66.26093125343323 135
1679854366033 66.40807509422302 136
1679854366810 67.18310451507568 137
1679854366960 67.33323955535889 138
1679854367711 68.0897216796875 139
1679854367864 68.23086094856262 140
1679854368585 68.96252536773682 141
1679854368732 69.10318374633789 142
1679854369481 69.84541726112366 143
1679854369633 70.00707769393921 144
1679854370363 70.7422046661377 145
1679854370513 70.89084887504578 146
1679854371248 71.62410759925842 147
1679854371398 71.77426242828369 148
1679854372197 72.57313585281372 149
1679854372456 72.82438945770264 150
1679854373221 73.59628129005432 151
1679854373366 73.7424259185791 152
1679854374144 74.51738238334656 153
1679854374304 74.67102336883545 154
1679854375135 75.50931906700134 155
1679854375288 75.66232800483704 156
1679854376063 76.43599462509155 157
1679854376242 76.60816192626953 158
1679854377045 77.4084587097168 159
1679854377201 77.57111120223999 160
1679854377985 78.36005783081055 161
1679854378152 78.51804327964783 162
1679854378942 79.30674004554749 163
1679854379096 79.46289277076721 164
1679854379932 80.30534625053406 165
1679854380087 80.45923733711243 166
1679854380947 81.31950736045837 167
1679854381098 81.4717869758606 168
1679854381877 82.25121402740479 169
1679854382028 82.39985632896423 170
1679854382791 83.16405534744263 171
1679854382948 83.31819677352905 172
1679854383719 84.08425617218018 173
1679854383904 84.25141668319702 174
1679854384679 85.04812431335449 175
1679854384837 85.20391964912415 176
1679854385599 85.97457551956177 177
1679854385749 86.12314677238464 178
1679854386491 86.86568212509155 179
1679854386666 87.01551818847656 180
1679854387396 87.76509475708008 181
1679854387552 87.92582106590271 182
1679854388342 88.71425271034241 183
1679854388492 88.86540007591248 184
1679854389260 89.63601851463318 185
1679854389439 89.78866410255432 186
1679854390228 90.6014494895935 187
1679854390376 90.7498574256897 188
1679854391144 91.5186824798584 189
1679854391294 91.66582298278809 190
1679854392073 92.44669437408447 191
1679854392227 92.5999402999878 192
1679854393010 93.38387942314148 193
1679854393161 93.53002119064331 194
1679854393955 94.32541060447693 195
1679854394115 94.4860622882843 196
1679854394939 95.30893921852112 197
1679854395120 95.46508955955505 198
1679854395877 96.24407815933228 199
1679854396138 96.49882364273071 200
1679854396900 97.2709641456604 201
1679854397047 97.41860675811768 202
1679854397825 98.19490170478821 203
1679854398003 98.36180853843689 204
1679854398762 99.12802696228027 205
1679854398930 99.29632306098938 206
1679854399720 100.08163857460022 207
1679854399883 100.25086784362793 208
1679854400624 100.99358201026917 209
1679854400810 101.14768266677856 210
1679854401561 101.93250608444214 211
1679854401716 102.08715081214905 212
1679854402491 102.86489772796631 213
1679854402647 103.01694869995117 214
1679854403425 103.78934860229492 215
1679854403606 103.96334433555603 216
1679854404522 104.88793921470642 217
1679854404687 105.05001211166382 218
1679854405478 105.84085750579834 219
1679854405627 106.0015082359314 220
1679854406422 106.79132413864136 221
1679854406576 106.9456627368927 222
1679854407335 107.70461440086365 223
1679854407482 107.85376048088074 224
1679854408246 108.61928677558899 225
1679854408402 108.77294325828552 226
1679854409193 109.55550122261047 227
1679854409378 109.72202706336975 228
1679854410224 110.57602524757385 229
1679854410377 110.74919390678406 230
1679854411134 111.50027990341187 231
1679854411296 111.6623842716217 232
1679854412159 112.52685475349426 233
1679854412317 112.68600726127625 234
1679854413106 113.47673845291138 235
1679854413260 113.62938356399536 236
1679854414061 114.42584013938904 237
1679854414235 114.59100079536438 238
1679854415047 115.41225838661194 239
1679854415206 115.57341480255127 240
1679854415998 116.36629581451416 241
1679854416157 116.52160477638245 242
1679854416964 117.33434319496155 243
1679854417123 117.49108505249023 244
1679854417886 118.25502324104309 245
1679854418047 118.41320633888245 246
1679854418836 119.20196413993835 247
1679854419007 119.36887121200562 248
1679854419905 120.26994252204895 249
1679854420083 120.44999432563782 250
1679854420875 121.23713326454163 251
1679854421032 121.39680218696594 252
1679854421810 122.1757824420929 253
1679854421998 122.34344244003296 254
1679854422803 123.1684296131134 255
1679854422964 123.33202886581421 256
1679854423723 124.09070563316345 257
1679854423884 124.24935054779053 258
1679854424673 125.041090965271 259
1679854424835 125.19895935058594 260
1679854425590 125.95470666885376 261
1679854425751 126.1173837184906 262
1679854426494 126.85851001739502 263
1679854426653 127.01315522193909 264
1679854427390 127.75918793678284 265
1679854427543 127.9143636226654 266
1679854428326 128.69688725471497 267
1679854428475 128.8442997932434 268
1679854429197 129.56262111663818 269
1679854429354 129.7212691307068 270
1679854430083 130.45260548591614 271
1679854430237 130.60375213623047 272
1679854430987 131.35429763793945 273
1679854431168 131.52045965194702 274
1679854431977 132.34475207328796 275
1679854432134 132.50152325630188 276
1679854432930 133.29719495773315 277
1679854433092 133.4578502178192 278
1679854433854 134.2235176563263 279
1679854434009 134.3749029636383 280
1679854434821 135.18019461631775 281
1679854434988 135.35150265693665 282
1679854435843 136.20734405517578 283
1679854435989 136.36188554763794 284
1679854436810 137.16825222969055 285
1679854436978 137.34744668006897 286
1679854437768 138.13366746902466 287
1679854437931 138.2938253879547 288
1679854438718 139.08287477493286 289
1679854438880 139.24252605438232 290
1679854439689 140.04910039901733 291
1679854439857 140.2172679901123 292
1679854440662 141.02655959129333 293
1679854440818 141.18439888954163 294
1679854441588 141.95394086837769 295
1679854441750 142.11474514007568 296
1679854442541 142.90582251548767 297
1679854442711 143.07499074935913 298
1679854443605 143.9742431640625 299
1679854443768 144.13389229774475 300
1679854443892 144.25751423835754 301
