1679775022499 0.0 1
1679775022645 0.0 2
1679775023403 0.0 3
1679775023543 0.0 4
1679775024247 0.0 5
1679775024402 0.0 6
1679775025220 0.0 7
1679775025369 0.0 8
1679775026135 0.0 9
1679775026288 0.0 10
1679775027153 0.0 11
1679775027302 0.0 12
1679775028010 0.0 13
1679775028165 0.0 14
1679775028887 0.0 15
1679775029039 0.0 16
1679775029733 0.0 17
1679775029862 0.0 18
1679775030528 0.0 19
1679775030665 0.0 20
1679775031341 0.0 21
1679775031592 0.0 22
1679775032276 0.0 23
1679775032413 0.0 24
1679775033099 0.0 25
1679775033239 0.0 26
1679775033921 0.0 27
1679775034058 0.0 28
1679775034753 0.0 29
1679775034989 0.0 30
1679775035673 0.0 31
1679775035814 0.0 32
1679775036519 0.0 33
1679775036663 0.0 34
1679775037371 0.0 35
1679775037508 0.0 36
1679775038206 0.0 37
1679775038348 0.0 38
1679775039069 0.0 39
1679775039219 0.0 40
1679775040006 0.0 41
1679775040145 0.0 42
1679775040873 0.0 43
1679775041012 0.0 44
1679775041717 0.0 45
1679775041887 0.0 46
1679775042617 0.0 47
1679775042756 0.0 48
1679775043614 0.0 49
1679775043778 0.0 50
1679775044505 0.0 51
1679775044653 0.0 52
1679775045370 0.0 53
1679775045526 0.0 54
1679775046242 0.0 55
1679775046384 0.0 56
1679775047101 0.0 57
1679775047269 0.0 58
1679775048120 0.0 59
1679775048288 0.0 60
1679775049131 0.0 61
1679775049289 0.0 62
1679775050056 0.0 63
1679775050198 0.0 64
1679775050869 0.0 65
1679775051009 0.0 66
1679775051710 0.0 67
1679775051841 0.0 68
1679775052642 0.0 69
1679775052792 0.0 70
1679775053564 0.0 71
1679775053715 0.0 72
1679775054523 0.0 73
1679775054697 0.0 74
1679775055469 0.0 75
1679775055636 0.0 76
1679775056384 0.0 77
1679775056538 0.0 78
1679775057299 0.0 79
1679775057559 0.0 80
1679775058294 0.0 81
1679775058441 0.0 82
1679775059171 0.0 83
1679775059317 0.0 84
1679775060040 0.0 85
1679775060187 0.0 86
1679775060979 0.0 87
1679775061127 0.0 88
1679775061896 0.0 89
1679775062059 0.0 90
1679775062799 0.0 91
1679775062954 0.0 92
1679775063757 0.0 93
1679775063930 0.0 94
1679775064708 0.0 95
1679775064857 0.0 96
1679775065679 0.0 97
1679775065869 0.0 98
1679775066710 0.0 99
1679775066857 0.0 100
1679775067664 0.0 101
1679775067838 0.0 102
1679775068618 0.0 103
1679775068775 0.0 104
1679775069519 0.0 105
1679775069661 0.0 106
1679775070433 0.0 107
1679775070574 0.0 108
1679775071312 0.0 109
1679775071473 0.0 110
1679775072147 0.0 111
1679775072279 0.0 112
1679775072964 0.0 113
1679775073115 0.0 114
1679775073924 0.0 115
1679775074133 0.0 116
1679775074999 0.0 117
1679775075240 0.0 118
1679775075956 0.0 119
1679775076106 0.0 120
1679775076861 0.0 121
1679775077030 0.0 122
1679775077931 0.0 123
1679775078114 0.0 124
1679775078959 0.0 125
1679775079137 0.0 126
1679775079884 0.0 127
1679775080034 0.0 128
1679775080766 0.0 129
1679775080911 0.0 130
1679775081700 0.0 131
1679775081886 0.0 132
1679775082759 0.0 133
1679775082905 0.0 134
1679775083602 0.0 135
1679775083749 0.0 136
1679775084577 0.0 137
1679775084747 0.0 138
1679775085455 0.0 139
1679775085598 0.0 140
1679775086281 0.0 141
1679775086445 0.0 142
1679775087212 0.0 143
1679775087361 0.0 144
1679775088195 0.0 145
1679775088340 0.0 146
1679775089106 0.0 147
1679775089265 0.0 148
1679775090050 0.0 149
1679775090196 0.0 150
1679775090908 0.0 151
1679775091060 0.0 152
1679775091772 0.0 153
1679775091929 0.0 154
1679775092644 0.0 155
1679775092916 0.0 156
1679775093735 0.0 157
1679775093897 0.0 158
1679775094608 0.0 159
1679775094751 0.0 160
1679775095527 0.0 161
1679775095710 0.0 162
1679775096515 0.0 163
1679775096660 0.0 164
1679775097398 0.0 165
1679775097542 0.0 166
1679775098260 0.0 167
1679775098417 0.0 168
1679775099175 0.0 169
1679775099328 0.0 170
1679775100137 0.0 171
1679775100288 0.0 172
1679775101035 0.0 173
1679775101181 0.0 174
1679775101985 0.0 175
1679775102137 0.0 176
1679775102819 0.0 177
1679775102959 0.0 178
1679775103647 0.0 179
1679775103807 0.0 180
1679775104500 0.0 181
1679775104688 0.0 182
1679775105478 0.0 183
1679775105619 0.0 184
1679775106311 0.0 185
1679775106463 0.0 186
1679775107150 0.0 187
1679775107292 0.0 188
1679775107934 0.0 189
1679775108075 0.0 190
1679775108752 0.0 191
1679775108905 0.0 192
1679775109580 0.0 193
1679775109801 0.0 194
1679775110439 0.0 195
1679775110603 0.0 196
1679775111324 0.0 197
1679775111470 0.0 198
1679775112259 0.0 199
1679775112429 0.0 200
1679775113281 0.0 201
1679775113479 0.0 202
1679775114244 0.0 203
1679775114475 0.0 204
1679775115376 0.0 205
1679775115549 0.0 206
1679775116332 0.0 207
1679775116504 0.0 208
1679775117320 0.0 209
1679775117502 0.0 210
1679775118223 0.0 211
1679775118367 0.0 212
1679775119152 0.0 213
1679775119301 0.0 214
1679775120096 0.0 215
1679775120248 0.0 216
1679775121021 0.0 217
1679775121178 0.0 218
1679775121932 0.0 219
1679775122104 0.0 220
1679775122898 0.0 221
1679775123050 0.0 222
1679775123755 0.0 223
1679775123914 0.0 224
1679775124631 0.0 225
1679775124787 0.0 226
1679775125522 0.0 227
1679775125668 0.0 228
1679775126385 0.0 229
1679775126532 0.0 230
1679775127239 0.0 231
1679775127489 0.0 232
1679775128224 0.0 233
1679775128387 0.0 234
1679775129129 0.0 235
1679775129278 0.0 236
1679775129985 0.0 237
1679775130140 0.0 238
1679775130909 0.0 239
1679775131051 0.0 240
1679775131767 0.0 241
1679775131922 0.0 242
1679775132601 0.0 243
1679775132757 0.0 244
1679775133461 0.0 245
1679775133604 0.0 246
1679775134343 0.0 247
1679775134505 0.0 248
1679775135246 0.0 249
1679775135408 0.0 250
1679775136215 0.0 251
1679775136361 0.0 252
1679775137127 0.0 253
1679775137281 0.0 254
1679775137963 0.0 255
1679775138120 0.0 256
1679775138858 0.0 257
1679775139004 0.0 258
1679775139796 0.0 259
1679775139949 0.0 260
1679775140654 0.0 261
1679775140824 0.0 262
1679775141628 0.0 263
1679775141793 0.0 264
1679775142544 0.0 265
1679775142701 0.0 266
1679775143411 0.0 267
1679775143567 0.0 268
1679775144344 0.0 269
1679775144602 0.0 270
1679775145378 0.0 271
1679775145550 0.0 272
1679775146441 0.0 273
1679775146631 0.0 274
1679775147468 0.0 275
1679775147629 0.0 276
1679775148545 0.0 277
1679775148723 0.0 278
1679775149527 0.0 279
1679775149686 0.0 280
1679775150421 0.0 281
1679775150595 0.0 282
1679775151370 0.0 283
1679775151527 0.0 284
1679775152298 0.0 285
1679775152470 0.0 286
1679775153182 0.0 287
1679775153332 0.0 288
1679775154171 0.0 289
1679775154345 0.0 290
1679775155124 0.0 291
1679775155293 0.0 292
1679775156056 0.0 293
1679775156213 0.0 294
1679775156991 0.0 295
1679775157166 0.0 296
1679775158056 0.0 297
1679775158226 0.0 298
1679775159045 0.0 299
1679775159215 0.0 300
1679775159345 0.0 301
