1679775022511 1.0 1
1679775022655 2.0 2
1679775023413 3.0 3
1679775023553 4.0 4
1679775024259 5.0 5
1679775024413 6.0 6
1679775025230 7.0 7
1679775025380 8.0 8
1679775026145 9.0 9
1679775026301 10.0 10
1679775027165 11.0 11
1679775027314 12.0 12
1679775028020 13.0 13
1679775028175 14.0 14
1679775028897 15.0 15
1679775029051 16.0 16
1679775029744 17.0 17
1679775029872 18.0 18
1679775030538 19.0 19
1679775030678 20.0 20
1679775031359 21.0 21
1679775031601 22.0 22
1679775032290 23.0 23
1679775032423 24.0 24
1679775033107 25.0 25
1679775033250 26.0 26
1679775033931 27.0 27
1679775034068 28.0 28
1679775034772 29.0 29
1679775035001 30.0 30
1679775035685 31.0 31
1679775035824 32.0 32
1679775036529 33.0 33
1679775036681 34.0 34
1679775037384 35.0 35
1679775037518 36.0 36
1679775038216 37.0 37
1679775038359 38.0 38
1679775039080 39.0 39
1679775039230 40.0 40
1679775040015 41.0 41
1679775040155 42.0 42
1679775040884 43.0 43
1679775041021 44.0 44
1679775041729 45.0 45
1679775041897 46.0 46
1679775042628 47.0 47
1679775042766 48.0 48
1679775043625 49.0 49
1679775043789 50.0 50
1679775044516 51.0 51
1679775044663 52.0 52
1679775045383 53.0 53
1679775045536 54.0 54
1679775046252 55.0 55
1679775046394 56.0 56
1679775047113 57.0 57
1679775047280 58.0 58
1679775048132 59.0 59
1679775048299 60.0 60
1679775049142 61.0 61
1679775049299 62.0 62
1679775050065 63.0 63
1679775050208 64.0 64
1679775050883 65.0 65
1679775051021 66.0 66
1679775051720 67.0 67
1679775051851 68.0 68
1679775052653 69.0 69
1679775052801 70.0 70
1679775053573 71.0 71
1679775053725 72.0 72
1679775054534 73.0 73
1679775054708 74.0 74
1679775055483 75.0 75
1679775055646 76.0 76
1679775056397 77.0 77
1679775056550 78.0 78
1679775057311 79.0 79
1679775057572 80.0 80
1679775058303 81.0 81
1679775058450 82.0 82
1679775059182 83.0 83
1679775059327 84.0 84
1679775060050 85.0 85
1679775060198 86.0 86
1679775060992 87.0 87
1679775061138 88.0 88
1679775061906 89.0 89
1679775062071 90.0 90
1679775062811 91.0 91
1679775062964 92.0 92
1679775063768 93.0 93
1679775063940 94.0 94
1679775064719 95.0 95
1679775064868 96.0 96
1679775065690 97.0 97
1679775065881 98.0 98
1679775066721 99.0 99
1679775066869 100.0 100
1679775067678 101.0 101
1679775067848 102.0 102
1679775068631 103.0 103
1679775068785 104.0 104
1679775069529 105.0 105
1679775069669 106.0 106
1679775070445 107.0 107
1679775070585 108.0 108
1679775071321 109.0 109
1679775071484 110.0 110
1679775072156 111.0 111
1679775072292 112.0 112
1679775072976 113.0 113
1679775073124 114.0 114
1679775073940 115.0 115
1679775074146 116.0 116
1679775075009 117.0 117
1679775075251 118.0 118
1679775075966 119.0 119
1679775076117 120.0 120
1679775076873 121.0 121
1679775077042 122.0 122
1679775077943 123.0 123
1679775078125 124.0 124
1679775078969 125.0 125
1679775079149 126.0 126
1679775079894 127.0 127
1679775080045 128.0 128
1679775080775 129.0 129
1679775080920 130.0 130
1679775081710 131.0 131
1679775081902 132.0 132
1679775082770 133.0 133
1679775082915 134.0 134
1679775083612 135.0 135
1679775083761 136.0 136
1679775084587 137.0 137
1679775084757 138.0 138
1679775085466 139.0 139
1679775085608 140.0 140
1679775086291 141.0 141
1679775086459 142.0 142
1679775087220 143.0 143
1679775087372 144.0 144
1679775088205 145.0 145
1679775088352 146.0 146
1679775089115 147.0 147
1679775089277 148.0 148
1679775090059 149.0 149
1679775090207 150.0 150
1679775090917 151.0 151
1679775091069 152.0 152
1679775091781 153.0 153
1679775091940 154.0 154
1679775092656 155.0 155
1679775092925 156.0 156
1679775093745 157.0 157
1679775093908 158.0 158
1679775094618 159.0 159
1679775094760 160.0 160
1679775095538 161.0 161
1679775095719 162.0 162
1679775096525 163.0 163
1679775096670 164.0 164
1679775097408 165.0 165
1679775097552 166.0 166
1679775098270 167.0 167
1679775098428 168.0 168
1679775099184 169.0 169
1679775099338 170.0 170
1679775100148 171.0 171
1679775100297 172.0 172
1679775101045 173.0 173
1679775101192 174.0 174
1679775101995 175.0 175
1679775102146 176.0 176
1679775102829 177.0 177
1679775102969 178.0 178
1679775103657 179.0 179
1679775103816 180.0 180
1679775104510 181.0 181
1679775104698 182.0 182
1679775105488 183.0 183
1679775105629 184.0 184
1679775106321 185.0 185
1679775106474 186.0 186
1679775107159 187.0 187
1679775107304 188.0 188
1679775107944 189.0 189
1679775108084 190.0 190
1679775108763 191.0 191
1679775108916 192.0 192
1679775109589 193.0 193
1679775109810 194.0 194
1679775110448 195.0 195
1679775110618 196.0 196
1679775111333 197.0 197
1679775111480 198.0 198
1679775112269 199.0 199
1679775112439 200.0 200
1679775113294 201.0 201
1679775113490 202.0 202
1679775114255 203.0 203
1679775114491 204.0 204
1679775115388 205.0 205
1679775115560 206.0 206
1679775116341 207.0 207
1679775116514 208.0 208
1679775117332 209.0 209
1679775117514 210.0 210
1679775118233 211.0 211
1679775118377 212.0 212
1679775119164 213.0 213
1679775119310 214.0 214
1679775120106 215.0 215
1679775120259 216.0 216
1679775121032 217.0 217
1679775121190 218.0 218
1679775121943 219.0 219
1679775122115 220.0 220
1679775122908 221.0 221
1679775123060 222.0 222
1679775123765 223.0 223
1679775123924 224.0 224
1679775124641 225.0 225
1679775124795 226.0 226
1679775125531 227.0 227
1679775125678 228.0 228
1679775126395 229.0 229
1679775126542 230.0 230
1679775127250 231.0 231
1679775127501 232.0 232
1679775128233 233.0 233
1679775128398 234.0 234
1679775129138 235.0 235
1679775129289 236.0 236
1679775129994 237.0 237
1679775130152 238.0 238
1679775130919 239.0 239
1679775131060 240.0 240
1679775131777 241.0 241
1679775131934 242.0 242
1679775132611 243.0 243
1679775132767 244.0 244
1679775133471 245.0 245
1679775133614 246.0 246
1679775134354 247.0 247
1679775134515 248.0 248
1679775135256 249.0 249
1679775135418 250.0 250
1679775136223 251.0 251
1679775136370 252.0 252
1679775137138 253.0 253
1679775137290 254.0 254
1679775137974 255.0 255
1679775138133 256.0 256
1679775138868 257.0 257
1679775139014 258.0 258
1679775139806 259.0 259
1679775139961 260.0 260
1679775140665 261.0 261
1679775140835 262.0 262
1679775141637 263.0 263
1679775141803 264.0 264
1679775142554 265.0 265
1679775142712 266.0 266
1679775143421 267.0 267
1679775143578 268.0 268
1679775144354 269.0 269
1679775144619 270.0 270
1679775145389 271.0 271
1679775145561 272.0 272
1679775146452 273.0 273
1679775146643 274.0 274
1679775147478 275.0 275
1679775147639 276.0 276
1679775148555 277.0 277
1679775148733 278.0 278
1679775149537 279.0 279
1679775149696 280.0 280
1679775150432 281.0 281
1679775150606 282.0 282
1679775151380 283.0 283
1679775151537 284.0 284
1679775152312 285.0 285
1679775152482 286.0 286
1679775153193 287.0 287
1679775153343 288.0 288
1679775154182 289.0 289
1679775154356 290.0 290
1679775155136 291.0 291
1679775155303 292.0 292
1679775156066 293.0 293
1679775156225 294.0 294
1679775157002 295.0 295
1679775157178 296.0 296
1679775158065 297.0 297
1679775158236 298.0 298
1679775159058 299.0 299
1679775159226 300.0 300
1679775159357 301.0 301
