1679775022497 16.985946655273438 1
1679775022644 0.12917685508728027 2
1679775023402 0.7597513198852539 3
1679775023541 0.14144229888916016 4
1679775024245 0.693671703338623 5
1679775024399 0.1559464931488037 6
1679775025218 0.8189470767974854 7
1679775025368 0.1508321762084961 8
1679775026133 0.7644469738006592 9
1679775026286 0.15291786193847656 10
1679775027152 0.8675198554992676 11
1679775027300 0.14648032188415527 12
1679775028008 0.7118279933929443 13
1679775028164 0.15305471420288086 14
1679775028885 0.7187938690185547 15
1679775029037 0.15433955192565918 16
1679775029725 0.6917247772216797 17
1679775029861 0.13541436195373535 18
1679775030527 0.668522834777832 19
1679775030663 0.13316893577575684 20
1679775031339 0.6758294105529785 21
1679775031590 0.2301042079925537 22
1679775032275 0.7050590515136719 23
1679775032411 0.1379704475402832 24
1679775033097 0.6838757991790771 25
1679775033237 0.14089250564575195 26
1679775033919 0.6832165718078613 27
1679775034056 0.13698816299438477 28
1679775034750 0.6898019313812256 29
1679775034988 0.23726940155029297 30
1679775035671 0.6864643096923828 31
1679775035812 0.13844776153564453 32
1679775036518 0.7080826759338379 33
1679775036660 0.1390838623046875 34
1679775037369 0.7097892761230469 35
1679775037507 0.13959860801696777 36
1679775038205 0.6957416534423828 37
1679775038347 0.14058279991149902 38
1679775039067 0.7232463359832764 39
1679775039218 0.14374208450317383 40
1679775040005 0.7901463508605957 41
1679775040144 0.14316892623901367 42
1679775040871 0.7256827354431152 43
1679775041010 0.14204668998718262 44
1679775041715 0.6990277767181396 45
1679775041885 0.1659564971923828 46
1679775042615 0.7363359928131104 47
1679775042755 0.14168572425842285 48
1679775043613 0.8490910530090332 49
1679775043776 0.1613788604736328 50
1679775044504 0.7379662990570068 51
1679775044650 0.1436765193939209 52
1679775045369 0.7159795761108398 53
1679775045525 0.15295147895812988 54
1679775046241 0.7232370376586914 55
1679775046382 0.14052915573120117 56
1679775047100 0.7124114036560059 57
1679775047269 0.16481757164001465 58
1679775048119 0.8480968475341797 59
1679775048286 0.16612482070922852 60
1679775049129 0.8477327823638916 61
1679775049287 0.15857458114624023 62
1679775050055 0.7739195823669434 63
1679775050197 0.1455855369567871 64
1679775050868 0.6710283756256104 65
1679775051007 0.13892030715942383 66
1679775051709 0.7011885643005371 67
1679775051840 0.13086485862731934 68
1679775052641 0.7929348945617676 69
1679775052791 0.15601444244384766 70
1679775053561 0.762984037399292 71
1679775053714 0.15799903869628906 72
1679775054521 0.806879997253418 73
1679775054696 0.1662280559539795 74
1679775055468 0.7741255760192871 75
1679775055635 0.16980528831481934 76
1679775056383 0.74751877784729 77
1679775056537 0.15545296669006348 78
1679775057298 0.7599210739135742 79
1679775057558 0.2607879638671875 80
1679775058292 0.7392756938934326 81
1679775058439 0.14609909057617188 82
1679775059169 0.730905294418335 83
1679775059315 0.14073944091796875 84
1679775060039 0.7223763465881348 85
1679775060186 0.15277624130249023 86
1679775060978 0.7861104011535645 87
1679775061125 0.15302371978759766 88
1679775061894 0.7631814479827881 89
1679775062057 0.1636962890625 90
1679775062798 0.7322897911071777 91
1679775062951 0.16784358024597168 92
1679775063755 0.7978911399841309 93
1679775063928 0.16916608810424805 94
1679775064707 0.7889578342437744 95
1679775064856 0.14608192443847656 96
1679775065677 0.8127758502960205 97
1679775065868 0.1869664192199707 98
1679775066709 0.8552393913269043 99
1679775066856 0.146958589553833 100
1679775067661 0.7821016311645508 101
1679775067836 0.1942729949951172 102
1679775068617 0.7759056091308594 103
1679775068774 0.16192007064819336 104
1679775069518 0.7478678226470947 105
1679775069659 0.14354944229125977 106
1679775070431 0.7708077430725098 107
1679775070573 0.14023613929748535 108
1679775071310 0.73773193359375 109
1679775071471 0.15073800086975098 110
1679775072145 0.6884372234344482 111
1679775072277 0.13092422485351562 112
1679775072962 0.6795690059661865 113
1679775073114 0.15003633499145508 114
1679775073921 0.791433572769165 115
1679775074131 0.21952533721923828 116
1679775074998 0.8685386180877686 117
1679775075238 0.2441866397857666 118
1679775075954 0.7165343761444092 119
1679775076105 0.15277528762817383 120
1679775076860 0.7538554668426514 121
1679775077028 0.15997004508972168 122
1679775077929 0.8907406330108643 123
1679775078111 0.19034481048583984 124
1679775078958 0.8920927047729492 125
1679775079135 0.13879799842834473 126
1679775079883 0.7524127960205078 127
1679775080033 0.14564943313598633 128
1679775080764 0.7351055145263672 129
1679775080910 0.14602041244506836 130
1679775081698 0.7788970470428467 131
1679775081885 0.17798566818237305 132
1679775082757 0.8871917724609375 133
1679775082905 0.15074992179870605 134
1679775083600 0.6951406002044678 135
1679775083747 0.14550471305847168 136
1679775084576 0.8234672546386719 137
1679775084745 0.16907715797424316 138
1679775085454 0.7166998386383057 139
1679775085596 0.14220738410949707 140
1679775086279 0.677001953125 141
1679775086444 0.15709567070007324 142
1679775087210 0.780001163482666 143
1679775087360 0.14386630058288574 144
1679775088192 0.8379948139190674 145
1679775088339 0.14367437362670898 146
1679775089104 0.7665402889251709 147
1679775089262 0.15293669700622559 148
1679775090048 0.795020580291748 149
1679775090195 0.1416316032409668 150
1679775090907 0.7108457088470459 151
1679775091058 0.150223970413208 152
1679775091771 0.7191331386566162 153
1679775091927 0.14300537109375 154
1679775092642 0.7229254245758057 155
1679775092914 0.26325464248657227 156
1679775093734 0.8310039043426514 157
1679775093895 0.15696096420288086 158
1679775094607 0.7148566246032715 159
1679775094750 0.14374899864196777 160
1679775095525 0.759211540222168 161
1679775095709 0.19315266609191895 162
1679775096514 0.8138148784637451 163
1679775096659 0.1441504955291748 164
1679775097396 0.7354028224945068 165
1679775097541 0.1476907730102539 166
1679775098259 0.7188658714294434 167
1679775098415 0.14921021461486816 168
1679775099174 0.7637202739715576 169
1679775099326 0.14296770095825195 170
1679775100136 0.8089969158172607 171
1679775100286 0.15611791610717773 172
1679775101033 0.748023509979248 173
1679775101179 0.14900779724121094 174
1679775101982 0.8029394149780273 175
1679775102135 0.14821767807006836 176
1679775102817 0.687664270401001 177
1679775102958 0.14132356643676758 178
1679775103646 0.6890006065368652 179
1679775103805 0.1518535614013672 180
1679775104499 0.7002551555633545 181
1679775104687 0.1698157787322998 182
1679775105477 0.8057453632354736 183
1679775105618 0.14081716537475586 184
1679775106309 0.690190315246582 185
1679775106462 0.15379643440246582 186
1679775107148 0.6882503032684326 187
1679775107291 0.14232873916625977 188
1679775107932 0.6752419471740723 189
1679775108074 0.10576057434082031 190
1679775108751 0.6796562671661377 191
1679775108904 0.14924383163452148 192
1679775109577 0.6783406734466553 193
1679775109800 0.2234668731689453 194
1679775110438 0.6318998336791992 195
1679775110601 0.1439814567565918 196
1679775111322 0.7421178817749023 197
1679775111468 0.1450490951538086 198
1679775112258 0.7741105556488037 199
1679775112427 0.185715913772583 200
1679775113280 0.8288769721984863 201
1679775113477 0.2116706371307373 202
1679775114241 0.766531229019165 203
1679775114474 0.1962435245513916 204
1679775115374 0.9277744293212891 205
1679775115547 0.18127012252807617 206
1679775116330 0.783684492111206 207
1679775116501 0.16724443435668945 208
1679775117319 0.8175747394561768 209
1679775117499 0.17429733276367188 210
1679775118221 0.7380549907684326 211
1679775118365 0.14580726623535156 212
1679775119151 0.7862017154693604 213
1679775119299 0.14302968978881836 214
1679775120094 0.79477858543396 215
1679775120247 0.15408110618591309 216
1679775121020 0.7672133445739746 217
1679775121177 0.16170907020568848 218
1679775121931 0.7492082118988037 219
1679775122101 0.16550350189208984 220
1679775122897 0.8434233665466309 221
1679775123049 0.11190509796142578 222
1679775123753 0.7059874534606934 223
1679775123912 0.1561908721923828 224
1679775124629 0.7224905490875244 225
1679775124785 0.1534101963043213 226
1679775125520 0.7388129234313965 227
1679775125666 0.14553236961364746 228
1679775126384 0.7136905193328857 229
1679775126530 0.15071487426757812 230
1679775127239 0.7046322822570801 231
1679775127488 0.24211382865905762 232
1679775128222 0.7445204257965088 233
1679775128386 0.15906906127929688 234
1679775129128 0.7418603897094727 235
1679775129276 0.15470623970031738 236
1679775129983 0.7054266929626465 237
1679775130137 0.14768433570861816 238
1679775130907 0.7737026214599609 239
1679775131049 0.1442244052886963 240
1679775131766 0.7154862880706787 241
1679775131920 0.15069961547851562 242
1679775132599 0.6819345951080322 243
1679775132756 0.1511392593383789 244
1679775133459 0.710660457611084 245
1679775133603 0.14287328720092773 246
1679775134342 0.7291617393493652 247
1679775134502 0.16506314277648926 248
1679775135245 0.7458252906799316 249
1679775135406 0.16146564483642578 250
1679775136212 0.8092560768127441 251
1679775136359 0.14566922187805176 252
1679775137125 0.7585234642028809 253
1679775137279 0.16037702560424805 254
1679775137962 0.719956636428833 255
1679775138118 0.11307454109191895 256
1679775138856 0.7403059005737305 257
1679775139003 0.15275263786315918 258
1679775139795 0.7893979549407959 259
1679775139948 0.15158343315124512 260
1679775140653 0.7000455856323242 261
1679775140822 0.17003130912780762 262
1679775141626 0.799936056137085 263
1679775141792 0.1649949550628662 264
1679775142543 0.7626330852508545 265
1679775142698 0.15020012855529785 266
1679775143410 0.7114739418029785 267
1679775143566 0.15781354904174805 268
1679775144343 0.7707951068878174 269
1679775144600 0.2482893466949463 270
1679775145375 0.7818765640258789 271
1679775145548 0.1748347282409668 272
1679775146440 0.8859503269195557 273
1679775146630 0.18811345100402832 274
1679775147466 0.8438766002655029 275
1679775147628 0.1674036979675293 276
1679775148543 0.9107446670532227 277
1679775148721 0.17428898811340332 278
1679775149525 0.8515498638153076 279
1679775149685 0.12123298645019531 280
1679775150419 0.7299482822418213 281
1679775150593 0.16582822799682617 282
1679775151368 0.7840914726257324 283
1679775151526 0.1562955379486084 284
1679775152295 0.766998291015625 285
1679775152468 0.17659997940063477 286
1679775153180 0.7521369457244873 287
1679775153330 0.1149139404296875 288
1679775154170 0.83705735206604 289
1679775154343 0.16289591789245605 290
1679775155122 0.7831120491027832 291
1679775155291 0.17110371589660645 292
1679775156054 0.761843204498291 293
1679775156212 0.16333651542663574 294
1679775156990 0.7756567001342773 295
1679775157165 0.16908860206604004 296
1679775158054 0.8931386470794678 297
1679775158224 0.16503524780273438 298
1679775159043 0.8129565715789795 299
1679775159214 0.181138277053833 300
1679775159343 0.12428998947143555 301
