1679775022501 1.0 1
1679775022647 2.0 2
1679775023404 3.0 3
1679775023545 4.0 4
1679775024249 5.0 5
1679775024404 6.0 6
1679775025221 7.0 7
1679775025371 8.0 8
1679775026136 9.0 9
1679775026289 10.0 10
1679775027155 11.0 11
1679775027303 12.0 12
1679775028011 13.0 13
1679775028167 14.0 14
1679775028888 15.0 15
1679775029040 16.0 16
1679775029734 17.0 17
1679775029863 18.0 18
1679775030529 19.0 19
1679775030666 20.0 20
1679775031343 21.0 21
1679775031593 22.0 22
1679775032277 23.0 23
1679775032414 24.0 24
1679775033100 25.0 25
1679775033240 26.0 26
1679775033923 27.0 27
1679775034059 28.0 28
1679775034754 29.0 29
1679775034991 30.0 30
1679775035674 31.0 31
1679775035815 32.0 32
1679775036521 33.0 33
1679775036671 34.0 34
1679775037373 35.0 35
1679775037509 36.0 36
1679775038207 37.0 37
1679775038349 38.0 38
1679775039071 39.0 39
1679775039222 40.0 40
1679775040008 41.0 41
1679775040147 42.0 42
1679775040874 43.0 43
1679775041014 44.0 44
1679775041718 45.0 45
1679775041887 46.0 46
1679775042618 47.0 47
1679775042757 48.0 48
1679775043616 49.0 49
1679775043780 50.0 50
1679775044507 51.0 51
1679775044655 52.0 52
1679775045371 53.0 53
1679775045527 54.0 54
1679775046244 55.0 55
1679775046385 56.0 56
1679775047104 57.0 57
1679775047271 58.0 58
1679775048122 59.0 59
1679775048290 60.0 60
1679775049131 61.0 61
1679775049290 62.0 62
1679775050057 63.0 63
1679775050199 64.0 64
1679775050872 65.0 65
1679775051011 66.0 66
1679775051711 67.0 67
1679775051844 68.0 68
1679775052644 69.0 69
1679775052794 70.0 70
1679775053564 71.0 71
1679775053717 72.0 72
1679775054525 73.0 73
1679775054699 74.0 74
1679775055471 75.0 75
1679775055638 76.0 76
1679775056386 77.0 77
1679775056539 78.0 78
1679775057301 79.0 79
1679775057561 80.0 80
1679775058295 81.0 81
1679775058442 82.0 82
1679775059172 83.0 83
1679775059318 84.0 84
1679775060041 85.0 85
1679775060189 86.0 86
1679775060981 87.0 87
1679775061128 88.0 88
1679775061896 89.0 89
1679775062061 90.0 90
1679775062801 91.0 91
1679775062955 92.0 92
1679775063758 93.0 93
1679775063931 94.0 94
1679775064710 95.0 95
1679775064859 96.0 96
1679775065680 97.0 97
1679775065871 98.0 98
1679775066711 99.0 99
1679775066859 100.0 100
1679775067666 101.0 101
1679775067839 102.0 102
1679775068620 103.0 103
1679775068777 104.0 104
1679775069522 105.0 105
1679775069662 106.0 106
1679775070435 107.0 107
1679775070576 108.0 108
1679775071314 109.0 109
1679775071475 110.0 110
1679775072148 111.0 111
1679775072280 112.0 112
1679775072965 113.0 113
1679775073116 114.0 114
1679775073927 115.0 115
1679775074135 116.0 116
1679775075001 117.0 117
1679775075241 118.0 118
1679775075956 119.0 119
1679775076108 120.0 120
1679775076864 121.0 121
1679775077032 122.0 122
1679775077932 123.0 123
1679775078116 124.0 124
1679775078960 125.0 125
1679775079139 126.0 126
1679775079886 127.0 127
1679775080036 128.0 128
1679775080766 129.0 129
1679775080912 130.0 130
1679775081700 131.0 131
1679775081889 132.0 132
1679775082760 133.0 133
1679775082906 134.0 134
1679775083603 135.0 135
1679775083751 136.0 136
1679775084579 137.0 137
1679775084748 138.0 138
1679775085457 139.0 139
1679775085599 140.0 140
1679775086282 141.0 141
1679775086447 142.0 142
1679775087213 143.0 143
1679775087364 144.0 144
1679775088195 145.0 145
1679775088342 146.0 146
1679775089106 147.0 147
1679775089267 148.0 148
1679775090051 149.0 149
1679775090197 150.0 150
1679775090909 151.0 151
1679775091061 152.0 152
1679775091773 153.0 153
1679775091930 154.0 154
1679775092646 155.0 155
1679775092916 156.0 156
1679775093736 157.0 157
1679775093898 158.0 158
1679775094609 159.0 159
1679775094753 160.0 160
1679775095529 161.0 161
1679775095711 162.0 162
1679775096517 163.0 163
1679775096661 164.0 164
1679775097399 165.0 165
1679775097544 166.0 166
1679775098261 167.0 167
1679775098419 168.0 168
1679775099176 169.0 169
1679775099329 170.0 170
1679775100138 171.0 171
1679775100290 172.0 172
1679775101037 173.0 173
1679775101182 174.0 174
1679775101987 175.0 175
1679775102138 176.0 176
1679775102820 177.0 177
1679775102961 178.0 178
1679775103649 179.0 179
1679775103808 180.0 180
1679775104501 181.0 181
1679775104690 182.0 182
1679775105479 183.0 183
1679775105621 184.0 184
1679775106313 185.0 185
1679775106465 186.0 186
1679775107151 187.0 187
1679775107294 188.0 188
1679775107936 189.0 189
1679775108076 190.0 190
1679775108754 191.0 191
1679775108907 192.0 192
1679775109581 193.0 193
1679775109802 194.0 194
1679775110439 195.0 195
1679775110606 196.0 196
1679775111325 197.0 197
1679775111472 198.0 198
1679775112260 199.0 199
1679775112430 200.0 200
1679775113283 201.0 201
1679775113480 202.0 202
1679775114245 203.0 203
1679775114476 204.0 204
1679775115378 205.0 205
1679775115550 206.0 206
1679775116334 207.0 207
1679775116505 208.0 208
1679775117322 209.0 209
1679775117504 210.0 210
1679775118224 211.0 211
1679775118368 212.0 212
1679775119155 213.0 213
1679775119302 214.0 214
1679775120097 215.0 215
1679775120249 216.0 216
1679775121023 217.0 217
1679775121180 218.0 218
1679775121934 219.0 219
1679775122106 220.0 220
1679775122900 221.0 221
1679775123052 222.0 222
1679775123756 223.0 223
1679775123915 224.0 224
1679775124632 225.0 225
1679775124788 226.0 226
1679775125523 227.0 227
1679775125669 228.0 228
1679775126387 229.0 229
1679775126533 230.0 230
1679775127241 231.0 231
1679775127491 232.0 232
1679775128225 233.0 233
1679775128389 234.0 234
1679775129130 235.0 235
1679775129279 236.0 236
1679775129986 237.0 237
1679775130142 238.0 238
1679775130912 239.0 239
1679775131052 240.0 240
1679775131769 241.0 241
1679775131923 242.0 242
1679775132602 243.0 243
1679775132759 244.0 244
1679775133462 245.0 245
1679775133607 246.0 246
1679775134345 247.0 247
1679775134507 248.0 248
1679775135247 249.0 249
1679775135409 250.0 250
1679775136216 251.0 251
1679775136362 252.0 252
1679775137128 253.0 253
1679775137282 254.0 254
1679775137965 255.0 255
1679775138122 256.0 256
1679775138859 257.0 257
1679775139006 258.0 258
1679775139798 259.0 259
1679775139952 260.0 260
1679775140656 261.0 261
1679775140825 262.0 262
1679775141629 263.0 263
1679775141794 264.0 264
1679775142546 265.0 265
1679775142703 266.0 266
1679775143413 267.0 267
1679775143569 268.0 268
1679775144345 269.0 269
1679775144604 270.0 270
1679775145379 271.0 271
1679775145552 272.0 272
1679775146443 273.0 273
1679775146632 274.0 274
1679775147470 275.0 275
1679775147631 276.0 276
1679775148546 277.0 277
1679775148724 278.0 278
1679775149528 279.0 279
1679775149687 280.0 280
1679775150423 281.0 281
1679775150596 282.0 282
1679775151371 283.0 283
1679775151529 284.0 284
1679775152299 285.0 285
1679775152472 286.0 286
1679775153183 287.0 287
1679775153334 288.0 288
1679775154173 289.0 289
1679775154347 290.0 290
1679775155126 291.0 291
1679775155294 292.0 292
1679775156058 293.0 293
1679775156215 294.0 294
1679775156992 295.0 295
1679775157168 296.0 296
1679775158057 297.0 297
1679775158227 298.0 298
1679775159047 299.0 299
1679775159217 300.0 300
1679775159346 301.0 301
