1677141910782 26852.0 1
1677141910948 26852.0 2
1677141911791 26852.0 3
1677141911946 26852.0 4
1677141912838 26852.0 5
1677141912986 26852.0 6
1677141913825 26852.0 7
1677141913972 26852.0 8
1677141914795 26852.0 9
1677141914942 26852.0 10
1677141915803 26852.0 11
1677141915956 26852.0 12
1677141916783 26852.0 13
1677141916937 26852.0 14
1677141917775 26852.0 15
1677141917919 26852.0 16
1677141918846 26852.0 17
1677141918996 26852.0 18
1677141919817 26852.0 19
1677141919970 26852.0 20
1677141920804 26852.0 21
1677141920955 26852.0 22
1677141921794 26852.0 23
1677141921940 26852.0 24
1677141922786 26852.0 25
1677141922940 26852.0 26
1677141923856 26852.0 27
1677141924030 26852.0 28
1677141924868 26852.0 29
1677141925022 26852.0 30
1677141925862 26852.0 31
1677141926013 26852.0 32
1677141926855 26852.0 33
1677141927009 26852.0 34
1677141927843 26852.0 35
1677141927992 26852.0 36
1677141928818 26852.0 37
1677141928972 26852.0 38
1677141929888 26852.0 39
1677141930043 26852.0 40
1677141930894 26852.0 41
1677141931051 26852.0 42
1677141931922 26852.0 43
1677141932070 26852.0 44
1677141932909 26852.0 45
1677141933061 26852.0 46
1677141933897 26852.0 47
1677141934044 26852.0 48
1677141934946 26852.0 49
1677141935102 26852.0 50
1677141935930 26852.0 51
1677141936079 26852.0 52
1677141936920 26852.0 53
1677141937070 26852.0 54
1677141937910 26852.0 55
1677141938062 26852.0 56
1677141938887 26852.0 57
1677141939040 26852.0 58
1677141939863 26852.0 59
1677141940014 26852.0 60
1677141940959 26852.0 61
1677141941112 26852.0 62
1677141941950 26852.0 63
1677141942101 26852.0 64
1677141942924 26852.0 65
1677141943079 26852.0 66
1677141943901 26852.0 67
1677141944057 26852.0 68
1677141944915 26852.0 69
1677141945066 26852.0 70
1677141945969 26852.0 71
1677141946122 26852.0 72
1677141946951 26852.0 73
1677141947104 26852.0 74
1677141947936 26852.0 75
1677141948090 26852.0 76
1677141948928 26852.0 77
1677141949079 26852.0 78
1677141949942 26852.0 79
1677141950092 26852.0 80
1677141950924 26852.0 81
1677141951154 26852.0 82
1677141951978 26852.0 83
1677141952129 26852.0 84
1677141952958 26852.0 85
1677141953109 26852.0 86
1677141953934 26852.0 87
1677141954088 26852.0 88
1677141954910 26852.0 89
1677141955061 26852.0 90
1677141955889 26852.0 91
1677141956043 26852.0 92
1677141956954 26852.0 93
1677141957111 26852.0 94
1677141957957 26852.0 95
1677141958113 26852.0 96
1677141958992 26852.0 97
1677141959141 26852.0 98
1677141959962 26852.0 99
1677141960121 26852.0 100
1677141960955 26852.0 101
1677141961107 26852.0 102
1677141961930 26852.0 103
1677141962157 26852.0 104
1677141963000 26852.0 105
1677141963157 26852.0 106
1677141963980 26852.0 107
1677141964140 26852.0 108
1677141964988 26852.0 109
1677141965143 26852.0 110
1677141965965 26852.0 111
1677141966115 26852.0 112
1677141966946 26852.0 113
1677141967100 26852.0 114
1677141968047 26852.0 115
1677141968209 26852.0 116
1677141969051 26852.0 117
1677141969206 26852.0 118
1677141970071 26852.0 119
1677141970231 26852.0 120
1677141971065 26852.0 121
1677141971222 26852.0 122
1677141972061 26852.0 123
1677141972217 26852.0 124
1677141973048 26852.0 125
1677141973276 26852.0 126
1677141974109 26852.0 127
1677141974262 26852.0 128
1677141975106 26852.0 129
1677141975261 26852.0 130
1677141976095 26852.0 131
1677141976249 26852.0 132
1677141977100 26852.0 133
1677141977249 26852.0 134
1677141978075 26852.0 135
1677141978226 26852.0 136
1677141979177 26852.0 137
1677141979339 26852.0 138
1677141980176 26852.0 139
1677141980329 26852.0 140
1677141981181 26852.0 141
1677141981342 26852.0 142
1677141982186 26852.0 143
1677141982349 26852.0 144
1677141983200 26852.0 145
1677141983358 26852.0 146
1677141984196 26852.0 147
1677141984435 26852.0 148
1677141985279 26852.0 149
1677141985444 26852.0 150
1677141986301 26852.0 151
1677141986460 26852.0 152
1677141987314 26852.0 153
1677141987467 26852.0 154
1677141988293 26852.0 155
1677141988454 26852.0 156
1677141989320 26852.0 157
1677141989480 26852.0 158
1677141990407 26852.0 159
1677141990565 26852.0 160
1677141991399 26852.0 161
1677141991561 26852.0 162
1677141992405 26852.0 163
1677141992560 26852.0 164
1677141993402 26852.0 165
1677141993564 26852.0 166
1677141994433 26852.0 167
1677141994598 26852.0 168
1677141995498 26852.0 169
1677141995738 26852.0 170
1677141996588 26852.0 171
1677141996748 26852.0 172
1677141997592 26852.0 173
1677141997749 26852.0 174
1677141998615 26852.0 175
1677141998772 26852.0 176
1677141999597 26852.0 177
1677141999760 26852.0 178
1677142000590 26852.0 179
1677142000748 26852.0 180
1677142001659 26852.0 181
1677142001817 26852.0 182
1677142002648 26852.0 183
1677142002804 26852.0 184
1677142003629 26852.0 185
1677142003786 26852.0 186
1677142004628 26852.0 187
1677142004791 26852.0 188
1677142005631 26852.0 189
1677142005788 26852.0 190
1677142006614 26852.0 191
1677142006846 26852.0 192
1677142007681 26852.0 193
1677142007837 26852.0 194
1677142008660 26852.0 195
1677142008816 26852.0 196
1677142009684 26852.0 197
1677142009845 26852.0 198
1677142010680 26852.0 199
1677142010840 26852.0 200
1677142011673 26852.0 201
1677142011831 26852.0 202
1677142012741 26852.0 203
1677142012901 26852.0 204
1677142013737 26852.0 205
1677142013894 26852.0 206
1677142014727 26852.0 207
1677142014885 26852.0 208
1677142015716 26852.0 209
1677142015872 26852.0 210
1677142016709 26852.0 211
1677142016870 26852.0 212
1677142017714 26852.0 213
1677142017947 26852.0 214
1677142018774 26852.0 215
1677142018939 26852.0 216
1677142019779 26852.0 217
1677142019977 26852.0 218
1677142020830 26852.0 219
1677142020992 26852.0 220
1677142021843 26852.0 221
1677142022002 26852.0 222
1677142022846 26852.0 223
1677142023002 26852.0 224
1677142023918 26852.0 225
1677142024079 26852.0 226
1677142024923 26852.0 227
1677142025095 26852.0 228
1677142025939 26852.0 229
1677142026105 26852.0 230
1677142026957 26852.0 231
1677142027118 26852.0 232
1677142027982 26852.0 233
1677142028147 26852.0 234
1677142029035 26852.0 235
1677142029271 26852.0 236
1677142030229 26852.0 237
1677142030390 26852.0 238
1677142031245 26852.0 239
1677142031405 26852.0 240
1677142032255 26852.0 241
1677142032414 26852.0 242
1677142033296 26852.0 243
1677142033459 26852.0 244
1677142034302 26852.0 245
1677142034464 26852.0 246
1677142035390 26852.0 247
1677142035550 26852.0 248
1677142036392 26852.0 249
1677142036553 26852.0 250
1677142037428 26852.0 251
1677142037588 26852.0 252
1677142038472 26852.0 253
1677142038634 26852.0 254
1677142039528 26852.0 255
1677142039693 26852.0 256
1677142040638 26852.0 257
1677142040892 26852.0 258
1677142041788 26852.0 259
1677142041997 26852.0 260
1677142042918 26852.0 261
1677142043086 26852.0 262
1677142043988 26852.0 263
1677142044162 26852.0 264
1677142045070 26852.0 265
1677142045242 26852.0 266
1677142046141 26852.0 267
1677142046322 26852.0 268
1677142047296 26852.0 269
1677142047460 26852.0 270
1677142048358 26852.0 271
1677142048519 26852.0 272
1677142049387 26852.0 273
1677142049557 26852.0 274
1677142050479 26852.0 275
1677142050652 26852.0 276
1677142051540 26852.0 277
1677142051720 26852.0 278
1677142052656 26852.0 279
1677142052912 26852.0 280
1677142053796 26852.0 281
1677142053958 26852.0 282
1677142054849 26852.0 283
1677142055022 26852.0 284
1677142055932 26852.0 285
1677142056101 26852.0 286
1677142056995 26852.0 287
1677142057174 26852.0 288
1677142058077 26852.0 289
1677142058242 26852.0 290
1677142059150 26852.0 291
1677142059309 26852.0 292
1677142060138 26852.0 293
1677142060308 26852.0 294
1677142061160 26852.0 295
1677142061326 26852.0 296
1677142062170 26852.0 297
1677142062345 26852.0 298
1677142063210 26852.0 299
1677142063384 26852.0 300
1677142063548 26852.0 301
