1677141910779 1677141910.0 1
1677141910945 1677141910.0 2
1677141911788 1677141911.0 3
1677141911943 1677141911.0 4
1677141912834 1677141912.0 5
1677141912983 1677141912.0 6
1677141913822 1677141913.0 7
1677141913969 1677141913.0 8
1677141914792 1677141914.0 9
1677141914939 1677141914.0 10
1677141915800 1677141915.0 11
1677141915953 1677141915.0 12
1677141916780 1677141916.0 13
1677141916934 1677141916.0 14
1677141917771 1677141917.0 15
1677141917916 1677141917.0 16
1677141918843 1677141918.0 17
1677141918993 1677141918.0 18
1677141919814 1677141919.0 19
1677141919967 1677141919.0 20
1677141920801 1677141920.0 21
1677141920952 1677141920.0 22
1677141921790 1677141921.0 23
1677141921938 1677141921.0 24
1677141922783 1677141922.0 25
1677141922937 1677141922.0 26
1677141923853 1677141923.0 27
1677141924027 1677141923.0 28
1677141924865 1677141924.0 29
1677141925018 1677141924.0 30
1677141925860 1677141925.0 31
1677141926011 1677141925.0 32
1677141926852 1677141926.0 33
1677141927006 1677141926.0 34
1677141927840 1677141927.0 35
1677141927989 1677141927.0 36
1677141928815 1677141928.0 37
1677141928969 1677141928.0 38
1677141929886 1677141929.0 39
1677141930040 1677141929.0 40
1677141930890 1677141930.0 41
1677141931049 1677141930.0 42
1677141931919 1677141931.0 43
1677141932068 1677141932.0 44
1677141932906 1677141932.0 45
1677141933058 1677141933.0 46
1677141933894 1677141933.0 47
1677141934041 1677141933.0 48
1677141934943 1677141934.0 49
1677141935099 1677141935.0 50
1677141935928 1677141935.0 51
1677141936076 1677141936.0 52
1677141936917 1677141936.0 53
1677141937066 1677141937.0 54
1677141937907 1677141937.0 55
1677141938058 1677141938.0 56
1677141938883 1677141938.0 57
1677141939038 1677141938.0 58
1677141939860 1677141939.0 59
1677141940010 1677141939.0 60
1677141940957 1677141940.0 61
1677141941108 1677141941.0 62
1677141941947 1677141941.0 63
1677141942097 1677141942.0 64
1677141942921 1677141942.0 65
1677141943077 1677141943.0 66
1677141943898 1677141943.0 67
1677141944053 1677141944.0 68
1677141944912 1677141944.0 69
1677141945064 1677141945.0 70
1677141945965 1677141945.0 71
1677141946118 1677141946.0 72
1677141946948 1677141946.0 73
1677141947101 1677141947.0 74
1677141947933 1677141947.0 75
1677141948087 1677141948.0 76
1677141948925 1677141948.0 77
1677141949077 1677141949.0 78
1677141949938 1677141949.0 79
1677141950089 1677141950.0 80
1677141950920 1677141950.0 81
1677141951151 1677141951.0 82
1677141951975 1677141951.0 83
1677141952126 1677141952.0 84
1677141952955 1677141952.0 85
1677141953106 1677141953.0 86
1677141953931 1677141953.0 87
1677141954085 1677141954.0 88
1677141954908 1677141954.0 89
1677141955059 1677141955.0 90
1677141955886 1677141955.0 91
1677141956040 1677141955.0 92
1677141956951 1677141956.0 93
1677141957108 1677141957.0 94
1677141957954 1677141957.0 95
1677141958110 1677141958.0 96
1677141958989 1677141958.0 97
1677141959139 1677141959.0 98
1677141959960 1677141959.0 99
1677141960119 1677141960.0 100
1677141960951 1677141960.0 101
1677141961103 1677141961.0 102
1677141961927 1677141961.0 103
1677141962154 1677141962.0 104
1677141962998 1677141962.0 105
1677141963154 1677141963.0 106
1677141963978 1677141963.0 107
1677141964138 1677141964.0 108
1677141964985 1677141964.0 109
1677141965140 1677141965.0 110
1677141965962 1677141965.0 111
1677141966112 1677141966.0 112
1677141966943 1677141966.0 113
1677141967098 1677141967.0 114
1677141968044 1677141967.0 115
1677141968206 1677141968.0 116
1677141969048 1677141969.0 117
1677141969202 1677141969.0 118
1677141970068 1677141970.0 119
1677141970229 1677141970.0 120
1677141971060 1677141971.0 121
1677141971219 1677141971.0 122
1677141972059 1677141972.0 123
1677141972214 1677141972.0 124
1677141973045 1677141972.0 125
1677141973273 1677141973.0 126
1677141974107 1677141974.0 127
1677141974259 1677141974.0 128
1677141975103 1677141975.0 129
1677141975259 1677141975.0 130
1677141976091 1677141976.0 131
1677141976246 1677141976.0 132
1677141977097 1677141977.0 133
1677141977246 1677141977.0 134
1677141978071 1677141978.0 135
1677141978223 1677141978.0 136
1677141979174 1677141979.0 137
1677141979336 1677141979.0 138
1677141980173 1677141980.0 139
1677141980326 1677141980.0 140
1677141981178 1677141981.0 141
1677141981338 1677141981.0 142
1677141982182 1677141982.0 143
1677141982346 1677141982.0 144
1677141983197 1677141983.0 145
1677141983355 1677141983.0 146
1677141984193 1677141984.0 147
1677141984432 1677141984.0 148
1677141985276 1677141985.0 149
1677141985440 1677141985.0 150
1677141986298 1677141986.0 151
1677141986457 1677141986.0 152
1677141987311 1677141987.0 153
1677141987465 1677141987.0 154
1677141988290 1677141988.0 155
1677141988450 1677141988.0 156
1677141989317 1677141989.0 157
1677141989477 1677141989.0 158
1677141990404 1677141990.0 159
1677141990562 1677141990.0 160
1677141991396 1677141991.0 161
1677141991558 1677141991.0 162
1677141992402 1677141992.0 163
1677141992558 1677141992.0 164
1677141993400 1677141993.0 165
1677141993561 1677141993.0 166
1677141994430 1677141994.0 167
1677141994595 1677141994.0 168
1677141995495 1677141995.0 169
1677141995735 1677141995.0 170
1677141996585 1677141996.0 171
1677141996745 1677141996.0 172
1677141997589 1677141997.0 173
1677141997746 1677141997.0 174
1677141998613 1677141998.0 175
1677141998769 1677141998.0 176
1677141999594 1677141999.0 177
1677141999758 1677141999.0 178
1677142000588 1677142000.0 179
1677142000746 1677142000.0 180
1677142001656 1677142001.0 181
1677142001813 1677142001.0 182
1677142002646 1677142002.0 183
1677142002801 1677142002.0 184
1677142003626 1677142003.0 185
1677142003783 1677142003.0 186
1677142004625 1677142004.0 187
1677142004788 1677142004.0 188
1677142005628 1677142005.0 189
1677142005784 1677142005.0 190
1677142006610 1677142006.0 191
1677142006844 1677142006.0 192
1677142007678 1677142007.0 193
1677142007834 1677142007.0 194
1677142008658 1677142008.0 195
1677142008813 1677142008.0 196
1677142009681 1677142009.0 197
1677142009842 1677142009.0 198
1677142010677 1677142010.0 199
1677142010838 1677142010.0 200
1677142011670 1677142011.0 201
1677142011828 1677142011.0 202
1677142012738 1677142012.0 203
1677142012898 1677142012.0 204
1677142013734 1677142013.0 205
1677142013891 1677142013.0 206
1677142014724 1677142014.0 207
1677142014882 1677142014.0 208
1677142015713 1677142015.0 209
1677142015869 1677142015.0 210
1677142016706 1677142016.0 211
1677142016866 1677142016.0 212
1677142017711 1677142017.0 213
1677142017944 1677142017.0 214
1677142018771 1677142018.0 215
1677142018937 1677142018.0 216
1677142019776 1677142019.0 217
1677142019974 1677142019.0 218
1677142020827 1677142020.0 219
1677142020989 1677142020.0 220
1677142021839 1677142021.0 221
1677142021999 1677142021.0 222
1677142022843 1677142022.0 223
1677142022999 1677142022.0 224
1677142023915 1677142023.0 225
1677142024076 1677142024.0 226
1677142024920 1677142024.0 227
1677142025092 1677142025.0 228
1677142025935 1677142025.0 229
1677142026101 1677142026.0 230
1677142026954 1677142026.0 231
1677142027115 1677142027.0 232
1677142027980 1677142027.0 233
1677142028143 1677142028.0 234
1677142029032 1677142028.0 235
1677142029268 1677142029.0 236
1677142030226 1677142030.0 237
1677142030388 1677142030.0 238
1677142031242 1677142031.0 239
1677142031401 1677142031.0 240
1677142032252 1677142032.0 241
1677142032411 1677142032.0 242
1677142033293 1677142033.0 243
1677142033456 1677142033.0 244
1677142034299 1677142034.0 245
1677142034461 1677142034.0 246
1677142035387 1677142035.0 247
1677142035548 1677142035.0 248
1677142036390 1677142036.0 249
1677142036551 1677142036.0 250
1677142037425 1677142037.0 251
1677142037585 1677142037.0 252
1677142038468 1677142038.0 253
1677142038630 1677142038.0 254
1677142039525 1677142039.0 255
1677142039690 1677142039.0 256
1677142040635 1677142040.0 257
1677142040889 1677142040.0 258
1677142041785 1677142041.0 259
1677142041994 1677142041.0 260
1677142042914 1677142042.0 261
1677142043083 1677142043.0 262
1677142043983 1677142043.0 263
1677142044159 1677142044.0 264
1677142045068 1677142045.0 265
1677142045239 1677142045.0 266
1677142046138 1677142046.0 267
1677142046318 1677142046.0 268
1677142047293 1677142047.0 269
1677142047458 1677142047.0 270
1677142048355 1677142048.0 271
1677142048516 1677142048.0 272
1677142049382 1677142049.0 273
1677142049554 1677142049.0 274
1677142050475 1677142050.0 275
1677142050649 1677142050.0 276
1677142051537 1677142051.0 277
1677142051716 1677142051.0 278
1677142052654 1677142052.0 279
1677142052909 1677142052.0 280
1677142053793 1677142053.0 281
1677142053955 1677142053.0 282
1677142054845 1677142054.0 283
1677142055019 1677142054.0 284
1677142055928 1677142055.0 285
1677142056098 1677142056.0 286
1677142056992 1677142056.0 287
1677142057171 1677142057.0 288
1677142058075 1677142058.0 289
1677142058239 1677142058.0 290
1677142059147 1677142059.0 291
1677142059306 1677142059.0 292
1677142060136 1677142060.0 293
1677142060305 1677142060.0 294
1677142061158 1677142061.0 295
1677142061323 1677142061.0 296
1677142062168 1677142062.0 297
1677142062341 1677142062.0 298
1677142063208 1677142063.0 299
1677142063380 1677142063.0 300
1677142063545 1677142063.0 301
