1677141910774 2.7068161964416504 1
1677141910939 0.14432621002197266 2
1677141911783 0.8443300724029541 3
1677141911938 0.15411162376403809 4
1677141912828 0.8883957862854004 5
1677141912980 0.15305471420288086 6
1677141913816 0.8370091915130615 7
1677141913965 0.14739108085632324 8
1677141914787 0.8235304355621338 9
1677141914934 0.14677882194519043 10
1677141915795 0.860689640045166 11
1677141915948 0.15383553504943848 12
1677141916775 0.8266923427581787 13
1677141916928 0.14903759956359863 14
1677141917765 0.8390014171600342 15
1677141917911 0.14896726608276367 16
1677141918838 0.9249770641326904 17
1677141918989 0.14800500869750977 18
1677141919809 0.8233802318572998 19
1677141919962 0.15263724327087402 20
1677141920797 0.8337788581848145 21
1677141920948 0.14919376373291016 22
1677141921785 0.8389818668365479 23
1677141921933 0.14905714988708496 24
1677141922778 0.841998815536499 25
1677141922932 0.15422749519348145 26
1677141923840 0.9109628200531006 27
1677141924022 0.15984296798706055 28
1677141924861 0.8580613136291504 29
1677141925014 0.15615558624267578 30
1677141925855 0.8386006355285645 31
1677141926005 0.15208125114440918 32
1677141926847 0.8390746116638184 33
1677141926995 0.14919137954711914 34
1677141927836 0.8407778739929199 35
1677141927984 0.14765501022338867 36
1677141928810 0.8264665603637695 37
1677141928963 0.1500110626220703 38
1677141929880 0.9179728031158447 39
1677141930032 0.1518864631652832 40
1677141930886 0.8557002544403076 41
1677141931044 0.15029263496398926 42
1677141931914 0.877249002456665 43
1677141932063 0.14903950691223145 44
1677141932901 0.8379726409912109 45
1677141933051 0.15193748474121094 46
1677141933890 0.838193416595459 47
1677141934037 0.14664125442504883 48
1677141934938 0.9004976749420166 49
1677141935095 0.15660643577575684 50
1677141935923 0.8268351554870605 51
1677141936072 0.1490466594696045 52
1677141936913 0.8413000106811523 53
1677141937060 0.14873313903808594 54
1677141937902 0.8405914306640625 55
1677141938053 0.1494157314300537 56
1677141938878 0.8279788494110107 57
1677141939032 0.15105223655700684 58
1677141939855 0.8241283893585205 59
1677141940006 0.1537942886352539 60
1677141940952 0.9446146488189697 61
1677141941105 0.14954900741577148 62
1677141941943 0.8401641845703125 63
1677141942093 0.14868450164794922 64
1677141942917 0.8250570297241211 65
1677141943072 0.15181636810302734 66
1677141943893 0.8251667022705078 67
1677141944049 0.15010333061218262 68
1677141944907 0.8628902435302734 69
1677141945059 0.1509864330291748 70
1677141945960 0.9022233486175537 71
1677141946113 0.15171432495117188 72
1677141946943 0.83205246925354 73
1677141947096 0.14975500106811523 74
1677141947927 0.8332951068878174 75
1677141948082 0.1518714427947998 76
1677141948919 0.8400280475616455 77
1677141949072 0.152130126953125 78
1677141949933 0.858818769454956 79
1677141950086 0.15522527694702148 80
1677141950915 0.8280582427978516 81
1677141951146 0.2328195571899414 82
1677141951970 0.8238999843597412 83
1677141952121 0.1530299186706543 84
1677141952950 0.8243017196655273 85
1677141953101 0.15479254722595215 86
1677141953927 0.8245477676391602 87
1677141954080 0.15328240394592285 88
1677141954903 0.8204073905944824 89
1677141955054 0.15276432037353516 90
1677141955880 0.8258984088897705 91
1677141956036 0.15657830238342285 92
1677141956947 0.9085447788238525 93
1677141957104 0.16050982475280762 94
1677141957950 0.8435420989990234 95
1677141958106 0.15504741668701172 96
1677141958984 0.8769898414611816 97
1677141959135 0.15399622917175293 98
1677141959955 0.8209667205810547 99
1677141960114 0.15796422958374023 100
1677141960946 0.8320066928863525 101
1677141961099 0.15289592742919922 102
1677141961923 0.823261022567749 103
1677141962150 0.22759151458740234 104
1677141962993 0.8426570892333984 105
1677141963150 0.15645599365234375 106
1677141963973 0.8252887725830078 107
1677141964133 0.15667223930358887 108
1677141964980 0.8488564491271973 109
1677141965135 0.15443205833435059 110
1677141965958 0.8218178749084473 111
1677141966108 0.1524510383605957 112
1677141966938 0.8286783695220947 113
1677141967094 0.15591812133789062 114
1677141968040 0.944101095199585 115
1677141968200 0.16359567642211914 116
1677141969043 0.8400046825408936 117
1677141969198 0.1552879810333252 118
1677141970064 0.8680946826934814 119
1677141970224 0.15491986274719238 120
1677141971056 0.8350865840911865 121
1677141971214 0.15715909004211426 122
1677141972054 0.8397071361541748 123
1677141972209 0.1569657325744629 124
1677141973040 0.8293106555938721 125
1677141973268 0.22873401641845703 126
1677141974102 0.8318982124328613 127
1677141974255 0.15505027770996094 128
1677141975099 0.8412902355194092 129
1677141975254 0.15646624565124512 130
1677141976087 0.8321659564971924 131
1677141976241 0.156585693359375 132
1677141977092 0.8485846519470215 133
1677141977241 0.1538541316986084 134
1677141978067 0.823636531829834 135
1677141978219 0.15248489379882812 136
1677141979168 0.948955774307251 137
1677141979331 0.16298556327819824 138
1677141980169 0.834118127822876 139
1677141980322 0.15903019905090332 140
1677141981173 0.8480229377746582 141
1677141981333 0.15680599212646484 142
1677141982178 0.8475849628448486 143
1677141982342 0.1624293327331543 144
1677141983192 0.8500230312347412 145
1677141983350 0.15919971466064453 146
1677141984189 0.8388948440551758 147
1677141984427 0.2361137866973877 148
1677141985272 0.8457798957824707 149
1677141985436 0.1651444435119629 150
1677141986295 0.858952522277832 151
1677141986452 0.1537919044494629 152
1677141987306 0.8548555374145508 153
1677141987460 0.15734195709228516 154
1677141988286 0.8238253593444824 155
1677141988446 0.16236376762390137 156
1677141989312 0.8647105693817139 157
1677141989472 0.16054558753967285 158
1677141990400 0.9267427921295166 159
1677141990558 0.15813708305358887 160
1677141991392 0.833615779876709 161
1677141991553 0.15923666954040527 162
1677141992397 0.8450191020965576 163
1677141992554 0.1568593978881836 164
1677141993395 0.8408231735229492 165
1677141993557 0.16215085983276367 166
1677141994425 0.8683643341064453 167
1677141994591 0.1655881404876709 168
1677141995491 0.8969063758850098 169
1677141995730 0.24303698539733887 170
1677141996580 0.8491148948669434 171
1677141996740 0.15915489196777344 172
1677141997583 0.8456697463989258 173
1677141997742 0.15826201438903809 174
1677141998609 0.8646929264068604 175
1677141998765 0.1600947380065918 176
1677141999590 0.8231105804443359 177
1677141999754 0.16382622718811035 178
1677142000583 0.8295385837554932 179
1677142000740 0.15354657173156738 180
1677142001650 0.9139101505279541 181
1677142001808 0.15720844268798828 182
1677142002640 0.8320162296295166 183
1677142002796 0.15498805046081543 184
1677142003622 0.8280556201934814 185
1677142003778 0.1556532382965088 186
1677142004620 0.8411641120910645 187
1677142004783 0.1630544662475586 188
1677142005623 0.8379201889038086 189
1677142005780 0.15733695030212402 190
1677142006606 0.826408863067627 191
1677142006838 0.23485398292541504 192
1677142007672 0.8341975212097168 193
1677142007830 0.15526986122131348 194
1677142008653 0.8209857940673828 195
1677142008809 0.1590275764465332 196
1677142009677 0.8668708801269531 197
1677142009838 0.16115856170654297 198
1677142010673 0.8350799083709717 199
1677142010833 0.15800905227661133 200
1677142011666 0.8349277973175049 201
1677142011824 0.15796804428100586 202
1677142012733 0.910076379776001 203
1677142012893 0.15818548202514648 204
1677142013730 0.833444356918335 205
1677142013885 0.16025662422180176 206
1677142014719 0.8319075107574463 207
1677142014878 0.16197967529296875 208
1677142015708 0.8257873058319092 209
1677142015864 0.16038179397583008 210
1677142016701 0.8341281414031982 211
1677142016862 0.15979361534118652 212
1677142017706 0.8449833393096924 213
1677142017939 0.23403358459472656 214
1677142018766 0.827883243560791 215
1677142018932 0.16093087196350098 216
1677142019771 0.840756893157959 217
1677142019969 0.20052218437194824 218
1677142020823 0.8518660068511963 219
1677142020985 0.16107869148254395 220
1677142021835 0.8513295650482178 221
1677142021995 0.15917086601257324 222
1677142022838 0.8433654308319092 223
1677142022995 0.1594841480255127 224
1677142023910 0.9131412506103516 225
1677142024071 0.1614680290222168 226
1677142024915 0.8410756587982178 227
1677142025086 0.16994643211364746 228
1677142025930 0.8490777015686035 229
1677142026096 0.1628584861755371 230
1677142026949 0.8540022373199463 231
1677142027110 0.16306042671203613 232
1677142027975 0.8630044460296631 233
1677142028139 0.16186118125915527 234
1677142029028 0.8884246349334717 235
1677142029263 0.2381751537322998 236
1677142030223 0.9575662612915039 237
1677142030383 0.16430020332336426 238
1677142031237 0.8525712490081787 239
1677142031397 0.1580188274383545 240
1677142032245 0.8490736484527588 241
1677142032407 0.1638801097869873 242
1677142033289 0.8811202049255371 243
1677142033451 0.16196560859680176 244
1677142034295 0.8449101448059082 245
1677142034456 0.16195321083068848 246
1677142035382 0.9252035617828369 247
1677142035543 0.1626429557800293 248
1677142036384 0.8377702236175537 249
1677142036546 0.16144537925720215 250
1677142037421 0.8752481937408447 251
1677142037580 0.15776634216308594 252
1677142038462 0.8809747695922852 253
1677142038625 0.1661226749420166 254
1677142039518 0.8900747299194336 255
1677142039686 0.16698670387268066 256
1677142040629 0.9398906230926514 257
1677142040884 0.25910472869873047 258
1677142041780 0.8949110507965088 259
1677142041990 0.20817351341247559 260
1677142042910 0.9179801940917969 261
1677142043078 0.17287683486938477 262
1677142043978 0.9000370502471924 263
1677142044154 0.17576837539672852 264
1677142045062 0.9059827327728271 265
1677142045234 0.1733098030090332 266
1677142046134 0.8978097438812256 267
1677142046313 0.18011784553527832 268
1677142047289 0.9729247093200684 269
1677142047452 0.16697335243225098 270
1677142048351 0.896390438079834 271
1677142048511 0.1660315990447998 272
1677142049379 0.863818883895874 273
1677142049549 0.17095232009887695 274
1677142050468 0.915374755859375 275
1677142050644 0.1804955005645752 276
1677142051532 0.8861083984375 277
1677142051712 0.17870712280273438 278
1677142052648 0.9386801719665527 279
1677142052902 0.24947786331176758 280
1677142053788 0.8870577812194824 281
1677142053950 0.1678469181060791 282
1677142054841 0.8862297534942627 283
1677142055014 0.17297601699829102 284
1677142055924 0.9107613563537598 285
1677142056094 0.17002010345458984 286
1677142056987 0.8921959400177002 287
1677142057165 0.17502856254577637 288
1677142058069 0.9061074256896973 289
1677142058233 0.16780519485473633 290
1677142059141 0.9054162502288818 291
1677142059301 0.1614377498626709 292
1677142060130 0.8310232162475586 293
1677142060300 0.1661520004272461 294
1677142061153 0.8529155254364014 295
1677142061319 0.16321802139282227 296
1677142062162 0.8455197811126709 297
1677142062338 0.1755969524383545 298
1677142063203 0.8599977493286133 299
1677142063376 0.17412114143371582 300
1677142063540 0.1656208038330078 301
