1679858500269 1.0 1
1679858500442 2.0 2
1679858501360 3.0 3
1679858501511 4.0 4
1679858502469 5.0 5
1679858502689 6.0 6
1679858503612 7.0 7
1679858503762 8.0 8
1679858504714 9.0 9
1679858504866 10.0 10
1679858505776 11.0 11
1679858505944 12.0 12
1679858506870 13.0 13
1679858507030 14.0 14
1679858507925 15.0 15
1679858508080 16.0 16
1679858508994 17.0 17
1679858509149 18.0 18
1679858510156 19.0 19
1679858510309 20.0 20
1679858511210 21.0 21
1679858511377 22.0 22
1679858512395 23.0 23
1679858512558 24.0 24
1679858513550 25.0 25
1679858513718 26.0 26
1679858514754 27.0 27
1679858514931 28.0 28
1679858515992 29.0 29
1679858516157 30.0 30
1679858517161 31.0 31
1679858517330 32.0 32
1679858518328 33.0 33
1679858518489 34.0 34
1679858519480 35.0 35
1679858519635 36.0 36
1679858520595 37.0 37
1679858520748 38.0 38
1679858521647 39.0 39
1679858521804 40.0 40
1679858522714 41.0 41
1679858522892 42.0 42
1679858523789 43.0 43
1679858523940 44.0 44
1679858524871 45.0 45
1679858525028 46.0 46
1679858526000 47.0 47
1679858526153 48.0 48
1679858527079 49.0 49
1679858527233 50.0 50
1679858528138 51.0 51
1679858528333 52.0 52
1679858529283 53.0 53
1679858529446 54.0 54
1679858530364 55.0 55
1679858530520 56.0 56
1679858531447 57.0 57
1679858531600 58.0 58
1679858532567 59.0 59
1679858532722 60.0 60
1679858533699 61.0 61
1679858533875 62.0 62
1679858534798 63.0 63
1679858534955 64.0 64
1679858535846 65.0 65
1679858535998 66.0 66
1679858536914 67.0 67
1679858537075 68.0 68
1679858537977 69.0 69
1679858538133 70.0 70
1679858539033 71.0 71
1679858539221 72.0 72
1679858540158 73.0 73
1679858540316 74.0 74
1679858541320 75.0 75
1679858541480 76.0 76
1679858542411 77.0 77
1679858542567 78.0 78
1679858543621 79.0 79
1679858543785 80.0 80
1679858544884 81.0 81
1679858545072 82.0 82
1679858546082 83.0 83
1679858546254 84.0 84
1679858547253 85.0 85
1679858547420 86.0 86
1679858548346 87.0 87
1679858548573 88.0 88
1679858549501 89.0 89
1679858549661 90.0 90
1679858550565 91.0 91
1679858550750 92.0 92
1679858551709 93.0 93
1679858551872 94.0 94
1679858552795 95.0 95
1679858552951 96.0 96
1679858553862 97.0 97
1679858554028 98.0 98
1679858555107 99.0 99
1679858555267 100.0 100
1679858556189 101.0 101
1679858556356 102.0 102
1679858557346 103.0 103
1679858557501 104.0 104
1679858558429 105.0 105
1679858558590 106.0 106
1679858559540 107.0 107
1679858559695 108.0 108
1679858560609 109.0 109
1679858560768 110.0 110
1679858561680 111.0 111
1679858561885 112.0 112
1679858562879 113.0 113
1679858563043 114.0 114
1679858563952 115.0 115
1679858564109 116.0 116
1679858565022 117.0 117
1679858565186 118.0 118
1679858566109 119.0 119
1679858566277 120.0 120
1679858567231 121.0 121
1679858567403 122.0 122
1679858568334 123.0 123
1679858568489 124.0 124
1679858569462 125.0 125
1679858569623 126.0 126
1679858570656 127.0 127
1679858570812 128.0 128
1679858571805 129.0 129
1679858571989 130.0 130
1679858573019 131.0 131
1679858573211 132.0 132
1679858574253 133.0 133
1679858574437 134.0 134
1679858575480 135.0 135
1679858575655 136.0 136
1679858576669 137.0 137
1679858576853 138.0 138
1679858577824 139.0 139
1679858578007 140.0 140
1679858579018 141.0 141
1679858579211 142.0 142
1679858580172 143.0 143
1679858580335 144.0 144
1679858581334 145.0 145
1679858581498 146.0 146
1679858582458 147.0 147
1679858582621 148.0 148
1679858583572 149.0 149
1679858583738 150.0 150
1679858584701 151.0 151
1679858584879 152.0 152
1679858585821 153.0 153
1679858586059 154.0 154
1679858587000 155.0 155
1679858587163 156.0 156
1679858588082 157.0 157
1679858588247 158.0 158
1679858589170 159.0 159
1679858589340 160.0 160
1679858590257 161.0 161
1679858590443 162.0 162
1679858591368 163.0 163
1679858591528 164.0 164
1679858592471 165.0 165
1679858592635 166.0 166
1679858593612 167.0 167
1679858593854 168.0 168
1679858594839 169.0 169
1679858595004 170.0 170
1679858595961 171.0 171
1679858596147 172.0 172
1679858597138 173.0 173
1679858597303 174.0 174
1679858598252 175.0 175
1679858598420 176.0 176
1679858599364 177.0 177
1679858599537 178.0 178
1679858600476 179.0 179
1679858600646 180.0 180
1679858601659 181.0 181
1679858601894 182.0 182
1679858602906 183.0 183
1679858603085 184.0 184
1679858604109 185.0 185
1679858604292 186.0 186
1679858605320 187.0 187
1679858605501 188.0 188
1679858606580 189.0 189
1679858606772 190.0 190
1679858607818 191.0 191
1679858607982 192.0 192
1679858608945 193.0 193
1679858609120 194.0 194
1679858610140 195.0 195
1679858610310 196.0 196
1679858611242 197.0 197
1679858611415 198.0 198
1679858612379 199.0 199
1679858612566 200.0 200
1679858613509 201.0 201
1679858613679 202.0 202
1679858614630 203.0 203
1679858614797 204.0 204
1679858615712 205.0 205
1679858615883 206.0 206
1679858616812 207.0 207
1679858616997 208.0 208
1679858617991 209.0 209
1679858618178 210.0 210
1679858619131 211.0 211
1679858619313 212.0 212
1679858620271 213.0 213
1679858620447 214.0 214
1679858621443 215.0 215
1679858621623 216.0 216
1679858622586 217.0 217
1679858622757 218.0 218
1679858623696 219.0 219
1679858623888 220.0 220
1679858624872 221.0 221
1679858625040 222.0 222
1679858626050 223.0 223
1679858626218 224.0 224
1679858627207 225.0 225
1679858627374 226.0 226
1679858628314 227.0 227
1679858628482 228.0 228
1679858629432 229.0 229
1679858629619 230.0 230
1679858630576 231.0 231
1679858630738 232.0 232
1679858631707 233.0 233
1679858631881 234.0 234
1679858633008 235.0 235
1679858633191 236.0 236
1679858634327 237.0 237
1679858634524 238.0 238
1679858635673 239.0 239
1679858635860 240.0 240
1679858636941 241.0 241
1679858637126 242.0 242
1679858638065 243.0 243
1679858638229 244.0 244
1679858639186 245.0 245
1679858639363 246.0 246
1679858640317 247.0 247
1679858640498 248.0 248
1679858641447 249.0 249
1679858641701 250.0 250
1679858642651 251.0 251
1679858642818 252.0 252
1679858643762 253.0 253
1679858643937 254.0 254
1679858644897 255.0 255
1679858645065 256.0 256
1679858646040 257.0 257
1679858646227 258.0 258
1679858647248 259.0 259
1679858647429 260.0 260
1679858648420 261.0 261
1679858648592 262.0 262
1679858649645 263.0 263
1679858649817 264.0 264
1679858650762 265.0 265
1679858650934 266.0 266
1679858651891 267.0 267
1679858652095 268.0 268
1679858653055 269.0 269
1679858653233 270.0 270
1679858654170 271.0 271
1679858654352 272.0 272
1679858655305 273.0 273
1679858655477 274.0 274
1679858656411 275.0 275
1679858656592 276.0 276
1679858657624 277.0 277
1679858657814 278.0 278
1679858658762 279.0 279
1679858658932 280.0 280
1679858659910 281.0 281
1679858660079 282.0 282
1679858661047 283.0 283
1679858661219 284.0 284
1679858662199 285.0 285
1679858662367 286.0 286
1679858663321 287.0 287
1679858663512 288.0 288
1679858664480 289.0 289
1679858664653 290.0 290
1679858665695 291.0 291
1679858665863 292.0 292
1679858666805 293.0 293
1679858666982 294.0 294
1679858667926 295.0 295
1679858668102 296.0 296
1679858669050 297.0 297
1679858669250 298.0 298
1679858670204 299.0 299
1679858670373 300.0 300
1679858670495 301.0 301
