1679858500267 0.0 1
1679858500440 0.0 2
1679858501358 0.0 3
1679858501509 0.0 4
1679858502467 0.0 5
1679858502687 0.0 6
1679858503610 0.0 7
1679858503761 0.0 8
1679858504712 0.0 9
1679858504864 0.0 10
1679858505773 0.0 11
1679858505942 0.0 12
1679858506868 0.0 13
1679858507028 0.0 14
1679858507922 0.0 15
1679858508078 0.0 16
1679858508993 0.0 17
1679858509147 0.0 18
1679858510154 0.0 19
1679858510307 0.0 20
1679858511208 0.0 21
1679858511376 0.0 22
1679858512392 0.0 23
1679858512556 0.0 24
1679858513548 0.0 25
1679858513716 0.0 26
1679858514752 0.0 27
1679858514928 0.0 28
1679858515991 0.0 29
1679858516155 0.0 30
1679858517159 0.0 31
1679858517327 0.0 32
1679858518326 0.0 33
1679858518487 0.0 34
1679858519478 0.0 35
1679858519633 0.0 36
1679858520592 0.0 37
1679858520746 0.0 38
1679858521645 0.0 39
1679858521801 0.0 40
1679858522712 0.0 41
1679858522890 0.0 42
1679858523787 0.0 43
1679858523938 0.0 44
1679858524870 0.0 45
1679858525026 0.0 46
1679858525998 0.0 47
1679858526152 0.0 48
1679858527077 0.0 49
1679858527231 0.0 50
1679858528137 0.0 51
1679858528331 0.0 52
1679858529282 0.0 53
1679858529444 0.0 54
1679858530362 0.0 55
1679858530519 0.0 56
1679858531445 0.0 57
1679858531598 0.0 58
1679858532565 0.0 59
1679858532721 0.0 60
1679858533697 0.0 61
1679858533873 0.0 62
1679858534796 0.0 63
1679858534952 0.0 64
1679858535843 0.0 65
1679858535997 0.0 66
1679858536912 0.0 67
1679858537073 0.0 68
1679858537976 0.0 69
1679858538131 0.0 70
1679858539032 0.0 71
1679858539219 0.0 72
1679858540156 0.0 73
1679858540314 0.0 74
1679858541319 0.0 75
1679858541478 0.0 76
1679858542409 0.0 77
1679858542565 0.0 78
1679858543617 0.0 79
1679858543784 0.0 80
1679858544882 0.0 81
1679858545070 0.0 82
1679858546081 0.0 83
1679858546252 0.0 84
1679858547252 0.0 85
1679858547419 0.0 86
1679858548344 0.0 87
1679858548572 0.0 88
1679858549500 0.0 89
1679858549659 0.0 90
1679858550564 0.0 91
1679858550747 0.0 92
1679858551707 0.0 93
1679858551871 0.0 94
1679858552794 0.0 95
1679858552949 0.0 96
1679858553860 0.0 97
1679858554026 0.0 98
1679858555105 0.0 99
1679858555265 0.0 100
1679858556188 0.0 101
1679858556352 0.0 102
1679858557344 0.0 103
1679858557499 0.0 104
1679858558427 0.0 105
1679858558588 0.0 106
1679858559539 0.0 107
1679858559693 0.0 108
1679858560607 0.0 109
1679858560767 0.0 110
1679858561679 0.0 111
1679858561882 0.0 112
1679858562877 0.0 113
1679858563041 0.0 114
1679858563951 0.0 115
1679858564107 0.0 116
1679858565020 0.0 117
1679858565183 0.0 118
1679858566107 0.0 119
1679858566275 0.0 120
1679858567229 0.0 121
1679858567402 0.0 122
1679858568331 0.0 123
1679858568488 0.0 124
1679858569460 0.0 125
1679858569621 0.0 126
1679858570653 0.0 127
1679858570810 0.0 128
1679858571803 0.0 129
1679858571986 0.0 130
1679858573018 0.0 131
1679858573209 0.0 132
1679858574251 0.0 133
1679858574435 0.0 134
1679858575478 0.0 135
1679858575653 0.0 136
1679858576668 0.0 137
1679858576850 0.0 138
1679858577820 0.0 139
1679858578004 0.0 140
1679858579016 0.0 141
1679858579208 0.0 142
1679858580170 0.0 143
1679858580334 0.0 144
1679858581332 0.0 145
1679858581497 0.0 146
1679858582456 0.0 147
1679858582619 0.0 148
1679858583571 0.0 149
1679858583736 0.0 150
1679858584699 0.0 151
1679858584877 0.0 152
1679858585819 0.0 153
1679858586057 0.0 154
1679858586998 0.0 155
1679858587161 0.0 156
1679858588080 0.0 157
1679858588245 0.0 158
1679858589168 0.0 159
1679858589338 0.0 160
1679858590255 0.0 161
1679858590441 0.0 162
1679858591366 0.0 163
1679858591527 0.0 164
1679858592468 0.0 165
1679858592634 0.0 166
1679858593611 0.0 167
1679858593851 0.0 168
1679858594837 0.0 169
1679858595002 0.0 170
1679858595959 0.0 171
1679858596145 0.0 172
1679858597137 0.0 173
1679858597301 0.0 174
1679858598250 0.0 175
1679858598418 0.0 176
1679858599362 0.0 177
1679858599535 0.0 178
1679858600474 0.0 179
1679858600643 0.0 180
1679858601657 0.0 181
1679858601891 0.0 182
1679858602904 0.0 183
1679858603083 0.0 184
1679858604107 0.0 185
1679858604291 0.0 186
1679858605319 0.0 187
1679858605498 0.0 188
1679858606578 0.0 189
1679858606769 0.0 190
1679858607816 0.0 191
1679858607980 0.0 192
1679858608943 0.0 193
1679858609118 0.0 194
1679858610138 0.0 195
1679858610308 0.0 196
1679858611240 0.0 197
1679858611414 0.0 198
1679858612377 0.0 199
1679858612563 0.0 200
1679858613507 0.0 201
1679858613678 0.0 202
1679858614628 0.0 203
1679858614795 0.0 204
1679858615710 0.0 205
1679858615881 0.0 206
1679858616810 0.0 207
1679858616995 0.0 208
1679858617989 0.0 209
1679858618175 0.0 210
1679858619129 0.0 211
1679858619311 0.0 212
1679858620269 0.0 213
1679858620445 0.0 214
1679858621441 0.0 215
1679858621622 0.0 216
1679858622584 0.0 217
1679858622755 0.0 218
1679858623694 0.0 219
1679858623886 0.0 220
1679858624870 0.0 221
1679858625039 0.0 222
1679858626048 0.0 223
1679858626217 0.0 224
1679858627205 0.0 225
1679858627372 0.0 226
1679858628312 0.0 227
1679858628480 0.0 228
1679858629431 0.0 229
1679858629617 0.0 230
1679858630574 0.0 231
1679858630737 0.0 232
1679858631705 0.0 233
1679858631879 0.0 234
1679858633006 0.0 235
1679858633189 0.0 236
1679858634325 0.0 237
1679858634521 0.0 238
1679858635671 0.0 239
1679858635858 0.0 240
1679858636939 0.0 241
1679858637124 0.0 242
1679858638064 0.0 243
1679858638228 0.0 244
1679858639184 0.0 245
1679858639361 0.0 246
1679858640315 0.0 247
1679858640495 0.0 248
1679858641443 0.0 249
1679858641700 0.0 250
1679858642649 0.0 251
1679858642816 0.0 252
1679858643761 0.0 253
1679858643936 0.0 254
1679858644895 0.0 255
1679858645064 0.0 256
1679858646037 0.0 257
1679858646224 0.0 258
1679858647246 0.0 259
1679858647427 0.0 260
1679858648418 0.0 261
1679858648591 0.0 262
1679858649643 0.0 263
1679858649815 0.0 264
1679858650760 0.0 265
1679858650932 0.0 266
1679858651890 0.0 267
1679858652093 0.0 268
1679858653052 0.0 269
1679858653230 0.0 270
1679858654169 0.0 271
1679858654350 0.0 272
1679858655303 0.0 273
1679858655475 0.0 274
1679858656409 0.0 275
1679858656590 0.0 276
1679858657621 0.0 277
1679858657813 0.0 278
1679858658760 0.0 279
1679858658930 0.0 280
1679858659908 0.0 281
1679858660077 0.0 282
1679858661046 0.0 283
1679858661217 0.0 284
1679858662198 0.0 285
1679858662365 0.0 286
1679858663319 0.0 287
1679858663510 0.0 288
1679858664478 0.0 289
1679858664650 0.0 290
1679858665694 0.0 291
1679858665860 0.0 292
1679858666803 0.0 293
1679858666981 0.0 294
1679858667923 0.0 295
1679858668101 0.0 296
1679858669048 0.0 297
1679858669248 0.0 298
1679858670202 0.0 299
1679858670371 0.0 300
1679858670494 0.0 301
