1679858500261 4.364204168319702 1
1679858500434 4.523167133331299 2
1679858501351 5.442939519882202 3
1679858501503 5.5924973487854 4
1679858502461 6.5519421100616455 5
1679858502681 6.772157430648804 6
1679858503605 7.693925619125366 7
1679858503755 7.844201326370239 8
1679858504707 8.796408414840698 9
1679858504857 8.944507360458374 10
1679858505768 9.856027603149414 11
1679858505936 10.020764827728271 12
1679858506862 10.951021432876587 13
1679858507023 11.110009670257568 14
1679858507917 12.007395505905151 15
1679858508071 12.158924579620361 16
1679858508988 13.069072484970093 17
1679858509141 13.229960918426514 18
1679858510149 14.236453533172607 19
1679858510302 14.38991093635559 20
1679858511202 15.290917158126831 21
1679858511368 15.44844365119934 22
1679858512387 16.470003604888916 23
1679858512550 16.635515213012695 24
1679858513542 17.62315273284912 25
1679858513709 17.791447401046753 26
1679858514746 18.8297438621521 27
1679858514922 18.998470067977905 28
1679858515985 20.067482233047485 29
1679858516150 20.23012638092041 30
1679858517154 21.2415030002594 31
1679858517321 21.407346487045288 32
1679858518321 22.40761637687683 33
1679858518482 22.562486171722412 34
1679858519473 23.552546739578247 35
1679858519627 23.715423345565796 36
1679858520587 24.675901889801025 37
1679858520740 24.826904773712158 38
1679858521639 25.725897073745728 39
1679858521796 25.882576942443848 40
1679858522705 26.791933059692383 41
1679858522885 26.968183755874634 42
1679858523781 27.866958141326904 43
1679858523932 28.02140164375305 44
1679858524864 28.947966814041138 45
1679858525020 29.1039080619812 46
1679858525992 30.077723026275635 47
1679858526146 30.234683752059937 48
1679858527072 31.158143758773804 49
1679858527226 31.311513423919678 50
1679858528131 32.21882963180542 51
1679858528326 32.4065158367157 52
1679858529276 33.36117601394653 53
1679858529437 33.51984786987305 54
1679858530356 34.434791803359985 55
1679858530513 34.59896421432495 56
1679858531440 35.52534461021423 57
1679858531592 35.678969621658325 58
1679858532560 36.643351793289185 59
1679858532716 36.80092716217041 60
1679858533692 37.777100801467896 61
1679858533867 37.94003987312317 62
1679858534791 38.87417817115784 63
1679858534947 39.03033995628357 64
1679858535838 39.92209768295288 65
1679858535992 40.07835865020752 66
1679858536906 40.984867572784424 67
1679858537068 41.15139079093933 68
1679858537971 42.05624270439148 69
1679858538126 42.21136665344238 70
1679858539027 43.113322734832764 71
1679858539213 43.29338574409485 72
1679858540149 44.23586916923523 73
1679858540309 44.392927169799805 74
1679858541314 45.398852586746216 75
1679858541472 45.554311990737915 76
1679858542403 46.48787307739258 77
1679858542559 46.64304566383362 78
1679858543612 47.68893623352051 79
1679858543778 47.85887670516968 80
1679858544876 48.953338623046875 81
1679858545060 49.13311219215393 82
1679858546075 50.15542149543762 83
1679858546247 50.32498025894165 84
1679858547245 51.325050592422485 85
1679858547412 51.492884159088135 86
1679858548339 52.42305898666382 87
1679858548566 52.651001930236816 88
1679858549493 53.57682967185974 89
1679858549654 53.73679065704346 90
1679858550559 54.64129590988159 91
1679858550741 54.81291890144348 92
1679858551702 55.782254219055176 93
1679858551866 55.94783020019531 94
1679858552788 56.87286734580994 95
1679858552943 57.02782893180847 96
1679858553855 57.938334226608276 97
1679858554020 58.09829497337341 98
1679858555099 59.18080735206604 99
1679858555261 59.342806816101074 100
1679858556182 60.26537275314331 101
1679858556345 60.425904750823975 102
1679858557338 61.41679048538208 103
1679858557494 61.57726764678955 104
1679858558420 62.50359654426575 105
1679858558582 62.66592574119568 106
1679858559534 63.616811990737915 107
1679858559688 63.77078318595886 108
1679858560601 64.68403363227844 109
1679858560761 64.84182715415955 110
1679858561673 65.75699758529663 111
1679858561873 65.94788312911987 112
1679858562872 66.95381450653076 113
1679858563034 67.11687922477722 114
1679858563945 68.0268566608429 115
1679858564101 68.18429636955261 116
1679858565015 69.09776973724365 117
1679858565178 69.2573082447052 118
1679858566102 70.1847915649414 119
1679858566261 70.3443763256073 120
1679858567223 71.30676412582397 121
1679858567396 71.47336268424988 122
1679858568326 72.4095504283905 123
1679858568482 72.5659453868866 124
1679858569454 73.53521800041199 125
1679858569616 73.69851446151733 126
1679858570648 74.72996068000793 127
1679858570805 74.88634252548218 128
1679858571797 75.86538219451904 129
1679858571981 76.05486011505127 130
1679858573012 77.08999347686768 131
1679858573202 77.26532793045044 132
1679858574245 78.31342458724976 133
1679858574430 78.49994421005249 134
1679858575472 79.54306077957153 135
1679858575648 79.72477436065674 136
1679858576662 80.73529696464539 137
1679858576845 80.91821479797363 138
1679858577812 81.88443350791931 139
1679858577998 82.07382869720459 140
1679858579011 83.09154200553894 141
1679858579199 83.27291703224182 142
1679858580165 84.24499082565308 143
1679858580328 84.4099280834198 144
1679858581327 85.40744495391846 145
1679858581492 85.56676125526428 146
1679858582452 86.53088402748108 147
1679858582613 86.69386148452759 148
1679858583566 87.64386367797852 149
1679858583730 87.80988264083862 150
1679858584693 88.77205753326416 151
1679858584871 88.94631290435791 152
1679858585813 89.89277672767639 153
1679858586049 90.12689709663391 154
1679858586990 91.06881928443909 155
1679858587156 91.2367753982544 156
1679858588075 92.15384793281555 157
1679858588240 92.31822085380554 158
1679858589162 93.24193549156189 159
1679858589332 93.40962147712708 160
1679858590250 94.32522344589233 161
1679858590435 94.503821849823 162
1679858591361 95.44229173660278 163
1679858591521 95.59983277320862 164
1679858592463 96.54223656654358 165
1679858592627 96.70675563812256 166
1679858593606 97.6835412979126 167
1679858593846 97.92477416992188 168
1679858594832 98.90879511833191 169
1679858594997 99.07619404792786 170
1679858595953 100.03275299072266 171
1679858596139 100.21188068389893 172
1679858597131 101.20688915252686 173
1679858597296 101.37241005897522 174
1679858598245 102.32271218299866 175
1679858598412 102.49074149131775 176
1679858599357 103.43414664268494 177
1679858599529 103.60477066040039 178
1679858600468 104.54572224617004 179
1679858600638 104.71328043937683 180
1679858601652 105.73095846176147 181
1679858601884 105.93757677078247 182
1679858602898 106.9586935043335 183
1679858603078 107.14954590797424 184
1679858604102 108.17174959182739 185
1679858604285 108.35673785209656 186
1679858605313 109.3803448677063 187
1679858605492 109.56541061401367 188
1679858606570 110.64192700386047 189
1679858606764 110.82829904556274 190
1679858607810 111.888258934021 191
1679858607975 112.0531907081604 192
1679858608939 113.01593542098999 193
1679858609112 113.18076777458191 194
1679858610133 114.20435905456543 195
1679858610302 114.37372303009033 196
1679858611235 115.30771017074585 197
1679858611408 115.47769451141357 198
1679858612371 116.43827366828918 199
1679858612556 116.62045955657959 200
1679858613502 117.57166266441345 201
1679858613672 117.74415159225464 202
1679858614622 118.69244623184204 203
1679858614790 118.86054730415344 204
1679858615703 119.77422714233398 205
1679858615875 119.94765853881836 206
1679858616805 120.87285614013672 207
1679858616989 121.05500721931458 208
1679858617983 122.05379986763 209
1679858618166 122.23312878608704 210
1679858619122 123.1878912448883 211
1679858619305 123.36817502975464 212
1679858620264 124.33277487754822 213
1679858620440 124.51031255722046 214
1679858621435 125.50426363945007 215
1679858621616 125.68041157722473 216
1679858622579 126.65016436576843 217
1679858622750 126.82201480865479 218
1679858623688 127.75849771499634 219
1679858623879 127.93569350242615 220
1679858624865 128.93979573249817 221
1679858625033 129.1109848022461 222
1679858626042 130.1157956123352 223
1679858626210 130.28471493721008 224
1679858627200 131.27588176727295 225
1679858627365 131.44312834739685 226
1679858628305 132.38023209571838 227
1679858628474 132.55145955085754 228
1679858629426 133.50169205665588 229
1679858629609 133.6775608062744 230
1679858630568 134.64418959617615 231
1679858630732 134.8097333908081 232
1679858631697 135.7712230682373 233
1679858631873 135.94724106788635 234
1679858633000 137.06618571281433 235
1679858633184 137.25128197669983 236
1679858634319 138.386812210083 237
1679858634514 138.57973837852478 238
1679858635666 139.7312536239624 239
1679858635852 139.91616582870483 240
1679858636934 140.9996600151062 241
1679858637119 141.1876950263977 242
1679858638059 142.13529062271118 243
1679858638222 142.29992938041687 244
1679858639178 143.2501575946808 245
1679858639356 143.42770719528198 246
1679858640310 144.38618969917297 247
1679858640485 144.5587170124054 248
1679858641437 145.5107741355896 249
1679858641694 145.76263165473938 250
1679858642643 146.71974349021912 251
1679858642811 146.88680386543274 252
1679858643755 147.8316683769226 253
1679858643929 147.99776935577393 254
1679858644889 148.96469712257385 255
1679858645058 149.13160061836243 256
1679858646031 150.1073911190033 257
1679858646217 150.28936958312988 258
1679858647240 151.3127851486206 259
1679858647421 151.48666501045227 260
1679858648413 152.48687148094177 261
1679858648585 152.66156673431396 262
1679858649637 153.71310138702393 263
1679858649809 153.88223099708557 264
1679858650754 154.8281593322754 265
1679858650926 154.99866604804993 266
1679858651884 155.9573998451233 267
1679858652088 156.15290880203247 268
1679858653047 157.12015748023987 269
1679858653224 157.29614973068237 270
1679858654164 158.23681211471558 271
1679858654344 158.4137783050537 272
1679858655297 159.37129878997803 273
1679858655470 159.54410481452942 274
1679858656404 160.47963953018188 275
1679858656585 160.6512622833252 276
1679858657617 161.68967461585999 277
1679858657806 161.87363576889038 278
1679858658755 162.82658553123474 279
1679858658925 162.99870657920837 280
1679858659902 163.9725968837738 281
1679858660071 164.14494466781616 282
1679858661040 165.11506247520447 283
1679858661212 165.28865933418274 284
1679858662192 166.26559925079346 285
1679858662360 166.43164539337158 286
1679858663314 167.38876962661743 287
1679858663504 167.57065677642822 288
1679858664472 168.5476851463318 289
1679858664645 168.7183117866516 290
1679858665688 169.76044249534607 291
1679858665855 169.92999863624573 292
1679858666798 170.87111401557922 293
1679858666974 171.04358386993408 294
1679858667918 171.99159860610962 295
1679858668095 172.16786336898804 296
1679858669042 173.11659121513367 297
1679858669240 173.3036653995514 298
1679858670197 174.26977849006653 299
1679858670366 174.43965554237366 300
1679858670489 174.56324815750122 301
