1677086131843 1.0 1
1677086132050 2.0 2
1677086133162 3.0 3
1677086133401 4.0 4
1677086134521 5.0 5
1677086134725 6.0 6
1677086135815 7.0 7
1677086136034 8.0 8
1677086137099 9.0 9
1677086137305 10.0 10
1677086138349 11.0 11
1677086138560 12.0 12
1677086139661 13.0 13
1677086139863 14.0 14
1677086140879 15.0 15
1677086141086 16.0 16
1677086142183 17.0 17
1677086142400 18.0 18
1677086143485 19.0 19
1677086143717 20.0 20
1677086144797 21.0 21
1677086145002 22.0 22
1677086146065 23.0 23
1677086146272 24.0 24
1677086147267 25.0 25
1677086147474 26.0 26
1677086148692 27.0 27
1677086148914 28.0 28
1677086150007 29.0 29
1677086150237 30.0 30
1677086151515 31.0 31
1677086151761 32.0 32
1677086153026 33.0 33
1677086153293 34.0 34
1677086154515 35.0 35
1677086154750 36.0 36
1677086155851 37.0 37
1677086156062 38.0 38
1677086157230 39.0 39
1677086157469 40.0 40
1677086158524 41.0 41
1677086158734 42.0 42
1677086159837 43.0 43
1677086160050 44.0 44
1677086161117 45.0 45
1677086161320 46.0 46
1677086162395 47.0 47
1677086162604 48.0 48
1677086163721 49.0 49
1677086163945 50.0 50
1677086165018 51.0 51
1677086165220 52.0 52
1677086166259 53.0 53
1677086166501 54.0 54
1677086167655 55.0 55
1677086167867 56.0 56
1677086168973 57.0 57
1677086169209 58.0 58
1677086170227 59.0 59
1677086170427 60.0 60
1677086171534 61.0 61
1677086171761 62.0 62
1677086172878 63.0 63
1677086173127 64.0 64
1677086174216 65.0 65
1677086174462 66.0 66
1677086175596 67.0 67
1677086175818 68.0 68
1677086176838 69.0 69
1677086177041 70.0 70
1677086178258 71.0 71
1677086178473 72.0 72
1677086179519 73.0 73
1677086179730 74.0 74
1677086180841 75.0 75
1677086181080 76.0 76
1677086182299 77.0 77
1677086182593 78.0 78
1677086183767 79.0 79
1677086183990 80.0 80
1677086185142 81.0 81
1677086185424 82.0 82
1677086186416 83.0 83
1677086186627 84.0 84
1677086187630 85.0 85
1677086187839 86.0 86
1677086188834 87.0 87
1677086189035 88.0 88
1677086190000 89.0 89
1677086190208 90.0 90
1677086191242 91.0 91
1677086191440 92.0 92
1677086192448 93.0 93
1677086192649 94.0 94
1677086193637 95.0 95
1677086193833 96.0 96
1677086194843 97.0 97
1677086195041 98.0 98
1677086196024 99.0 99
1677086196253 100.0 100
1677086197276 101.0 101
1677086197464 102.0 102
1677086198450 103.0 103
1677086198717 104.0 104
1677086199681 105.0 105
1677086199873 106.0 106
1677086200834 107.0 107
1677086201040 108.0 108
1677086202061 109.0 109
1677086202277 110.0 110
1677086203226 111.0 111
1677086203421 112.0 112
1677086204377 113.0 113
1677086204576 114.0 114
1677086205628 115.0 115
1677086205829 116.0 116
1677086206803 117.0 117
1677086207018 118.0 118
1677086208019 119.0 119
1677086208219 120.0 120
1677086209175 121.0 121
1677086209370 122.0 122
1677086210372 123.0 123
1677086210567 124.0 124
1677086211673 125.0 125
1677086212006 126.0 126
1677086213152 127.0 127
1677086213369 128.0 128
1677086214460 129.0 129
1677086214697 130.0 130
1677086215782 131.0 131
1677086215997 132.0 132
1677086216972 133.0 133
1677086217168 134.0 134
1677086218146 135.0 135
1677086218343 136.0 136
1677086219389 137.0 137
1677086219592 138.0 138
1677086220544 139.0 139
1677086220746 140.0 140
1677086221719 141.0 141
1677086221912 142.0 142
1677086222882 143.0 143
1677086223097 144.0 144
1677086224059 145.0 145
1677086224264 146.0 146
1677086225263 147.0 147
1677086225544 148.0 148
1677086226498 149.0 149
1677086226712 150.0 150
1677086227673 151.0 151
1677086227890 152.0 152
1677086228890 153.0 153
1677086229102 154.0 154
1677086230060 155.0 155
1677086230270 156.0 156
1677086231233 157.0 157
1677086231437 158.0 158
1677086232485 159.0 159
1677086232683 160.0 160
1677086233684 161.0 161
1677086233936 162.0 162
1677086235018 163.0 163
1677086235259 164.0 164
1677086236338 165.0 165
1677086236564 166.0 166
1677086237703 167.0 167
1677086237917 168.0 168
1677086238902 169.0 169
1677086239192 170.0 170
1677086240212 171.0 171
1677086240439 172.0 172
1677086241621 173.0 173
1677086241877 174.0 174
1677086243019 175.0 175
1677086243268 176.0 176
1677086244541 177.0 177
1677086244784 178.0 178
1677086245798 179.0 179
1677086245996 180.0 180
1677086247029 181.0 181
1677086247227 182.0 182
1677086248214 183.0 183
1677086248412 184.0 184
1677086249360 185.0 185
1677086249564 186.0 186
1677086250558 187.0 187
1677086250757 188.0 188
1677086251738 189.0 189
1677086251941 190.0 190
1677086252897 191.0 191
1677086253169 192.0 192
1677086254137 193.0 193
1677086254334 194.0 194
1677086255461 195.0 195
1677086255718 196.0 196
1677086256766 197.0 197
1677086256984 198.0 198
1677086258042 199.0 199
1677086258260 200.0 200
1677086259341 201.0 201
1677086259583 202.0 202
1677086260911 203.0 203
1677086261121 204.0 204
1677086262232 205.0 205
1677086262468 206.0 206
1677086263503 207.0 207
1677086263734 208.0 208
1677086264774 209.0 209
1677086264996 210.0 210
1677086266146 211.0 211
1677086266376 212.0 212
1677086267376 213.0 213
1677086267656 214.0 214
1677086268612 215.0 215
1677086268813 216.0 216
1677086269764 217.0 217
1677086269985 218.0 218
1677086271094 219.0 219
1677086271319 220.0 220
1677086272417 221.0 221
1677086272634 222.0 222
1677086273736 223.0 223
1677086273964 224.0 224
1677086275171 225.0 225
1677086275376 226.0 226
1677086276335 227.0 227
1677086276543 228.0 228
1677086277532 229.0 229
1677086277780 230.0 230
1677086278868 231.0 231
1677086279126 232.0 232
1677086280193 233.0 233
1677086280425 234.0 234
1677086281444 235.0 235
1677086281748 236.0 236
1677086282760 237.0 237
1677086282974 238.0 238
1677086283983 239.0 239
1677086284220 240.0 240
1677086285230 241.0 241
1677086285468 242.0 242
1677086286511 243.0 243
1677086286766 244.0 244
1677086287826 245.0 245
1677086288042 246.0 246
1677086289148 247.0 247
1677086289358 248.0 248
1677086290388 249.0 249
1677086290625 250.0 250
1677086291633 251.0 251
1677086291883 252.0 252
1677086292916 253.0 253
1677086293127 254.0 254
1677086294173 255.0 255
1677086294386 256.0 256
1677086295386 257.0 257
1677086295676 258.0 258
1677086296757 259.0 259
1677086296981 260.0 260
1677086298023 261.0 261
1677086298237 262.0 262
1677086299342 263.0 263
1677086299564 264.0 264
1677086300661 265.0 265
1677086300898 266.0 266
1677086302013 267.0 267
1677086302255 268.0 268
1677086303363 269.0 269
1677086303569 270.0 270
1677086304550 271.0 271
1677086304755 272.0 272
1677086305859 273.0 273
1677086306078 274.0 274
1677086307188 275.0 275
1677086307442 276.0 276
1677086308526 277.0 277
1677086308748 278.0 278
1677086309802 279.0 279
1677086310102 280.0 280
1677086311138 281.0 281
1677086311364 282.0 282
1677086312452 283.0 283
1677086312690 284.0 284
1677086313747 285.0 285
1677086313960 286.0 286
1677086314902 287.0 287
1677086315103 288.0 288
1677086316034 289.0 289
1677086316237 290.0 290
1677086317290 291.0 291
1677086317504 292.0 292
1677086318656 293.0 293
1677086318887 294.0 294
1677086319963 295.0 295
1677086320178 296.0 296
1677086321151 297.0 297
1677086321368 298.0 298
1677086322347 299.0 299
1677086322565 300.0 300
1677086322819 301.0 301
