1677086131839 25280.0 1
1677086132046 25280.0 2
1677086133159 25280.0 3
1677086133397 25280.0 4
1677086134517 25280.0 5
1677086134722 25280.0 6
1677086135812 25280.0 7
1677086136030 25280.0 8
1677086137094 25280.0 9
1677086137302 25280.0 10
1677086138345 25280.0 11
1677086138556 25280.0 12
1677086139658 25280.0 13
1677086139860 25280.0 14
1677086140876 25280.0 15
1677086141082 25280.0 16
1677086142179 25280.0 17
1677086142396 25280.0 18
1677086143481 25280.0 19
1677086143714 25280.0 20
1677086144790 25280.0 21
1677086144998 25280.0 22
1677086146062 25280.0 23
1677086146268 25280.0 24
1677086147264 25280.0 25
1677086147471 25280.0 26
1677086148687 25280.0 27
1677086148909 25280.0 28
1677086150002 25280.0 29
1677086150233 25280.0 30
1677086151510 25280.0 31
1677086151757 25280.0 32
1677086153022 25280.0 33
1677086153289 25280.0 34
1677086154512 25280.0 35
1677086154746 25280.0 36
1677086155847 25280.0 37
1677086156058 25280.0 38
1677086157226 25280.0 39
1677086157464 25280.0 40
1677086158520 25280.0 41
1677086158731 25280.0 42
1677086159833 25280.0 43
1677086160046 25280.0 44
1677086161114 25280.0 45
1677086161316 25280.0 46
1677086162392 25280.0 47
1677086162601 25280.0 48
1677086163716 25280.0 49
1677086163941 25280.0 50
1677086165014 25280.0 51
1677086165217 25280.0 52
1677086166256 25280.0 53
1677086166496 25280.0 54
1677086167651 25280.0 55
1677086167863 25280.0 56
1677086168969 25280.0 57
1677086169205 25280.0 58
1677086170224 25280.0 59
1677086170423 25280.0 60
1677086171530 25280.0 61
1677086171756 25280.0 62
1677086172874 25280.0 63
1677086173123 25280.0 64
1677086174212 25280.0 65
1677086174456 25280.0 66
1677086175591 25280.0 67
1677086175815 25280.0 68
1677086176834 25280.0 69
1677086177038 25280.0 70
1677086178254 25280.0 71
1677086178468 25280.0 72
1677086179514 25280.0 73
1677086179726 25280.0 74
1677086180838 25280.0 75
1677086181076 25280.0 76
1677086182293 25280.0 77
1677086182587 25280.0 78
1677086183762 25280.0 79
1677086183986 25280.0 80
1677086185139 25280.0 81
1677086185421 25280.0 82
1677086186412 25280.0 83
1677086186623 25280.0 84
1677086187626 25280.0 85
1677086187836 25280.0 86
1677086188831 25280.0 87
1677086189032 25280.0 88
1677086189997 25280.0 89
1677086190205 25280.0 90
1677086191238 25280.0 91
1677086191436 25280.0 92
1677086192445 25280.0 93
1677086192646 25280.0 94
1677086193633 25280.0 95
1677086193830 25280.0 96
1677086194840 25280.0 97
1677086195038 25280.0 98
1677086196020 25280.0 99
1677086196250 25280.0 100
1677086197273 25280.0 101
1677086197462 25280.0 102
1677086198446 25280.0 103
1677086198714 25280.0 104
1677086199677 25280.0 105
1677086199869 25280.0 106
1677086200830 25280.0 107
1677086201037 25280.0 108
1677086202057 25280.0 109
1677086202274 25280.0 110
1677086203222 25280.0 111
1677086203417 25280.0 112
1677086204373 25280.0 113
1677086204572 25280.0 114
1677086205625 25280.0 115
1677086205826 25280.0 116
1677086206800 25280.0 117
1677086207015 25280.0 118
1677086208014 25280.0 119
1677086208216 25280.0 120
1677086209171 25280.0 121
1677086209367 25280.0 122
1677086210369 25280.0 123
1677086210564 25280.0 124
1677086211669 25280.0 125
1677086212003 25280.0 126
1677086213149 25280.0 127
1677086213366 25280.0 128
1677086214456 25280.0 129
1677086214693 25280.0 130
1677086215779 25280.0 131
1677086215993 25280.0 132
1677086216969 25280.0 133
1677086217164 25280.0 134
1677086218142 25280.0 135
1677086218340 25280.0 136
1677086219386 25280.0 137
1677086219589 25280.0 138
1677086220543 25280.0 139
1677086220743 25280.0 140
1677086221716 25280.0 141
1677086221909 25280.0 142
1677086222879 25280.0 143
1677086223094 25280.0 144
1677086224056 25280.0 145
1677086224261 25280.0 146
1677086225260 25280.0 147
1677086225540 25280.0 148
1677086226495 25280.0 149
1677086226708 25280.0 150
1677086227670 25280.0 151
1677086227886 25280.0 152
1677086228887 25280.0 153
1677086229099 25280.0 154
1677086230057 25280.0 155
1677086230266 25280.0 156
1677086231230 25280.0 157
1677086231433 25280.0 158
1677086232482 25280.0 159
1677086232679 25280.0 160
1677086233681 25280.0 161
1677086233932 25280.0 162
1677086235015 25280.0 163
1677086235255 25280.0 164
1677086236334 25280.0 165
1677086236560 25280.0 166
1677086237699 25280.0 167
1677086237913 25280.0 168
1677086238900 25280.0 169
1677086239188 25280.0 170
1677086240208 25280.0 171
1677086240434 25280.0 172
1677086241616 25280.0 173
1677086241872 25280.0 174
1677086243015 25280.0 175
1677086243264 25280.0 176
1677086244537 25280.0 177
1677086244778 25280.0 178
1677086245794 25280.0 179
1677086245992 25280.0 180
1677086247025 25280.0 181
1677086247224 25280.0 182
1677086248212 25280.0 183
1677086248409 25280.0 184
1677086249357 25280.0 185
1677086249560 25280.0 186
1677086250554 25280.0 187
1677086250754 25280.0 188
1677086251735 25280.0 189
1677086251938 25280.0 190
1677086252893 25280.0 191
1677086253166 25280.0 192
1677086254132 25280.0 193
1677086254332 25280.0 194
1677086255458 25280.0 195
1677086255714 25280.0 196
1677086256763 25280.0 197
1677086256980 25280.0 198
1677086258038 25280.0 199
1677086258257 25280.0 200
1677086259336 25280.0 201
1677086259578 25280.0 202
1677086260908 25280.0 203
1677086261118 25280.0 204
1677086262229 25280.0 205
1677086262465 25280.0 206
1677086263499 25280.0 207
1677086263730 25280.0 208
1677086264770 25280.0 209
1677086264993 25280.0 210
1677086266142 25280.0 211
1677086266372 25280.0 212
1677086267372 25280.0 213
1677086267653 25280.0 214
1677086268609 25280.0 215
1677086268809 25280.0 216
1677086269761 25280.0 217
1677086269982 25280.0 218
1677086271090 25280.0 219
1677086271315 25280.0 220
1677086272414 25280.0 221
1677086272631 25280.0 222
1677086273733 25280.0 223
1677086273960 25280.0 224
1677086275168 25280.0 225
1677086275372 25280.0 226
1677086276332 25280.0 227
1677086276539 25280.0 228
1677086277528 25280.0 229
1677086277776 25280.0 230
1677086278865 25280.0 231
1677086279122 25280.0 232
1677086280189 25280.0 233
1677086280420 25280.0 234
1677086281441 25280.0 235
1677086281744 25280.0 236
1677086282756 25280.0 237
1677086282971 25280.0 238
1677086283979 25280.0 239
1677086284216 25280.0 240
1677086285226 25280.0 241
1677086285464 25280.0 242
1677086286508 25280.0 243
1677086286762 25280.0 244
1677086287822 25280.0 245
1677086288038 25280.0 246
1677086289144 25280.0 247
1677086289354 25280.0 248
1677086290384 25280.0 249
1677086290621 25280.0 250
1677086291629 25280.0 251
1677086291880 25280.0 252
1677086292912 25280.0 253
1677086293124 25280.0 254
1677086294169 25280.0 255
1677086294382 25280.0 256
1677086295383 25280.0 257
1677086295672 25280.0 258
1677086296753 25280.0 259
1677086296977 25280.0 260
1677086298020 25280.0 261
1677086298233 25280.0 262
1677086299339 25280.0 263
1677086299560 25280.0 264
1677086300657 25280.0 265
1677086300894 25280.0 266
1677086302010 25280.0 267
1677086302251 25280.0 268
1677086303360 25280.0 269
1677086303566 25280.0 270
1677086304547 25280.0 271
1677086304752 25280.0 272
1677086305854 25280.0 273
1677086306074 25280.0 274
1677086307185 25280.0 275
1677086307440 25280.0 276
1677086308522 25280.0 277
1677086308744 25280.0 278
1677086309800 25280.0 279
1677086310099 25280.0 280
1677086311135 25280.0 281
1677086311360 25280.0 282
1677086312448 25280.0 283
1677086312686 25280.0 284
1677086313744 25280.0 285
1677086313956 25280.0 286
1677086314898 25280.0 287
1677086315100 25280.0 288
1677086316031 25280.0 289
1677086316234 25280.0 290
1677086317286 25280.0 291
1677086317500 25280.0 292
1677086318650 25280.0 293
1677086318883 25280.0 294
1677086319960 25280.0 295
1677086320175 25280.0 296
1677086321148 25280.0 297
1677086321365 25280.0 298
1677086322344 25280.0 299
1677086322561 25280.0 300
1677086322815 25280.0 301
