1677086131829 3.0556113719940186 1
1677086132039 0.17901301383972168 2
1677086133152 1.1106796264648438 3
1677086133391 0.24295353889465332 4
1677086134510 1.1208651065826416 5
1677086134715 0.20091938972473145 6
1677086135804 1.0870327949523926 7
1677086136022 0.21805429458618164 8
1677086137087 1.065873622894287 9
1677086137294 0.2070462703704834 10
1677086138336 1.0345959663391113 11
1677086138549 0.22037363052368164 12
1677086139650 1.1026148796081543 13
1677086139853 0.20058655738830566 14
1677086140868 1.0147631168365479 15
1677086141075 0.20608854293823242 16
1677086142171 1.0976064205169678 17
1677086142389 0.21425747871398926 18
1677086143475 1.0884320735931396 19
1677086143707 0.23115825653076172 20
1677086144773 1.0637834072113037 21
1677086144992 0.22282147407531738 22
1677086146054 1.0631558895111084 23
1677086146261 0.2051680088043213 24
1677086147257 0.9965767860412598 25
1677086147463 0.20749378204345703 26
1677086148677 1.1925108432769775 27
1677086148901 0.24210333824157715 28
1677086149995 1.0929720401763916 29
1677086150225 0.22490882873535156 30
1677086151501 1.2732844352722168 31
1677086151749 0.24779248237609863 32
1677086153013 1.2702441215515137 33
1677086153280 0.26482295989990234 34
1677086154504 1.2238914966583252 35
1677086154738 0.2357945442199707 36
1677086155839 1.1013820171356201 37
1677086156050 0.2105557918548584 38
1677086157219 1.174483299255371 39
1677086157454 0.21784448623657227 40
1677086158513 1.0749883651733398 41
1677086158723 0.2080850601196289 42
1677086159827 1.1058001518249512 43
1677086160040 0.20761370658874512 44
1677086161107 1.0704700946807861 45
1677086161309 0.19986438751220703 46
1677086162385 1.0810744762420654 47
1677086162594 0.20109939575195312 48
1677086163710 1.121910810470581 49
1677086163927 0.21225929260253906 50
1677086165008 1.0867500305175781 51
1677086165210 0.20109891891479492 52
1677086166248 1.0381252765655518 53
1677086166487 0.2238311767578125 54
1677086167644 1.1603710651397705 55
1677086167857 0.21963834762573242 56
1677086168962 1.1081748008728027 57
1677086169198 0.2297041416168213 58
1677086170216 1.0270330905914307 59
1677086170416 0.19802141189575195 60
1677086171523 1.142425775527954 61
1677086171747 0.18250298500061035 62
1677086172867 1.1262531280517578 63
1677086173115 0.2416219711303711 64
1677086174203 1.0904901027679443 65
1677086174444 0.23869681358337402 66
1677086175580 1.1341774463653564 67
1677086175808 0.2346954345703125 68
1677086176827 1.0212821960449219 69
1677086177031 0.20279669761657715 70
1677086178247 1.2141940593719482 71
1677086178461 0.21490049362182617 72
1677086179508 1.0440287590026855 73
1677086179717 0.21468281745910645 74
1677086180830 1.1002819538116455 75
1677086181067 0.23730945587158203 76
1677086182283 1.207693338394165 77
1677086182578 0.29905271530151367 78
1677086183755 1.1859550476074219 79
1677086183979 0.22452306747436523 80
1677086185131 1.1542518138885498 81
1677086185414 0.2867312431335449 82
1677086186402 1.0224437713623047 83
1677086186616 0.17608165740966797 84
1677086187617 1.0010571479797363 85
1677086187828 0.21192574501037598 86
1677086188824 0.9959273338317871 87
1677086189025 0.20245671272277832 88
1677086189990 0.9658641815185547 89
1677086190198 0.20078635215759277 90
1677086191232 1.041304349899292 91
1677086191430 0.19777512550354004 92
1677086192438 1.0068917274475098 93
1677086192639 0.20191264152526855 94
1677086193626 0.9856324195861816 95
1677086193823 0.1954350471496582 96
1677086194833 1.0120596885681152 97
1677086195032 0.2000112533569336 98
1677086196012 0.974968671798706 99
1677086196243 0.23399996757507324 100
1677086197266 1.0198407173156738 101
1677086197456 0.19689369201660156 102
1677086198439 0.9804630279541016 103
1677086198707 0.2686796188354492 104
1677086199671 0.9648909568786621 105
1677086199862 0.19135522842407227 106
1677086200824 0.9599466323852539 107
1677086201030 0.20379853248596191 108
1677086202049 1.0564930438995361 109
1677086202267 0.18255209922790527 110
1677086203216 0.9500102996826172 111
1677086203410 0.19607257843017578 112
1677086204365 0.9512722492218018 113
1677086204564 0.19969439506530762 114
1677086205617 1.0501525402069092 115
1677086205818 0.20325946807861328 116
1677086206793 0.9757766723632812 117
1677086207008 0.2086949348449707 118
1677086208008 1.0031609535217285 119
1677086208209 0.20513558387756348 120
1677086209164 0.9549899101257324 121
1677086209360 0.19379496574401855 122
1677086210362 0.9990003108978271 123
1677086210557 0.20020127296447754 124
1677086211662 1.098907709121704 125
1677086211996 0.33290910720825195 126
1677086213142 1.1450762748718262 127
1677086213358 0.21759271621704102 128
1677086214449 1.0907797813415527 129
1677086214686 0.2315993309020996 130
1677086215771 1.0887093544006348 131
1677086215986 0.22118687629699707 132
1677086216962 1.0112671852111816 133
1677086217158 0.16127967834472656 134
1677086218135 0.9756491184234619 135
1677086218333 0.1967630386352539 136
1677086219379 1.0490608215332031 137
1677086219582 0.20001578330993652 138
1677086220536 0.9560558795928955 139
1677086220736 0.20105981826782227 140
1677086221709 0.972088098526001 141
1677086221902 0.19371891021728516 142
1677086222871 0.969031810760498 143
1677086223086 0.21637701988220215 144
1677086224048 0.9565532207489014 145
1677086224253 0.20605707168579102 146
1677086225253 1.0002186298370361 147
1677086225534 0.2787301540374756 148
1677086226484 0.9505467414855957 149
1677086226701 0.21610283851623535 150
1677086227663 0.9600224494934082 151
1677086227877 0.2194669246673584 152
1677086228880 1.000288724899292 153
1677086229091 0.20670437812805176 154
1677086230050 0.965174674987793 155
1677086230259 0.20381593704223633 156
1677086231223 1.007455825805664 157
1677086231426 0.16467714309692383 158
1677086232474 1.0477359294891357 159
1677086232673 0.20004057884216309 160
1677086233674 0.9901337623596191 161
1677086233924 0.24789929389953613 162
1677086235008 1.0898959636688232 163
1677086235248 0.24107623100280762 164
1677086236324 1.0699827671051025 165
1677086236553 0.2331709861755371 166
1677086237690 1.1230437755584717 167
1677086237906 0.23648452758789062 168
1677086238892 0.9855597019195557 169
1677086239181 0.2888524532318115 170
1677086240198 1.0161278247833252 171
1677086240423 0.21780920028686523 172
1677086241609 1.1890790462493896 173
1677086241864 0.25378894805908203 174
1677086243001 1.135162353515625 175
1677086243254 0.2466740608215332 176
1677086244528 1.282374382019043 177
1677086244768 0.23854875564575195 178
1677086245787 1.030458688735962 179
1677086245986 0.19524836540222168 180
1677086247017 1.0686869621276855 181
1677086247216 0.16309237480163574 182
1677086248206 0.9891202449798584 183
1677086248402 0.1958329677581787 184
1677086249350 0.9442522525787354 185
1677086249554 0.2067861557006836 186
1677086250547 0.9948709011077881 187
1677086250747 0.20006275177001953 188
1677086251728 0.9799315929412842 189
1677086251931 0.20009875297546387 190
1677086252887 0.9584243297576904 191
1677086253159 0.27339625358581543 192
1677086254125 0.9650509357452393 193
1677086254324 0.19920611381530762 194
1677086255450 1.1149518489837646 195
1677086255707 0.2619640827178955 196
1677086256756 1.0508360862731934 197
1677086256973 0.21308684349060059 198
1677086258031 1.0600323677062988 199
1677086258249 0.21695661544799805 200
1677086259328 1.0752336978912354 201
1677086259569 0.2338266372680664 202
1677086260900 1.329063892364502 203
1677086261111 0.24623727798461914 204
1677086262218 1.054823875427246 205
1677086262458 0.26611852645874023 206
1677086263493 1.040837287902832 207
1677086263723 0.2269432544708252 208
1677086264763 1.0391528606414795 209
1677086264984 0.22191143035888672 210
1677086266135 1.1488080024719238 211
1677086266364 0.23226022720336914 212
1677086267364 1.0039985179901123 213
1677086267646 0.2807345390319824 214
1677086268601 0.9571187496185303 215
1677086268802 0.19893217086791992 216
1677086269753 0.9515891075134277 217
1677086269975 0.21455931663513184 218
1677086271081 1.0911128520965576 219
1677086271307 0.23974275588989258 220
1677086272406 1.1050634384155273 221
1677086272624 0.21525955200195312 222
1677086273726 1.0985641479492188 223
1677086273950 0.22426152229309082 224
1677086275161 1.2143774032592773 225
1677086275365 0.20798015594482422 226
1677086276325 1.00050950050354 227
1677086276532 0.16608333587646484 228
1677086277521 0.9854099750518799 229
1677086277768 0.23375606536865234 230
1677086278858 1.1008915901184082 231
1677086279115 0.25896334648132324 232
1677086280182 1.0689024925231934 233
1677086280413 0.22520208358764648 234
1677086281433 1.0293638706207275 235
1677086281738 0.2976720333099365 236
1677086282749 1.0108146667480469 237
1677086282964 0.2158651351928711 238
1677086283972 1.0071189403533936 239
1677086284206 0.21850252151489258 240
1677086285219 1.0304548740386963 241
1677086285457 0.23499345779418945 242
1677086286502 1.0499894618988037 243
1677086286750 0.22089719772338867 244
1677086287815 1.0923497676849365 245
1677086288031 0.21825003623962402 246
1677086289136 1.1024558544158936 247
1677086289347 0.21318507194519043 248
1677086290377 1.0320606231689453 249
1677086290613 0.23502349853515625 250
1677086291622 1.044891595840454 251
1677086291873 0.2100684642791748 252
1677086292904 1.0340077877044678 253
1677086293117 0.21114873886108398 254
1677086294162 1.0495729446411133 255
1677086294375 0.2113356590270996 256
1677086295376 0.9988396167755127 257
1677086295665 0.2928650379180908 258
1677086296744 1.076150894165039 259
1677086296969 0.22248148918151855 260
1677086298013 1.0466651916503906 261
1677086298226 0.21426749229431152 262
1677086299331 1.1012697219848633 263
1677086299552 0.22331809997558594 264
1677086300649 1.0901923179626465 265
1677086300886 0.2380073070526123 266
1677086302002 1.1227409839630127 267
1677086302244 0.24011445045471191 268
1677086303352 1.1095390319824219 269
1677086303559 0.20839476585388184 270
1677086304540 0.9812531471252441 271
1677086304746 0.20556426048278809 272
1677086305847 1.0941522121429443 273
1677086306064 0.22109293937683105 274
1677086307177 1.1081554889678955 275
1677086307432 0.25747251510620117 276
1677086308514 1.0812346935272217 277
1677086308737 0.22414875030517578 278
1677086309793 1.055893898010254 279
1677086310092 0.3008761405944824 280
1677086311128 1.0371363162994385 281
1677086311353 0.22091031074523926 282
1677086312441 1.0921416282653809 283
1677086312679 0.23982453346252441 284
1677086313736 1.0542984008789062 285
1677086313949 0.21141314506530762 286
1677086314892 0.9505720138549805 287
1677086315093 0.19875812530517578 288
1677086316026 0.9329204559326172 289
1677086316227 0.19957494735717773 290
1677086317279 1.0514981746673584 291
1677086317494 0.2123110294342041 292
1677086318640 1.1436867713928223 293
1677086318876 0.23808002471923828 294
1677086319952 1.0759010314941406 295
1677086320168 0.2160663604736328 296
1677086321140 1.0142028331756592 297
1677086321358 0.17395448684692383 298
1677086322337 0.9840116500854492 299
1677086322554 0.2079482078552246 300
1677086322808 0.2569878101348877 301
