1677086131836 1677086131.0 1
1677086132044 1677086132.0 2
1677086133157 1677086133.0 3
1677086133396 1677086133.0 4
1677086134514 1677086134.0 5
1677086134719 1677086134.0 6
1677086135809 1677086135.0 7
1677086136028 1677086135.0 8
1677086137092 1677086137.0 9
1677086137300 1677086137.0 10
1677086138342 1677086138.0 11
1677086138554 1677086138.0 12
1677086139654 1677086139.0 13
1677086139858 1677086139.0 14
1677086140873 1677086140.0 15
1677086141080 1677086141.0 16
1677086142177 1677086142.0 17
1677086142393 1677086142.0 18
1677086143479 1677086143.0 19
1677086143712 1677086143.0 20
1677086144780 1677086144.0 21
1677086144996 1677086144.0 22
1677086146060 1677086146.0 23
1677086146265 1677086146.0 24
1677086147261 1677086147.0 25
1677086147468 1677086147.0 26
1677086148684 1677086148.0 27
1677086148906 1677086148.0 28
1677086150000 1677086149.0 29
1677086150230 1677086150.0 30
1677086151508 1677086151.0 31
1677086151755 1677086151.0 32
1677086153018 1677086152.0 33
1677086153287 1677086153.0 34
1677086154509 1677086154.0 35
1677086154744 1677086154.0 36
1677086155845 1677086155.0 37
1677086156054 1677086156.0 38
1677086157224 1677086157.0 39
1677086157461 1677086157.0 40
1677086158518 1677086158.0 41
1677086158728 1677086158.0 42
1677086159831 1677086159.0 43
1677086160045 1677086159.0 44
1677086161112 1677086161.0 45
1677086161314 1677086161.0 46
1677086162390 1677086162.0 47
1677086162599 1677086162.0 48
1677086163714 1677086163.0 49
1677086163932 1677086163.0 50
1677086165012 1677086164.0 51
1677086165215 1677086165.0 52
1677086166253 1677086166.0 53
1677086166493 1677086166.0 54
1677086167649 1677086167.0 55
1677086167861 1677086167.0 56
1677086168967 1677086168.0 57
1677086169203 1677086169.0 58
1677086170221 1677086170.0 59
1677086170421 1677086170.0 60
1677086171528 1677086171.0 61
1677086171753 1677086171.0 62
1677086172873 1677086172.0 63
1677086173120 1677086173.0 64
1677086174210 1677086174.0 65
1677086174451 1677086174.0 66
1677086175588 1677086175.0 67
1677086175812 1677086175.0 68
1677086176832 1677086176.0 69
1677086177036 1677086176.0 70
1677086178252 1677086178.0 71
1677086178466 1677086178.0 72
1677086179513 1677086179.0 73
1677086179723 1677086179.0 74
1677086180835 1677086180.0 75
1677086181073 1677086181.0 76
1677086182289 1677086182.0 77
1677086182584 1677086182.0 78
1677086183760 1677086183.0 79
1677086183984 1677086183.0 80
1677086185136 1677086185.0 81
1677086185419 1677086185.0 82
1677086186409 1677086186.0 83
1677086186621 1677086186.0 84
1677086187623 1677086187.0 85
1677086187833 1677086187.0 86
1677086188828 1677086188.0 87
1677086189029 1677086188.0 88
1677086189995 1677086189.0 89
1677086190202 1677086190.0 90
1677086191236 1677086191.0 91
1677086191434 1677086191.0 92
1677086192443 1677086192.0 93
1677086192644 1677086192.0 94
1677086193631 1677086193.0 95
1677086193828 1677086193.0 96
1677086194838 1677086194.0 97
1677086195036 1677086194.0 98
1677086196017 1677086195.0 99
1677086196248 1677086196.0 100
1677086197270 1677086197.0 101
1677086197459 1677086197.0 102
1677086198443 1677086198.0 103
1677086198711 1677086198.0 104
1677086199675 1677086199.0 105
1677086199867 1677086199.0 106
1677086200828 1677086200.0 107
1677086201035 1677086200.0 108
1677086202054 1677086202.0 109
1677086202272 1677086202.0 110
1677086203220 1677086203.0 111
1677086203415 1677086203.0 112
1677086204370 1677086204.0 113
1677086204570 1677086204.0 114
1677086205622 1677086205.0 115
1677086205823 1677086205.0 116
1677086206797 1677086206.0 117
1677086207012 1677086206.0 118
1677086208013 1677086207.0 119
1677086208214 1677086208.0 120
1677086209169 1677086209.0 121
1677086209365 1677086209.0 122
1677086210367 1677086210.0 123
1677086210562 1677086210.0 124
1677086211667 1677086211.0 125
1677086212001 1677086211.0 126
1677086213146 1677086213.0 127
1677086213363 1677086213.0 128
1677086214454 1677086214.0 129
1677086214691 1677086214.0 130
1677086215776 1677086215.0 131
1677086215991 1677086215.0 132
1677086216967 1677086216.0 133
1677086217162 1677086217.0 134
1677086218140 1677086218.0 135
1677086218338 1677086218.0 136
1677086219383 1677086219.0 137
1677086219586 1677086219.0 138
1677086220541 1677086220.0 139
1677086220741 1677086220.0 140
1677086221714 1677086221.0 141
1677086221907 1677086221.0 142
1677086222877 1677086222.0 143
1677086223091 1677086223.0 144
1677086224053 1677086223.0 145
1677086224259 1677086224.0 146
1677086225258 1677086225.0 147
1677086225538 1677086225.0 148
1677086226492 1677086226.0 149
1677086226706 1677086226.0 150
1677086227668 1677086227.0 151
1677086227883 1677086227.0 152
1677086228884 1677086228.0 153
1677086229097 1677086229.0 154
1677086230054 1677086230.0 155
1677086230264 1677086230.0 156
1677086231228 1677086231.0 157
1677086231431 1677086231.0 158
1677086232479 1677086232.0 159
1677086232677 1677086232.0 160
1677086233678 1677086233.0 161
1677086233929 1677086233.0 162
1677086235012 1677086234.0 163
1677086235253 1677086235.0 164
1677086236331 1677086236.0 165
1677086236558 1677086236.0 166
1677086237697 1677086237.0 167
1677086237911 1677086237.0 168
1677086238898 1677086238.0 169
1677086239186 1677086239.0 170
1677086240204 1677086240.0 171
1677086240431 1677086240.0 172
1677086241614 1677086241.0 173
1677086241870 1677086241.0 174
1677086243013 1677086242.0 175
1677086243261 1677086243.0 176
1677086244534 1677086244.0 177
1677086244775 1677086244.0 178
1677086245792 1677086245.0 179
1677086245990 1677086245.0 180
1677086247023 1677086247.0 181
1677086247222 1677086247.0 182
1677086248209 1677086248.0 183
1677086248407 1677086248.0 184
1677086249355 1677086249.0 185
1677086249558 1677086249.0 186
1677086250552 1677086250.0 187
1677086250752 1677086250.0 188
1677086251733 1677086251.0 189
1677086251935 1677086251.0 190
1677086252892 1677086252.0 191
1677086253163 1677086253.0 192
1677086254130 1677086254.0 193
1677086254330 1677086254.0 194
1677086255456 1677086255.0 195
1677086255712 1677086255.0 196
1677086256760 1677086256.0 197
1677086256978 1677086256.0 198
1677086258036 1677086257.0 199
1677086258254 1677086258.0 200
1677086259334 1677086259.0 201
1677086259576 1677086259.0 202
1677086260904 1677086260.0 203
1677086261116 1677086261.0 204
1677086262225 1677086262.0 205
1677086262463 1677086262.0 206
1677086263497 1677086263.0 207
1677086263728 1677086263.0 208
1677086264768 1677086264.0 209
1677086264990 1677086264.0 210
1677086266140 1677086266.0 211
1677086266369 1677086266.0 212
1677086267369 1677086267.0 213
1677086267650 1677086267.0 214
1677086268606 1677086268.0 215
1677086268807 1677086268.0 216
1677086269758 1677086269.0 217
1677086269979 1677086269.0 218
1677086271088 1677086271.0 219
1677086271313 1677086271.0 220
1677086272411 1677086272.0 221
1677086272628 1677086272.0 222
1677086273730 1677086273.0 223
1677086273957 1677086273.0 224
1677086275166 1677086275.0 225
1677086275370 1677086275.0 226
1677086276329 1677086276.0 227
1677086276537 1677086276.0 228
1677086277526 1677086277.0 229
1677086277773 1677086277.0 230
1677086278863 1677086278.0 231
1677086279120 1677086279.0 232
1677086280187 1677086280.0 233
1677086280418 1677086280.0 234
1677086281438 1677086281.0 235
1677086281742 1677086281.0 236
1677086282754 1677086282.0 237
1677086282969 1677086282.0 238
1677086283977 1677086283.0 239
1677086284213 1677086284.0 240
1677086285224 1677086285.0 241
1677086285462 1677086285.0 242
1677086286506 1677086286.0 243
1677086286759 1677086286.0 244
1677086287820 1677086287.0 245
1677086288036 1677086287.0 246
1677086289142 1677086289.0 247
1677086289351 1677086289.0 248
1677086290382 1677086290.0 249
1677086290619 1677086290.0 250
1677086291627 1677086291.0 251
1677086291878 1677086291.0 252
1677086292909 1677086292.0 253
1677086293121 1677086293.0 254
1677086294167 1677086294.0 255
1677086294379 1677086294.0 256
1677086295380 1677086295.0 257
1677086295669 1677086295.0 258
1677086296751 1677086296.0 259
1677086296974 1677086296.0 260
1677086298018 1677086297.0 261
1677086298230 1677086298.0 262
1677086299337 1677086299.0 263
1677086299557 1677086299.0 264
1677086300654 1677086300.0 265
1677086300892 1677086300.0 266
1677086302007 1677086301.0 267
1677086302249 1677086302.0 268
1677086303358 1677086303.0 269
1677086303564 1677086303.0 270
1677086304545 1677086304.0 271
1677086304750 1677086304.0 272
1677086305852 1677086305.0 273
1677086306070 1677086306.0 274
1677086307183 1677086307.0 275
1677086307437 1677086307.0 276
1677086308519 1677086308.0 277
1677086308741 1677086308.0 278
1677086309797 1677086309.0 279
1677086310097 1677086310.0 280
1677086311133 1677086311.0 281
1677086311359 1677086311.0 282
1677086312446 1677086312.0 283
1677086312684 1677086312.0 284
1677086313742 1677086313.0 285
1677086313953 1677086313.0 286
1677086314896 1677086314.0 287
1677086315097 1677086315.0 288
1677086316029 1677086315.0 289
1677086316232 1677086316.0 290
1677086317284 1677086317.0 291
1677086317498 1677086317.0 292
1677086318647 1677086318.0 293
1677086318881 1677086318.0 294
1677086319957 1677086319.0 295
1677086320172 1677086320.0 296
1677086321146 1677086321.0 297
1677086321362 1677086321.0 298
1677086322342 1677086322.0 299
1677086322559 1677086322.0 300
1677086322813 1677086322.0 301
