1677084806515 1.0 1
1677084806724 2.0 2
1677084807962 3.0 3
1677084808170 4.0 4
1677084809499 5.0 5
1677084809716 6.0 6
1677084810975 7.0 7
1677084811176 8.0 8
1677084812432 9.0 9
1677084812640 10.0 10
1677084813879 11.0 11
1677084814077 12.0 12
1677084815417 13.0 13
1677084815617 14.0 14
1677084816855 15.0 15
1677084817057 16.0 16
1677084818349 17.0 17
1677084818549 18.0 18
1677084819750 19.0 19
1677084819934 20.0 20
1677084821160 21.0 21
1677084821362 22.0 22
1677084822599 23.0 23
1677084822807 24.0 24
1677084824016 25.0 25
1677084824229 26.0 26
1677084825566 27.0 27
1677084825769 28.0 28
1677084826986 29.0 29
1677084827195 30.0 30
1677084828425 31.0 31
1677084828632 32.0 32
1677084829918 33.0 33
1677084830135 34.0 34
1677084831510 35.0 35
1677084831736 36.0 36
1677084833186 37.0 37
1677084833410 38.0 38
1677084834842 39.0 39
1677084835029 40.0 40
1677084836412 41.0 41
1677084836622 42.0 42
1677084837864 43.0 43
1677084838072 44.0 44
1677084839296 45.0 45
1677084839505 46.0 46
1677084840736 47.0 47
1677084840949 48.0 48
1677084842298 49.0 49
1677084842508 50.0 50
1677084843697 51.0 51
1677084843906 52.0 52
1677084845132 53.0 53
1677084845343 54.0 54
1677084846551 55.0 55
1677084846760 56.0 56
1677084848001 57.0 57
1677084848215 58.0 58
1677084849452 59.0 59
1677084849660 60.0 60
1677084850941 61.0 61
1677084851153 62.0 62
1677084852364 63.0 63
1677084852578 64.0 64
1677084853789 65.0 65
1677084853999 66.0 66
1677084855242 67.0 67
1677084855447 68.0 68
1677084856661 69.0 69
1677084856881 70.0 70
1677084858219 71.0 71
1677084858430 72.0 72
1677084859663 73.0 73
1677084859872 74.0 74
1677084861190 75.0 75
1677084861409 76.0 76
1677084862818 77.0 77
1677084863045 78.0 78
1677084864430 79.0 79
1677084864658 80.0 80
1677084865984 81.0 81
1677084866277 82.0 82
1677084867516 83.0 83
1677084867730 84.0 84
1677084868955 85.0 85
1677084869161 86.0 86
1677084870377 87.0 87
1677084870587 88.0 88
1677084871824 89.0 89
1677084872034 90.0 90
1677084873279 91.0 91
1677084873485 92.0 92
1677084874790 93.0 93
1677084875011 94.0 94
1677084876328 95.0 95
1677084876537 96.0 96
1677084877811 97.0 97
1677084878016 98.0 98
1677084879261 99.0 99
1677084879466 100.0 100
1677084880692 101.0 101
1677084880924 102.0 102
1677084882163 103.0 103
1677084882462 104.0 104
1677084883674 105.0 105
1677084883879 106.0 106
1677084885085 107.0 107
1677084885298 108.0 108
1677084886510 109.0 109
1677084886721 110.0 110
1677084887986 111.0 111
1677084888203 112.0 112
1677084889453 113.0 113
1677084889674 114.0 114
1677084891104 115.0 115
1677084891329 116.0 116
1677084892686 117.0 117
1677084892931 118.0 118
1677084894294 119.0 119
1677084894525 120.0 120
1677084895777 121.0 121
1677084895990 122.0 122
1677084897238 123.0 123
1677084897453 124.0 124
1677084898674 125.0 125
1677084898974 126.0 126
1677084900252 127.0 127
1677084900465 128.0 128
1677084901680 129.0 129
1677084901893 130.0 130
1677084903165 131.0 131
1677084903391 132.0 132
1677084904637 133.0 133
1677084904850 134.0 134
1677084906126 135.0 135
1677084906341 136.0 136
1677084907642 137.0 137
1677084907855 138.0 138
1677084909068 139.0 139
1677084909275 140.0 140
1677084910523 141.0 141
1677084910744 142.0 142
1677084912005 143.0 143
1677084912225 144.0 144
1677084913502 145.0 145
1677084913710 146.0 146
1677084914981 147.0 147
1677084915271 148.0 148
1677084916524 149.0 149
1677084916740 150.0 150
1677084917995 151.0 151
1677084918207 152.0 152
1677084919439 153.0 153
1677084919653 154.0 154
1677084921023 155.0 155
1677084921258 156.0 156
1677084922663 157.0 157
1677084922902 158.0 158
1677084924391 159.0 159
1677084924622 160.0 160
1677084925928 161.0 161
1677084926145 162.0 162
1677084927407 163.0 163
1677084927627 164.0 164
1677084928884 165.0 165
1677084929100 166.0 166
1677084930352 167.0 167
1677084930562 168.0 168
1677084931809 169.0 169
1677084932094 170.0 170
1677084933346 171.0 171
1677084933556 172.0 172
1677084934801 173.0 173
1677084935021 174.0 174
1677084936304 175.0 175
1677084936525 176.0 176
1677084937813 177.0 177
1677084938029 178.0 178
1677084939285 179.0 179
1677084939500 180.0 180
1677084940799 181.0 181
1677084941015 182.0 182
1677084942235 183.0 183
1677084942457 184.0 184
1677084943690 185.0 185
1677084943912 186.0 186
1677084945202 187.0 187
1677084945420 188.0 188
1677084946651 189.0 189
1677084946871 190.0 190
1677084948125 191.0 191
1677084948420 192.0 192
1677084949662 193.0 193
1677084949876 194.0 194
1677084951273 195.0 195
1677084951501 196.0 196
1677084952899 197.0 197
1677084953132 198.0 198
1677084954515 199.0 199
1677084954747 200.0 200
1677084956085 201.0 201
1677084956299 202.0 202
1677084957625 203.0 203
1677084957842 204.0 204
1677084959066 205.0 205
1677084959293 206.0 206
1677084960566 207.0 207
1677084960781 208.0 208
1677084962007 209.0 209
1677084962220 210.0 210
1677084963474 211.0 211
1677084963685 212.0 212
1677084964934 213.0 213
1677084965246 214.0 214
1677084966506 215.0 215
1677084966745 216.0 216
1677084968121 217.0 217
1677084968346 218.0 218
1677084969700 219.0 219
1677084969939 220.0 220
1677084971370 221.0 221
1677084971600 222.0 222
1677084972889 223.0 223
1677084973105 224.0 224
1677084974397 225.0 225
1677084974613 226.0 226
1677084975909 227.0 227
1677084976132 228.0 228
1677084977415 229.0 229
1677084977641 230.0 230
1677084978941 231.0 231
1677084979161 232.0 232
1677084980396 233.0 233
1677084980606 234.0 234
1677084981969 235.0 235
1677084982291 236.0 236
1677084983655 237.0 237
1677084983886 238.0 238
1677084985232 239.0 239
1677084985463 240.0 240
1677084986764 241.0 241
1677084986985 242.0 242
1677084988313 243.0 243
1677084988537 244.0 244
1677084989800 245.0 245
1677084990025 246.0 246
1677084991330 247.0 247
1677084991549 248.0 248
1677084992809 249.0 249
1677084993031 250.0 250
1677084994291 251.0 251
1677084994506 252.0 252
1677084995758 253.0 253
1677084995972 254.0 254
1677084997244 255.0 255
1677084997464 256.0 256
1677084998696 257.0 257
1677084998998 258.0 258
1677085000227 259.0 259
1677085000444 260.0 260
1677085001718 261.0 261
1677085001935 262.0 262
1677085003189 263.0 263
1677085003405 264.0 264
1677085004692 265.0 265
1677085004913 266.0 266
1677085006164 267.0 267
1677085006379 268.0 268
1677085007746 269.0 269
1677085007964 270.0 270
1677085009173 271.0 271
1677085009389 272.0 272
1677085010725 273.0 273
1677085010968 274.0 274
1677085012355 275.0 275
1677085012598 276.0 276
1677085013987 277.0 277
1677085014251 278.0 278
1677085015589 279.0 279
1677085015885 280.0 280
1677085017146 281.0 281
1677085017369 282.0 282
1677085018620 283.0 283
1677085018839 284.0 284
1677085020138 285.0 285
1677085020367 286.0 286
1677085021648 287.0 287
1677085021875 288.0 288
1677085023136 289.0 289
1677085023360 290.0 290
1677085024679 291.0 291
1677085024905 292.0 292
1677085026184 293.0 293
1677085026404 294.0 294
1677085027704 295.0 295
1677085027937 296.0 296
1677085029207 297.0 297
1677085029432 298.0 298
1677085030654 299.0 299
1677085030887 300.0 300
1677085031109 301.0 301
