1677085204823 2.684004068374634 1
1677085204982 0.142045259475708 2
1677085205911 0.9292631149291992 3
1677085206065 0.1537947654724121 4
1677085206980 0.9159812927246094 5
1677085207202 0.22080445289611816 6
1677085208125 0.9201648235321045 7
1677085208283 0.15679502487182617 8
1677085209178 0.8991146087646484 9
1677085209341 0.15920233726501465 10
1677085210304 0.9940478801727295 11
1677085210468 0.13580989837646484 12
1677085211401 0.9338579177856445 13
1677085211550 0.14512085914611816 14
1677085212461 0.9152929782867432 15
1677085212608 0.14618539810180664 16
1677085213616 1.007523775100708 17
1677085213774 0.15489554405212402 18
1677085214676 0.9042751789093018 19
1677085214829 0.15295696258544922 20
1677085215752 0.9228367805480957 21
1677085215919 0.1641068458557129 22
1677085216823 0.905146598815918 23
1677085216973 0.14874887466430664 24
1677085217916 0.943974494934082 25
1677085218080 0.1630997657775879 26
1677085219023 0.9437191486358643 27
1677085219258 0.23536896705627441 28
1677085220189 0.9256277084350586 29
1677085220372 0.18230342864990234 30
1677085221386 1.0149002075195312 31
1677085221558 0.1725606918334961 32
1677085222589 1.0245542526245117 33
1677085222758 0.173919677734375 34
1677085223832 1.0709583759307861 35
1677085224006 0.1790609359741211 36
1677085225005 1.0339527130126953 37
1677085225172 0.13109564781188965 38
1677085226186 1.0189135074615479 39
1677085226340 0.15354013442993164 40
1677085227263 0.9254353046417236 41
1677085227439 0.17241406440734863 42
1677085228368 0.9285690784454346 43
1677085228522 0.15600967407226562 44
1677085229469 0.9479455947875977 45
1677085229626 0.15520048141479492 46
1677085230556 0.9278786182403564 47
1677085230715 0.16041278839111328 48
1677085231629 0.9147176742553711 49
1677085231857 0.22999358177185059 50
1677085232770 0.9109776020050049 51
1677085232937 0.1648545265197754 52
1677085233891 0.9551506042480469 53
1677085234058 0.1628861427307129 54
1677085234972 0.9175512790679932 55
1677085235155 0.18443965911865234 56
1677085236074 0.9190816879272461 57
1677085236230 0.1540367603302002 58
1677085237140 0.9117472171783447 59
1677085237295 0.15609979629516602 60
1677085238288 0.9921715259552002 61
1677085238447 0.15794014930725098 62
1677085239362 0.9159228801727295 63
1677085239518 0.15503835678100586 64
1677085240449 0.9639990329742432 65
1677085240614 0.12708473205566406 66
1677085241573 0.9658401012420654 67
1677085241726 0.15207600593566895 68
1677085242628 0.9020717144012451 69
1677085242797 0.16639924049377441 70
1677085243724 0.9306974411010742 71
1677085243956 0.23176312446594238 72
1677085244861 0.9052116870880127 73
1677085245020 0.15469932556152344 74
1677085245983 0.9641177654266357 75
1677085246144 0.16200685501098633 76
1677085247075 0.9271800518035889 77
1677085247227 0.15677404403686523 78
1677085248187 0.955392599105835 79
1677085248363 0.17696022987365723 80
1677085249368 0.9988296031951904 81
1677085249540 0.1748957633972168 82
1677085250638 1.0981390476226807 83
1677085250813 0.17536067962646484 84
1677085251838 1.0264558792114258 85
1677085252010 0.17005324363708496 86
1677085253032 1.0260539054870605 87
1677085253213 0.17369389533996582 88
1677085254250 1.0394346714019775 89
1677085254423 0.17604494094848633 90
1677085255392 1.0015418529510498 91
1677085255552 0.13028883934020996 92
1677085256504 0.950833797454834 93
1677085256740 0.2373371124267578 94
1677085257654 0.9145793914794922 95
1677085257820 0.16415023803710938 96
1677085258757 0.9388761520385742 97
1677085258914 0.15720510482788086 98
1677085259868 0.9540822505950928 99
1677085260031 0.15909385681152344 100
1677085260946 0.9179425239562988 101
1677085261102 0.15488052368164062 102
1677085262013 0.9091091156005859 103
1677085262170 0.15876007080078125 104
1677085263177 1.0070233345031738 105
1677085263338 0.16092395782470703 106
1677085264273 0.9351806640625 107
1677085264431 0.1590709686279297 108
1677085265332 0.901129961013794 109
1677085265498 0.1646580696105957 110
1677085266424 0.9270679950714111 111
1677085266613 0.18203234672546387 112
1677085267537 0.9289157390594482 113
1677085267693 0.1580820083618164 114
1677085268632 0.9360840320587158 115
1677085268871 0.23674464225769043 116
1677085269786 0.913053035736084 117
1677085269938 0.17228460311889648 118
1677085270906 0.951153039932251 119
1677085271071 0.16772127151489258 120
1677085271998 0.9148406982421875 121
1677085272158 0.16832756996154785 122
1677085273117 0.9618303775787354 123
1677085273292 0.168959379196167 124
1677085274222 0.9339663982391357 125
1677085274381 0.16190862655639648 126
1677085275396 1.0141031742095947 127
1677085275569 0.17017412185668945 128
1677085276518 0.953831672668457 129
1677085276681 0.1598949432373047 130
1677085277593 0.9133386611938477 131
1677085277749 0.15786314010620117 132
1677085278715 0.9610154628753662 133
1677085278879 0.1679539680480957 134
1677085279795 0.9131746292114258 135
1677085279963 0.16669178009033203 136
1677085280892 0.926088809967041 137
1677085281150 0.26300549507141113 138
1677085282154 1.0019261837005615 139
1677085282331 0.17801499366760254 140
1677085283348 1.014298677444458 141
1677085283530 0.1808481216430664 142
1677085284528 0.9960558414459229 143
1677085284698 0.17412614822387695 144
1677085285724 1.0629854202270508 145
1677085285901 0.1377096176147461 146
1677085286852 0.9559962749481201 147
1677085287013 0.16103577613830566 148
1677085287998 0.9869039058685303 149
1677085288167 0.16408872604370117 150
1677085289115 0.9479520320892334 151
1677085289286 0.1699526309967041 152
1677085290216 0.9330618381500244 153
1677085290377 0.1610116958618164 154
1677085291361 0.980541467666626 155
1677085291523 0.16640257835388184 156
1677085292440 0.9180805683135986 157
1677085292601 0.1588740348815918 158
1677085293621 1.0172102451324463 159
1677085293785 0.16901946067810059 160
1677085294711 0.9259490966796875 161
1677085294878 0.16130280494689941 162
1677085295792 0.9176666736602783 163
1677085295960 0.16887807846069336 164
1677085296886 0.9262669086456299 165
1677085297056 0.1676948070526123 166
1677085297974 0.9189934730529785 167
1677085298136 0.16214895248413086 168
1677085299086 0.9481778144836426 169
1677085299252 0.1690351963043213 170
1677085300233 1.0149474143981934 171
1677085300395 0.12383818626403809 172
1677085301386 0.9919254779815674 173
1677085301549 0.16215872764587402 174
1677085302445 0.894995927810669 175
1677085302615 0.17412185668945312 176
1677085303599 0.9798333644866943 177
1677085303761 0.1661376953125 178
1677085304710 0.9467904567718506 179
1677085304870 0.1621565818786621 180
1677085305886 1.0159125328063965 181
1677085306048 0.16106772422790527 182
1677085306977 0.9179553985595703 183
1677085307158 0.18569040298461914 184
1677085308092 0.9402058124542236 185
1677085308264 0.16892552375793457 186
1677085309223 0.9623351097106934 187
1677085309386 0.16133356094360352 188
1677085310346 0.9568912982940674 189
1677085310531 0.18048572540283203 190
1677085311558 1.027022123336792 191
1677085311733 0.17718815803527832 192
1677085312831 1.1008634567260742 193
1677085313008 0.17501449584960938 194
1677085314029 1.021916151046753 195
1677085314212 0.18312835693359375 196
1677085315195 1.0219297409057617 197
1677085315363 0.13190984725952148 198
1677085316333 0.969048261642456 199
1677085316495 0.16509008407592773 200
1677085317454 0.9598660469055176 201
1677085317622 0.16211366653442383 202
1677085318642 1.0219879150390625 203
1677085318807 0.16388416290283203 204
1677085319720 0.9110331535339355 205
1677085319896 0.17781972885131836 206
1677085320850 0.956214189529419 207
1677085321022 0.17104840278625488 208
1677085321999 0.9739773273468018 209
1677085322165 0.16411662101745605 210
1677085323096 0.9380054473876953 211
1677085323263 0.1652815341949463 212
1677085324195 0.9311094284057617 213
1677085324356 0.1645035743713379 214
1677085325377 1.0178337097167969 215
1677085325550 0.1730332374572754 216
1677085326512 0.9620776176452637 217
1677085326685 0.1710953712463379 218
1677085327611 0.9300270080566406 219
1677085327773 0.16196250915527344 220
1677085328734 0.9608311653137207 221
1677085328896 0.16118597984313965 222
1677085329811 0.9167430400848389 223
1677085329950 0.1657419204711914 224
1677085330998 1.0207507610321045 225
1677085331173 0.17200827598571777 226
1677085332121 0.9511339664459229 227
1677085332288 0.16559290885925293 228
1677085333211 0.9219868183135986 229
1677085333384 0.1679837703704834 230
1677085334318 0.9391372203826904 231
1677085334487 0.168792724609375 232
1677085335475 0.9851963520050049 233
1677085335654 0.18314695358276367 234
1677085336608 0.9508266448974609 235
1677085336785 0.18074989318847656 236
1677085337812 1.0242133140563965 237
1677085337990 0.17813730239868164 238
1677085338924 0.9317896366119385 239
1677085339088 0.16591382026672363 240
1677085340068 0.9678428173065186 241
1677085340248 0.18748188018798828 242
1677085341339 1.087334394454956 243
1677085341520 0.18538808822631836 244
1677085342547 1.0290553569793701 245
1677085342737 0.19075822830200195 246
1677085343855 1.1115491390228271 247
1677085344046 0.19367527961730957 248
1677085345004 1.0019474029541016 249
1677085345181 0.13615083694458008 250
1677085346120 0.9399714469909668 251
1677085346284 0.1663198471069336 252
1677085347268 0.9801599979400635 253
1677085347435 0.16836333274841309 254
1677085348369 0.9318523406982422 255
1677085348545 0.1802206039428711 256
1677085349472 0.9255023002624512 257
1677085349643 0.1735687255859375 258
1677085350646 0.9989612102508545 259
1677085350819 0.17388510704040527 260
1677085351755 0.9372334480285645 261
1677085351923 0.1692807674407959 262
1677085352929 0.9986114501953125 263
1677085353098 0.17486357688903809 264
1677085354037 0.9380125999450684 265
1677085354207 0.17200183868408203 266
1677085355137 0.931281328201294 267
1677085355309 0.1708064079284668 268
1677085356334 1.0249035358428955 269
1677085356503 0.1680305004119873 270
1677085357412 0.9090840816497803 271
1677085357600 0.18391966819763184 272
1677085358612 1.0142900943756104 273
1677085358776 0.16514158248901367 274
1677085359705 0.9275789260864258 275
1677085359875 0.17094945907592773 276
1677085360760 0.9241812229156494 277
1677085360941 0.13812947273254395 278
1677085361869 0.9288406372070312 279
1677085362111 0.24421024322509766 280
1677085363033 0.9209656715393066 281
1677085363212 0.1766643524169922 282
1677085364178 0.9659419059753418 283
1677085364347 0.17309093475341797 284
1677085365274 0.926922082901001 285
1677085365451 0.1802356243133545 286
1677085366402 0.9484767913818359 287
1677085366576 0.17442822456359863 288
1677085367501 0.9269726276397705 289
1677085367669 0.16280651092529297 290
1677085368698 1.0287177562713623 291
1677085368872 0.17476797103881836 292
1677085369846 0.9718029499053955 293
1677085370016 0.17188501358032227 294
1677085370959 0.9440288543701172 295
1677085371132 0.17305660247802734 296
1677085372161 1.022264003753662 297
1677085372348 0.1887364387512207 298
1677085373386 1.0343995094299316 299
1677085373571 0.19051194190979004 300
1677085373757 0.1833195686340332 301
