1677085204826 1.0 1
1677085204984 2.0 2
1677085205913 3.0 3
1677085206068 4.0 4
1677085206983 5.0 5
1677085207204 6.0 6
1677085208128 7.0 7
1677085208286 8.0 8
1677085209180 9.0 9
1677085209344 10.0 10
1677085210306 11.0 11
1677085210470 12.0 12
1677085211403 13.0 13
1677085211552 14.0 14
1677085212464 15.0 15
1677085212610 16.0 16
1677085213624 17.0 17
1677085213777 18.0 18
1677085214679 19.0 19
1677085214831 20.0 20
1677085215754 21.0 21
1677085215922 22.0 22
1677085216826 23.0 23
1677085216975 24.0 24
1677085217918 25.0 25
1677085218082 26.0 26
1677085219025 27.0 27
1677085219260 28.0 28
1677085220191 29.0 29
1677085220375 30.0 30
1677085221388 31.0 31
1677085221561 32.0 32
1677085222592 33.0 33
1677085222762 34.0 34
1677085223835 35.0 35
1677085224008 36.0 36
1677085225008 37.0 37
1677085225175 38.0 38
1677085226188 39.0 39
1677085226343 40.0 40
1677085227265 41.0 41
1677085227442 42.0 42
1677085228371 43.0 43
1677085228524 44.0 44
1677085229471 45.0 45
1677085229629 46.0 46
1677085230558 47.0 47
1677085230717 48.0 48
1677085231631 49.0 49
1677085231860 50.0 50
1677085232772 51.0 51
1677085232940 52.0 52
1677085233893 53.0 53
1677085234061 54.0 54
1677085234974 55.0 55
1677085235157 56.0 56
1677085236077 57.0 57
1677085236232 58.0 58
1677085237142 59.0 59
1677085237297 60.0 60
1677085238291 61.0 61
1677085238450 62.0 62
1677085239364 63.0 63
1677085239520 64.0 64
1677085240452 65.0 65
1677085240617 66.0 66
1677085241575 67.0 67
1677085241729 68.0 68
1677085242630 69.0 69
1677085242800 70.0 70
1677085243727 71.0 71
1677085243958 72.0 72
1677085244864 73.0 73
1677085245022 74.0 74
1677085245985 75.0 75
1677085246146 76.0 76
1677085247076 77.0 77
1677085247230 78.0 78
1677085248190 79.0 79
1677085248365 80.0 80
1677085249370 81.0 81
1677085249544 82.0 82
1677085250640 83.0 83
1677085250816 84.0 84
1677085251842 85.0 85
1677085252012 86.0 86
1677085253035 87.0 87
1677085253215 88.0 88
1677085254253 89.0 89
1677085254425 90.0 90
1677085255394 91.0 91
1677085255554 92.0 92
1677085256507 93.0 93
1677085256743 94.0 94
1677085257657 95.0 95
1677085257823 96.0 96
1677085258760 97.0 97
1677085258917 98.0 98
1677085259870 99.0 99
1677085260033 100.0 100
1677085260949 101.0 101
1677085261105 102.0 102
1677085262015 103.0 103
1677085262173 104.0 104
1677085263179 105.0 105
1677085263341 106.0 106
1677085264275 107.0 107
1677085264433 108.0 108
1677085265334 109.0 109
1677085265501 110.0 110
1677085266426 111.0 111
1677085266615 112.0 112
1677085267539 113.0 113
1677085267694 114.0 114
1677085268634 115.0 115
1677085268873 116.0 116
1677085269788 117.0 117
1677085269940 118.0 118
1677085270908 119.0 119
1677085271074 120.0 120
1677085272001 121.0 121
1677085272160 122.0 122
1677085273119 123.0 123
1677085273295 124.0 124
1677085274224 125.0 125
1677085274384 126.0 126
1677085275398 127.0 127
1677085275571 128.0 128
1677085276521 129.0 129
1677085276683 130.0 130
1677085277595 131.0 131
1677085277751 132.0 132
1677085278716 133.0 133
1677085278882 134.0 134
1677085279798 135.0 135
1677085279965 136.0 136
1677085280894 137.0 137
1677085281153 138.0 138
1677085282157 139.0 139
1677085282334 140.0 140
1677085283350 141.0 141
1677085283533 142.0 142
1677085284530 143.0 143
1677085284700 144.0 144
1677085285726 145.0 145
1677085285904 146.0 146
1677085286855 147.0 147
1677085287015 148.0 148
1677085288000 149.0 149
1677085288169 150.0 150
1677085289118 151.0 151
1677085289288 152.0 152
1677085290218 153.0 153
1677085290380 154.0 154
1677085291363 155.0 155
1677085291525 156.0 156
1677085292442 157.0 157
1677085292603 158.0 158
1677085293623 159.0 159
1677085293788 160.0 160
1677085294714 161.0 161
1677085294880 162.0 162
1677085295794 163.0 163
1677085295963 164.0 164
1677085296890 165.0 165
1677085297058 166.0 166
1677085297976 167.0 167
1677085298140 168.0 168
1677085299088 169.0 169
1677085299255 170.0 170
1677085300236 171.0 171
1677085300398 172.0 172
1677085301389 173.0 173
1677085301552 174.0 174
1677085302447 175.0 175
1677085302617 176.0 176
1677085303601 177.0 177
1677085303763 178.0 178
1677085304712 179.0 179
1677085304872 180.0 180
1677085305888 181.0 181
1677085306050 182.0 182
1677085306979 183.0 183
1677085307160 184.0 184
1677085308094 185.0 185
1677085308267 186.0 186
1677085309225 187.0 187
1677085309388 188.0 188
1677085310350 189.0 189
1677085310534 190.0 190
1677085311561 191.0 191
1677085311735 192.0 192
1677085312833 193.0 193
1677085313011 194.0 194
1677085314032 195.0 195
1677085314215 196.0 196
1677085315196 197.0 197
1677085315365 198.0 198
1677085316336 199.0 199
1677085316497 200.0 200
1677085317457 201.0 201
1677085317624 202.0 202
1677085318644 203.0 203
1677085318810 204.0 204
1677085319723 205.0 205
1677085319899 206.0 206
1677085320853 207.0 207
1677085321024 208.0 208
1677085322001 209.0 209
1677085322168 210.0 210
1677085323098 211.0 211
1677085323266 212.0 212
1677085324198 213.0 213
1677085324358 214.0 214
1677085325379 215.0 215
1677085325553 216.0 216
1677085326514 217.0 217
1677085326687 218.0 218
1677085327613 219.0 219
1677085327774 220.0 220
1677085328737 221.0 221
1677085328899 222.0 222
1677085329813 223.0 223
1677085329952 224.0 224
1677085331000 225.0 225
1677085331175 226.0 226
1677085332123 227.0 227
1677085332291 228.0 228
1677085333214 229.0 229
1677085333387 230.0 230
1677085334321 231.0 231
1677085334490 232.0 232
1677085335478 233.0 233
1677085335657 234.0 234
1677085336611 235.0 235
1677085336788 236.0 236
1677085337814 237.0 237
1677085337993 238.0 238
1677085338926 239.0 239
1677085339091 240.0 240
1677085340070 241.0 241
1677085340251 242.0 242
1677085341342 243.0 243
1677085341523 244.0 244
1677085342550 245.0 245
1677085342740 246.0 246
1677085343859 247.0 247
1677085344050 248.0 248
1677085345007 249.0 249
1677085345183 250.0 250
1677085346122 251.0 251
1677085346287 252.0 252
1677085347271 253.0 253
1677085347438 254.0 254
1677085348371 255.0 255
1677085348547 256.0 256
1677085349475 257.0 257
1677085349645 258.0 258
1677085350649 259.0 259
1677085350822 260.0 260
1677085351757 261.0 261
1677085351925 262.0 262
1677085352931 263.0 263
1677085353100 264.0 264
1677085354040 265.0 265
1677085354209 266.0 266
1677085355140 267.0 267
1677085355311 268.0 268
1677085356336 269.0 269
1677085356511 270.0 270
1677085357415 271.0 271
1677085357603 272.0 272
1677085358613 273.0 273
1677085358778 274.0 274
1677085359708 275.0 275
1677085359877 276.0 276
1677085360763 277.0 277
1677085360943 278.0 278
1677085361871 279.0 279
1677085362114 280.0 280
1677085363035 281.0 281
1677085363216 282.0 282
1677085364181 283.0 283
1677085364349 284.0 284
1677085365276 285.0 285
1677085365454 286.0 286
1677085366404 287.0 287
1677085366580 288.0 288
1677085367504 289.0 289
1677085367672 290.0 290
1677085368700 291.0 291
1677085368874 292.0 292
1677085369848 293.0 293
1677085370018 294.0 294
1677085370961 295.0 295
1677085371134 296.0 296
1677085372163 297.0 297
1677085372351 298.0 298
1677085373390 299.0 299
1677085373574 300.0 300
1677085373759 301.0 301
