1677085204827 1348200005.0 1
1677085204986 1348200005.0 2
1677085205914 1348200005.0 3
1677085206069 1348200005.0 4
1677085206984 1348200005.0 5
1677085207205 1348200005.0 6
1677085208129 1348200005.0 7
1677085208287 1348200005.0 8
1677085209181 1348200005.0 9
1677085209345 1348200005.0 10
1677085210307 1348200005.0 11
1677085210471 1348200005.0 12
1677085211405 1348200005.0 13
1677085211553 1348200005.0 14
1677085212465 1348200005.0 15
1677085212612 1348200005.0 16
1677085213627 1348200005.0 17
1677085213778 1348200005.0 18
1677085214680 1348200005.0 19
1677085214832 1348200005.0 20
1677085215755 1348200005.0 21
1677085215924 1348200005.0 22
1677085216827 1348200005.0 23
1677085216976 1348200005.0 24
1677085217919 1348200005.0 25
1677085218084 1348200005.0 26
1677085219034 1348200005.0 27
1677085219262 1348200005.0 28
1677085220193 1348200005.0 29
1677085220376 1348200005.0 30
1677085221390 1348200005.0 31
1677085221562 1348200005.0 32
1677085222593 1348200005.0 33
1677085222764 1348200005.0 34
1677085223836 1348200005.0 35
1677085224010 1348200005.0 36
1677085225009 1348200005.0 37
1677085225176 1348200005.0 38
1677085226189 1348200005.0 39
1677085226344 1348200005.0 40
1677085227266 1348200005.0 41
1677085227443 1348200005.0 42
1677085228372 1348200005.0 43
1677085228525 1348200005.0 44
1677085229472 1348200005.0 45
1677085229630 1348200005.0 46
1677085230559 1348200005.0 47
1677085230718 1348200005.0 48
1677085231632 1348200005.0 49
1677085231861 1348200005.0 50
1677085232774 1348200005.0 51
1677085232941 1348200005.0 52
1677085233894 1348200005.0 53
1677085234062 1348200005.0 54
1677085234974 1348200005.0 55
1677085235158 1348200005.0 56
1677085236078 1348200005.0 57
1677085236233 1348200005.0 58
1677085237143 1348200005.0 59
1677085237298 1348200005.0 60
1677085238292 1348200005.0 61
1677085238451 1348200005.0 62
1677085239365 1348200005.0 63
1677085239521 1348200005.0 64
1677085240453 1348200005.0 65
1677085240618 1348200005.0 66
1677085241576 1348200005.0 67
1677085241730 1348200005.0 68
1677085242632 1348200005.0 69
1677085242801 1348200005.0 70
1677085243728 1348200005.0 71
1677085243959 1348200005.0 72
1677085244865 1348200005.0 73
1677085245023 1348200005.0 74
1677085245986 1348200005.0 75
1677085246147 1348200005.0 76
1677085247078 1348200005.0 77
1677085247231 1348200005.0 78
1677085248192 1348200005.0 79
1677085248366 1348200005.0 80
1677085249371 1348200005.0 81
1677085249545 1348200005.0 82
1677085250641 1348200005.0 83
1677085250817 1348200005.0 84
1677085251844 1348200005.0 85
1677085252013 1348200005.0 86
1677085253036 1348200005.0 87
1677085253216 1348200005.0 88
1677085254254 1348200005.0 89
1677085254427 1348200005.0 90
1677085255394 1348200005.0 91
1677085255555 1348200005.0 92
1677085256509 1348200005.0 93
1677085256744 1348200005.0 94
1677085257658 1348200005.0 95
1677085257824 1348200005.0 96
1677085258761 1348200005.0 97
1677085258920 1348200005.0 98
1677085259871 1348200005.0 99
1677085260034 1348200005.0 100
1677085260950 1348200005.0 101
1677085261106 1348200005.0 102
1677085262016 1348200005.0 103
1677085262175 1348200005.0 104
1677085263181 1348200005.0 105
1677085263342 1348200005.0 106
1677085264276 1348200005.0 107
1677085264434 1348200005.0 108
1677085265335 1348200005.0 109
1677085265502 1348200005.0 110
1677085266427 1348200005.0 111
1677085266616 1348200005.0 112
1677085267540 1348200005.0 113
1677085267696 1348200005.0 114
1677085268634 1348200005.0 115
1677085268874 1348200005.0 116
1677085269789 1348200005.0 117
1677085269941 1348200005.0 118
1677085270909 1348200005.0 119
1677085271075 1348200005.0 120
1677085272002 1348200005.0 121
1677085272161 1348200005.0 122
1677085273120 1348200005.0 123
1677085273296 1348200005.0 124
1677085274225 1348200005.0 125
1677085274385 1348200005.0 126
1677085275399 1348200005.0 127
1677085275572 1348200005.0 128
1677085276522 1348200005.0 129
1677085276684 1348200005.0 130
1677085277596 1348200005.0 131
1677085277753 1348200005.0 132
1677085278719 1348200005.0 133
1677085278883 1348200005.0 134
1677085279799 1348200005.0 135
1677085279967 1348200005.0 136
1677085280895 1348200005.0 137
1677085281154 1348200005.0 138
1677085282158 1348200005.0 139
1677085282335 1348200005.0 140
1677085283351 1348200005.0 141
1677085283534 1348200005.0 142
1677085284532 1348200005.0 143
1677085284701 1348200005.0 144
1677085285727 1348200005.0 145
1677085285905 1348200005.0 146
1677085286855 1348200005.0 147
1677085287016 1348200005.0 148
1677085288001 1348200005.0 149
1677085288170 1348200005.0 150
1677085289119 1348200005.0 151
1677085289290 1348200005.0 152
1677085290219 1348200005.0 153
1677085290381 1348200005.0 154
1677085291364 1348200005.0 155
1677085291526 1348200005.0 156
1677085292443 1348200005.0 157
1677085292604 1348200005.0 158
1677085293624 1348200005.0 159
1677085293789 1348200005.0 160
1677085294715 1348200005.0 161
1677085294881 1348200005.0 162
1677085295795 1348200005.0 163
1677085295964 1348200005.0 164
1677085296891 1348200005.0 165
1677085297059 1348200005.0 166
1677085297977 1348200005.0 167
1677085298141 1348200005.0 168
1677085299089 1348200005.0 169
1677085299257 1348200005.0 170
1677085300237 1348200005.0 171
1677085300399 1348200005.0 172
1677085301390 1348200005.0 173
1677085301553 1348200005.0 174
1677085302448 1348200005.0 175
1677085302618 1348200005.0 176
1677085303603 1348200005.0 177
1677085303765 1348200005.0 178
1677085304713 1348200005.0 179
1677085304873 1348200005.0 180
1677085305890 1348200005.0 181
1677085306052 1348200005.0 182
1677085306981 1348200005.0 183
1677085307162 1348200005.0 184
1677085308095 1348200005.0 185
1677085308268 1348200005.0 186
1677085309227 1348200005.0 187
1677085309389 1348200005.0 188
1677085310351 1348200005.0 189
1677085310535 1348200005.0 190
1677085311562 1348200005.0 191
1677085311736 1348200005.0 192
1677085312834 1348200005.0 193
1677085313012 1348200005.0 194
1677085314033 1348200005.0 195
1677085314216 1348200005.0 196
1677085315197 1348200005.0 197
1677085315366 1348200005.0 198
1677085316337 1348200005.0 199
1677085316498 1348200005.0 200
1677085317458 1348200005.0 201
1677085317625 1348200005.0 202
1677085318645 1348200005.0 203
1677085318811 1348200005.0 204
1677085319725 1348200005.0 205
1677085319900 1348200005.0 206
1677085320854 1348200005.0 207
1677085321025 1348200005.0 208
1677085322002 1348200005.0 209
1677085322169 1348200005.0 210
1677085323099 1348200005.0 211
1677085323267 1348200005.0 212
1677085324199 1348200005.0 213
1677085324359 1348200005.0 214
1677085325380 1348200005.0 215
1677085325554 1348200005.0 216
1677085326514 1348200005.0 217
1677085326688 1348200005.0 218
1677085327614 1348200005.0 219
1677085327774 1348200005.0 220
1677085328738 1348200005.0 221
1677085328899 1348200005.0 222
1677085329815 1348200005.0 223
1677085329953 1348200005.0 224
1677085331001 1348200005.0 225
1677085331176 1348200005.0 226
1677085332124 1348200005.0 227
1677085332292 1348200005.0 228
1677085333214 1348200005.0 229
1677085333388 1348200005.0 230
1677085334322 1348200005.0 231
1677085334491 1348200005.0 232
1677085335480 1348200005.0 233
1677085335658 1348200005.0 234
1677085336612 1348200005.0 235
1677085336789 1348200005.0 236
1677085337815 1348200005.0 237
1677085337994 1348200005.0 238
1677085338927 1348200005.0 239
1677085339092 1348200005.0 240
1677085340072 1348200005.0 241
1677085340252 1348200005.0 242
1677085341343 1348200005.0 243
1677085341524 1348200005.0 244
1677085342551 1348200005.0 245
1677085342742 1348200005.0 246
1677085343860 1348200005.0 247
1677085344051 1348200005.0 248
1677085345008 1348200005.0 249
1677085345184 1348200005.0 250
1677085346124 1348200005.0 251
1677085346288 1348200005.0 252
1677085347272 1348200005.0 253
1677085347440 1348200005.0 254
1677085348372 1348200005.0 255
1677085348548 1348200005.0 256
1677085349476 1348200005.0 257
1677085349646 1348200005.0 258
1677085350650 1348200005.0 259
1677085350822 1348200005.0 260
1677085351758 1348200005.0 261
1677085351926 1348200005.0 262
1677085352932 1348200005.0 263
1677085353101 1348200005.0 264
1677085354041 1348200005.0 265
1677085354210 1348200005.0 266
1677085355141 1348200005.0 267
1677085355312 1348200005.0 268
1677085356336 1348200005.0 269
1677085356512 1348200005.0 270
1677085357416 1348200005.0 271
1677085357604 1348200005.0 272
1677085358614 1348200005.0 273
1677085358779 1348200005.0 274
1677085359709 1348200005.0 275
1677085359877 1348200005.0 276
1677085360764 1348200005.0 277
1677085360944 1348200005.0 278
1677085361872 1348200005.0 279
1677085362114 1348200005.0 280
1677085363036 1348200005.0 281
1677085363217 1348200005.0 282
1677085364182 1348200005.0 283
1677085364350 1348200005.0 284
1677085365277 1348200005.0 285
1677085365455 1348200005.0 286
1677085366406 1348200005.0 287
1677085366581 1348200005.0 288
1677085367505 1348200005.0 289
1677085367673 1348200005.0 290
1677085368701 1348200005.0 291
1677085368874 1348200005.0 292
1677085369849 1348200005.0 293
1677085370019 1348200005.0 294
1677085370962 1348200005.0 295
1677085371136 1348200005.0 296
1677085372165 1348200005.0 297
1677085372352 1348200005.0 298
1677085373391 1348200005.0 299
1677085373576 1348200005.0 300
1677085373760 1348200005.0 301
