1679700120391 20.733113288879395 1
1679700120619 0.19988298416137695 2
1679700122432 1.8120102882385254 3
1679700122651 0.21428418159484863 4
1679700124414 1.7939236164093018 5
1679700124633 0.19173264503479004 6
1679700126341 1.7067162990570068 7
1679700126595 0.24626684188842773 8
1679700128299 1.7132906913757324 9
1679700128507 0.2069084644317627 10
1679700130267 1.761969804763794 11
1679700130503 0.22194600105285645 12
1679700132440 1.948051929473877 13
1679700132690 0.24798035621643066 14
1679700134362 1.675260305404663 15
1679700134574 0.21285367012023926 16
1679700136325 1.7785544395446777 17
1679700136532 0.1792583465576172 18
1679700138221 1.6855900287628174 19
1679700138485 0.2504897117614746 20
1679700140187 1.7181963920593262 21
1679700140402 0.21489644050598145 22
1679700142244 1.8368189334869385 23
1679700142465 0.22607922554016113 24
1679700144315 1.8428597450256348 25
1679700144587 0.2601590156555176 26
1679700146514 1.9360244274139404 27
1679700146736 0.23062825202941895 28
1679700148610 1.8711588382720947 29
1679700148833 0.2266242504119873 30
1679700150646 1.8415350914001465 31
1679700150945 0.25887274742126465 32
1679700152829 1.894622564315796 33
1679700153046 0.21732044219970703 34
1679700154798 1.747126817703247 35
1679700155006 0.21398544311523438 36
1679700156750 1.7451317310333252 37
1679700156988 0.23178839683532715 38
1679700158756 1.7688264846801758 39
1679700158972 0.2173445224761963 40
1679700160689 1.7199530601501465 41
1679700160909 0.21045327186584473 42
1679700162697 1.7963261604309082 43
1679700162960 0.25693202018737793 44
1679700164683 1.7287087440490723 45
1679700164898 0.21544599533081055 46
1679700166608 1.738978624343872 47
1679700166826 0.18624424934387207 48
1679700168608 1.7748258113861084 49
1679700168881 0.2728095054626465 50
1679700171002 2.116323471069336 51
1679700171248 0.2479109764099121 52
1679700173363 2.1228950023651123 53
1679700173598 0.23207616806030273 54
1679700175524 1.9620304107666016 55
1679700175786 0.22391176223754883 56
1679700177699 1.9189751148223877 57
1679700177921 0.22304224967956543 58
1679700179735 1.8141217231750488 59
1679700179953 0.2189950942993164 60
1679700181826 1.9039018154144287 61
1679700182063 0.2020280361175537 62
1679700183849 1.7900464534759521 63
1679700184082 0.23180675506591797 64
1679700185862 1.7802562713623047 65
1679700186079 0.21994233131408691 66
1679700187828 1.7455675601959229 67
1679700188069 0.24132180213928223 68
1679700189859 1.7872374057769775 69
1679700190077 0.22242093086242676 70
1679700191928 1.8505291938781738 71
1679700192147 0.21886587142944336 72
1679700193884 1.7297651767730713 73
1679700194184 0.28989434242248535 74
1679700195903 1.7672626972198486 75
1679700196122 0.18587493896484375 76
1679700197938 1.8150310516357422 77
1679700198164 0.22615623474121094 78
1679700199987 1.8230972290039062 79
1679700200271 0.2719125747680664 80
1679700202235 1.973963737487793 81
1679700202477 0.24184393882751465 82
1679700204427 1.9433002471923828 83
1679700204670 0.2416057586669922 84
1679700206638 1.9722259044647217 85
1679700206893 0.25321459770202637 86
1679700208694 1.8082919120788574 87
1679700208920 0.227370023727417 88
1679700210682 1.7931690216064453 89
1679700210900 0.185837984085083 90
1679700212726 1.8262279033660889 91
1679700212953 0.22610092163085938 92
1679700214698 1.747190237045288 93
1679700214917 0.21655631065368652 94
1679700216688 1.7690320014953613 95
1679700216906 0.22111868858337402 96
1679700218643 1.7359073162078857 97
1679700218882 0.23909282684326172 98
1679700220680 1.7968416213989258 99
1679700220904 0.22622323036193848 100
1679700222791 1.8868162631988525 101
1679700223013 0.22301745414733887 102
1679700224841 1.8211488723754883 103
1679700225103 0.25835657119750977 104
1679700227002 1.9073097705841064 105
1679700227230 0.2280888557434082 106
1679700229013 1.7820303440093994 107
1679700229241 0.231889009475708 108
1679700230996 1.7542719841003418 109
1679700231257 0.252427339553833 110
1679700233156 1.898517370223999 111
1679700233479 0.32798123359680176 112
1679700235376 1.8801348209381104 113
1679700235645 0.28070783615112305 114
1679700237494 1.8551726341247559 115
1679700237725 0.23074698448181152 116
1679700239485 1.7622747421264648 117
1679700239702 0.2178332805633545 118
1679700241426 1.756969690322876 119
1679700241696 0.23555660247802734 120
1679700243444 1.7464470863342285 121
1679700243771 0.32810115814208984 122
1679700245532 1.7600581645965576 123
1679700245753 0.2227773666381836 124
1679700247549 1.7913906574249268 125
1679700247777 0.23074865341186523 126
1679700249595 1.8189425468444824 127
1679700249827 0.22789359092712402 128
1679700251677 1.8486402034759521 129
1679700251904 0.2335057258605957 130
1679700253685 1.7731292247772217 131
1679700253917 0.23985624313354492 132
1679700255754 1.8699407577514648 133
1679700255996 0.2078700065612793 134
1679700257820 1.82521390914917 135
1679700258047 0.225128173828125 136
1679700259873 1.8217720985412598 137
1679700260099 0.2292311191558838 138
1679700261944 1.8410749435424805 139
1679700262244 0.2848994731903076 140
1679700264237 2.047835111618042 141
1679700264478 0.20409631729125977 142
1679700266507 2.0209174156188965 143
1679700266773 0.262984037399292 144
1679700268624 1.863853931427002 145
1679700268876 0.24803996086120605 146
1679700270682 1.8430790901184082 147
1679700270908 0.19300150871276855 148
1679700272694 1.7850244045257568 149
1679700272923 0.22691130638122559 150
1679700274697 1.7772903442382812 151
1679700274935 0.23487162590026855 152
1679700276797 1.8589444160461426 153
1679700277023 0.22612452507019043 154
1679700278749 1.7298836708068848 155
1679700278983 0.23583698272705078 156
1679700280848 1.8564012050628662 157
1679700281140 0.282379150390625 158
1679700282957 1.8324291706085205 159
1679700283218 0.24402427673339844 160
1679700285041 1.8417513370513916 161
1679700285238 0.23310351371765137 162
1679700287179 1.8991551399230957 163
1679700287432 0.2527272701263428 164
1679700289365 1.9363446235656738 165
1679700289596 0.23299193382263184 166
1679700291455 1.8567261695861816 167
1679700291695 0.2379167079925537 168
1679700293679 1.979290246963501 169
1679700293929 0.2509181499481201 170
1679700295930 2.0029985904693604 171
1679700296166 0.23961448669433594 172
1679700298159 1.997206449508667 173
1679700298396 0.23350119590759277 174
1679700300432 2.0715577602386475 175
1679700300705 0.22703957557678223 176
1679700302807 2.109499931335449 177
1679700303034 0.22961664199829102 178
1679700304880 1.846921682357788 179
1679700305099 0.22074341773986816 180
1679700306874 1.7772319316864014 181
1679700307104 0.2273998260498047 182
1679700308988 1.8604843616485596 183
1679700309378 0.39978885650634766 184
1679700311659 2.2800514698028564 185
1679700311914 0.26224613189697266 186
1679700314010 2.0899698734283447 187
1679700314281 0.26796746253967285 188
1679700316232 1.9999208450317383 189
1679700316491 0.21641969680786133 190
1679700318440 1.9521260261535645 191
1679700318703 0.25948190689086914 192
1679700320634 1.9351208209991455 193
1679700320965 0.3321528434753418 194
1679700322926 1.9589078426361084 195
1679700323177 0.2511577606201172 196
1679700325120 1.9465477466583252 197
1679700325420 0.28098106384277344 198
1679700327378 1.9720218181610107 199
1679700327628 0.2532005310058594 200
1679700329539 1.9101202487945557 201
1679700329788 0.24976515769958496 202
1679700331685 1.9363014698028564 203
1679700332003 0.26477813720703125 204
1679700334032 2.0409295558929443 205
1679700334277 0.24556946754455566 206
1679700336234 1.9554648399353027 207
1679700336486 0.2520899772644043 208
1679700338357 1.8748815059661865 209
1679700338627 0.2629384994506836 210
1679700340595 1.9741382598876953 211
1679700340838 0.2420365810394287 212
1679700342654 1.816941499710083 213
1679700342881 0.2309587001800537 214
1679700344802 1.922943115234375 215
1679700345101 0.264829158782959 216
1679700346878 1.8112339973449707 217
1679700347103 0.22473597526550293 218
1679700348830 1.7232258319854736 219
1679700349052 0.22108817100524902 220
1679700350729 1.6799709796905518 221
1679700350959 0.2281651496887207 222
1679700352625 1.665234088897705 223
1679700352842 0.21906256675720215 224
1679700354592 1.7520036697387695 225
1679700354807 0.21761417388916016 226
1679700356474 1.6641407012939453 227
1679700356705 0.23063921928405762 228
1679700358367 1.66410231590271 229
1679700358580 0.21486663818359375 230
1679700360214 1.664400577545166 231
1679700360428 0.18027257919311523 232
1679700362071 1.643850326538086 233
1679700362298 0.22708535194396973 234
1679700364065 1.7664594650268555 235
1679700364285 0.22097325325012207 236
1679700365982 1.6961779594421387 237
1679700366202 0.21889114379882812 238
1679700367897 1.6948230266571045 239
1679700368131 0.23229002952575684 240
1679700369839 1.7088751792907715 241
1679700370054 0.21810173988342285 242
1679700371733 1.6762983798980713 243
1679700371949 0.2151176929473877 244
1679700373668 1.721590280532837 245
1679700373895 0.22476768493652344 246
1679700375504 1.64467191696167 247
1679700375720 0.1813957691192627 248
1679700377409 1.6859369277954102 249
1679700377632 0.2242903709411621 250
1679700379329 1.6977052688598633 251
1679700379558 0.23068618774414062 252
1679700381287 1.7272722721099854 253
1679700381507 0.22316431999206543 254
1679700383193 1.6848835945129395 255
1679700383489 0.29586100578308105 256
1679700385179 1.691382884979248 257
1679700385412 0.23029613494873047 258
1679700387080 1.6684558391571045 259
1679700387291 0.21348047256469727 260
1679700388977 1.6857590675354004 261
1679700389199 0.22088265419006348 262
1679700390846 1.6809163093566895 263
1679700391094 0.18594908714294434 264
1679700392778 1.7125372886657715 265
1679700393076 0.2964942455291748 266
1679700394770 1.6923224925994873 267
1679700394990 0.22166204452514648 268
1679700396676 1.6844663619995117 269
1679700396909 0.23434996604919434 270
1679700398597 1.686126708984375 271
1679700398811 0.2170546054840088 272
1679700400497 1.6829607486724854 273
1679700400721 0.22466731071472168 274
1679700402409 1.6887321472167969 275
1679700402648 0.22860455513000488 276
1679700404450 1.8140010833740234 277
1679700404669 0.21613097190856934 278
1679700406317 1.6848549842834473 279
1679700406538 0.18504047393798828 280
1679700408247 1.708890676498413 281
1679700408481 0.23218989372253418 282
1679700410136 1.657780647277832 283
1679700410352 0.21607756614685059 284
1679700411985 1.6319754123687744 285
1679700412198 0.21423625946044922 286
1679700413910 1.7113885879516602 287
1679700414137 0.22730755805969238 288
1679700415779 1.643141746520996 289
1679700415994 0.21390914916992188 290
1679700417655 1.6589033603668213 291
1679700417901 0.21901535987854004 292
1679700419604 1.7320950031280518 293
1679700419834 0.22919917106628418 294
1679700421504 1.7049109935760498 295
1679700421723 0.18541264533996582 296
1679700423475 1.753495454788208 297
1679700423694 0.21715235710144043 298
1679700425402 1.7068943977355957 299
1679700425636 0.23192596435546875 300
1679700425782 0.1463031768798828 301
