1679939936256 0.0 1
1679939936479 0.0 2
1679939938304 0.0 3
1679939938497 0.0 4
1679939940444 0.0 5
1679939940645 0.0 6
1679939942734 0.0 7
1679939942998 0.0 8
1679939945066 0.0 9
1679939945254 0.0 10
1679939947517 0.0 11
1679939947788 0.0 12
1679939949914 0.0 13
1679939950132 0.0 14
1679939952197 0.0 15
1679939952416 0.0 16
1679939954491 0.0 17
1679939954703 0.0 18
1679939956777 0.0 19
1679939956976 0.0 20
1679939958875 0.0 21
1679939959087 0.0 22
1679939960923 0.0 23
1679939961133 0.0 24
1679939963089 0.0 25
1679939963337 0.0 26
1679939965288 0.0 27
1679939965496 0.0 28
1679939967321 0.0 29
1679939967528 0.0 30
1679939969460 0.0 31
1679939969647 0.0 32
1679939971472 0.0 33
1679939971680 0.0 34
1679939973553 0.0 35
1679939973761 0.0 36
1679939975712 0.0 37
1679939975902 0.0 38
1679939977789 0.0 39
1679939978035 0.0 40
1679939980036 0.0 41
1679939980309 0.0 42
1679939982282 0.0 43
1679939982478 0.0 44
1679939984241 0.0 45
1679939984438 0.0 46
1679939986172 0.0 47
1679939986391 0.0 48
1679939988304 0.0 49
1679939988489 0.0 50
1679939990326 0.0 51
1679939990544 0.0 52
1679939992499 0.0 53
1679939992711 0.0 54
1679939994596 0.0 55
1679939994794 0.0 56
1679939996691 0.0 57
1679939996893 0.0 58
1679939998786 0.0 59
1679939998991 0.0 60
1679940000826 0.0 61
1679940001042 0.0 62
1679940002883 0.0 63
1679940003079 0.0 64
1679940004978 0.0 65
1679940005180 0.0 66
1679940007110 0.0 67
1679940007305 0.0 68
1679940009089 0.0 69
1679940009288 0.0 70
1679940011098 0.0 71
1679940011298 0.0 72
1679940013153 0.0 73
1679940013339 0.0 74
1679940015081 0.0 75
1679940015279 0.0 76
1679940017099 0.0 77
1679940017312 0.0 78
1679940019318 0.0 79
1679940019506 0.0 80
1679940021664 0.0 81
1679940021854 0.0 82
1679940023867 0.0 83
1679940024087 0.0 84
1679940026090 0.0 85
1679940026288 0.0 86
1679940028486 0.0 87
1679940028680 0.0 88
1679940030620 0.0 89
1679940030851 0.0 90
1679940032709 0.0 91
1679940032914 0.0 92
1679940034825 0.0 93
1679940035023 0.0 94
1679940036834 0.0 95
1679940037055 0.0 96
1679940038919 0.0 97
1679940039147 0.0 98
1679940040904 0.0 99
1679940041105 0.0 100
1679940042863 0.0 101
1679940043084 0.0 102
1679940045145 0.0 103
1679940045360 0.0 104
1679940047394 0.0 105
