1679939936274 22192.0 1
1679939936488 22192.0 2
1679939938312 22192.0 3
1679939938505 22192.0 4
1679939940452 22192.0 5
1679939940654 22192.0 6
1679939942745 22192.0 7
1679939943012 22192.0 8
1679939945074 22192.0 9
1679939945263 22192.0 10
1679939947530 22192.0 11
1679939947798 22192.0 12
1679939949925 22192.0 13
1679939950141 22192.0 14
1679939952207 22192.0 15
1679939952426 22192.0 16
1679939954500 22192.0 17
1679939954712 22192.0 18
1679939956786 22192.0 19
1679939956986 22192.0 20
1679939958885 22192.0 21
1679939959096 22192.0 22
1679939960932 22192.0 23
1679939961142 22192.0 24
1679939963100 22192.0 25
1679939963362 22192.0 26
1679939965306 22192.0 27
1679939965504 22192.0 28
1679939967330 22192.0 29
1679939967538 22192.0 30
1679939969469 22192.0 31
1679939969655 22192.0 32
1679939971482 22192.0 33
1679939971690 22192.0 34
1679939973560 22192.0 35
1679939973771 22192.0 36
1679939975722 22192.0 37
1679939975910 22192.0 38
1679939977801 22192.0 39
1679939978043 22192.0 40
1679939980051 22192.0 41
1679939980320 22192.0 42
1679939982291 22192.0 43
1679939982486 22192.0 44
1679939984249 22192.0 45
1679939984447 22192.0 46
1679939986181 22192.0 47
1679939986406 22192.0 48
1679939988313 22192.0 49
1679939988498 22192.0 50
1679939990335 22192.0 51
1679939990554 22192.0 52
1679939992507 22192.0 53
1679939992721 22192.0 54
1679939994604 22192.0 55
1679939994803 22192.0 56
1679939996699 22192.0 57
1679939996902 22192.0 58
1679939998795 22192.0 59
1679939999000 22192.0 60
1679940000836 22192.0 61
1679940001051 22192.0 62
1679940002893 22192.0 63
1679940003087 22192.0 64
1679940004988 22192.0 65
1679940005189 22192.0 66
1679940007118 22192.0 67
1679940007314 22192.0 68
1679940009099 22192.0 69
1679940009296 22192.0 70
1679940011105 22192.0 71
1679940011307 22192.0 72
1679940013162 22192.0 73
1679940013348 22192.0 74
1679940015090 22192.0 75
1679940015288 22192.0 76
1679940017108 22192.0 77
1679940017323 22192.0 78
1679940019327 22192.0 79
1679940019514 22192.0 80
1679940021672 22192.0 81
1679940021863 22192.0 82
1679940023876 22192.0 83
1679940024097 22192.0 84
1679940026099 22192.0 85
1679940026298 22192.0 86
1679940028496 22192.0 87
1679940028690 22192.0 88
1679940030629 22192.0 89
1679940030861 22192.0 90
1679940032717 22192.0 91
1679940032922 22192.0 92
1679940034834 22192.0 93
1679940035033 22192.0 94
1679940036842 22192.0 95
1679940037064 22192.0 96
1679940038929 22192.0 97
1679940039156 22192.0 98
1679940040914 22192.0 99
1679940041114 22192.0 100
1679940042873 22192.0 101
1679940043094 22192.0 102
1679940045154 22192.0 103
1679940045368 22192.0 104
1679940047406 22192.0 105
