1679939936254 3.941080331802368 1
1679939936476 0.20602083206176758 2
1679939938302 1.828765630722046 3
1679939938495 0.1890408992767334 4
1679939940441 1.9488887786865234 5
1679939940643 0.20232319831848145 6
1679939942732 2.081042766571045 7
1679939942994 0.2591433525085449 8
1679939945064 2.1073250770568848 9
1679939945251 0.16002535820007324 10
1679939947514 2.253192901611328 11
1679939947787 0.275299072265625 12
1679939949912 2.1288278102874756 13
1679939950130 0.22113418579101562 14
1679939952193 2.0518171787261963 15
1679939952413 0.21898460388183594 16
1679939954487 2.0856316089630127 17
1679939954700 0.2105712890625 18
1679939956775 2.0789084434509277 19
1679939956973 0.19705700874328613 20
1679939958872 1.9287323951721191 21
1679939959084 0.17528295516967773 22
1679939960920 1.8439083099365234 23
1679939961130 0.2027912139892578 24
1679939963087 1.9610521793365479 25
1679939963332 0.22838139533996582 26
1679939965285 1.9747564792633057 27
1679939965492 0.20370078086853027 28
1679939967319 1.8281471729278564 29
1679939967525 0.20318222045898438 30
1679939969459 1.934460163116455 31
1679939969645 0.18869876861572266 32
1679939971470 1.851919174194336 33
1679939971678 0.17937326431274414 34
1679939973550 1.8733875751495361 35
1679939973759 0.20232272148132324 36
1679939975710 1.9577741622924805 37
1679939975899 0.18939971923828125 38
1679939977787 1.8865723609924316 39
1679939978032 0.23175954818725586 40
1679939980034 1.9984357357025146 41
1679939980306 0.2645745277404785 42
1679939982280 1.9991989135742188 43
1679939982474 0.19312810897827148 44
1679939984238 1.7639563083648682 45
1679939984436 0.19675755500793457 46
1679939986170 1.7640502452850342 47
1679939986388 0.17900300025939941 48
1679939988302 1.9220244884490967 49
1679939988487 0.18858885765075684 50
1679939990323 1.8245899677276611 51
1679939990541 0.22393155097961426 52
1679939992497 1.958841323852539 53
1679939992708 0.20898175239562988 54
1679939994594 1.8872456550598145 55
1679939994792 0.20092296600341797 56
1679939996688 1.893953800201416 57
1679939996890 0.19729924201965332 58
1679939998784 1.899756669998169 59
1679939998989 0.20377588272094727 60
1679940000823 1.8630070686340332 61
1679940001040 0.18507051467895508 62
1679940002881 1.8448469638824463 63
1679940003077 0.1939084529876709 64
1679940004976 1.89853835105896 65
1679940005179 0.20360040664672852 66
1679940007108 1.924640417098999 67
1679940007303 0.20024895668029785 68
1679940009088 1.785531759262085 69
1679940009286 0.19574403762817383 70
1679940011096 1.8121042251586914 71
1679940011295 0.19646811485290527 72
1679940013151 1.858386754989624 73
1679940013337 0.18590354919433594 74
1679940015078 1.7391407489776611 75
1679940015276 0.20012974739074707 76
1679940017097 1.8499298095703125 77
1679940017310 0.17884373664855957 78
1679940019317 2.0100181102752686 79
1679940019502 0.18802571296691895 80
1679940021661 2.151334285736084 81
1679940021852 0.19276666641235352 82
1679940023865 2.0130767822265625 83
1679940024085 0.2171008586883545 84
1679940026088 2.00386381149292 85
1679940026286 0.20000600814819336 86
1679940028484 2.1867401599884033 87
1679940028678 0.20607805252075195 88
1679940030618 1.9410054683685303 89
1679940030849 0.21896719932556152 90
1679940032706 1.8660385608673096 91
1679940032912 0.20728206634521484 92
1679940034822 1.9088892936706543 93
1679940035022 0.1987900733947754 94
1679940036831 1.809091329574585 95
1679940037053 0.22191739082336426 96
1679940038917 1.8640060424804688 97
1679940039144 0.2324831485748291 98
1679940040902 1.76045560836792 99
1679940041103 0.1992173194885254 100
1679940042862 1.7571334838867188 101
1679940043081 0.21568608283996582 102
1679940045142 2.0589587688446045 103
1679940045357 0.213134765625 104
1679940047392 2.025690793991089 105
