1679939936266 1.0 1
1679939936481 2.0 2
1679939938305 3.0 3
1679939938499 4.0 4
1679939940446 5.0 5
1679939940647 6.0 6
1679939942737 7.0 7
1679939943001 8.0 8
1679939945067 9.0 9
1679939945256 10.0 10
1679939947519 11.0 11
1679939947791 12.0 12
1679939949916 13.0 13
1679939950134 14.0 14
1679939952199 15.0 15
1679939952418 16.0 16
1679939954492 17.0 17
1679939954706 18.0 18
1679939956779 19.0 19
1679939956978 20.0 20
1679939958878 21.0 21
1679939959089 22.0 22
1679939960925 23.0 23
1679939961136 24.0 24
1679939963093 25.0 25
1679939963341 26.0 26
1679939965291 27.0 27
1679939965498 28.0 28
1679939967324 29.0 29
1679939967530 30.0 30
1679939969462 31.0 31
1679939969649 32.0 32
1679939971474 33.0 33
1679939971684 34.0 34
1679939973555 35.0 35
1679939973765 36.0 36
1679939975716 37.0 37
1679939975904 38.0 38
1679939977792 39.0 39
1679939978037 40.0 40
1679939980040 41.0 41
1679939980312 42.0 42
1679939982284 43.0 43
1679939982479 44.0 44
1679939984243 45.0 45
1679939984440 46.0 46
1679939986175 47.0 47
1679939986395 48.0 48
1679939988307 49.0 49
1679939988492 50.0 50
1679939990329 51.0 51
1679939990546 52.0 52
1679939992501 53.0 53
1679939992714 54.0 54
1679939994598 55.0 55
1679939994797 56.0 56
1679939996693 57.0 57
1679939996895 58.0 58
1679939998788 59.0 59
1679939998993 60.0 60
1679940000829 61.0 61
1679940001045 62.0 62
1679940002884 63.0 63
1679940003081 64.0 64
1679940004981 65.0 65
1679940005182 66.0 66
1679940007112 67.0 67
1679940007307 68.0 68
1679940009092 69.0 69
1679940009291 70.0 70
1679940011100 71.0 71
1679940011300 72.0 72
1679940013155 73.0 73
1679940013341 74.0 74
1679940015083 75.0 75
1679940015281 76.0 76
1679940017101 77.0 77
1679940017316 78.0 78
1679940019320 79.0 79
1679940019508 80.0 80
1679940021666 81.0 81
1679940021856 82.0 82
1679940023869 83.0 83
1679940024090 84.0 84
1679940026092 85.0 85
1679940026291 86.0 86
1679940028488 87.0 87
1679940028683 88.0 88
1679940030622 89.0 89
1679940030853 90.0 90
1679940032711 91.0 91
1679940032917 92.0 92
1679940034827 93.0 93
1679940035026 94.0 94
1679940036836 95.0 95
1679940037058 96.0 96
1679940038922 97.0 97
1679940039149 98.0 98
1679940040907 99.0 99
1679940041108 100.0 100
1679940042866 101.0 101
1679940043086 102.0 102
1679940045147 103.0 103
1679940045361 104.0 104
1679940047397 105.0 105
