1679939936251 13.121721183448312 1
1679939938299 4.169555366955021 3
1679939940439 3.3134002146594814 5
1679939942730 3.1587763072461725 7
1679939945061 3.2734730537618244 9
1679939947512 2.7443354238495723 11
1679939949909 3.448812097947471 13
1679939952189 2.3899949400101246 15
1679939954484 2.7034555667336297 17
1679939956773 2.87033074163075 19
1679939958870 3.082941882061145 21
1679939960918 2.1148450296638033 23
1679939963085 2.8233109347081524 25
1679939965283 2.3072940738369123 27
1679939967317 1.740647572456878 29
1679939969456 1.9899123401686263 31
1679939971468 2.3751920110239806 33
1679939973548 1.841482772953897 35
1679939975708 2.0513471706915007 37
1679939977784 1.8151380245858164 39
1679939980031 1.7044236071878998 41
1679939982278 2.076836005346244 43
1679939984236 1.968173771587981 45
1679939986168 2.069997050275833 47
1679939988301 1.7808497227863571 49
1679939990320 2.4806673245100526 51
1679939992494 1.9816680102867577 53
1679939994590 1.7631794143257296 55
1679939996686 2.017437219287984 57
1679939998781 1.70059334455514 59
1679940000821 1.7146653083488406 61
1679940002879 1.7070512027805207 63
1679940004973 1.619531519098899 65
1679940007105 1.5971326321008832 67
1679940009086 1.776018430384477 69
1679940011093 1.5159665143471557 71
1679940013148 2.192383801214664 73
1679940015076 1.6946411734190916 75
1679940017094 1.2565439961233023 77
1679940019314 1.3009963870214407 79
1679940021658 1.27791766183729 81
1679940023862 1.0687234367679839 83
1679940026085 1.178987343289034 85
1679940028481 1.1043535507253768 87
1679940030615 1.0951989656264796 89
1679940032704 1.7267355341880577 91
1679940034819 1.0403264029221775 93
1679940036829 1.1143621645367001 95
1679940038914 0.9922889258621654 97
1679940040901 1.3251632242625524 99
1679940042859 1.1008701699025263 101
1679940045140 0.9705642997004879 103
1679940047388 1.143638661200716 105
