1679833657161 0.0 1
1679833657294 0.0 2
1679833658189 0.0 3
1679833658319 0.0 4
1679833659239 0.0 5
1679833659365 0.0 6
1679833660154 0.0 7
1679833660276 0.0 8
1679833661010 0.0 9
1679833661140 0.0 10
1679833661962 0.0 11
1679833662090 0.0 12
1679833662880 0.0 13
1679833663020 0.0 14
1679833663793 0.0 15
1679833663920 0.0 16
1679833664697 0.0 17
1679833664830 0.0 18
1679833665600 0.0 19
1679833665730 0.0 20
1679833666543 0.0 21
1679833666680 0.0 22
1679833667440 0.0 23
1679833667580 0.0 24
1679833668390 0.0 25
1679833668531 0.0 26
1679833669390 0.0 27
1679833669521 0.0 28
1679833670360 0.0 29
1679833670490 0.0 30
1679833671325 0.0 31
1679833671452 0.0 32
1679833672226 0.0 33
1679833672380 0.0 34
1679833673202 0.0 35
1679833673340 0.0 36
1679833674170 0.0 37
1679833674295 0.0 38
1679833675070 0.0 39
1679833675210 0.0 40
1679833676024 0.0 41
1679833676150 0.0 42
1679833676974 0.0 43
1679833677117 0.0 44
1679833677930 0.0 45
1679833678060 0.0 46
1679833678840 0.0 47
1679833679041 0.0 48
1679833679860 0.0 49
1679833680003 0.0 50
1679833680792 0.0 51
1679833680927 0.0 52
1679833681680 0.0 53
1679833681820 0.0 54
1679833682660 0.0 55
1679833682800 0.0 56
1679833683590 0.0 57
1679833683750 0.0 58
1679833684600 0.0 59
1679833684730 0.0 60
1679833685501 0.0 61
1679833685635 0.0 62
1679833686410 0.0 63
1679833686540 0.0 64
1679833687390 0.0 65
1679833687510 0.0 66
1679833688340 0.0 67
1679833688460 0.0 68
1679833689300 0.0 69
1679833689432 0.0 70
1679833690190 0.0 71
1679833690320 0.0 72
1679833691100 0.0 73
1679833691233 0.0 74
1679833692020 0.0 75
1679833692150 0.0 76
1679833692922 0.0 77
1679833693055 0.0 78
1679833693890 0.0 79
1679833694000 0.0 80
1679833694790 0.0 81
1679833694912 0.0 82
1679833695735 0.0 83
1679833695864 0.0 84
1679833696740 0.0 85
1679833696910 0.0 86
1679833697810 0.0 87
1679833697950 0.0 88
1679833698851 0.0 89
1679833699000 0.0 90
1679833699960 0.0 91
1679833700102 0.0 92
1679833700985 0.0 93
1679833701135 0.0 94
1679833701992 0.0 95
1679833702153 0.0 96
1679833703035 0.0 97
1679833703196 0.0 98
1679833704067 0.0 99
1679833704217 0.0 100
1679833705101 0.0 101
1679833705252 0.0 102
1679833706123 0.0 103
1679833706274 0.0 104
1679833707086 0.0 105
1679833707227 0.0 106
1679833708069 0.0 107
1679833708206 0.0 108
1679833708984 0.0 109
1679833709133 0.0 110
1679833709909 0.0 111
1679833710043 0.0 112
1679833710901 0.0 113
1679833711035 0.0 114
1679833711855 0.0 115
1679833711988 0.0 116
1679833712784 0.0 117
1679833712947 0.0 118
1679833713745 0.0 119
1679833713879 0.0 120
1679833714688 0.0 121
1679833714831 0.0 122
1679833715697 0.0 123
1679833715833 0.0 124
1679833716685 0.0 125
1679833716836 0.0 126
1679833717648 0.0 127
1679833717781 0.0 128
1679833718620 0.0 129
1679833718762 0.0 130
1679833719592 0.0 131
1679833719728 0.0 132
1679833720530 0.0 133
1679833720677 0.0 134
1679833721601 0.0 135
1679833721748 0.0 136
1679833722554 0.0 137
1679833722689 0.0 138
1679833723532 0.0 139
1679833723671 0.0 140
1679833724462 0.0 141
1679833724597 0.0 142
1679833725408 0.0 143
1679833725549 0.0 144
1679833726370 0.0 145
1679833726512 0.0 146
1679833727340 0.0 147
1679833727478 0.0 148
1679833728343 0.0 149
1679833728481 0.0 150
1679833729352 0.0 151
1679833729501 0.0 152
1679833730355 0.0 153
1679833730509 0.0 154
1679833731419 0.0 155
1679833731574 0.0 156
1679833732575 0.0 157
1679833732736 0.0 158
1679833733619 0.0 159
1679833733773 0.0 160
1679833734676 0.0 161
1679833734833 0.0 162
1679833735767 0.0 163
1679833735930 0.0 164
1679833736816 0.0 165
1679833736953 0.0 166
1679833737755 0.0 167
1679833737896 0.0 168
1679833738715 0.0 169
1679833738857 0.0 170
1679833739682 0.0 171
1679833739828 0.0 172
1679833740690 0.0 173
1679833740840 0.0 174
1679833741690 0.0 175
1679833741833 0.0 176
1679833742673 0.0 177
1679833742814 0.0 178
1679833743746 0.0 179
1679833743885 0.0 180
1679833744671 0.0 181
1679833744813 0.0 182
1679833745615 0.0 183
1679833745753 0.0 184
1679833746564 0.0 185
1679833746707 0.0 186
1679833747488 0.0 187
1679833747624 0.0 188
1679833748404 0.0 189
1679833748545 0.0 190
1679833749344 0.0 191
1679833749480 0.0 192
1679833750299 0.0 193
1679833750438 0.0 194
1679833751272 0.0 195
1679833751412 0.0 196
1679833752221 0.0 197
1679833752363 0.0 198
1679833753207 0.0 199
1679833753441 0.0 200
1679833754277 0.0 201
1679833754423 0.0 202
1679833755243 0.0 203
1679833755385 0.0 204
1679833756235 0.0 205
1679833756377 0.0 206
1679833757206 0.0 207
1679833757347 0.0 208
1679833758194 0.0 209
1679833758337 0.0 210
1679833759169 0.0 211
1679833759315 0.0 212
1679833760130 0.0 213
1679833760270 0.0 214
1679833761082 0.0 215
1679833761236 0.0 216
1679833762087 0.0 217
1679833762241 0.0 218
1679833763098 0.0 219
1679833763251 0.0 220
1679833764220 0.0 221
1679833764385 0.0 222
1679833765307 0.0 223
1679833765464 0.0 224
1679833766357 0.0 225
1679833766533 0.0 226
1679833767410 0.0 227
1679833767555 0.0 228
1679833768465 0.0 229
1679833768638 0.0 230
1679833769500 0.0 231
1679833769653 0.0 232
1679833770538 0.0 233
1679833770699 0.0 234
1679833771603 0.0 235
1679833771761 0.0 236
1679833772661 0.0 237
1679833772822 0.0 238
1679833773697 0.0 239
1679833773850 0.0 240
1679833774712 0.0 241
1679833774870 0.0 242
1679833775849 0.0 243
1679833775999 0.0 244
1679833776833 0.0 245
1679833776978 0.0 246
1679833777809 0.0 247
1679833777951 0.0 248
1679833778784 0.0 249
1679833778931 0.0 250
1679833779766 0.0 251
1679833779910 0.0 252
1679833780735 0.0 253
1679833780879 0.0 254
1679833781726 0.0 255
1679833781869 0.0 256
1679833782710 0.0 257
1679833782860 0.0 258
1679833783708 0.0 259
1679833783857 0.0 260
1679833784714 0.0 261
1679833784864 0.0 262
1679833785721 0.0 263
1679833785865 0.0 264
1679833786798 0.0 265
1679833786940 0.0 266
1679833787790 0.0 267
1679833787937 0.0 268
1679833788760 0.0 269
1679833788904 0.0 270
1679833789743 0.0 271
1679833789892 0.0 272
1679833790742 0.0 273
1679833790907 0.0 274
1679833791864 0.0 275
1679833792021 0.0 276
1679833793002 0.0 277
1679833793158 0.0 278
1679833794090 0.0 279
1679833794266 0.0 280
1679833795229 0.0 281
1679833795398 0.0 282
1679833796253 0.0 283
1679833796402 0.0 284
1679833797234 0.0 285
1679833797382 0.0 286
1679833798282 0.0 287
1679833798433 0.0 288
1679833799288 0.0 289
1679833799437 0.0 290
1679833800292 0.0 291
1679833800441 0.0 292
1679833801290 0.0 293
1679833801434 0.0 294
1679833802268 0.0 295
1679833802426 0.0 296
1679833803257 0.0 297
1679833803403 0.0 298
1679833804240 0.0 299
1679833804392 0.0 300
1679833804516 0.0 301
