1679833657162 1.0 1
1679833657295 2.0 2
1679833658191 3.0 3
1679833658322 4.0 4
1679833659241 5.0 5
1679833659367 6.0 6
1679833660156 7.0 7
1679833660277 8.0 8
1679833661010 9.0 9
1679833661150 10.0 10
1679833661962 11.0 11
1679833662090 12.0 12
1679833662884 13.0 13
1679833663020 14.0 14
1679833663800 15.0 15
1679833663920 16.0 16
1679833664697 17.0 17
1679833664830 18.0 18
1679833665600 19.0 19
1679833665734 20.0 20
1679833666543 21.0 21
1679833666680 22.0 22
1679833667450 23.0 23
1679833667580 24.0 24
1679833668390 25.0 25
1679833668531 26.0 26
1679833669390 27.0 27
1679833669521 28.0 28
1679833670360 29.0 29
1679833670490 30.0 30
1679833671330 31.0 31
1679833671452 32.0 32
1679833672226 33.0 33
1679833672380 34.0 34
1679833673202 35.0 35
1679833673340 36.0 36
1679833674170 37.0 37
1679833674295 38.0 38
1679833675070 39.0 39
1679833675210 40.0 40
1679833676024 41.0 41
1679833676150 42.0 42
1679833676974 43.0 43
1679833677120 44.0 44
1679833677930 45.0 45
1679833678060 46.0 46
1679833678840 47.0 47
1679833679041 48.0 48
1679833679870 49.0 49
1679833680003 50.0 50
1679833680800 51.0 51
1679833680927 52.0 52
1679833681680 53.0 53
1679833681820 54.0 54
1679833682660 55.0 55
1679833682800 56.0 56
1679833683590 57.0 57
1679833683760 58.0 58
1679833684600 59.0 59
1679833684737 60.0 60
1679833685501 61.0 61
1679833685635 62.0 62
1679833686410 63.0 63
1679833686540 64.0 64
1679833687390 65.0 65
1679833687510 66.0 66
1679833688340 67.0 67
1679833688470 68.0 68
1679833689300 69.0 69
1679833689432 70.0 70
1679833690195 71.0 71
1679833690320 72.0 72
1679833691100 73.0 73
1679833691233 74.0 74
1679833692020 75.0 75
1679833692160 76.0 76
1679833692922 77.0 77
1679833693055 78.0 78
1679833693890 79.0 79
1679833694000 80.0 80
1679833694790 81.0 81
1679833694920 82.0 82
1679833695738 83.0 83
1679833695864 84.0 84
1679833696750 85.0 85
1679833696910 86.0 86
1679833697810 87.0 87
1679833697960 88.0 88
1679833698851 89.0 89
1679833699000 90.0 90
1679833699961 91.0 91
1679833700103 92.0 92
1679833700987 93.0 93
1679833701137 94.0 94
1679833701994 95.0 95
1679833702154 96.0 96
1679833703036 97.0 97
1679833703197 98.0 98
1679833704069 99.0 99
1679833704218 100.0 100
1679833705102 101.0 101
1679833705254 102.0 102
1679833706125 103.0 103
1679833706276 104.0 104
1679833707088 105.0 105
1679833707229 106.0 106
1679833708070 107.0 107
1679833708207 108.0 108
1679833708985 109.0 109
1679833709134 110.0 110
1679833709910 111.0 111
1679833710045 112.0 112
1679833710902 113.0 113
1679833711037 114.0 114
1679833711857 115.0 115
1679833711990 116.0 116
1679833712785 117.0 117
1679833712948 118.0 118
1679833713747 119.0 119
1679833713881 120.0 120
1679833714689 121.0 121
1679833714832 122.0 122
1679833715698 123.0 123
1679833715834 124.0 124
1679833716687 125.0 125
1679833716838 126.0 126
1679833717649 127.0 127
1679833717782 128.0 128
1679833718622 129.0 129
1679833718764 130.0 130
1679833719594 131.0 131
1679833719730 132.0 132
1679833720531 133.0 133
1679833720678 134.0 134
1679833721603 135.0 135
1679833721750 136.0 136
1679833722556 137.0 137
1679833722691 138.0 138
1679833723534 139.0 139
1679833723672 140.0 140
1679833724464 141.0 141
1679833724598 142.0 142
1679833725410 143.0 143
1679833725551 144.0 144
1679833726372 145.0 145
1679833726514 146.0 146
1679833727341 147.0 147
1679833727480 148.0 148
1679833728344 149.0 149
1679833728483 150.0 150
1679833729352 151.0 151
1679833729503 152.0 152
1679833730357 153.0 153
1679833730511 154.0 154
1679833731420 155.0 155
1679833731575 156.0 156
1679833732577 157.0 157
1679833732738 158.0 158
1679833733621 159.0 159
1679833733775 160.0 160
1679833734678 161.0 161
1679833734835 162.0 162
1679833735768 163.0 163
1679833735931 164.0 164
1679833736818 165.0 165
1679833736955 166.0 166
1679833737757 167.0 167
1679833737898 168.0 168
1679833738716 169.0 169
1679833738858 170.0 170
1679833739683 171.0 171
1679833739830 172.0 172
1679833740692 173.0 173
1679833740841 174.0 174
1679833741692 175.0 175
1679833741835 176.0 176
1679833742674 177.0 177
1679833742816 178.0 178
1679833743748 179.0 179
1679833743886 180.0 180
1679833744673 181.0 181
1679833744815 182.0 182
1679833745616 183.0 183
1679833745754 184.0 184
1679833746566 185.0 185
1679833746709 186.0 186
1679833747489 187.0 187
1679833747626 188.0 188
1679833748405 189.0 189
1679833748548 190.0 190
1679833749345 191.0 191
1679833749481 192.0 192
1679833750301 193.0 193
1679833750440 194.0 194
1679833751273 195.0 195
1679833751413 196.0 196
1679833752222 197.0 197
1679833752365 198.0 198
1679833753209 199.0 199
1679833753443 200.0 200
1679833754279 201.0 201
1679833754424 202.0 202
1679833755245 203.0 203
1679833755387 204.0 204
1679833756237 205.0 205
1679833756378 206.0 206
1679833757208 207.0 207
1679833757348 208.0 208
1679833758195 209.0 209
1679833758339 210.0 210
1679833759171 211.0 211
1679833759316 212.0 212
1679833760130 213.0 213
1679833760271 214.0 214
1679833761084 215.0 215
1679833761237 216.0 216
1679833762088 217.0 217
1679833762243 218.0 218
1679833763100 219.0 219
1679833763253 220.0 220
1679833764222 221.0 221
1679833764386 222.0 222
1679833765308 223.0 223
1679833765466 224.0 224
1679833766359 225.0 225
1679833766534 226.0 226
1679833767412 227.0 227
1679833767557 228.0 228
1679833768467 229.0 229
1679833768640 230.0 230
1679833769502 231.0 231
1679833769654 232.0 232
1679833770540 233.0 233
1679833770702 234.0 234
1679833771605 235.0 235
1679833771763 236.0 236
1679833772663 237.0 237
1679833772823 238.0 238
1679833773699 239.0 239
1679833773851 240.0 240
1679833774714 241.0 241
1679833774872 242.0 242
1679833775850 243.0 243
1679833776001 244.0 244
1679833776836 245.0 245
1679833776981 246.0 246
1679833777810 247.0 247
1679833777952 248.0 248
1679833778785 249.0 249
1679833778933 250.0 250
1679833779768 251.0 251
1679833779911 252.0 252
1679833780737 253.0 253
1679833780880 254.0 254
1679833781728 255.0 255
1679833781870 256.0 256
1679833782712 257.0 257
1679833782861 258.0 258
1679833783710 259.0 259
1679833783859 260.0 260
1679833784715 261.0 261
1679833784866 262.0 262
1679833785722 263.0 263
1679833785866 264.0 264
1679833786799 265.0 265
1679833786941 266.0 266
1679833787793 267.0 267
1679833787938 268.0 268
1679833788761 269.0 269
1679833788905 270.0 270
1679833789744 271.0 271
1679833789894 272.0 272
1679833790745 273.0 273
1679833790908 274.0 274
1679833791866 275.0 275
1679833792023 276.0 276
1679833793004 277.0 277
1679833793161 278.0 278
1679833794092 279.0 279
1679833794267 280.0 280
1679833795232 281.0 281
1679833795400 282.0 282
1679833796255 283.0 283
1679833796404 284.0 284
1679833797235 285.0 285
1679833797384 286.0 286
1679833798284 287.0 287
1679833798435 288.0 288
1679833799290 289.0 289
1679833799438 290.0 290
1679833800293 291.0 291
1679833800443 292.0 292
1679833801292 293.0 293
1679833801436 294.0 294
1679833802269 295.0 295
1679833802427 296.0 296
1679833803259 297.0 297
1679833803404 298.0 298
1679833804242 299.0 299
1679833804393 300.0 300
1679833804517 301.0 301
