1679775341534 0.0 1
1679775341693 0.0 2
1679775342432 0.0 3
1679775342587 0.0 4
1679775343313 0.0 5
1679775343454 0.0 6
1679775344177 0.0 7
1679775344327 0.0 8
1679775345072 0.0 9
1679775345214 0.0 10
1679775346013 0.0 11
1679775346159 0.0 12
1679775346874 0.0 13
1679775347037 0.0 14
1679775347809 0.0 15
1679775347967 0.0 16
1679775348692 0.0 17
1679775348835 0.0 18
1679775349545 0.0 19
1679775349691 0.0 20
1679775350479 0.0 21
1679775350619 0.0 22
1679775351319 0.0 23
1679775351470 0.0 24
1679775352263 0.0 25
1679775352438 0.0 26
1679775353188 0.0 27
1679775353351 0.0 28
1679775354132 0.0 29
1679775354300 0.0 30
1679775355162 0.0 31
1679775355325 0.0 32
1679775356086 0.0 33
1679775356255 0.0 34
1679775357008 0.0 35
1679775357165 0.0 36
1679775357888 0.0 37
1679775358041 0.0 38
1679775358782 0.0 39
1679775358937 0.0 40
1679775359748 0.0 41
1679775359895 0.0 42
1679775360647 0.0 43
1679775360808 0.0 44
1679775361555 0.0 45
1679775361708 0.0 46
1679775362453 0.0 47
1679775362600 0.0 48
1679775363335 0.0 49
1679775363497 0.0 50
1679775364327 0.0 51
1679775364474 0.0 52
1679775365216 0.0 53
1679775365364 0.0 54
1679775366089 0.0 55
1679775366251 0.0 56
1679775367045 0.0 57
1679775367196 0.0 58
1679775367939 0.0 59
1679775368097 0.0 60
1679775368917 0.0 61
1679775369079 0.0 62
1679775369822 0.0 63
1679775369973 0.0 64
1679775370681 0.0 65
1679775370833 0.0 66
1679775371549 0.0 67
1679775371718 0.0 68
1679775372451 0.0 69
1679775372677 0.0 70
1679775373362 0.0 71
1679775373506 0.0 72
1679775374226 0.0 73
1679775374387 0.0 74
1679775375125 0.0 75
1679775375288 0.0 76
1679775376006 0.0 77
1679775376151 0.0 78
1679775376860 0.0 79
1679775377105 0.0 80
1679775377843 0.0 81
1679775377997 0.0 82
1679775378747 0.0 83
1679775378895 0.0 84
1679775379611 0.0 85
1679775379775 0.0 86
1679775380524 0.0 87
1679775380676 0.0 88
1679775381406 0.0 89
1679775381645 0.0 90
1679775382394 0.0 91
1679775382574 0.0 92
1679775383386 0.0 93
1679775383544 0.0 94
1679775384295 0.0 95
1679775384470 0.0 96
1679775385268 0.0 97
1679775385448 0.0 98
1679775386321 0.0 99
1679775386485 0.0 100
1679775387259 0.0 101
1679775387434 0.0 102
1679775388193 0.0 103
1679775388343 0.0 104
1679775389065 0.0 105
1679775389211 0.0 106
1679775389920 0.0 107
1679775390071 0.0 108
1679775390870 0.0 109
1679775391035 0.0 110
1679775391759 0.0 111
1679775391926 0.0 112
1679775392638 0.0 113
1679775392794 0.0 114
1679775393538 0.0 115
1679775393696 0.0 116
1679775394420 0.0 117
1679775394662 0.0 118
1679775395390 0.0 119
1679775395536 0.0 120
1679775396267 0.0 121
1679775396440 0.0 122
1679775397166 0.0 123
1679775397315 0.0 124
1679775398038 0.0 125
1679775398202 0.0 126
1679775399034 0.0 127
1679775399189 0.0 128
1679775399900 0.0 129
1679775400055 0.0 130
1679775400809 0.0 131
1679775400969 0.0 132
1679775401706 0.0 133
1679775401886 0.0 134
1679775402642 0.0 135
1679775402795 0.0 136
1679775403607 0.0 137
1679775403771 0.0 138
1679775404499 0.0 139
1679775404658 0.0 140
1679775405418 0.0 141
1679775405580 0.0 142
1679775406307 0.0 143
1679775406467 0.0 144
1679775407190 0.0 145
1679775407360 0.0 146
1679775408198 0.0 147
1679775408352 0.0 148
1679775409092 0.0 149
1679775409260 0.0 150
1679775410029 0.0 151
1679775410185 0.0 152
1679775410901 0.0 153
1679775411054 0.0 154
1679775411775 0.0 155
1679775411940 0.0 156
1679775412768 0.0 157
1679775412951 0.0 158
1679775413724 0.0 159
1679775413897 0.0 160
1679775414687 0.0 161
1679775414868 0.0 162
1679775415670 0.0 163
1679775415836 0.0 164
1679775416609 0.0 165
1679775416776 0.0 166
1679775417657 0.0 167
1679775417823 0.0 168
1679775418583 0.0 169
1679775418754 0.0 170
1679775419490 0.0 171
1679775419641 0.0 172
1679775420413 0.0 173
1679775420570 0.0 174
1679775421318 0.0 175
1679775421556 0.0 176
1679775422285 0.0 177
1679775422437 0.0 178
1679775423177 0.0 179
1679775423339 0.0 180
1679775424110 0.0 181
1679775424265 0.0 182
1679775425002 0.0 183
1679775425157 0.0 184
1679775425886 0.0 185
1679775426154 0.0 186
1679775426909 0.0 187
1679775427061 0.0 188
1679775427821 0.0 189
1679775427979 0.0 190
1679775428713 0.0 191
1679775428897 0.0 192
1679775429644 0.0 193
1679775429800 0.0 194
1679775430526 0.0 195
1679775430763 0.0 196
1679775431489 0.0 197
1679775431652 0.0 198
1679775432391 0.0 199
1679775432548 0.0 200
1679775433258 0.0 201
1679775433414 0.0 202
1679775434136 0.0 203
1679775434302 0.0 204
1679775435119 0.0 205
1679775435277 0.0 206
1679775435989 0.0 207
1679775436154 0.0 208
1679775436909 0.0 209
1679775437079 0.0 210
1679775437822 0.0 211
1679775437985 0.0 212
1679775438723 0.0 213
1679775438885 0.0 214
1679775439717 0.0 215
1679775439933 0.0 216
1679775440727 0.0 217
1679775440894 0.0 218
1679775441659 0.0 219
1679775441821 0.0 220
1679775442569 0.0 221
1679775442738 0.0 222
1679775443563 0.0 223
1679775443838 0.0 224
1679775444617 0.0 225
1679775444791 0.0 226
1679775445634 0.0 227
1679775445812 0.0 228
1679775446607 0.0 229
1679775446782 0.0 230
1679775447585 0.0 231
1679775447757 0.0 232
1679775448611 0.0 233
1679775448774 0.0 234
1679775449522 0.0 235
1679775449685 0.0 236
1679775450405 0.0 237
1679775450572 0.0 238
1679775451295 0.0 239
1679775451455 0.0 240
1679775452196 0.0 241
1679775452357 0.0 242
1679775453134 0.0 243
1679775453295 0.0 244
1679775454023 0.0 245
1679775454200 0.0 246
1679775454958 0.0 247
1679775455127 0.0 248
1679775455859 0.0 249
1679775456030 0.0 250
1679775456785 0.0 251
1679775456947 0.0 252
1679775457769 0.0 253
1679775457947 0.0 254
1679775458703 0.0 255
1679775458883 0.0 256
1679775459681 0.0 257
1679775459844 0.0 258
1679775460601 0.0 259
1679775460767 0.0 260
1679775461524 0.0 261
1679775461699 0.0 262
1679775462555 0.0 263
1679775462722 0.0 264
1679775463473 0.0 265
1679775463638 0.0 266
1679775464384 0.0 267
1679775464553 0.0 268
1679775465322 0.0 269
1679775465488 0.0 270
1679775466231 0.0 271
1679775466399 0.0 272
1679775467273 0.0 273
1679775467451 0.0 274
1679775468196 0.0 275
1679775468355 0.0 276
1679775469080 0.0 277
1679775469237 0.0 278
1679775469976 0.0 279
1679775470139 0.0 280
1679775470854 0.0 281
1679775471107 0.0 282
1679775471857 0.0 283
1679775472051 0.0 284
1679775472829 0.0 285
1679775473010 0.0 286
1679775473797 0.0 287
1679775473974 0.0 288
1679775474742 0.0 289
1679775474925 0.0 290
1679775475687 0.0 291
1679775475975 0.0 292
1679775476799 0.0 293
1679775476987 0.0 294
1679775477763 0.0 295
1679775477923 0.0 296
1679775478672 0.0 297
1679775478831 0.0 298
1679775479553 0.0 299
1679775479715 0.0 300
1679775479836 0.0 301
