1679775341544 0.0 1
1679775341706 0.0 2
1679775342443 0.0 3
1679775342597 0.0 4
1679775343322 0.0 5
1679775343462 0.0 6
1679775344185 0.0 7
1679775344335 0.0 8
1679775345080 0.0 9
1679775345223 0.0 10
1679775346022 0.0 11
1679775346167 0.0 12
1679775346883 0.0 13
1679775347047 0.0 14
1679775347818 0.0 15
1679775347976 0.0 16
1679775348702 0.0 17
1679775348846 0.0 18
1679775349555 0.0 19
1679775349702 0.0 20
1679775350488 0.0 21
1679775350628 0.0 22
1679775351328 0.0 23
1679775351481 0.0 24
1679775352273 0.0 25
1679775352448 0.0 26
1679775353205 0.0 27
1679775353360 0.0 28
1679775354148 0.0 29
1679775354314 0.0 30
1679775355171 0.0 31
1679775355333 0.0 32
1679775356096 0.0 33
1679775356264 0.0 34
1679775357016 0.0 35
1679775357174 0.0 36
1679775357897 0.0 37
1679775358050 0.0 38
1679775358793 0.0 39
1679775358946 0.0 40
1679775359756 0.0 41
1679775359904 0.0 42
1679775360658 0.0 43
1679775360817 0.0 44
1679775361564 0.0 45
1679775361716 0.0 46
1679775362462 0.0 47
1679775362611 0.0 48
1679775363344 0.0 49
1679775363506 0.0 50
1679775364337 0.0 51
1679775364483 0.0 52
1679775365224 0.0 53
1679775365372 0.0 54
1679775366098 0.0 55
1679775366261 0.0 56
1679775367054 0.0 57
1679775367205 0.0 58
1679775367947 0.0 59
1679775368107 0.0 60
1679775368928 0.0 61
1679775369089 0.0 62
1679775369831 0.0 63
1679775369981 0.0 64
1679775370690 0.0 65
1679775370842 0.0 66
1679775371561 0.0 67
1679775371728 0.0 68
1679775372460 0.0 69
1679775372686 0.0 70
1679775373371 0.0 71
1679775373515 0.0 72
1679775374236 0.0 73
1679775374396 0.0 74
1679775375134 0.0 75
1679775375297 0.0 76
1679775376014 0.0 77
1679775376161 0.0 78
1679775376868 0.0 79
1679775377117 0.0 80
1679775377851 0.0 81
1679775378005 0.0 82
1679775378757 0.0 83
1679775378905 0.0 84
1679775379619 0.0 85
1679775379785 0.0 86
1679775380532 0.0 87
1679775380685 0.0 88
1679775381414 0.0 89
1679775381654 0.0 90
1679775382403 0.0 91
1679775382585 0.0 92
1679775383394 0.0 93
1679775383553 0.0 94
1679775384307 0.0 95
1679775384480 0.0 96
1679775385278 0.0 97
1679775385458 0.0 98
1679775386330 0.0 99
1679775386493 0.0 100
1679775387269 0.0 101
1679775387444 0.0 102
1679775388202 0.0 103
1679775388354 0.0 104
1679775389076 0.0 105
1679775389220 0.0 106
1679775389929 0.0 107
1679775390079 0.0 108
1679775390881 0.0 109
1679775391045 0.0 110
1679775391769 0.0 111
1679775391935 0.0 112
1679775392647 0.0 113
1679775392802 0.0 114
1679775393548 0.0 115
1679775393704 0.0 116
1679775394428 0.0 117
1679775394671 0.0 118
1679775395398 0.0 119
1679775395546 0.0 120
1679775396277 0.0 121
1679775396449 0.0 122
1679775397176 0.0 123
1679775397324 0.0 124
1679775398047 0.0 125
1679775398211 0.0 126
1679775399044 0.0 127
1679775399198 0.0 128
1679775399910 0.0 129
1679775400065 0.0 130
1679775400819 0.0 131
1679775400978 0.0 132
1679775401715 0.0 133
1679775401895 0.0 134
1679775402650 0.0 135
1679775402804 0.0 136
1679775403616 0.0 137
1679775403780 0.0 138
1679775404507 0.0 139
1679775404667 0.0 140
1679775405427 0.0 141
1679775405590 0.0 142
1679775406317 0.0 143
1679775406477 0.0 144
1679775407199 0.0 145
1679775407369 0.0 146
1679775408207 0.0 147
1679775408361 0.0 148
1679775409103 0.0 149
1679775409270 0.0 150
1679775410039 0.0 151
1679775410194 0.0 152
1679775410910 0.0 153
1679775411063 0.0 154
1679775411783 0.0 155
1679775411950 0.0 156
1679775412777 0.0 157
1679775412960 0.0 158
1679775413733 0.0 159
1679775413907 0.0 160
1679775414695 0.0 161
1679775414878 0.0 162
1679775415681 0.0 163
1679775415848 0.0 164
1679775416619 0.0 165
1679775416785 0.0 166
1679775417667 0.0 167
1679775417832 0.0 168
1679775418592 0.0 169
1679775418763 0.0 170
1679775419499 0.0 171
1679775419650 0.0 172
1679775420421 0.0 173
1679775420578 0.0 174
1679775421326 0.0 175
1679775421564 0.0 176
1679775422293 0.0 177
1679775422446 0.0 178
1679775423185 0.0 179
1679775423349 0.0 180
1679775424119 0.0 181
1679775424273 0.0 182
1679775425012 0.0 183
1679775425164 0.0 184
1679775425896 0.0 185
1679775426163 0.0 186
1679775426917 0.0 187
1679775427069 0.0 188
1679775427831 0.0 189
1679775427988 0.0 190
1679775428722 0.0 191
1679775428906 0.0 192
1679775429652 0.0 193
1679775429810 0.0 194
1679775430534 0.0 195
1679775430772 0.0 196
1679775431498 0.0 197
1679775431661 0.0 198
1679775432406 0.0 199
1679775432556 0.0 200
1679775433266 0.0 201
1679775433424 0.0 202
1679775434144 0.0 203
1679775434311 0.0 204
1679775435128 0.0 205
1679775435287 0.0 206
1679775435997 0.0 207
1679775436163 0.0 208
1679775436918 0.0 209
1679775437088 0.0 210
1679775437833 0.0 211
1679775437995 0.0 212
1679775438732 0.0 213
1679775438894 0.0 214
1679775439728 0.0 215
1679775439944 0.0 216
1679775440737 0.0 217
1679775440903 0.0 218
1679775441667 0.0 219
1679775441830 0.0 220
1679775442578 0.0 221
1679775442750 0.0 222
1679775443574 0.0 223
1679775443847 0.0 224
1679775444625 0.0 225
1679775444799 0.0 226
1679775445644 0.0 227
1679775445821 0.0 228
1679775446617 0.0 229
1679775446793 0.0 230
1679775447595 0.0 231
1679775447766 0.0 232
1679775448620 0.0 233
1679775448785 0.0 234
1679775449530 0.0 235
1679775449695 0.0 236
1679775450415 0.0 237
1679775450580 0.0 238
1679775451303 0.0 239
1679775451464 0.0 240
1679775452205 0.0 241
1679775452365 0.0 242
1679775453143 0.0 243
1679775453305 0.0 244
1679775454032 0.0 245
1679775454208 0.0 246
1679775454966 0.0 247
1679775455136 0.0 248
1679775455867 0.0 249
1679775456039 0.0 250
1679775456793 0.0 251
1679775456955 0.0 252
1679775457780 0.0 253
1679775457957 0.0 254
1679775458711 0.0 255
1679775458893 0.0 256
1679775459691 0.0 257
1679775459853 0.0 258
1679775460611 0.0 259
1679775460777 0.0 260
1679775461532 0.0 261
1679775461710 0.0 262
1679775462563 0.0 263
1679775462730 0.0 264
1679775463481 0.0 265
1679775463647 0.0 266
1679775464392 0.0 267
1679775464565 0.0 268
1679775465331 0.0 269
1679775465497 0.0 270
1679775466240 0.0 271
1679775466408 0.0 272
1679775467282 0.0 273
1679775467461 0.0 274
1679775468204 0.0 275
1679775468363 0.0 276
1679775469088 0.0 277
1679775469247 0.0 278
1679775469984 0.0 279
1679775470149 0.0 280
1679775470863 0.0 281
1679775471115 0.0 282
1679775471865 0.0 283
1679775472061 0.0 284
1679775472839 0.0 285
1679775473020 0.0 286
1679775473806 0.0 287
1679775473983 0.0 288
1679775474752 0.0 289
1679775474935 0.0 290
1679775475697 0.0 291
1679775475987 0.0 292
1679775476809 0.0 293
1679775476996 0.0 294
1679775477772 0.0 295
1679775477931 0.0 296
1679775478682 0.0 297
1679775478840 0.0 298
1679775479561 0.0 299
1679775479724 0.0 300
1679775479844 0.0 301
