1679775341536 1.0 1
1679775341694 2.0 2
1679775342433 3.0 3
1679775342589 4.0 4
1679775343315 5.0 5
1679775343455 6.0 6
1679775344178 7.0 7
1679775344328 8.0 8
1679775345074 9.0 9
1679775345215 10.0 10
1679775346014 11.0 11
1679775346160 12.0 12
1679775346875 13.0 13
1679775347039 14.0 14
1679775347811 15.0 15
1679775347968 16.0 16
1679775348694 17.0 17
1679775348836 18.0 18
1679775349547 19.0 19
1679775349694 20.0 20
1679775350481 21.0 21
1679775350621 22.0 22
1679775351320 23.0 23
1679775351473 24.0 24
1679775352265 25.0 25
1679775352440 26.0 26
1679775353190 27.0 27
1679775353352 28.0 28
1679775354134 29.0 29
1679775354302 30.0 30
1679775355163 31.0 31
1679775355326 32.0 32
1679775356087 33.0 33
1679775356256 34.0 34
1679775357009 35.0 35
1679775357166 36.0 36
1679775357889 37.0 37
1679775358042 38.0 38
1679775358784 39.0 39
1679775358939 40.0 40
1679775359749 41.0 41
1679775359897 42.0 42
1679775360648 43.0 43
1679775360810 44.0 44
1679775361557 45.0 45
1679775361709 46.0 46
1679775362454 47.0 47
1679775362602 48.0 48
1679775363336 49.0 49
1679775363498 50.0 50
1679775364329 51.0 51
1679775364475 52.0 52
1679775365217 53.0 53
1679775365366 54.0 54
1679775366091 55.0 55
1679775366252 56.0 56
1679775367046 57.0 57
1679775367197 58.0 58
1679775367940 59.0 59
1679775368099 60.0 60
1679775368920 61.0 61
1679775369081 62.0 62
1679775369824 63.0 63
1679775369974 64.0 64
1679775370682 65.0 65
1679775370834 66.0 66
1679775371551 67.0 67
1679775371720 68.0 68
1679775372453 69.0 69
1679775372678 70.0 70
1679775373363 71.0 71
1679775373507 72.0 72
1679775374228 73.0 73
1679775374388 74.0 74
1679775375125 75.0 75
1679775375289 76.0 76
1679775376007 77.0 77
1679775376153 78.0 78
1679775376861 79.0 79
1679775377108 80.0 80
1679775377845 81.0 81
1679775377999 82.0 82
1679775378749 83.0 83
1679775378897 84.0 84
1679775379612 85.0 85
1679775379776 86.0 86
1679775380525 87.0 87
1679775380678 88.0 88
1679775381407 89.0 89
1679775381647 90.0 90
1679775382395 91.0 91
1679775382576 92.0 92
1679775383387 93.0 93
1679775383545 94.0 94
1679775384297 95.0 95
1679775384471 96.0 96
1679775385270 97.0 97
1679775385449 98.0 98
1679775386323 99.0 99
1679775386486 100.0 100
1679775387261 101.0 101
1679775387436 102.0 102
1679775388194 103.0 103
1679775388345 104.0 104
1679775389068 105.0 105
1679775389213 106.0 106
1679775389922 107.0 107
1679775390072 108.0 108
1679775390871 109.0 109
1679775391037 110.0 110
1679775391761 111.0 111
1679775391927 112.0 112
1679775392640 113.0 113
1679775392795 114.0 114
1679775393540 115.0 115
1679775393697 116.0 116
1679775394421 117.0 117
1679775394664 118.0 118
1679775395391 119.0 119
1679775395538 120.0 120
1679775396269 121.0 121
1679775396441 122.0 122
1679775397167 123.0 123
1679775397317 124.0 124
1679775398040 125.0 125
1679775398204 126.0 126
1679775399035 127.0 127
1679775399190 128.0 128
1679775399901 129.0 129
1679775400057 130.0 130
1679775400811 131.0 131
1679775400971 132.0 132
1679775401707 133.0 133
1679775401887 134.0 134
1679775402643 135.0 135
1679775402796 136.0 136
1679775403608 137.0 137
1679775403773 138.0 138
1679775404500 139.0 139
1679775404660 140.0 140
1679775405419 141.0 141
1679775405582 142.0 142
1679775406308 143.0 143
1679775406468 144.0 144
1679775407192 145.0 145
1679775407361 146.0 146
1679775408199 147.0 147
1679775408354 148.0 148
1679775409093 149.0 149
1679775409262 150.0 150
1679775410030 151.0 151
1679775410187 152.0 152
1679775410903 153.0 153
1679775411056 154.0 154
1679775411776 155.0 155
1679775411942 156.0 156
1679775412770 157.0 157
1679775412953 158.0 158
1679775413726 159.0 159
1679775413898 160.0 160
1679775414688 161.0 161
1679775414870 162.0 162
1679775415673 163.0 163
1679775415837 164.0 164
1679775416611 165.0 165
1679775416777 166.0 166
1679775417658 167.0 167
1679775417824 168.0 168
1679775418585 169.0 169
1679775418756 170.0 170
1679775419492 171.0 171
1679775419642 172.0 172
1679775420414 173.0 173
1679775420571 174.0 174
1679775421320 175.0 175
1679775421557 176.0 176
1679775422287 177.0 177
1679775422439 178.0 178
1679775423178 179.0 179
1679775423341 180.0 180
1679775424112 181.0 181
1679775424266 182.0 182
1679775425004 183.0 183
1679775425158 184.0 184
1679775425888 185.0 185
1679775426156 186.0 186
1679775426910 187.0 187
1679775427062 188.0 188
1679775427823 189.0 189
1679775427980 190.0 190
1679775428714 191.0 191
1679775428898 192.0 192
1679775429646 193.0 193
1679775429802 194.0 194
1679775430527 195.0 195
1679775430764 196.0 196
1679775431491 197.0 197
1679775431653 198.0 198
1679775432399 199.0 199
1679775432549 200.0 200
1679775433259 201.0 201
1679775433416 202.0 202
1679775434137 203.0 203
1679775434303 204.0 204
1679775435120 205.0 205
1679775435279 206.0 206
1679775435990 207.0 207
1679775436155 208.0 208
1679775436911 209.0 209
1679775437080 210.0 210
1679775437824 211.0 211
1679775437988 212.0 212
1679775438724 213.0 213
1679775438887 214.0 214
1679775439719 215.0 215
1679775439936 216.0 216
1679775440728 217.0 217
1679775440896 218.0 218
1679775441660 219.0 219
1679775441823 220.0 220
1679775442571 221.0 221
1679775442740 222.0 222
1679775443565 223.0 223
1679775443839 224.0 224
1679775444619 225.0 225
1679775444792 226.0 226
1679775445635 227.0 227
1679775445813 228.0 228
1679775446609 229.0 229
1679775446784 230.0 230
1679775447587 231.0 231
1679775447758 232.0 232
1679775448613 233.0 233
1679775448775 234.0 234
1679775449523 235.0 235
1679775449687 236.0 236
1679775450407 237.0 237
1679775450573 238.0 238
1679775451296 239.0 239
1679775451457 240.0 240
1679775452198 241.0 241
1679775452358 242.0 242
1679775453135 243.0 243
1679775453296 244.0 244
1679775454024 245.0 245
1679775454201 246.0 246
1679775454959 247.0 247
1679775455128 248.0 248
1679775455860 249.0 249
1679775456031 250.0 250
1679775456786 251.0 251
1679775456948 252.0 252
1679775457771 253.0 253
1679775457948 254.0 254
1679775458704 255.0 255
1679775458884 256.0 256
1679775459683 257.0 257
1679775459845 258.0 258
1679775460603 259.0 259
1679775460769 260.0 260
1679775461526 261.0 261
1679775461701 262.0 262
1679775462556 263.0 263
1679775462723 264.0 264
1679775463474 265.0 265
1679775463640 266.0 266
1679775464385 267.0 267
1679775464555 268.0 268
1679775465324 269.0 269
1679775465490 270.0 270
1679775466232 271.0 271
1679775466400 272.0 272
1679775467275 273.0 273
1679775467452 274.0 274
1679775468197 275.0 275
1679775468357 276.0 276
1679775469081 277.0 277
1679775469239 278.0 278
1679775469977 279.0 279
1679775470141 280.0 280
1679775470856 281.0 281
1679775471108 282.0 282
1679775471859 283.0 283
1679775472054 284.0 284
1679775472832 285.0 285
1679775473011 286.0 286
1679775473798 287.0 287
1679775473976 288.0 288
1679775474744 289.0 289
1679775474926 290.0 290
1679775475688 291.0 291
1679775475978 292.0 292
1679775476801 293.0 293
1679775476988 294.0 294
1679775477765 295.0 295
1679775477924 296.0 296
1679775478674 297.0 297
1679775478833 298.0 298
1679775479554 299.0 299
1679775479717 300.0 300
1679775479837 301.0 301
