1679774089141 22272.0 1
1679774089338 22272.0 2
1679774090565 22272.0 3
1679774090731 22272.0 4
1679774091920 22272.0 5
1679774092081 22272.0 6
1679774093298 22272.0 7
1679774093480 22272.0 8
1679774094744 22272.0 9
1679774094979 22272.0 10
1679774096275 22272.0 11
1679774096460 22272.0 12
1679774097715 22272.0 13
1679774097896 22272.0 14
1679774099061 22272.0 15
1679774099342 22272.0 16
1679774100544 22272.0 17
1679774100714 22272.0 18
1679774101879 22272.0 19
1679774102047 22272.0 20
1679774103204 22272.0 21
1679774103391 22272.0 22
1679774104621 22272.0 23
1679774104793 22272.0 24
1679774105961 22272.0 25
1679774106146 22272.0 26
1679774107360 22272.0 27
1679774107541 22272.0 28
1679774108784 22272.0 29
1679774108965 22272.0 30
1679774110126 22272.0 31
1679774110292 22272.0 32
1679774111435 22272.0 33
1679774111633 22272.0 34
1679774112777 22272.0 35
1679774112940 22272.0 36
1679774114146 22272.0 37
1679774114318 22272.0 38
1679774115475 22272.0 39
1679774115685 22272.0 40
1679774116885 22272.0 41
1679774117139 22272.0 42
1679774118323 22272.0 43
1679774118488 22272.0 44
1679774119683 22272.0 45
1679774119860 22272.0 46
1679774121056 22272.0 47
1679774121245 22272.0 48
1679774122701 22272.0 49
1679774122942 22272.0 50
1679774124208 22272.0 51
1679774124397 22272.0 52
1679774125651 22272.0 53
1679774125840 22272.0 54
1679774127126 22272.0 55
1679774127305 22272.0 56
1679774128494 22272.0 57
1679774128675 22272.0 58
1679774129868 22272.0 59
1679774130036 22272.0 60
1679774131256 22272.0 61
1679774131429 22272.0 62
1679774132547 22272.0 63
1679774132734 22272.0 64
1679774133871 22272.0 65
1679774134056 22272.0 66
1679774135266 22272.0 67
1679774135461 22272.0 68
1679774136665 22272.0 69
1679774136849 22272.0 70
1679774138056 22272.0 71
1679774138284 22272.0 72
1679774139482 22272.0 73
1679774139766 22272.0 74
1679774140980 22272.0 75
1679774141160 22272.0 76
1679774142386 22272.0 77
1679774142571 22272.0 78
1679774143791 22272.0 79
1679774143979 22272.0 80
1679774145207 22272.0 81
1679774145438 22272.0 82
1679774146626 22272.0 83
1679774146799 22272.0 84
1679774147984 22272.0 85
1679774148160 22272.0 86
1679774149451 22272.0 87
1679774149636 22272.0 88
1679774150830 22272.0 89
1679774151008 22272.0 90
1679774152188 22272.0 91
1679774152385 22272.0 92
1679774153655 22272.0 93
1679774153862 22272.0 94
1679774155138 22272.0 95
1679774155373 22272.0 96
1679774156661 22272.0 97
1679774156859 22272.0 98
1679774158113 22272.0 99
1679774158378 22272.0 100
1679774159599 22272.0 101
1679774159791 22272.0 102
1679774160976 22272.0 103
1679774161178 22272.0 104
1679774162412 22272.0 105
1679774162600 22272.0 106
1679774163818 22272.0 107
1679774163993 22272.0 108
1679774165160 22272.0 109
1679774165337 22272.0 110
1679774166537 22272.0 111
1679774166752 22272.0 112
1679774168045 22272.0 113
1679774168237 22272.0 114
1679774169430 22272.0 115
1679774169615 22272.0 116
1679774170743 22272.0 117
1679774170925 22272.0 118
1679774172161 22272.0 119
1679774172338 22272.0 120
1679774173507 22272.0 121
1679774173709 22272.0 122
1679774174915 22272.0 123
1679774175095 22272.0 124
1679774176325 22272.0 125
1679774176585 22272.0 126
1679774177799 22272.0 127
1679774178035 22272.0 128
1679774179260 22272.0 129
1679774179451 22272.0 130
1679774180679 22272.0 131
1679774180864 22272.0 132
1679774182142 22272.0 133
1679774182366 22272.0 134
1679774183661 22272.0 135
1679774183867 22272.0 136
1679774185167 22272.0 137
1679774185398 22272.0 138
1679774186758 22272.0 139
1679774186942 22272.0 140
1679774188099 22272.0 141
1679774188272 22272.0 142
1679774189460 22272.0 143
1679774189640 22272.0 144
1679774190792 22272.0 145
1679774190973 22272.0 146
1679774192137 22272.0 147
1679774192319 22272.0 148
1679774193507 22272.0 149
1679774193687 22272.0 150
1679774194915 22272.0 151
1679774195185 22272.0 152
1679774196383 22272.0 153
1679774196595 22272.0 154
1679774197806 22272.0 155
1679774197987 22272.0 156
1679774199190 22272.0 157
1679774199375 22272.0 158
1679774200586 22272.0 159
1679774200777 22272.0 160
1679774202014 22272.0 161
1679774202208 22272.0 162
1679774203461 22272.0 163
1679774203645 22272.0 164
1679774204969 22272.0 165
1679774205148 22272.0 166
1679774206355 22272.0 167
1679774206553 22272.0 168
1679774207740 22272.0 169
1679774207972 22272.0 170
1679774209180 22272.0 171
1679774209376 22272.0 172
1679774210533 22272.0 173
1679774210710 22272.0 174
1679774211906 22272.0 175
1679774212113 22272.0 176
1679774213449 22272.0 177
1679774213693 22272.0 178
1679774215032 22272.0 179
1679774215233 22272.0 180
1679774216579 22272.0 181
1679774216791 22272.0 182
1679774218037 22272.0 183
1679774218233 22272.0 184
1679774219494 22272.0 185
1679774219691 22272.0 186
1679774220911 22272.0 187
1679774221119 22272.0 188
1679774222335 22272.0 189
1679774222518 22272.0 190
1679774223807 22272.0 191
1679774224008 22272.0 192
1679774225235 22272.0 193
1679774225469 22272.0 194
1679774226704 22272.0 195
1679774226889 22272.0 196
1679774228091 22272.0 197
1679774228269 22272.0 198
1679774229536 22272.0 199
1679774229731 22272.0 200
1679774230874 22272.0 201
1679774231057 22272.0 202
1679774232288 22272.0 203
1679774232470 22272.0 204
1679774233602 22272.0 205
1679774233792 22272.0 206
1679774235026 22272.0 207
1679774235221 22272.0 208
1679774236458 22272.0 209
1679774236684 22272.0 210
1679774237926 22272.0 211
1679774238125 22272.0 212
1679774239346 22272.0 213
1679774239543 22272.0 214
1679774240775 22272.0 215
1679774241031 22272.0 216
1679774242370 22272.0 217
1679774242594 22272.0 218
1679774243929 22272.0 219
1679774244144 22272.0 220
1679774245479 22272.0 221
1679774245682 22272.0 222
1679774247009 22272.0 223
1679774247230 22272.0 224
1679774248476 22272.0 225
1679774248720 22272.0 226
1679774249944 22272.0 227
1679774250122 22272.0 228
1679774251365 22272.0 229
1679774251551 22272.0 230
1679774252691 22272.0 231
1679774252896 22272.0 232
1679774254074 22272.0 233
1679774254274 22272.0 234
1679774255529 22272.0 235
1679774255717 22272.0 236
1679774256971 22272.0 237
1679774257158 22272.0 238
1679774258381 22272.0 239
1679774258576 22272.0 240
1679774259860 22272.0 241
1679774260092 22272.0 242
1679774261392 22272.0 243
1679774261595 22272.0 244
1679774262841 22272.0 245
1679774263034 22272.0 246
1679774264260 22272.0 247
1679774264465 22272.0 248
1679774265712 22272.0 249
1679774265934 22272.0 250
1679774267170 22272.0 251
1679774267359 22272.0 252
1679774268570 22272.0 253
1679774268778 22272.0 254
1679774270105 22272.0 255
1679774270314 22272.0 256
1679774271477 22272.0 257
1679774271673 22272.0 258
1679774272914 22272.0 259
1679774273125 22272.0 260
1679774274437 22272.0 261
1679774274642 22272.0 262
1679774275946 22272.0 263
1679774276195 22272.0 264
1679774277501 22272.0 265
1679774277721 22272.0 266
1679774278946 22272.0 267
1679774279134 22272.0 268
1679774280428 22272.0 269
1679774280623 22272.0 270
1679774281825 22272.0 271
1679774282020 22272.0 272
1679774283256 22272.0 273
1679774283476 22272.0 274
1679774284708 22272.0 275
1679774284894 22272.0 276
1679774286116 22272.0 277
1679774286305 22272.0 278
1679774287562 22272.0 279
1679774287761 22272.0 280
1679774289106 22272.0 281
1679774289312 22272.0 282
1679774290508 22272.0 283
1679774290688 22272.0 284
1679774291860 22272.0 285
1679774292047 22272.0 286
1679774293199 22272.0 287
1679774293410 22272.0 288
1679774294634 22272.0 289
1679774294829 22272.0 290
1679774296078 22272.0 291
1679774296277 22272.0 292
1679774297513 22272.0 293
1679774297708 22272.0 294
1679774299045 22272.0 295
1679774299247 22272.0 296
1679774300493 22272.0 297
1679774300713 22272.0 298
1679774301961 22272.0 299
1679774302157 22272.0 300
1679774302294 22272.0 301
