1679774089126 18.046144723892212 1
1679774089332 0.18985748291015625 2
1679774090558 1.2268261909484863 3
1679774090724 0.16800570487976074 4
1679774091914 1.1830711364746094 5
1679774092074 0.16298389434814453 6
1679774093290 1.2114970684051514 7
1679774093472 0.1865682601928711 8
1679774094738 1.2591488361358643 9
1679774094972 0.2348165512084961 10
1679774096268 1.2999162673950195 11
1679774096454 0.18291950225830078 12
1679774097706 1.2536356449127197 13
1679774097888 0.18245744705200195 14
1679774099055 1.1690504550933838 15
1679774099335 0.2780022621154785 16
1679774100530 1.1968810558319092 17
1679774100707 0.17849183082580566 18
1679774101872 1.163142204284668 19
1679774102040 0.1693274974822998 20
1679774103188 1.1459343433380127 21
1679774103385 0.19628548622131348 22
1679774104615 1.227806806564331 23
1679774104787 0.1752300262451172 24
1679774105954 1.1628551483154297 25
1679774106138 0.1880655288696289 26
1679774107353 1.212066650390625 27
1679774107533 0.1768505573272705 28
1679774108777 1.2470502853393555 29
1679774108957 0.18202638626098633 30
1679774110120 1.1570489406585693 31
1679774110286 0.17478203773498535 32
1679774111428 1.1390247344970703 33
1679774111625 0.19924283027648926 34
1679774112771 1.1426153182983398 35
1679774112933 0.16617107391357422 36
1679774114140 1.2042419910430908 37
1679774114310 0.16981267929077148 38
1679774115468 1.1598284244537354 39
1679774115678 0.2079448699951172 40
1679774116878 1.1973490715026855 41
1679774117131 0.2585294246673584 42
1679774118316 1.1814100742340088 43
1679774118481 0.16777825355529785 44
1679774119677 1.1932799816131592 45
1679774119852 0.17470622062683105 46
1679774121049 1.1980586051940918 47
1679774121238 0.185685396194458 48
1679774122693 1.4541165828704834 49
1679774122935 0.23864150047302246 50
1679774124202 1.2723841667175293 51
1679774124391 0.18868756294250488 52
1679774125645 1.2514622211456299 53
1679774125832 0.1903085708618164 54
1679774127119 1.2875685691833496 55
1679774127298 0.1801304817199707 56
1679774128487 1.1900761127471924 57
1679774128668 0.1809217929840088 58
1679774129860 1.1920802593231201 59
1679774130029 0.16788029670715332 60
1679774131248 1.2152032852172852 61
1679774131423 0.1778430938720703 62
1679774132540 1.1189498901367188 63
1679774132727 0.17801904678344727 64
1679774133865 1.1455488204956055 65
1679774134048 0.18352270126342773 66
1679774135258 1.2043843269348145 67
1679774135452 0.19556856155395508 68
1679774136658 1.2099928855895996 69
1679774136842 0.1756582260131836 70
1679774138050 1.2153961658477783 71
1679774138277 0.21824932098388672 72
1679774139475 1.2057914733886719 73
1679774139759 0.275097131729126 74
1679774140973 1.2226002216339111 75
1679774141153 0.17843031883239746 76
1679774142378 1.2207293510437012 77
1679774142564 0.19302845001220703 78
1679774143785 1.2159771919250488 79
1679774143971 0.1890552043914795 80
1679774145199 1.2290065288543701 81
1679774145430 0.229386568069458 82
1679774146620 1.1897013187408447 83
1679774146793 0.17284107208251953 84
1679774147976 1.185149908065796 85
1679774148153 0.17491769790649414 86
1679774149444 1.2928745746612549 87
1679774149629 0.18420624732971191 88
1679774150821 1.193943977355957 89
1679774151001 0.17987585067749023 90
1679774152180 1.168626308441162 91
1679774152377 0.19874906539916992 92
1679774153647 1.2701992988586426 93
1679774153854 0.2028357982635498 94
1679774155131 1.2799248695373535 95
1679774155365 0.2315990924835205 96
1679774156653 1.2942214012145996 97
1679774156851 0.2009592056274414 98
1679774158106 1.255845546722412 99
1679774158372 0.2622222900390625 100
1679774159591 1.2126734256744385 101
1679774159783 0.1972658634185791 102
1679774160969 1.189056634902954 103
1679774161171 0.2019050121307373 104
1679774162405 1.2350385189056396 105
1679774162593 0.1859421730041504 106
1679774163810 1.2204995155334473 107
1679774163986 0.17662644386291504 108
1679774165151 1.1648011207580566 109
1679774165331 0.17908453941345215 110
1679774166531 1.1971063613891602 111
1679774166745 0.20569992065429688 112
1679774168039 1.3030612468719482 113
1679774168230 0.19327497482299805 114
1679774169424 1.1919212341308594 115
1679774169608 0.18308568000793457 116
1679774170736 1.1281065940856934 117
1679774170915 0.17575597763061523 118
1679774172155 1.246060848236084 119
1679774172330 0.17349576950073242 120
1679774173501 1.1695141792297363 121
1679774173702 0.2020118236541748 122
1679774174907 1.2058589458465576 123
1679774175088 0.17892050743103027 124
1679774176318 1.229966402053833 125
1679774176577 0.26220035552978516 126
1679774177792 1.2080738544464111 127
1679774178029 0.23006939888000488 128
1679774179252 1.233813762664795 129
1679774179443 0.1878492832183838 130
1679774180668 1.2261528968811035 131
1679774180858 0.19296789169311523 132
1679774182135 1.2640149593353271 133
1679774182358 0.23078322410583496 134
1679774183653 1.2913644313812256 135
1679774183860 0.20599913597106934 136
1679774185158 1.3028626441955566 137
1679774185391 0.2288968563079834 138
1679774186750 1.3620326519012451 139
1679774186935 0.18904542922973633 140
1679774188092 1.1559929847717285 141
1679774188265 0.17689824104309082 142
1679774189453 1.1849820613861084 143
1679774189633 0.18227028846740723 144
1679774190785 1.1303300857543945 145
1679774190966 0.20245027542114258 146
1679774192129 1.1610376834869385 147
1679774192312 0.18405580520629883 148
1679774193499 1.188962697982788 149
1679774193679 0.17565321922302246 150
1679774194909 1.2297439575195312 151
1679774195177 0.2724637985229492 152
1679774196376 1.198195457458496 153
1679774196588 0.20945382118225098 154
1679774197798 1.2116444110870361 155
1679774197980 0.1787712574005127 156
1679774199182 1.206017017364502 157
1679774199368 0.18389153480529785 158
1679774200579 1.2113125324249268 159
1679774200770 0.18839001655578613 160
1679774202007 1.235471487045288 161
1679774202199 0.19449424743652344 162
1679774203455 1.2555749416351318 163
1679774203639 0.18291568756103516 164
1679774204962 1.3269598484039307 165
1679774205141 0.17812728881835938 166
1679774206347 1.2038617134094238 167
1679774206546 0.19913005828857422 168
1679774207733 1.1900079250335693 169
1679774207965 0.22598552703857422 170
1679774209172 1.2098631858825684 171
1679774209368 0.19118165969848633 172
1679774210526 1.1644365787506104 173
1679774210703 0.17549610137939453 174
1679774211897 1.191946029663086 175
1679774212106 0.20801472663879395 176
1679774213441 1.3330574035644531 177
1679774213686 0.22815203666687012 178
1679774215025 1.3587732315063477 179
1679774215226 0.1968538761138916 180
1679774216571 1.3441593647003174 181
1679774216784 0.21487116813659668 182
1679774218030 1.246131181716919 183
1679774218225 0.19801950454711914 184
1679774219487 1.2653820514678955 185
1679774219683 0.19039320945739746 186
1679774220904 1.22438383102417 187
1679774221109 0.1861588954925537 188
1679774222329 1.237041711807251 189
1679774222511 0.18321847915649414 190
1679774223800 1.289475679397583 191
1679774224001 0.19896793365478516 192
1679774225228 1.230895757675171 193
1679774225461 0.23315668106079102 194
1679774226696 1.2288150787353516 195
1679774226881 0.1923999786376953 196
1679774228084 1.1997921466827393 197
1679774228261 0.17881274223327637 198
1679774229529 1.2488617897033691 199
1679774229725 0.2090620994567871 200
1679774230867 1.1410768032073975 201
1679774231048 0.18410706520080566 202
1679774232282 1.2360155582427979 203
1679774232463 0.17793488502502441 204
1679774233594 1.1313040256500244 205
1679774233785 0.19278669357299805 206
1679774235019 1.2318296432495117 207
1679774235215 0.19178462028503418 208
1679774236451 1.2370498180389404 209
1679774236677 0.22415971755981445 210
1679774237919 1.243969440460205 211
1679774238118 0.19718337059020996 212
1679774239340 1.2247490882873535 213
1679774239536 0.1899423599243164 214
1679774240768 1.2363708019256592 215
1679774241023 0.2369368076324463 216
1679774242363 1.3598034381866455 217
1679774242587 0.21723604202270508 218
1679774243922 1.335758924484253 219
1679774244136 0.21310806274414062 220
1679774245472 1.3109767436981201 221
1679774245675 0.23196172714233398 222
1679774247000 1.3237278461456299 223
1679774247220 0.21740484237670898 224
1679774248469 1.2628939151763916 225
1679774248712 0.23329830169677734 226
1679774249936 1.2368981838226318 227
1679774250115 0.17383885383605957 228
1679774251358 1.2448136806488037 229
1679774251544 0.18426752090454102 230
1679774252684 1.1378850936889648 231
1679774252889 0.19710946083068848 232
1679774254066 1.1887824535369873 233
1679774254266 0.20111441612243652 234
1679774255522 1.2449791431427002 235
1679774255710 0.19683051109313965 236
1679774256964 1.251115083694458 237
1679774257151 0.19106459617614746 238
1679774258373 1.2199187278747559 239
1679774258568 0.19399094581604004 240
1679774259853 1.279357671737671 241
1679774260083 0.22751784324645996 242
1679774261384 1.3072478771209717 243
1679774261588 0.19885015487670898 244
1679774262834 1.2522454261779785 245
1679774263028 0.19191217422485352 246
1679774264252 1.2237372398376465 247
1679774264457 0.20514798164367676 248
1679774265705 1.2522287368774414 249
1679774265927 0.21888208389282227 250
1679774267164 1.233825445175171 251
1679774267352 0.18707799911499023 252
1679774268563 1.211073637008667 253
1679774268770 0.2019820213317871 254
1679774270097 1.3304014205932617 255
1679774270307 0.20027661323547363 256
1679774271470 1.1711690425872803 257
1679774271667 0.20317888259887695 258
1679774272906 1.2304306030273438 259
1679774273118 0.20860981941223145 260
1679774274430 1.3157367706298828 261
1679774274634 0.2031843662261963 262
1679774275939 1.3057761192321777 263
1679774276188 0.24315476417541504 264
1679774277493 1.3079919815063477 265
1679774277713 0.21831965446472168 266
1679774278938 1.2346277236938477 267
1679774279127 0.19133830070495605 268
1679774280421 1.291844367980957 269
1679774280616 0.19167542457580566 270
1679774281817 1.2041237354278564 271
1679774282012 0.20071029663085938 272
1679774283249 1.2313449382781982 273
1679774283468 0.22156000137329102 274
1679774284702 1.2316300868988037 275
1679774284888 0.19080305099487305 276
1679774286109 1.218261480331421 277
1679774286298 0.19275951385498047 278
1679774287555 1.2548789978027344 279
1679774287754 0.1970207691192627 280
1679774289099 1.3470866680145264 281
1679774289305 0.20598459243774414 282
1679774290501 1.1977646350860596 283
1679774290681 0.17927026748657227 284
1679774291853 1.1729540824890137 285
1679774292039 0.1779496669769287 286
1679774293193 1.1610078811645508 287
1679774293403 0.19630193710327148 288
1679774294627 1.234675407409668 289
1679774294822 0.19816374778747559 290
1679774296070 1.2437753677368164 291
1679774296270 0.19896841049194336 292
1679774297506 1.2331676483154297 293
1679774297700 0.19897890090942383 294
1679774299037 1.3390300273895264 295
1679774299241 0.20217442512512207 296
1679774300486 1.240757703781128 297
1679774300706 0.21508455276489258 298
1679774301953 1.255417823791504 299
1679774302149 0.19477391242980957 300
1679774302288 0.13374710083007812 301
