1679774089124 57.944599411012476 1
1679774090556 19.66311736636752 3
1679774091912 10.969833084810658 5
1679774093288 7.863692708481676 7
1679774094736 6.3061568564172665 9
1679774096267 4.5976769138553175 11
1679774097705 4.0663628992759335 13
1679774099052 3.2266978203913492 15
1679774100529 2.6251790451759054 17
1679774101871 2.5890798741447534 19
1679774103186 1.9048039788731022 21
1679774104613 2.403970914415752 23
1679774105952 1.8839836230537133 25
1679774107351 1.6332505739326286 27
1679774108776 1.3514460371299146 29
1679774110119 1.3171574575026994 31
1679774111426 1.7530465712689625 33
1679774112769 1.2013964618230386 35
1679774114138 1.0860369237060423 37
1679774115467 0.9240466602720235 39
1679774116876 1.09298988076291 41
1679774118315 1.8300043281292686 43
1679774119675 1.1308399430682345 45
1679774121047 1.1404788324113388 47
1679774122692 0.6693069173693674 49
1679774124200 0.6883635700021515 51
1679774125643 0.8577408214667999 53
1679774127118 0.788158225536861 55
1679774128486 0.642395401025182 57
1679774129859 0.7243360855032096 59
1679774131246 0.7718707889746294 61
1679774132539 1.0381109808139128 63
1679774133864 0.6761088795261504 65
1679774135256 0.8326354173897539 67
1679774136656 0.699178300985193 69
1679774138048 0.6088022693893909 71
1679774139474 0.7770525091606888 73
1679774140971 0.488294705092218 75
1679774142376 0.4121287932870023 77
1679774143783 0.39633379983803124 79
1679774145197 0.4514843044903103 81
1679774146619 0.38754858286254223 83
1679774147974 0.5472447850317719 85
1679774149443 0.43766917386437 87
1679774150820 0.2931622918835387 89
1679774152178 0.31610933125460866 91
1679774153646 0.3031691680695791 93
1679774155129 0.27496502467101347 95
1679774156650 0.28675228678714315 97
1679774158105 0.34538674412020004 99
1679774159589 0.3250849044027509 101
1679774160967 0.34290018617525825 103
1679774162403 0.2769108309407048 105
1679774163808 0.30753085067392505 107
1679774165150 0.2705875902541118 109
1679774166529 0.2740064567034368 111
1679774168038 0.23791222072408 113
1679774169423 0.24353601505299488 115
1679774170734 0.2806716102700386 117
1679774172153 0.24066125905473476 119
1679774173499 0.23548634179073802 121
1679774174906 0.23770515933940498 123
1679774176316 0.22727797797663687 125
1679774177791 0.26908273152936996 127
1679774179251 0.25366152832958205 129
1679774180666 0.2532722490535214 131
1679774182133 0.20969001702335682 133
1679774183650 0.21089593082817892 135
1679774185157 0.26104356683328367 137
1679774186748 0.2268408721498706 139
1679774188091 0.2141679611495132 141
1679774189451 0.24736893560680348 143
1679774190783 0.2325562861750764 145
1679774192127 0.23725699565641784 147
1679774193498 0.22814326332247023 149
1679774194908 0.22825742965968315 151
1679774196374 0.20253791346774913 153
1679774197796 0.2026244950367111 155
1679774199180 0.20219024169698263 157
1679774200577 0.2139994867036625 159
1679774202005 0.20080129728468113 161
1679774203453 0.21283124885422516 163
1679774204961 0.19796830221235784 165
1679774206346 0.18879709973642708 167
1679774207731 0.19793951935570828 169
1679774209171 0.20230819428075064 171
1679774210525 0.18802898358983697 173
1679774211896 0.19564480596887077 175
1679774213440 0.17833227379246963 177
1679774215024 0.1891900884483239 179
1679774216569 0.20294494394526003 181
1679774218028 0.18965833751462588 183
1679774219485 0.17129747916392904 185
1679774220902 0.19193035805900416 187
1679774222327 0.20529372255409298 189
1679774223798 0.17518490126059044 191
1679774225226 0.18517076057549267 193
1679774226694 0.17779855966242997 195
1679774228082 0.18912563066867902 197
1679774229528 0.18712236945734845 199
1679774230865 0.1888876318156328 201
1679774232280 0.17927744836685783 203
1679774233593 0.16607774291965632 205
1679774235017 0.18342794001659343 207
1679774236449 0.16758821370065885 209
1679774237917 0.1871210069542945 211
1679774239338 0.1939355717011902 213
1679774240767 0.18193577511851627 215
1679774242361 0.1904068542978952 217
1679774243920 0.20057717767925132 219
1679774245470 0.18175897303349461 221
1679774246998 0.17587802763423704 223
1679774248467 0.1869031507015648 225
1679774249935 0.16152207960097448 227
1679774251357 0.19467898998696737 229
1679774252683 0.16703837555455878 231
1679774254064 0.19887882081406513 233
1679774255520 0.16210215932258526 235
1679774256962 0.19245704767975721 237
1679774258372 0.184874276525237 239
1679774259851 0.18789925369772412 241
1679774261383 0.18664519809332664 243
1679774262833 0.17535825835069213 245
1679774264251 0.17362797615495132 247
1679774265703 0.19266410507264928 249
1679774267162 0.19414156889294587 251
1679774268561 0.17259048143956043 253
1679774270095 0.17818921117535055 255
1679774271468 0.19857153379750922 257
1679774272905 0.20246195396956923 259
1679774274427 0.17975482297909173 261
1679774275937 0.18402035992010818 263
1679774277491 0.17922670253794842 265
1679774278937 0.16843461445924304 267
1679774280419 0.18746117217391597 269
1679774281815 0.18109115615465518 271
1679774283247 0.18124749761511602 273
1679774284700 0.18826853982010117 275
1679774286108 0.17621329660959492 277
1679774287554 0.1961987045397393 279
1679774289098 0.1744729413931837 281
1679774290499 0.18777539529750786 283
1679774291852 0.1949290175498593 285
1679774293191 0.21015653376037557 287
1679774294626 0.17395895089932661 289
1679774296068 0.15457890012618328 291
1679774297504 0.20122327423994013 293
1679774299035 0.17218224825419784 295
1679774300483 0.1755289805463405 297
1679774301951 0.17678061944025228 299
