1677142689146 1.0 1
1677142689303 2.0 2
1677142690149 3.0 3
1677142690307 4.0 4
1677142691241 5.0 5
1677142691390 6.0 6
1677142692246 7.0 7
1677142692400 8.0 8
1677142693268 9.0 9
1677142693437 10.0 10
1677142694304 11.0 11
1677142694463 12.0 12
1677142695315 13.0 13
1677142695501 14.0 14
1677142696363 15.0 15
1677142696513 16.0 16
1677142697442 17.0 17
1677142697601 18.0 18
1677142698447 19.0 19
1677142698605 20.0 20
1677142699456 21.0 21
1677142699616 22.0 22
1677142700466 23.0 23
1677142700625 24.0 24
1677142701482 25.0 25
1677142701635 26.0 26
1677142702579 27.0 27
1677142702734 28.0 28
1677142703596 29.0 29
1677142703753 30.0 30
1677142704601 31.0 31
1677142704765 32.0 32
1677142705678 33.0 33
1677142705843 34.0 34
1677142706752 35.0 35
1677142706915 36.0 36
1677142707766 37.0 37
1677142707922 38.0 38
1677142708847 39.0 39
1677142709011 40.0 40
1677142709868 41.0 41
1677142710042 42.0 42
1677142710887 43.0 43
1677142711048 44.0 44
1677142711892 45.0 45
1677142712048 46.0 46
1677142712895 47.0 47
1677142713054 48.0 48
1677142713941 49.0 49
1677142714176 50.0 50
1677142715020 51.0 51
1677142715180 52.0 52
1677142716036 53.0 53
1677142716197 54.0 54
1677142717069 55.0 55
1677142717229 56.0 56
1677142718102 57.0 57
1677142718263 58.0 58
1677142719116 59.0 59
1677142719282 60.0 60
1677142720220 61.0 61
1677142720382 62.0 62
1677142721240 63.0 63
1677142721401 64.0 64
1677142722299 65.0 65
1677142722453 66.0 66
1677142723311 67.0 67
1677142723477 68.0 68
1677142724342 69.0 69
1677142724507 70.0 70
1677142725347 71.0 71
1677142725582 72.0 72
1677142726426 73.0 73
1677142726593 74.0 74
1677142727449 75.0 75
1677142727609 76.0 76
1677142728457 77.0 77
1677142728616 78.0 78
1677142729470 79.0 79
1677142729631 80.0 80
1677142730528 81.0 81
1677142730688 82.0 82
1677142731630 83.0 83
1677142731815 84.0 84
1677142732695 85.0 85
1677142732858 86.0 86
1677142733709 87.0 87
1677142733869 88.0 88
1677142734722 89.0 89
1677142734882 90.0 90
1677142735755 91.0 91
1677142735918 92.0 92
1677142736765 93.0 93
1677142736999 94.0 94
1677142737864 95.0 95
1677142738027 96.0 96
1677142738882 97.0 97
1677142739042 98.0 98
1677142739928 99.0 99
1677142740098 100.0 100
1677142740960 101.0 101
1677142741124 102.0 102
1677142741976 103.0 103
1677142742140 104.0 104
1677142743082 105.0 105
1677142743240 106.0 106
1677142744090 107.0 107
1677142744250 108.0 108
1677142745093 109.0 109
1677142745259 110.0 110
1677142746114 111.0 111
1677142746277 112.0 112
1677142747163 113.0 113
1677142747322 114.0 114
1677142748182 115.0 115
1677142748345 116.0 116
1677142749318 117.0 117
1677142749481 118.0 118
1677142750333 119.0 119
1677142750500 120.0 120
1677142751361 121.0 121
1677142751531 122.0 122
1677142752391 123.0 123
1677142752550 124.0 124
1677142753411 125.0 125
1677142753573 126.0 126
1677142754519 127.0 127
1677142754678 128.0 128
1677142755547 129.0 129
1677142755712 130.0 130
1677142756588 131.0 131
1677142756753 132.0 132
1677142757649 133.0 133
1677142757814 134.0 134
1677142758680 135.0 135
1677142758845 136.0 136
1677142759710 137.0 137
1677142759871 138.0 138
1677142760799 139.0 139
1677142760965 140.0 140
1677142761823 141.0 141
1677142761998 142.0 142
1677142762854 143.0 143
1677142763018 144.0 144
1677142763885 145.0 145
1677142764051 146.0 146
1677142764911 147.0 147
1677142765076 148.0 148
1677142766017 149.0 149
1677142766221 150.0 150
1677142767070 151.0 151
1677142767236 152.0 152
1677142768092 153.0 153
1677142768255 154.0 154
1677142769124 155.0 155
1677142769289 156.0 156
1677142770165 157.0 157
1677142770327 158.0 158
1677142771197 159.0 159
1677142771368 160.0 160
1677142772298 161.0 161
1677142772465 162.0 162
1677142773323 163.0 163
1677142773485 164.0 164
1677142774341 165.0 165
1677142774506 166.0 166
1677142775372 167.0 167
1677142775536 168.0 168
1677142776389 169.0 169
1677142776589 170.0 170
1677142777529 171.0 171
1677142777696 172.0 172
1677142778553 173.0 173
1677142778718 174.0 174
1677142779574 175.0 175
1677142779742 176.0 176
1677142780602 177.0 177
1677142780769 178.0 178
1677142781629 179.0 179
1677142781806 180.0 180
1677142782667 181.0 181
1677142782838 182.0 182
1677142783766 183.0 183
1677142783929 184.0 184
1677142784818 185.0 185
1677142784986 186.0 186
1677142785891 187.0 187
1677142786056 188.0 188
1677142786926 189.0 189
1677142787092 190.0 190
1677142787963 191.0 191
1677142788134 192.0 192
1677142788998 193.0 193
1677142789237 194.0 194
1677142790103 195.0 195
1677142790268 196.0 196
1677142791140 197.0 197
1677142791306 198.0 198
1677142792166 199.0 199
1677142792339 200.0 200
1677142793192 201.0 201
1677142793362 202.0 202
1677142794227 203.0 203
1677142794404 204.0 204
1677142795380 205.0 205
1677142795551 206.0 206
1677142796417 207.0 207
1677142796579 208.0 208
1677142797448 209.0 209
1677142797622 210.0 210
1677142798493 211.0 211
1677142798665 212.0 212
1677142799531 213.0 213
1677142799700 214.0 214
1677142800562 215.0 215
1677142800807 216.0 216
1677142801674 217.0 217
1677142801840 218.0 218
1677142802710 219.0 219
1677142802920 220.0 220
1677142803785 221.0 221
1677142803951 222.0 222
1677142804813 223.0 223
1677142804984 224.0 224
1677142805841 225.0 225
1677142806010 226.0 226
1677142806967 227.0 227
1677142807136 228.0 228
1677142808009 229.0 229
1677142808180 230.0 230
1677142809044 231.0 231
1677142809216 232.0 232
1677142810083 233.0 233
1677142810253 234.0 234
1677142811128 235.0 235
1677142811298 236.0 236
1677142812275 237.0 237
1677142812515 238.0 238
1677142813396 239.0 239
1677142813565 240.0 240
1677142814444 241.0 241
1677142814614 242.0 242
1677142815484 243.0 243
1677142815651 244.0 244
1677142816529 245.0 245
1677142816698 246.0 246
1677142817565 247.0 247
1677142817734 248.0 248
1677142818670 249.0 249
1677142818852 250.0 250
1677142819713 251.0 251
1677142819886 252.0 252
1677142820787 253.0 253
1677142820955 254.0 254
1677142821827 255.0 255
1677142821997 256.0 256
1677142822858 257.0 257
1677142823023 258.0 258
1677142823880 259.0 259
1677142824050 260.0 260
1677142825001 261.0 261
1677142825167 262.0 262
1677142826032 263.0 263
1677142826203 264.0 264
1677142827067 265.0 265
1677142827239 266.0 266
1677142828109 267.0 267
1677142828281 268.0 268
1677142829140 269.0 269
1677142829309 270.0 270
1677142830279 271.0 271
1677142830454 272.0 272
1677142831333 273.0 273
1677142831501 274.0 274
1677142832366 275.0 275
1677142832535 276.0 276
1677142833419 277.0 277
1677142833589 278.0 278
1677142834475 279.0 279
1677142834647 280.0 280
1677142835521 281.0 281
1677142835695 282.0 282
1677142836643 283.0 283
1677142836822 284.0 284
1677142837703 285.0 285
1677142837875 286.0 286
1677142838777 287.0 287
1677142838957 288.0 288
1677142839847 289.0 289
1677142840039 290.0 290
1677142840973 291.0 291
1677142841142 292.0 292
1677142842091 293.0 293
1677142842259 294.0 294
1677142843124 295.0 295
1677142843295 296.0 296
1677142844160 297.0 297
1677142844331 298.0 298
1677142845231 299.0 299
1677142845400 300.0 300
1677142845567 301.0 301
