1677142689141 17052.0 1
1677142689298 17052.0 2
1677142690144 17052.0 3
1677142690302 17052.0 4
1677142691237 17052.0 5
1677142691385 17052.0 6
1677142692242 17052.0 7
1677142692395 17052.0 8
1677142693263 17052.0 9
1677142693432 17052.0 10
1677142694299 17052.0 11
1677142694459 17052.0 12
1677142695310 17052.0 13
1677142695496 17052.0 14
1677142696359 17052.0 15
1677142696509 17052.0 16
1677142697437 17052.0 17
1677142697597 17052.0 18
1677142698442 17052.0 19
1677142698600 17052.0 20
1677142699451 17052.0 21
1677142699611 17052.0 22
1677142700462 17052.0 23
1677142700621 17052.0 24
1677142701476 17052.0 25
1677142701631 17052.0 26
1677142702575 17052.0 27
1677142702730 17052.0 28
1677142703583 17052.0 29
1677142703749 17052.0 30
1677142704595 17052.0 31
1677142704760 17052.0 32
1677142705674 17052.0 33
1677142705839 17052.0 34
1677142706746 17052.0 35
1677142706911 17052.0 36
1677142707761 17052.0 37
1677142707918 17052.0 38
1677142708842 17052.0 39
1677142709007 17052.0 40
1677142709862 17052.0 41
1677142710037 17052.0 42
1677142710881 17052.0 43
1677142711043 17052.0 44
1677142711887 17052.0 45
1677142712044 17052.0 46
1677142712890 17052.0 47
1677142713049 17052.0 48
1677142713936 17052.0 49
1677142714171 17052.0 50
1677142715016 17052.0 51
1677142715175 17052.0 52
1677142716032 17052.0 53
1677142716193 17052.0 54
1677142717065 17052.0 55
1677142717223 17052.0 56
1677142718098 17052.0 57
1677142718258 17052.0 58
1677142719111 17052.0 59
1677142719277 17052.0 60
1677142720215 17052.0 61
1677142720377 17052.0 62
1677142721236 17052.0 63
1677142721398 17052.0 64
1677142722294 17052.0 65
1677142722448 17052.0 66
1677142723307 17052.0 67
1677142723472 17052.0 68
1677142724338 17052.0 69
1677142724503 17052.0 70
1677142725343 17052.0 71
1677142725578 17052.0 72
1677142726421 17052.0 73
1677142726588 17052.0 74
1677142727445 17052.0 75
1677142727605 17052.0 76
1677142728453 17052.0 77
1677142728611 17052.0 78
1677142729466 17052.0 79
1677142729627 17052.0 80
1677142730524 17052.0 81
1677142730683 17052.0 82
1677142731625 17052.0 83
1677142731811 17052.0 84
1677142732691 17052.0 85
1677142732853 17052.0 86
1677142733705 17052.0 87
1677142733864 17052.0 88
1677142734717 17052.0 89
1677142734877 17052.0 90
1677142735750 17052.0 91
1677142735913 17052.0 92
1677142736761 17052.0 93
1677142736994 17052.0 94
1677142737860 17052.0 95
1677142738023 17052.0 96
1677142738878 17052.0 97
1677142739037 17052.0 98
1677142739922 17052.0 99
1677142740094 17052.0 100
1677142740956 17052.0 101
1677142741120 17052.0 102
1677142741972 17052.0 103
1677142742134 17052.0 104
1677142743078 17052.0 105
1677142743235 17052.0 106
1677142744085 17052.0 107
1677142744245 17052.0 108
1677142745089 17052.0 109
1677142745254 17052.0 110
1677142746109 17052.0 111
1677142746273 17052.0 112
1677142747158 17052.0 113
1677142747318 17052.0 114
1677142748178 17052.0 115
1677142748341 17052.0 116
1677142749314 17052.0 117
1677142749477 17052.0 118
1677142750329 17052.0 119
1677142750494 17052.0 120
1677142751357 17052.0 121
1677142751527 17052.0 122
1677142752386 17052.0 123
1677142752546 17052.0 124
1677142753407 17052.0 125
1677142753569 17052.0 126
1677142754515 17052.0 127
1677142754673 17052.0 128
1677142755543 17052.0 129
1677142755708 17052.0 130
1677142756583 17052.0 131
1677142756748 17052.0 132
1677142757644 17052.0 133
1677142757809 17052.0 134
1677142758675 17052.0 135
1677142758841 17052.0 136
1677142759706 17052.0 137
1677142759866 17052.0 138
1677142760795 17052.0 139
1677142760961 17052.0 140
1677142761818 17052.0 141
1677142761994 17052.0 142
1677142762850 17052.0 143
1677142763013 17052.0 144
1677142763881 17052.0 145
1677142764047 17052.0 146
1677142764907 17052.0 147
1677142765071 17052.0 148
1677142766013 17052.0 149
1677142766217 17052.0 150
1677142767065 17052.0 151
1677142767231 17052.0 152
1677142768087 17052.0 153
1677142768249 17052.0 154
1677142769120 17052.0 155
1677142769284 17052.0 156
1677142770160 17052.0 157
1677142770321 17052.0 158
1677142771193 17052.0 159
1677142771363 17052.0 160
1677142772294 17052.0 161
1677142772461 17052.0 162
1677142773318 17052.0 163
1677142773480 17052.0 164
1677142774337 17052.0 165
1677142774501 17052.0 166
1677142775368 17052.0 167
1677142775532 17052.0 168
1677142776384 17052.0 169
1677142776584 17052.0 170
1677142777526 17052.0 171
1677142777691 17052.0 172
1677142778548 17052.0 173
1677142778713 17052.0 174
1677142779570 17052.0 175
1677142779737 17052.0 176
1677142780598 17052.0 177
1677142780765 17052.0 178
1677142781625 17052.0 179
1677142781800 17052.0 180
1677142782663 17052.0 181
1677142782834 17052.0 182
1677142783760 17052.0 183
1677142783925 17052.0 184
1677142784815 17052.0 185
1677142784980 17052.0 186
1677142785887 17052.0 187
1677142786052 17052.0 188
1677142786922 17052.0 189
1677142787088 17052.0 190
1677142787960 17052.0 191
1677142788130 17052.0 192
1677142788993 17052.0 193
1677142789232 17052.0 194
1677142790098 17052.0 195
1677142790263 17052.0 196
1677142791134 17052.0 197
1677142791300 17052.0 198
1677142792162 17052.0 199
1677142792334 17052.0 200
1677142793188 17052.0 201
1677142793358 17052.0 202
1677142794222 17052.0 203
1677142794398 17052.0 204
1677142795375 17052.0 205
1677142795547 17052.0 206
1677142796413 17052.0 207
1677142796575 17052.0 208
1677142797443 17052.0 209
1677142797618 17052.0 210
1677142798489 17052.0 211
1677142798661 17052.0 212
1677142799527 17052.0 213
1677142799695 17052.0 214
1677142800558 17052.0 215
1677142800803 17052.0 216
1677142801669 17052.0 217
1677142801835 17052.0 218
1677142802706 17052.0 219
1677142802915 17052.0 220
1677142803780 17052.0 221
1677142803946 17052.0 222
1677142804808 17052.0 223
1677142804980 17052.0 224
1677142805837 17052.0 225
1677142806006 17052.0 226
1677142806963 17052.0 227
1677142807130 17052.0 228
1677142808004 17052.0 229
1677142808175 17052.0 230
1677142809039 17052.0 231
1677142809212 17052.0 232
1677142810078 17052.0 233
1677142810248 17052.0 234
1677142811123 17052.0 235
1677142811294 17052.0 236
1677142812271 17052.0 237
1677142812510 17052.0 238
1677142813391 17052.0 239
1677142813560 17052.0 240
1677142814439 17052.0 241
1677142814610 17052.0 242
1677142815479 17052.0 243
1677142815647 17052.0 244
1677142816524 17052.0 245
1677142816694 17052.0 246
1677142817560 17052.0 247
1677142817730 17052.0 248
1677142818665 17052.0 249
1677142818847 17052.0 250
1677142819708 17052.0 251
1677142819882 17052.0 252
1677142820781 17052.0 253
1677142820950 17052.0 254
1677142821822 17052.0 255
1677142821992 17052.0 256
1677142822853 17052.0 257
1677142823018 17052.0 258
1677142823876 17052.0 259
1677142824045 17052.0 260
1677142824997 17052.0 261
1677142825162 17052.0 262
1677142826027 17052.0 263
1677142826198 17052.0 264
1677142827063 17052.0 265
1677142827234 17052.0 266
1677142828106 17052.0 267
1677142828277 17052.0 268
1677142829135 17052.0 269
1677142829304 17052.0 270
1677142830275 17052.0 271
1677142830450 17052.0 272
1677142831328 17052.0 273
1677142831496 17052.0 274
1677142832361 17052.0 275
1677142832531 17052.0 276
1677142833414 17052.0 277
1677142833586 17052.0 278
1677142834470 17052.0 279
1677142834643 17052.0 280
1677142835517 17052.0 281
1677142835690 17052.0 282
1677142836638 17052.0 283
1677142836817 17052.0 284
1677142837697 17052.0 285
1677142837870 17052.0 286
1677142838773 17052.0 287
1677142838952 17052.0 288
1677142839841 17052.0 289
1677142840035 17052.0 290
1677142840968 17052.0 291
1677142841137 17052.0 292
1677142842086 17052.0 293
1677142842255 17052.0 294
1677142843120 17052.0 295
1677142843291 17052.0 296
1677142844155 17052.0 297
1677142844326 17052.0 298
1677142845227 17052.0 299
1677142845395 17052.0 300
1677142845562 17052.0 301
