1677142689132 3.3372414112091064 1
1677142689291 0.1410658359527588 2
1677142690137 0.8481354713439941 3
1677142690295 0.15649843215942383 4
1677142691229 0.931419849395752 5
1677142691378 0.15069198608398438 6
1677142692235 0.8569920063018799 7
1677142692387 0.15517950057983398 8
1677142693254 0.8634111881256104 9
1677142693423 0.17246198654174805 10
1677142694291 0.8633978366851807 11
1677142694451 0.16076874732971191 12
1677142695302 0.8511438369750977 13
1677142695489 0.18781137466430664 14
1677142696351 0.859046220779419 15
1677142696502 0.15505552291870117 16
1677142697428 0.9260337352752686 17
1677142697589 0.15806937217712402 18
1677142698434 0.8452823162078857 19
1677142698593 0.15805315971374512 20
1677142699436 0.8463883399963379 21
1677142699603 0.167006254196167 22
1677142700454 0.8497617244720459 23
1677142700613 0.15773987770080566 24
1677142701468 0.8554744720458984 25
1677142701623 0.1544339656829834 26
1677142702559 0.9378063678741455 27
1677142702722 0.15962672233581543 28
1677142703576 0.8571324348449707 29
1677142703741 0.16391229629516602 30
1677142704588 0.8470461368560791 31
1677142704750 0.16238141059875488 32
1677142705663 0.9076364040374756 33
1677142705830 0.1709585189819336 34
1677142706738 0.90761399269104 35
1677142706904 0.16554927825927734 36
1677142707752 0.847989559173584 37
1677142707910 0.15955758094787598 38
1677142708834 0.9235587120056152 39
1677142708999 0.16472792625427246 40
1677142709853 0.8510701656341553 41
1677142710029 0.17118000984191895 42
1677142710873 0.8521418571472168 43
1677142711035 0.16027426719665527 44
1677142711879 0.8438396453857422 45
1677142712036 0.1576089859008789 46
1677142712883 0.8462202548980713 47
1677142713041 0.15649652481079102 48
1677142713929 0.8888278007507324 49
1677142714163 0.2365570068359375 50
1677142715009 0.8438746929168701 51
1677142715168 0.15998482704162598 52
1677142716024 0.8545382022857666 53
1677142716186 0.1617724895477295 54
1677142717058 0.8746280670166016 55
1677142717215 0.15603160858154297 56
1677142718090 0.8739442825317383 57
1677142718251 0.15903687477111816 58
1677142719104 0.8544831275939941 59
1677142719270 0.16646313667297363 60
1677142720208 0.9399962425231934 61
1677142720370 0.15999174118041992 62
1677142721228 0.8578124046325684 63
1677142721390 0.16025018692016602 64
1677142722287 0.897139310836792 65
1677142722441 0.15796923637390137 66
1677142723300 0.8529303073883057 67
1677142723464 0.1680600643157959 68
1677142724330 0.8659076690673828 69
1677142724495 0.16713857650756836 70
1677142725335 0.8377656936645508 71
1677142725570 0.23613333702087402 72
1677142726412 0.8380997180938721 73
1677142726581 0.17194318771362305 74
1677142727437 0.8518767356872559 75
1677142727597 0.16452383995056152 76
1677142728445 0.8447616100311279 77
1677142728603 0.1609361171722412 78
1677142729458 0.8548777103424072 79
1677142729618 0.16090130805969238 80
1677142730516 0.8973455429077148 81
1677142730676 0.1607062816619873 82
1677142731616 0.9390439987182617 83
1677142731802 0.18007206916809082 84
1677142732684 0.8833107948303223 85
1677142732846 0.165938138961792 86
1677142733695 0.8456907272338867 87
1677142733857 0.1644735336303711 88
1677142734709 0.8500049114227295 89
1677142734869 0.16252541542053223 90
1677142735743 0.8729667663574219 91
1677142735904 0.16304612159729004 92
1677142736754 0.8494415283203125 93
1677142736987 0.23353838920593262 94
1677142737852 0.8628959655761719 95
1677142738015 0.1621108055114746 96
1677142738869 0.856980562210083 97
1677142739028 0.15610003471374512 98
1677142739914 0.8879818916320801 99
1677142740086 0.17294096946716309 100
1677142740948 0.8595309257507324 101
1677142741112 0.166412353515625 102
1677142741964 0.8489913940429688 103
1677142742126 0.163102388381958 104
1677142743070 0.9440789222717285 105
1677142743228 0.1580488681793213 106
1677142744078 0.8505644798278809 107
1677142744237 0.1592540740966797 108
1677142745081 0.8440039157867432 109
1677142745246 0.1619265079498291 110
1677142746101 0.8572771549224854 111
1677142746265 0.1630847454071045 112
1677142747150 0.8859915733337402 113
1677142747310 0.15964937210083008 114
1677142748170 0.8571507930755615 115
1677142748333 0.16583824157714844 116
1677142749307 0.9723098278045654 117
1677142749469 0.1641983985900879 118
1677142750322 0.8546514511108398 119
1677142750486 0.1597731113433838 120
1677142751349 0.864933967590332 121
1677142751519 0.16878652572631836 122
1677142752377 0.8576376438140869 123
1677142752539 0.16281700134277344 124
1677142753399 0.8594489097595215 125
1677142753561 0.1636180877685547 126
1677142754506 0.9421207904815674 127
1677142754666 0.16252779960632324 128
1677142755534 0.8661739826202393 129
1677142755700 0.16726374626159668 130
1677142756575 0.8753855228424072 131
1677142756740 0.1645653247833252 132
1677142757637 0.8979625701904297 133
1677142757802 0.1607513427734375 134
1677142758666 0.86635422706604 135
1677142758833 0.1676924228668213 136
1677142759698 0.8633296489715576 137
1677142759858 0.1629321575164795 138
1677142760787 0.9278621673583984 139
1677142760954 0.16796112060546875 140
1677142761810 0.850593090057373 141
1677142761985 0.17838239669799805 142
1677142762843 0.856330156326294 143
1677142763006 0.1647627353668213 144
1677142763873 0.8673710823059082 145
1677142764039 0.16261887550354004 146
1677142764899 0.86326003074646 147
1677142765063 0.1624588966369629 148
1677142766006 0.9444963932037354 149
1677142766209 0.205885648727417 150
1677142767058 0.8412647247314453 151
1677142767223 0.1715536117553711 152
1677142768080 0.8550560474395752 153
1677142768242 0.16190528869628906 154
1677142769112 0.8701879978179932 155
1677142769278 0.16127729415893555 156
1677142770152 0.876115083694458 157
1677142770315 0.1634078025817871 158
1677142771186 0.8699851036071777 159
1677142771356 0.1721506118774414 160
1677142772285 0.9319982528686523 161
1677142772453 0.1668851375579834 162
1677142773311 0.8581819534301758 163
1677142773473 0.1617116928100586 164
1677142774329 0.8537139892578125 165
1677142774493 0.1663224697113037 166
1677142775361 0.8681800365447998 167
1677142775524 0.158951997756958 168
1677142776376 0.8563258647918701 169
1677142776577 0.20171356201171875 170
1677142777517 0.9370672702789307 171
1677142777684 0.16730284690856934 172
1677142778541 0.8551459312438965 173
1677142778705 0.16527581214904785 174
1677142779563 0.8581161499023438 175
1677142779728 0.1651139259338379 176
1677142780590 0.8621187210083008 177
1677142780757 0.16389846801757812 178
1677142781617 0.8639590740203857 179
1677142781792 0.17291688919067383 180
1677142782655 0.863978385925293 181
1677142782826 0.17108535766601562 182
1677142783753 0.9250330924987793 183
1677142783917 0.16723251342773438 184
1677142784807 0.8866081237792969 185
1677142784973 0.16746163368225098 186
1677142785879 0.9067347049713135 187
1677142786044 0.16877031326293945 188
1677142786914 0.8640847206115723 189
1677142787080 0.16825342178344727 190
1677142787952 0.8708109855651855 191
1677142788122 0.16898822784423828 192
1677142788985 0.864405632019043 193
1677142789224 0.24048900604248047 194
1677142790091 0.8641960620880127 195
1677142790256 0.1648731231689453 196
1677142791125 0.8669736385345459 197
1677142791293 0.16860175132751465 198
1677142792155 0.8635404109954834 199
1677142792327 0.1728980541229248 200
1677142793180 0.8509840965270996 201
1677142793349 0.17011594772338867 202
1677142794214 0.868870735168457 203
1677142794391 0.16841697692871094 204
1677142795367 0.981755256652832 205
1677142795539 0.17079687118530273 206
1677142796405 0.8658778667449951 207
1677142796567 0.16411399841308594 208
1677142797436 0.8679764270782471 209
1677142797611 0.1722254753112793 210
1677142798480 0.8718369007110596 211
1677142798654 0.17309904098510742 212
1677142799519 0.8649370670318604 213
1677142799687 0.16783428192138672 214
1677142800550 0.8612406253814697 215
1677142800795 0.24646711349487305 216
1677142801662 0.8660271167755127 217
1677142801827 0.16742563247680664 218
1677142802697 0.8703446388244629 219
1677142802906 0.17807245254516602 220
1677142803773 0.8936240673065186 221
1677142803939 0.16893362998962402 222
1677142804800 0.8590371608734131 223
1677142804970 0.1699683666229248 224
1677142805828 0.8601245880126953 225
1677142805999 0.16601300239562988 226
1677142806955 0.9589097499847412 227
1677142807123 0.16897177696228027 228
1677142807996 0.8725643157958984 229
1677142808167 0.17230796813964844 230
1677142809032 0.8652732372283936 231
1677142809202 0.1687617301940918 232
1677142810071 0.8694519996643066 233
1677142810241 0.16654515266418457 234
1677142811114 0.8762702941894531 235
1677142811286 0.17137908935546875 236
1677142812263 0.9733350276947021 237
1677142812503 0.24448156356811523 238
1677142813384 0.8788692951202393 239
1677142813553 0.17079997062683105 240
1677142814431 0.8788080215454102 241
1677142814602 0.17015337944030762 242
1677142815470 0.8679983615875244 243
1677142815639 0.1678617000579834 244
1677142816516 0.876124382019043 245
1677142816686 0.17196321487426758 246
1677142817553 0.8681020736694336 247
1677142817722 0.16485977172851562 248
1677142818658 0.9390199184417725 249
1677142818839 0.17806005477905273 250
1677142819694 0.8571875095367432 251
1677142819874 0.17933964729309082 252
1677142820775 0.9006040096282959 253
1677142820942 0.1681520938873291 254
1677142821814 0.8702960014343262 255
1677142821985 0.17485928535461426 256
1677142822845 0.8566720485687256 257
1677142823011 0.1669764518737793 258
1677142823868 0.8553767204284668 259
1677142824038 0.1724100112915039 260
1677142824989 0.950092077255249 261
1677142825155 0.16795921325683594 262
1677142826020 0.8629724979400635 263
1677142826189 0.16814708709716797 264
1677142827056 0.8677709102630615 265
1677142827227 0.1683666706085205 266
1677142828097 0.870161771774292 267
1677142828269 0.17475318908691406 268
1677142829127 0.8569066524505615 269
1677142829296 0.16900873184204102 270
1677142830267 0.9710559844970703 271
1677142830442 0.17625212669372559 272
1677142831320 0.8795788288116455 273
1677142831489 0.16608357429504395 274
1677142832355 0.8641014099121094 275
1677142832523 0.16983866691589355 276
1677142833407 0.8841464519500732 277
1677142833578 0.16901493072509766 278
1677142834463 0.885148286819458 279
1677142834635 0.17328333854675293 280
1677142835509 0.8754973411560059 281
1677142835682 0.17197084426879883 282
1677142836631 0.9489865303039551 283
1677142836809 0.1721968650817871 284
1677142837689 0.8851306438446045 285
1677142837863 0.1737833023071289 286
1677142838765 0.9014978408813477 287
1677142838942 0.1756141185760498 288
1677142839832 0.8930997848510742 289
1677142840026 0.19295740127563477 290
1677142840959 0.9316287040710449 291
1677142841130 0.17426371574401855 292
1677142842078 0.9459972381591797 293
1677142842247 0.17067790031433105 294
1677142843112 0.8610870838165283 295
1677142843282 0.17298197746276855 296
1677142844147 0.8649899959564209 297
1677142844319 0.1704568862915039 298
1677142845220 0.8995800018310547 299
1677142845388 0.17198753356933594 300
1677142845555 0.1631765365600586 301
