1677142689144 0.0 1
1677142689301 0.0 2
1677142690147 0.0 3
1677142690305 0.0 4
1677142691240 0.0 5
1677142691388 0.0 6
1677142692245 0.0 7
1677142692398 0.0 8
1677142693267 0.0 9
1677142693435 0.0 10
1677142694301 0.0 11
1677142694462 0.0 12
1677142695313 0.0 13
1677142695499 0.0 14
1677142696361 0.0 15
1677142696512 0.0 16
1677142697441 0.0 17
1677142697600 0.0 18
1677142698445 0.0 19
1677142698603 0.0 20
1677142699454 0.0 21
1677142699614 0.0 22
1677142700465 0.0 23
1677142700624 0.0 24
1677142701481 0.0 25
1677142701634 0.0 26
1677142702578 0.0 27
1677142702733 0.0 28
1677142703594 0.0 29
1677142703752 0.0 30
1677142704599 0.0 31
1677142704764 0.0 32
1677142705677 0.0 33
1677142705841 0.0 34
1677142706750 0.0 35
1677142706914 0.0 36
1677142707764 0.0 37
1677142707921 0.0 38
1677142708845 0.0 39
1677142709010 0.0 40
1677142709866 0.0 41
1677142710040 0.0 42
1677142710885 0.0 43
1677142711046 0.0 44
1677142711891 0.0 45
1677142712047 0.0 46
1677142712893 0.0 47
1677142713053 0.0 48
1677142713939 0.0 49
1677142714174 0.0 50
1677142715019 0.0 51
1677142715178 0.0 52
1677142716035 0.0 53
1677142716196 0.0 54
1677142717068 0.0 55
1677142717227 0.0 56
1677142718101 0.0 57
1677142718261 0.0 58
1677142719114 0.0 59
1677142719280 0.0 60
1677142720218 0.0 61
1677142720380 0.0 62
1677142721239 0.0 63
1677142721400 0.0 64
1677142722297 0.0 65
1677142722451 0.0 66
1677142723310 0.0 67
1677142723475 0.0 68
1677142724341 0.0 69
1677142724506 0.0 70
1677142725345 0.0 71
1677142725581 0.0 72
1677142726424 0.0 73
1677142726591 0.0 74
1677142727448 0.0 75
1677142727609 0.0 76
1677142728456 0.0 77
1677142728615 0.0 78
1677142729469 0.0 79
1677142729630 0.0 80
1677142730527 0.0 81
1677142730686 0.0 82
1677142731628 0.0 83
1677142731814 0.0 84
1677142732694 0.0 85
1677142732856 0.0 86
1677142733708 0.0 87
1677142733868 0.0 88
1677142734720 0.0 89
1677142734881 0.0 90
1677142735754 0.0 91
1677142735916 0.0 92
1677142736763 0.0 93
1677142736997 0.0 94
1677142737862 0.0 95
1677142738026 0.0 96
1677142738881 0.0 97
1677142739040 0.0 98
1677142739926 0.0 99
1677142740097 0.0 100
1677142740959 0.0 101
1677142741123 0.0 102
1677142741974 0.0 103
1677142742138 0.0 104
1677142743081 0.0 105
1677142743238 0.0 106
1677142744088 0.0 107
1677142744248 0.0 108
1677142745092 0.0 109
1677142745257 0.0 110
1677142746112 0.0 111
1677142746276 0.0 112
1677142747162 0.0 113
1677142747319 0.0 114
1677142748181 0.0 115
1677142748344 0.0 116
1677142749317 0.0 117
1677142749480 0.0 118
1677142750332 0.0 119
1677142750497 0.0 120
1677142751359 0.0 121
1677142751530 0.0 122
1677142752389 0.0 123
1677142752549 0.0 124
1677142753410 0.0 125
1677142753572 0.0 126
1677142754518 0.0 127
1677142754676 0.0 128
1677142755546 0.0 129
1677142755710 0.0 130
1677142756587 0.0 131
1677142756751 0.0 132
1677142757647 0.0 133
1677142757811 0.0 134
1677142758679 0.0 135
1677142758844 0.0 136
1677142759709 0.0 137
1677142759869 0.0 138
1677142760798 0.0 139
1677142760964 0.0 140
1677142761821 0.0 141
1677142761997 0.0 142
1677142762853 0.0 143
1677142763016 0.0 144
1677142763884 0.0 145
1677142764050 0.0 146
1677142764910 0.0 147
1677142765074 0.0 148
1677142766016 0.0 149
1677142766220 0.0 150
1677142767068 0.0 151
1677142767234 0.0 152
1677142768090 0.0 153
1677142768253 0.0 154
1677142769123 0.0 155
1677142769288 0.0 156
1677142770163 0.0 157
1677142770325 0.0 158
1677142771196 0.0 159
1677142771366 0.0 160
1677142772297 0.0 161
1677142772464 0.0 162
1677142773321 0.0 163
1677142773483 0.0 164
1677142774340 0.0 165
1677142774504 0.0 166
1677142775371 0.0 167
1677142775535 0.0 168
1677142776387 0.0 169
1677142776587 0.0 170
1677142777528 0.0 171
1677142777694 0.0 172
1677142778552 0.0 173
1677142778716 0.0 174
1677142779573 0.0 175
1677142779740 0.0 176
1677142780600 0.0 177
1677142780768 0.0 178
1677142781628 0.0 179
1677142781804 0.0 180
1677142782666 0.0 181
1677142782837 0.0 182
1677142783764 0.0 183
1677142783928 0.0 184
1677142784817 0.0 185
1677142784983 0.0 186
1677142785890 0.0 187
1677142786055 0.0 188
1677142786924 0.0 189
1677142787091 0.0 190
1677142787962 0.0 191
1677142788132 0.0 192
1677142788996 0.0 193
1677142789235 0.0 194
1677142790101 0.0 195
1677142790266 0.0 196
1677142791138 0.0 197
1677142791304 0.0 198
1677142792165 0.0 199
1677142792337 0.0 200
1677142793191 0.0 201
1677142793361 0.0 202
1677142794225 0.0 203
1677142794401 0.0 204
1677142795379 0.0 205
1677142795550 0.0 206
1677142796416 0.0 207
1677142796578 0.0 208
1677142797446 0.0 209
1677142797621 0.0 210
1677142798492 0.0 211
1677142798664 0.0 212
1677142799530 0.0 213
1677142799698 0.0 214
1677142800561 0.0 215
1677142800806 0.0 216
1677142801672 0.0 217
1677142801838 0.0 218
1677142802709 0.0 219
1677142802918 0.0 220
1677142803784 0.0 221
1677142803949 0.0 222
1677142804811 0.0 223
1677142804982 0.0 224
1677142805840 0.0 225
1677142806009 0.0 226
1677142806966 0.0 227
1677142807134 0.0 228
1677142808007 0.0 229
1677142808178 0.0 230
1677142809043 0.0 231
1677142809214 0.0 232
1677142810081 0.0 233
1677142810252 0.0 234
1677142811126 0.0 235
1677142811297 0.0 236
1677142812274 0.0 237
1677142812513 0.0 238
1677142813394 0.0 239
1677142813564 0.0 240
1677142814442 0.0 241
1677142814613 0.0 242
1677142815482 0.0 243
1677142815650 0.0 244
1677142816527 0.0 245
1677142816697 0.0 246
1677142817563 0.0 247
1677142817733 0.0 248
1677142818668 0.0 249
1677142818850 0.0 250
1677142819711 0.0 251
1677142819885 0.0 252
1677142820786 0.0 253
1677142820953 0.0 254
1677142821826 0.0 255
1677142821995 0.0 256
1677142822856 0.0 257
1677142823021 0.0 258
1677142823879 0.0 259
1677142824048 0.0 260
1677142824999 0.0 261
1677142825166 0.0 262
1677142826030 0.0 263
1677142826201 0.0 264
1677142827066 0.0 265
1677142827237 0.0 266
1677142828108 0.0 267
1677142828280 0.0 268
1677142829138 0.0 269
1677142829307 0.0 270
1677142830278 0.0 271
1677142830453 0.0 272
1677142831331 0.0 273
1677142831499 0.0 274
1677142832364 0.0 275
1677142832534 0.0 276
1677142833417 0.0 277
1677142833588 0.0 278
1677142834473 0.0 279
1677142834646 0.0 280
1677142835520 0.0 281
1677142835693 0.0 282
1677142836641 0.0 283
1677142836820 0.0 284
1677142837700 0.0 285
1677142837874 0.0 286
1677142838776 0.0 287
1677142838956 0.0 288
1677142839845 0.0 289
1677142840038 0.0 290
1677142840971 0.0 291
1677142841141 0.0 292
1677142842089 0.0 293
1677142842258 0.0 294
1677142843122 0.0 295
1677142843293 0.0 296
1677142844158 0.0 297
1677142844329 0.0 298
1677142845230 0.0 299
1677142845398 0.0 300
1677142845565 0.0 301
