1680271159150 0.0 1
1680271159295 0.0 2
1680271160339 0.0 3
1680271160472 0.0 4
1680271161595 0.0 5
1680271161846 0.0 6
1680271163056 0.0 7
1680271163197 0.0 8
1680271164347 0.0 9
1680271164500 0.0 10
1680271165691 0.0 11
1680271165834 0.0 12
1680271166982 0.0 13
1680271167129 0.0 14
1680271168173 0.0 15
1680271168308 0.0 16
1680271169358 0.0 17
1680271169496 0.0 18
1680271170628 0.0 19
1680271170754 0.0 20
1680271171767 0.0 21
1680271171902 0.0 22
1680271172933 0.0 23
1680271173067 0.0 24
1680271174161 0.0 25
1680271174292 0.0 26
1680271175334 0.0 27
1680271175474 0.0 28
1680271176554 0.0 29
1680271176699 0.0 30
1680271177762 0.0 31
1680271177895 0.0 32
1680271179045 0.0 33
1680271179184 0.0 34
1680271180279 0.0 35
1680271180411 0.0 36
1680271181458 0.0 37
1680271181597 0.0 38
1680271182670 0.0 39
1680271182817 0.0 40
1680271183893 0.0 41
1680271184032 0.0 42
1680271185097 0.0 43
1680271185236 0.0 44
1680271186272 0.0 45
1680271186408 0.0 46
1680271187559 0.0 47
1680271187704 0.0 48
1680271188756 0.0 49
1680271188894 0.0 50
1680271189939 0.0 51
1680271190071 0.0 52
1680271191140 0.0 53
1680271191297 0.0 54
1680271192466 0.0 55
1680271192612 0.0 56
1680271193794 0.0 57
1680271193952 0.0 58
1680271195096 0.0 59
1680271195236 0.0 60
1680271196469 0.0 61
1680271196611 0.0 62
1680271197674 0.0 63
1680271197810 0.0 64
1680271198910 0.0 65
1680271199054 0.0 66
1680271200174 0.0 67
1680271200312 0.0 68
1680271201478 0.0 69
1680271201632 0.0 70
1680271202826 0.0 71
1680271202965 0.0 72
1680271204014 0.0 73
1680271204221 0.0 74
1680271205279 0.0 75
1680271205422 0.0 76
1680271206496 0.0 77
1680271206636 0.0 78
1680271207738 0.0 79
1680271207885 0.0 80
1680271208941 0.0 81
1680271209074 0.0 82
1680271210112 0.0 83
1680271210248 0.0 84
1680271211326 0.0 85
1680271211463 0.0 86
1680271212643 0.0 87
1680271212794 0.0 88
1680271213919 0.0 89
1680271214065 0.0 90
1680271215180 0.0 91
1680271215331 0.0 92
1680271216425 0.0 93
1680271216582 0.0 94
1680271217708 0.0 95
1680271217880 0.0 96
1680271219046 0.0 97
1680271219187 0.0 98
1680271220275 0.0 99
1680271220414 0.0 100
1680271221549 0.0 101
1680271221694 0.0 102
1680271222859 0.0 103
1680271223032 0.0 104
1680271224264 0.0 105
1680271224421 0.0 106
1680271225619 0.0 107
1680271225769 0.0 108
1680271226999 0.0 109
1680271227142 0.0 110
1680271228226 0.0 111
1680271228375 0.0 112
1680271229538 0.0 113
1680271229674 0.0 114
1680271230824 0.0 115
1680271230961 0.0 116
1680271232043 0.0 117
1680271232185 0.0 118
1680271233212 0.0 119
1680271233348 0.0 120
1680271234534 0.0 121
1680271234681 0.0 122
1680271235760 0.0 123
1680271235897 0.0 124
1680271236941 0.0 125
1680271237080 0.0 126
1680271238136 0.0 127
1680271238279 0.0 128
1680271239424 0.0 129
1680271239605 0.0 130
1680271240763 0.0 131
1680271240920 0.0 132
1680271242061 0.0 133
1680271242200 0.0 134
1680271243308 0.0 135
1680271243448 0.0 136
1680271244559 0.0 137
1680271244711 0.0 138
1680271245818 0.0 139
1680271245960 0.0 140
1680271247006 0.0 141
1680271247227 0.0 142
1680271248281 0.0 143
1680271248428 0.0 144
1680271249493 0.0 145
1680271249639 0.0 146
1680271250771 0.0 147
1680271250922 0.0 148
1680271252108 0.0 149
1680271252259 0.0 150
1680271253415 0.0 151
1680271253567 0.0 152
1680271254753 0.0 153
1680271254921 0.0 154
1680271256197 0.0 155
1680271256347 0.0 156
1680271257452 0.0 157
1680271257598 0.0 158
1680271258694 0.0 159
1680271258853 0.0 160
1680271259962 0.0 161
1680271260122 0.0 162
1680271261242 0.0 163
1680271261394 0.0 164
1680271262487 0.0 165
1680271262626 0.0 166
1680271263708 0.0 167
1680271263852 0.0 168
1680271265052 0.0 169
1680271265215 0.0 170
1680271266349 0.0 171
1680271266490 0.0 172
1680271267560 0.0 173
1680271267702 0.0 174
1680271268780 0.0 175
1680271268928 0.0 176
1680271270042 0.0 177
1680271270191 0.0 178
1680271271313 0.0 179
1680271271461 0.0 180
1680271272523 0.0 181
1680271272664 0.0 182
1680271273799 0.0 183
1680271273946 0.0 184
1680271275077 0.0 185
1680271275226 0.0 186
1680271276348 0.0 187
1680271276495 0.0 188
1680271277556 0.0 189
1680271277698 0.0 190
1680271278787 0.0 191
1680271278928 0.0 192
1680271280073 0.0 193
1680271280223 0.0 194
1680271281376 0.0 195
1680271281550 0.0 196
1680271282835 0.0 197
1680271282984 0.0 198
1680271284179 0.0 199
1680271284332 0.0 200
1680271285559 0.0 201
1680271285723 0.0 202
1680271286825 0.0 203
1680271286980 0.0 204
1680271288065 0.0 205
1680271288219 0.0 206
1680271289308 0.0 207
1680271289453 0.0 208
1680271290567 0.0 209
1680271290795 0.0 210
1680271291938 0.0 211
1680271292095 0.0 212
1680271293272 0.0 213
1680271293440 0.0 214
1680271294630 0.0 215
1680271294923 0.0 216
1680271296006 0.0 217
1680271296152 0.0 218
1680271297281 0.0 219
1680271297434 0.0 220
1680271298569 0.0 221
1680271298711 0.0 222
1680271299845 0.0 223
1680271299997 0.0 224
1680271301131 0.0 225
1680271301281 0.0 226
1680271302432 0.0 227
1680271302593 0.0 228
1680271303799 0.0 229
1680271303945 0.0 230
1680271305040 0.0 231
1680271305194 0.0 232
1680271306294 0.0 233
1680271306436 0.0 234
1680271307582 0.0 235
1680271307753 0.0 236
1680271308910 0.0 237
1680271309068 0.0 238
1680271310206 0.0 239
1680271310363 0.0 240
1680271311525 0.0 241
1680271311686 0.0 242
1680271312960 0.0 243
1680271313136 0.0 244
1680271314333 0.0 245
1680271314493 0.0 246
1680271315697 0.0 247
1680271315851 0.0 248
1680271316990 0.0 249
1680271317140 0.0 250
1680271318246 0.0 251
1680271318405 0.0 252
1680271319574 0.0 253
1680271319722 0.0 254
1680271320819 0.0 255
1680271320962 0.0 256
1680271322155 0.0 257
1680271322295 0.0 258
1680271323365 0.0 259
1680271323520 0.0 260
1680271324605 0.0 261
1680271324754 0.0 262
1680271325863 0.0 263
1680271326014 0.0 264
1680271327068 0.0 265
1680271327212 0.0 266
1680271328287 0.0 267
1680271328428 0.0 268
1680271329533 0.0 269
1680271329689 0.0 270
1680271330883 0.0 271
1680271331041 0.0 272
1680271332125 0.0 273
1680271332269 0.0 274
1680271333363 0.0 275
1680271333510 0.0 276
1680271334677 0.0 277
1680271334824 0.0 278
1680271335954 0.0 279
1680271336114 0.0 280
1680271337225 0.0 281
1680271337401 0.0 282
1680271338625 0.0 283
1680271338871 0.0 284
1680271339998 0.0 285
1680271340155 0.0 286
1680271341389 0.0 287
1680271341572 0.0 288
1680271342969 0.0 289
1680271343154 0.0 290
1680271344563 0.0 291
1680271344773 0.0 292
1680271346125 0.0 293
1680271346282 0.0 294
1680271347510 0.0 295
1680271347665 0.0 296
1680271348888 0.0 297
1680271349041 0.0 298
1680271350232 0.0 299
1680271350393 0.0 300
1680271351574 0.0 301
1680271351719 0.0 302
1680271352879 0.0 303
1680271353023 0.0 304
1680271354136 0.0 305
1680271354302 0.0 306
1680271355439 0.0 307
1680271355602 0.0 308
1680271356738 0.0 309
1680271356890 0.0 310
1680271358117 0.0 311
1680271358279 0.0 312
1680271359385 0.0 313
1680271359547 0.0 314
1680271360712 0.0 315
1680271360875 0.0 316
1680271362016 0.0 317
1680271362173 0.0 318
1680271363313 0.0 319
1680271363477 0.0 320
1680271364570 0.0 321
1680271364712 0.0 322
1680271365792 0.0 323
1680271365978 0.0 324
1680271367304 0.0 325
1680271367453 0.0 326
1680271368545 0.0 327
1680271368691 0.0 328
1680271369761 0.0 329
1680271369965 0.0 330
1680271371403 0.0 331
1680271371626 0.0 332
1680271373025 0.0 333
1680271373203 0.0 334
1680271374506 0.0 335
1680271374680 0.0 336
1680271375917 0.0 337
1680271376103 0.0 338
1680271377407 0.0 339
1680271377575 0.0 340
1680271378779 0.0 341
1680271378946 0.0 342
1680271380127 0.0 343
1680271380285 0.0 344
1680271381420 0.0 345
1680271381576 0.0 346
1680271382683 0.0 347
1680271382874 0.0 348
1680271384081 0.0 349
1680271384251 0.0 350
1680271385495 0.0 351
1680271385748 0.0 352
1680271386870 0.0 353
1680271387022 0.0 354
1680271388171 0.0 355
1680271388332 0.0 356
1680271389499 0.0 357
1680271389666 0.0 358
1680271390785 0.0 359
1680271390935 0.0 360
1680271392037 0.0 361
1680271392192 0.0 362
1680271393299 0.0 363
1680271393472 0.0 364
1680271394689 0.0 365
1680271394844 0.0 366
1680271395973 0.0 367
1680271396124 0.0 368
1680271397243 0.0 369
1680271397401 0.0 370
1680271398515 0.0 371
1680271398678 0.0 372
1680271399842 0.0 373
1680271400003 0.0 374
1680271401190 0.0 375
1680271401360 0.0 376
1680271402605 0.0 377
1680271402781 0.0 378
1680271404083 0.0 379
1680271404260 0.0 380
1680271405547 0.0 381
1680271405718 0.0 382
1680271406915 0.0 383
1680271407077 0.0 384
1680271408209 0.0 385
1680271408368 0.0 386
1680271409529 0.0 387
1680271409694 0.0 388
1680271410854 0.0 389
1680271411022 0.0 390
1680271412170 0.0 391
1680271412321 0.0 392
1680271413515 0.0 393
1680271413660 0.0 394
1680271414741 0.0 395
1680271414897 0.0 396
1680271416052 0.0 397
1680271416209 0.0 398
1680271417305 0.0 399
1680271417462 0.0 400
1680271417583 0.0 401
