1680271159161 0.0 1
1680271159309 0.0 2
1680271160349 0.0 3
1680271160483 0.0 4
1680271161607 0.0 5
1680271161858 0.0 6
1680271163066 0.0 7
1680271163208 0.0 8
1680271164357 0.0 9
1680271164514 0.0 10
1680271165701 0.0 11
1680271165847 0.0 12
1680271166992 0.0 13
1680271167140 0.0 14
1680271168183 0.0 15
1680271168319 0.0 16
1680271169367 0.0 17
1680271169507 0.0 18
1680271170638 0.0 19
1680271170765 0.0 20
1680271171782 0.0 21
1680271171913 0.0 22
1680271172943 0.0 23
1680271173077 0.0 24
1680271174171 0.0 25
1680271174302 0.0 26
1680271175345 0.0 27
1680271175485 0.0 28
1680271176564 0.0 29
1680271176709 0.0 30
1680271177772 0.0 31
1680271177904 0.0 32
1680271179056 0.0 33
1680271179194 0.0 34
1680271180289 0.0 35
1680271180419 0.0 36
1680271181468 0.0 37
1680271181608 0.0 38
1680271182683 0.0 39
1680271182826 0.0 40
1680271183903 0.0 41
1680271184043 0.0 42
1680271185106 0.0 43
1680271185246 0.0 44
1680271186281 0.0 45
1680271186419 0.0 46
1680271187569 0.0 47
1680271187714 0.0 48
1680271188765 0.0 49
1680271188904 0.0 50
1680271189948 0.0 51
1680271190081 0.0 52
1680271191150 0.0 53
1680271191308 0.0 54
1680271192480 0.0 55
1680271192623 0.0 56
1680271193808 0.0 57
1680271193963 0.0 58
1680271195106 0.0 59
1680271195246 0.0 60
1680271196481 0.0 61
1680271196622 0.0 62
1680271197684 0.0 63
1680271197820 0.0 64
1680271198921 0.0 65
1680271199063 0.0 66
1680271200183 0.0 67
1680271200322 0.0 68
1680271201489 0.0 69
1680271201648 0.0 70
1680271202835 0.0 71
1680271202975 0.0 72
1680271204023 0.0 73
1680271204230 0.0 74
1680271205289 0.0 75
1680271205431 0.0 76
1680271206505 0.0 77
1680271206646 0.0 78
1680271207750 0.0 79
1680271207894 0.0 80
1680271208951 0.0 81
1680271209083 0.0 82
1680271210121 0.0 83
1680271210258 0.0 84
1680271211337 0.0 85
1680271211473 0.0 86
1680271212653 0.0 87
1680271212806 0.0 88
1680271213928 0.0 89
1680271214074 0.0 90
1680271215190 0.0 91
1680271215342 0.0 92
1680271216434 0.0 93
1680271216592 0.0 94
1680271217718 0.0 95
1680271217895 0.0 96
1680271219057 0.0 97
1680271219196 0.0 98
1680271220288 0.0 99
1680271220424 0.0 100
1680271221558 0.0 101
1680271221704 0.0 102
1680271222872 0.0 103
1680271223044 0.0 104
1680271224274 0.0 105
1680271224431 0.0 106
1680271225629 0.0 107
1680271225778 0.0 108
1680271227010 0.0 109
1680271227151 0.0 110
1680271228236 0.0 111
1680271228388 0.0 112
1680271229546 0.0 113
1680271229683 0.0 114
1680271230832 0.0 115
1680271230970 0.0 116
1680271232054 0.0 117
1680271232196 0.0 118
1680271233222 0.0 119
1680271233358 0.0 120
1680271234543 0.0 121
1680271234691 0.0 122
1680271235770 0.0 123
1680271235907 0.0 124
1680271236951 0.0 125
1680271237089 0.0 126
1680271238145 0.0 127
1680271238289 0.0 128
1680271239432 0.0 129
1680271239620 0.0 130
1680271240774 0.0 131
1680271240931 0.0 132
1680271242069 0.0 133
1680271242210 0.0 134
1680271243319 0.0 135
1680271243460 0.0 136
1680271244576 0.0 137
1680271244722 0.0 138
1680271245829 0.0 139
1680271245969 0.0 140
1680271247016 0.0 141
1680271247238 0.0 142
1680271248290 0.0 143
1680271248439 0.0 144
1680271249504 0.0 145
1680271249649 0.0 146
1680271250781 0.0 147
1680271250932 0.0 148
1680271252118 0.0 149
1680271252269 0.0 150
1680271253425 0.0 151
1680271253578 0.0 152
1680271254762 0.0 153
1680271254936 0.0 154
1680271256206 0.0 155
1680271256357 0.0 156
1680271257462 0.0 157
1680271257608 0.0 158
1680271258704 0.0 159
1680271258864 0.0 160
1680271259972 0.0 161
1680271260134 0.0 162
1680271261253 0.0 163
1680271261404 0.0 164
1680271262496 0.0 165
1680271262637 0.0 166
1680271263718 0.0 167
1680271263862 0.0 168
1680271265062 0.0 169
1680271265225 0.0 170
1680271266359 0.0 171
1680271266500 0.0 172
1680271267570 0.0 173
1680271267711 0.0 174
1680271268791 0.0 175
1680271268939 0.0 176
1680271270052 0.0 177
1680271270200 0.0 178
1680271271323 0.0 179
1680271271471 0.0 180
1680271272532 0.0 181
1680271272673 0.0 182
1680271273810 0.0 183
1680271273958 0.0 184
1680271275087 0.0 185
1680271275236 0.0 186
1680271276357 0.0 187
1680271276505 0.0 188
1680271277565 0.0 189
1680271277707 0.0 190
1680271278796 0.0 191
1680271278937 0.0 192
1680271280085 0.0 193
1680271280232 0.0 194
1680271281386 0.0 195
1680271281562 0.0 196
1680271282845 0.0 197
1680271282995 0.0 198
1680271284188 0.0 199
1680271284343 0.0 200
1680271285571 0.0 201
1680271285734 0.0 202
1680271286835 0.0 203
1680271286990 0.0 204
1680271288077 0.0 205
1680271288229 0.0 206
1680271289318 0.0 207
1680271289462 0.0 208
1680271290578 0.0 209
1680271290805 0.0 210
1680271291951 0.0 211
1680271292107 0.0 212
1680271293281 0.0 213
1680271293449 0.0 214
1680271294640 0.0 215
1680271294934 0.0 216
1680271296015 0.0 217
1680271296162 0.0 218
1680271297291 0.0 219
1680271297445 0.0 220
1680271298579 0.0 221
1680271298720 0.0 222
1680271299855 0.0 223
1680271300006 0.0 224
1680271301141 0.0 225
1680271301291 0.0 226
1680271302442 0.0 227
1680271302603 0.0 228
1680271303810 0.0 229
1680271303955 0.0 230
1680271305050 0.0 231
1680271305205 0.0 232
1680271306304 0.0 233
1680271306445 0.0 234
1680271307594 0.0 235
1680271307767 0.0 236
1680271308920 0.0 237
1680271309078 0.0 238
1680271310217 0.0 239
1680271310374 0.0 240
1680271311537 0.0 241
1680271311698 0.0 242
1680271312970 0.0 243
1680271313151 0.0 244
1680271314344 0.0 245
1680271314504 0.0 246
1680271315708 0.0 247
1680271315862 0.0 248
1680271317000 0.0 249
1680271317149 0.0 250
1680271318256 0.0 251
1680271318415 0.0 252
1680271319583 0.0 253
1680271319731 0.0 254
1680271320828 0.0 255
1680271320972 0.0 256
1680271322163 0.0 257
1680271322305 0.0 258
1680271323375 0.0 259
1680271323530 0.0 260
1680271324615 0.0 261
1680271324764 0.0 262
1680271325873 0.0 263
1680271326023 0.0 264
1680271327077 0.0 265
1680271327221 0.0 266
1680271328296 0.0 267
1680271328437 0.0 268
1680271329544 0.0 269
1680271329698 0.0 270
1680271330893 0.0 271
1680271331050 0.0 272
1680271332134 0.0 273
1680271332280 0.0 274
1680271333373 0.0 275
1680271333522 0.0 276
1680271334686 0.0 277
1680271334838 0.0 278
1680271335965 0.0 279
1680271336125 0.0 280
1680271337235 0.0 281
1680271337412 0.0 282
1680271338635 0.0 283
1680271338881 0.0 284
1680271340009 0.0 285
1680271340164 0.0 286
1680271341399 0.0 287
1680271341584 0.0 288
1680271342981 0.0 289
1680271343171 0.0 290
1680271344576 0.0 291
1680271344785 0.0 292
1680271346136 0.0 293
1680271346293 0.0 294
1680271347520 0.0 295
1680271347676 0.0 296
1680271348898 0.0 297
1680271349051 0.0 298
1680271350242 0.0 299
1680271350404 0.0 300
1680271351584 0.0 301
1680271351729 0.0 302
1680271352889 0.0 303
1680271353033 0.0 304
1680271354146 0.0 305
1680271354311 0.0 306
1680271355451 0.0 307
1680271355614 0.0 308
1680271356747 0.0 309
1680271356900 0.0 310
1680271358129 0.0 311
1680271358290 0.0 312
1680271359395 0.0 313
1680271359558 0.0 314
1680271360722 0.0 315
1680271360887 0.0 316
1680271362026 0.0 317
1680271362182 0.0 318
1680271363324 0.0 319
1680271363488 0.0 320
1680271364579 0.0 321
1680271364722 0.0 322
1680271365802 0.0 323
1680271365993 0.0 324
1680271367314 0.0 325
1680271367462 0.0 326
1680271368554 0.0 327
1680271368701 0.0 328
1680271369772 0.0 329
1680271369981 0.0 330
1680271371417 0.0 331
1680271371639 0.0 332
1680271373036 0.0 333
1680271373214 0.0 334
1680271374517 0.0 335
1680271374690 0.0 336
1680271375929 0.0 337
1680271376113 0.0 338
1680271377417 0.0 339
1680271377585 0.0 340
1680271378789 0.0 341
1680271378956 0.0 342
1680271380139 0.0 343
1680271380295 0.0 344
1680271381430 0.0 345
1680271381586 0.0 346
1680271382694 0.0 347
1680271382887 0.0 348
1680271384091 0.0 349
1680271384261 0.0 350
1680271385507 0.0 351
1680271385758 0.0 352
1680271386879 0.0 353
1680271387030 0.0 354
1680271388182 0.0 355
1680271388344 0.0 356
1680271389508 0.0 357
1680271389675 0.0 358
1680271390795 0.0 359
1680271390945 0.0 360
1680271392046 0.0 361
1680271392202 0.0 362
1680271393310 0.0 363
1680271393482 0.0 364
1680271394699 0.0 365
1680271394854 0.0 366
1680271395982 0.0 367
1680271396135 0.0 368
1680271397252 0.0 369
1680271397410 0.0 370
1680271398525 0.0 371
1680271398689 0.0 372
1680271399852 0.0 373
1680271400012 0.0 374
1680271401200 0.0 375
1680271401374 0.0 376
1680271402615 0.0 377
1680271402794 0.0 378
1680271404093 0.0 379
1680271404270 0.0 380
1680271405558 0.0 381
1680271405728 0.0 382
1680271406925 0.0 383
1680271407087 0.0 384
1680271408219 0.0 385
1680271408378 0.0 386
1680271409540 0.0 387
1680271409707 0.0 388
1680271410864 0.0 389
1680271411032 0.0 390
1680271412182 0.0 391
1680271412331 0.0 392
1680271413525 0.0 393
1680271413670 0.0 394
1680271414750 0.0 395
1680271414907 0.0 396
1680271416061 0.0 397
1680271416219 0.0 398
1680271417315 0.0 399
1680271417472 0.0 400
1680271417593 0.0 401
