1680271159159 4.47210955619812 1
1680271159306 4.596080541610718 2
1680271160347 5.6460041999816895 3
1680271160480 5.774092435836792 4
1680271161606 6.8942975997924805 5
1680271161856 7.147975921630859 6
1680271163064 8.355262994766235 7
1680271163206 8.50031065940857 8
1680271164356 9.649783372879028 9
1680271164512 9.796008586883545 10
1680271165699 10.99613094329834 11
1680271165844 11.133628129959106 12
1680271166990 12.27987265586853 13
1680271167138 12.426040887832642 14
1680271168182 13.478226900100708 15
1680271168318 13.612330675125122 16
1680271169365 14.654348373413086 17
1680271169505 14.79901647567749 18
1680271170637 15.925894737243652 19
1680271170762 16.058236598968506 20
1680271171781 17.070056438446045 21
1680271171911 17.206132173538208 22
1680271172941 18.239417791366577 23
1680271173075 18.368006706237793 24
1680271174169 19.463027000427246 25
1680271174300 19.59828805923462 26
1680271175343 20.638796091079712 27
1680271175483 20.776905059814453 28
1680271176562 21.8499174118042 29
1680271176707 22.00054669380188 30
1680271177771 23.06393599510193 31
1680271177903 23.196162462234497 32
1680271179054 24.345285415649414 33
1680271179193 24.483718633651733 34
1680271180287 25.574008464813232 35
1680271180418 25.71501874923706 36
1680271181466 26.763500690460205 37
1680271181606 26.896072387695312 38
1680271182681 27.969909191131592 39
1680271182825 28.115103244781494 40
1680271183900 29.19225525856018 41
1680271184041 29.32894515991211 42
1680271185105 30.394071340560913 43
1680271185245 30.53732943534851 44
1680271186279 31.573756217956543 45
1680271186417 31.708877563476562 46
1680271187568 32.85410952568054 47
1680271187712 33.00106763839722 48
1680271188763 34.05618739128113 49
1680271188902 34.19217109680176 50
1680271189946 35.24060654640198 51
1680271190079 35.37327432632446 52
1680271191148 36.437095165252686 53
1680271191306 36.59272360801697 54
1680271192478 37.76133155822754 55
1680271192621 37.912209033966064 56
1680271193806 39.08435940742493 57
1680271193961 39.24499869346619 58
1680271195104 40.384039878845215 59
1680271195245 40.532703161239624 60
1680271196480 41.77015209197998 61
1680271196619 41.911993980407715 62
1680271197682 42.975224018096924 63
1680271197818 43.11077308654785 64
1680271198919 44.20313596725464 65
1680271199062 44.35113048553467 66
1680271200182 45.46820139884949 67
1680271200320 45.61010956764221 68
1680271201487 46.777055978775024 69
1680271201645 46.92297983169556 70
1680271202833 48.12158131599426 71
1680271202974 48.26366376876831 72
1680271204021 49.31407284736633 73
1680271204229 49.51953125 74
1680271205288 50.57751703262329 75
1680271205430 50.719151973724365 76
1680271206504 51.78879690170288 77
1680271206644 51.93220663070679 78
1680271207749 53.03935885429382 79
1680271207893 53.18408179283142 80
1680271208950 54.23622488975525 81
1680271209082 54.37317657470703 82
1680271210119 55.410492181777954 83
1680271210256 55.54587984085083 84
1680271211335 56.623074769973755 85
1680271211471 56.763585805892944 86
1680271212651 57.9360089302063 87
1680271212804 58.08889198303223 88
1680271213927 59.218109369277954 89
1680271214073 59.36266469955444 90
1680271215188 60.47911739349365 91
1680271215339 60.62339973449707 92
1680271216433 61.72002196311951 93
1680271216590 61.870656967163086 94
1680271217716 63.004026651382446 95
1680271217893 63.16315174102783 96
1680271219056 64.34308767318726 97
1680271219195 64.48388743400574 98
1680271220285 65.57103681564331 99
1680271220422 65.71190071105957 100
1680271221557 66.84812664985657 101
1680271221702 66.99303197860718 102
1680271222870 68.14923548698425 103
1680271223042 68.31727290153503 104
1680271224272 69.55320453643799 105
1680271224429 69.71315670013428 106
1680271225627 70.90911841392517 107
1680271225777 71.06320333480835 108
1680271227009 72.2980215549469 109
1680271227149 72.43791580200195 110
1680271228234 73.52110934257507 111
1680271228387 73.67288517951965 112
1680271229545 74.82746720314026 113
1680271229682 74.97425985336304 114
1680271230831 76.11596417427063 115
1680271230969 76.25920915603638 116
1680271232052 77.33936905860901 117
1680271232193 77.48051404953003 118
1680271233220 78.51104879379272 119
1680271233357 78.64811563491821 120
1680271234542 79.8242654800415 121
1680271234689 79.97735214233398 122
1680271235768 81.0579617023468 123
1680271235906 81.19736456871033 124
1680271236949 82.23968863487244 125
1680271237088 82.37806034088135 126
1680271238144 83.43336248397827 127
1680271238287 83.57000160217285 128
1680271239431 84.71910834312439 129
1680271239618 84.8800196647644 130
1680271240772 86.06120944023132 131
1680271240930 86.20753836631775 132
1680271242068 87.35827684402466 133
1680271242209 87.4996440410614 134
1680271243317 88.6052622795105 135
1680271243457 88.7438223361969 136
1680271244574 89.85889601707458 137
1680271244719 90.00629091262817 138
1680271245827 91.11206078529358 139
1680271245968 91.25812268257141 140
1680271247014 92.30234599113464 141
1680271247237 92.52335691452026 142
1680271248289 93.57166767120361 143
1680271248436 93.72527861595154 144
1680271249503 94.78840017318726 145
1680271249647 94.93312311172485 146
1680271250778 96.06110119819641 147
1680271250930 96.21405601501465 148
1680271252115 97.39742422103882 149
1680271252268 97.55323243141174 150
1680271253424 98.70843720436096 151
1680271253576 98.8577196598053 152
1680271254761 100.03814196586609 153
1680271254933 100.20815825462341 154
1680271256204 101.49409818649292 155
1680271256355 101.63389945030212 156
1680271257459 102.74742078781128 157
1680271257607 102.89222645759583 158
1680271258702 103.9862687587738 159
1680271258862 104.14601469039917 160
1680271259970 105.25125050544739 161
1680271260132 105.41288661956787 162
1680271261251 106.53382563591003 163
1680271261402 106.68513560295105 164
1680271262495 107.77951288223267 165
1680271262636 107.9201488494873 166
1680271263716 108.99655222892761 167
1680271263860 109.14419198036194 168
1680271265059 110.34100389480591 169
1680271265223 110.50171422958374 170
1680271266357 111.64378881454468 171
1680271266498 111.78376984596252 172
1680271267568 112.85105729103088 173
1680271267710 112.99802207946777 174
1680271268789 114.06826066970825 175
1680271268937 114.22028708457947 176
1680271270051 115.33364725112915 177
1680271270199 115.48249077796936 178
1680271271322 116.60606598854065 179
1680271271469 116.7541561126709 180
1680271272530 117.81319570541382 181
1680271272672 117.96012091636658 182
1680271273808 119.09027528762817 183
1680271273956 119.2390923500061 184
1680271275085 120.3670744895935 185
1680271275234 120.51533937454224 186
1680271276355 121.64264416694641 187
1680271276503 121.78631377220154 188
1680271277563 122.84725189208984 189
1680271277706 122.99214696884155 190
1680271278795 124.07948470115662 191
1680271278936 124.22203469276428 192
1680271280083 125.3639497756958 193
1680271280231 125.51235222816467 194
1680271281384 126.66534399986267 195
1680271281560 126.83405756950378 196
1680271282843 128.12587594985962 197
1680271282993 128.27383065223694 198
1680271284186 129.46511483192444 199
1680271284342 129.62218832969666 200
1680271285569 130.84274291992188 201
1680271285732 131.0060169696808 202
1680271286833 132.12014365196228 203
1680271286989 132.26944637298584 204
1680271288076 133.35713005065918 205
1680271288227 133.507967710495 206
1680271289316 134.6021249294281 207
1680271289460 134.74534583091736 208
1680271290576 135.85600066184998 209
1680271290803 136.08715915679932 210
1680271291949 137.2270450592041 211
1680271292105 137.38378858566284 212
1680271293280 138.5590419769287 213
1680271293447 138.72400641441345 214
1680271294638 139.9585030078888 215
1680271294932 140.06795406341553 216
1680271296014 141.33534336090088 217
1680271296160 141.44603633880615 218
1680271297289 142.5762221813202 219
1680271297443 142.72586798667908 220
1680271298577 143.85957503318787 221
1680271298719 144.00348377227783 222
1680271299854 145.12609148025513 223
1680271300005 145.28610587120056 224
1680271301140 146.41104650497437 225
1680271301290 146.56840443611145 226
1680271302440 147.72208333015442 227
1680271302601 147.87310099601746 228
1680271303808 149.0921757221222 229
1680271303953 149.2343602180481 230
1680271305048 150.3278102874756 231
1680271305202 150.48376560211182 232
1680271306302 151.58602643013 233
1680271306443 151.7291693687439 234
1680271307592 152.8643250465393 235
1680271307765 153.0360460281372 236
1680271308919 154.1971411705017 237
1680271309077 154.35496520996094 238
1680271310216 155.49848437309265 239
1680271310373 155.6460268497467 240
1680271311535 156.80691003799438 241
1680271311696 156.96746063232422 242
1680271312969 158.24328660964966 243
1680271313148 158.41202592849731 244
1680271314342 159.6190800666809 245
1680271314502 159.77511835098267 246
1680271315706 160.9784698486328 247
1680271315861 161.13630867004395 248
1680271316999 162.27933859825134 249
1680271317147 162.4273693561554 250
1680271318254 163.53379583358765 251
1680271318414 163.6908061504364 252
1680271319582 164.8620948791504 253
1680271319729 165.01213026046753 254
1680271320827 166.11027145385742 255
1680271320970 166.25412940979004 256
1680271322162 167.44295382499695 257
1680271322303 167.58779096603394 258
1680271323373 168.65517568588257 259
1680271323528 168.80706357955933 260
1680271324614 169.89806008338928 261
1680271324762 170.0438630580902 262
1680271325871 171.1530773639679 263
1680271326022 171.30131244659424 264
1680271327076 172.36106252670288 265
1680271327219 172.5042428970337 266
1680271328295 173.58121013641357 267
1680271328435 173.72075867652893 268
1680271329542 174.8249454498291 269
1680271329696 174.97601890563965 270
1680271330891 176.17519617080688 271
1680271331049 176.32608556747437 272
1680271332133 177.4172854423523 273
1680271332279 177.5619649887085 274
1680271333372 178.65597343444824 275
1680271333520 178.80317044258118 276
1680271334685 179.9641661643982 277
1680271334835 180.11375856399536 278
1680271335963 181.24245762825012 279
1680271336123 181.40207743644714 280
1680271337233 182.51411390304565 281
1680271337410 182.67939734458923 282
1680271338633 183.9076280593872 283
1680271338879 184.15894031524658 284
1680271340008 185.28526258468628 285
1680271340162 185.4429748058319 286
1680271341398 186.66796684265137 287
1680271341582 186.84501576423645 288
1680271342979 188.2390775680542 289
1680271343169 188.41987538337708 290
1680271344574 189.84022092819214 291
1680271344783 190.03293132781982 292
1680271346134 191.41388463974 293
1680271346292 191.56137657165527 294
1680271347519 192.78417921066284 295
1680271347673 192.95357155799866 296
1680271348896 194.17315411567688 297
1680271349049 194.33053350448608 298
1680271350240 195.52110123634338 299
1680271350402 195.6759741306305 300
1680271351582 196.86143136024475 301
1680271351727 197.00933289527893 302
1680271352888 198.16090536117554 303
1680271353031 198.31151866912842 304
1680271354144 199.41927790641785 305
1680271354310 199.58405351638794 306
1680271355449 200.7207326889038 307
1680271355612 200.88808846473694 308
1680271356746 202.02846765518188 309
1680271356899 202.17324328422546 310
1680271358127 203.398033618927 311
1680271358288 203.5605170726776 312
1680271359393 204.6742799282074 313
1680271359556 204.82734656333923 314
1680271360721 205.99836683273315 315
1680271360885 206.15753388404846 316
1680271362024 207.3026261329651 317
1680271362180 207.45619750022888 318
1680271363323 208.5972683429718 319
1680271363486 208.75801753997803 320
1680271364578 209.85509586334229 321
1680271364721 210.00413823127747 322
1680271365800 211.07798027992249 323
1680271365990 211.2503490447998 324
1680271367313 212.58599829673767 325
1680271367459 212.7421727180481 326
1680271368553 213.82951951026917 327
1680271368700 213.98049807548523 328
1680271369770 215.0481355190277 329
1680271369978 215.22287464141846 330
1680271371415 216.66175985336304 331
1680271371637 216.88744258880615 332
1680271373034 218.30163764953613 333
1680271373211 218.48150086402893 334
1680271374515 219.78619718551636 335
1680271374689 219.95395064353943 336
1680271375927 221.19511556625366 337
1680271376112 221.3765983581543 338
1680271377414 222.68443489074707 339
1680271377584 222.85809969902039 340
1680271378788 224.06255984306335 341
1680271378954 224.22818875312805 342
1680271380137 225.4128077030182 343
1680271380293 225.5681276321411 344
1680271381428 226.70185256004333 345
1680271381585 226.8603732585907 346
1680271382692 227.96730828285217 347
1680271382883 228.13835453987122 348
1680271384090 229.36545157432556 349
1680271384260 229.5278718471527 350
1680271385505 230.77374053001404 351
1680271385757 231.02907991409302 352
1680271386878 232.15391063690186 353
1680271387029 232.30928230285645 354
1680271388180 233.45525789260864 355
1680271388342 233.61523485183716 356
1680271389507 234.78443908691406 357
1680271389674 234.9432590007782 358
1680271390794 236.0678243637085 359
1680271390943 236.2210853099823 360
1680271392045 237.31614899635315 361
1680271392201 237.4739420413971 362
1680271393308 238.58632040023804 363
1680271393481 238.74402809143066 364
1680271394698 239.9722888469696 365
1680271394853 240.12504482269287 366
1680271395980 241.25420570373535 367
1680271396134 241.41242671012878 368
1680271397251 242.52801060676575 369
1680271397409 242.68096709251404 370
1680271398524 243.80024552345276 371
1680271398687 243.9590618610382 372
1680271399851 245.12793111801147 373
1680271400010 245.27877163887024 374
1680271401198 246.4574158191681 375
1680271401371 246.6338722705841 376
1680271402613 247.8798704147339 377
1680271402792 248.0539014339447 378
1680271404092 249.35398507118225 379
1680271404269 249.53347325325012 380
1680271405556 250.81997156143188 381
1680271405726 250.99110507965088 382
1680271406923 252.19514393806458 383
1680271407086 252.35378742218018 384
1680271408217 253.49048781394958 385
1680271408376 253.65181493759155 386
1680271409538 254.8070673942566 387
1680271409705 254.972913980484 388
1680271410863 256.1408565044403 389
1680271411030 256.305016040802 390
1680271412180 257.453741312027 391
1680271412329 257.6077411174774 392
1680271413524 258.80287742614746 393
1680271413669 258.9499182701111 394
1680271414748 260.0251588821411 395
1680271414906 260.18277525901794 396
1680271416060 261.33889508247375 397
1680271416217 261.49062514305115 398
1680271417314 262.5903010368347 399
1680271417471 262.740300655365 400
1680271417591 262.8693058490753 401
