1680271159164 0.004073381423950195 1
1680271159312 0.004073381423950195 2
1680271160352 0.004073381423950195 3
1680271160486 0.004073381423950195 4
1680271161611 0.004073381423950195 5
1680271161863 0.004073381423950195 6
1680271163069 0.004073381423950195 7
1680271163211 0.004073381423950195 8
1680271164361 0.004073381423950195 9
1680271164519 0.004073381423950195 10
1680271165705 0.004073381423950195 11
1680271165851 0.004073381423950195 12
1680271166995 0.004073381423950195 13
1680271167144 0.004073381423950195 14
1680271168187 0.004073381423950195 15
1680271168322 0.004073381423950195 16
1680271169370 0.004073381423950195 17
1680271169511 0.004073381423950195 18
1680271170641 0.004073381423950195 19
1680271170768 0.004073381423950195 20
1680271171785 0.004073381423950195 21
1680271171916 0.004073381423950195 22
1680271172946 0.004073381423950195 23
1680271173081 0.004073381423950195 24
1680271174174 0.004073381423950195 25
1680271174304 0.004073381423950195 26
1680271175348 0.004073381423950195 27
1680271175488 0.004073381423950195 28
1680271176567 0.004073381423950195 29
1680271176713 0.004073381423950195 30
1680271177775 0.004073381423950195 31
1680271177908 0.004073381423950195 32
1680271179059 0.004073381423950195 33
1680271179198 0.004073381423950195 34
1680271180292 0.004073381423950195 35
1680271180423 0.004073381423950195 36
1680271181472 0.004073381423950195 37
1680271181611 0.004073381423950195 38
1680271182688 0.004073381423950195 39
1680271182829 0.004073381423950195 40
1680271183906 0.004073381423950195 41
1680271184045 0.004073381423950195 42
1680271185110 0.004073381423950195 43
1680271185250 0.004073381423950195 44
1680271186284 0.004073381423950195 45
1680271186423 0.004073381423950195 46
1680271187572 0.004073381423950195 47
1680271187717 0.004073381423950195 48
1680271188768 0.004073381423950195 49
1680271188907 0.004073381423950195 50
1680271189951 0.004073381423950195 51
1680271190084 0.004073381423950195 52
1680271191153 0.004073381423950195 53
1680271191311 0.004073381423950195 54
1680271192483 0.004073381423950195 55
1680271192628 0.004073381423950195 56
1680271193812 0.004073381423950195 57
1680271193968 0.004073381423950195 58
1680271195109 0.004073381423950195 59
1680271195250 0.004073381423950195 60
1680271196484 0.004073381423950195 61
1680271196626 0.004073381423950195 62
1680271197687 0.004073381423950195 63
1680271197823 0.004073381423950195 64
1680271198924 0.004073381423950195 65
1680271199067 0.004073381423950195 66
1680271200187 0.004073381423950195 67
1680271200325 0.004073381423950195 68
1680271201492 0.004073381423950195 69
1680271201655 0.004073381423950195 70
1680271202838 0.004073381423950195 71
1680271202979 0.004073381423950195 72
1680271204026 0.004073381423950195 73
1680271204233 0.004073381423950195 74
1680271205292 0.004073381423950195 75
1680271205435 0.004073381423950195 76
1680271206508 0.004073381423950195 77
1680271206649 0.004073381423950195 78
1680271207754 0.004073381423950195 79
1680271207898 0.004073381423950195 80
1680271208954 0.004073381423950195 81
1680271209086 0.004073381423950195 82
1680271210124 0.004073381423950195 83
1680271210262 0.004073381423950195 84
1680271211341 0.004073381423950195 85
1680271211476 0.004073381423950195 86
1680271212656 0.004073381423950195 87
1680271212810 0.004073381423950195 88
1680271213932 0.004073381423950195 89
1680271214078 0.004073381423950195 90
1680271215193 0.004073381423950195 91
1680271215345 0.004073381423950195 92
1680271216438 0.004073381423950195 93
1680271216595 0.004073381423950195 94
1680271217721 0.004073381423950195 95
1680271217899 0.004073381423950195 96
1680271219061 0.004073381423950195 97
1680271219199 0.004073381423950195 98
1680271220291 0.004073381423950195 99
1680271220427 0.004073381423950195 100
1680271221562 0.004073381423950195 101
1680271221707 0.004073381423950195 102
1680271222875 0.004073381423950195 103
1680271223047 0.004073381423950195 104
1680271224277 0.004073381423950195 105
1680271224434 0.004073381423950195 106
1680271225633 0.004073381423950195 107
1680271225782 0.004073381423950195 108
1680271227013 0.004073381423950195 109
1680271227154 0.004073381423950195 110
1680271228239 0.004073381423950195 111
1680271228392 0.004073381423950195 112
1680271229550 0.004073381423950195 113
1680271229686 0.004073381423950195 114
1680271230836 0.004073381423950195 115
1680271230973 0.004073381423950195 116
1680271232057 0.004073381423950195 117
1680271232199 0.004073381423950195 118
1680271233224 0.004073381423950195 119
1680271233361 0.004073381423950195 120
1680271234546 0.004073381423950195 121
1680271234694 0.004073381423950195 122
1680271235773 0.004073381423950195 123
1680271235910 0.004073381423950195 124
1680271236955 0.004073381423950195 125
1680271237093 0.004073381423950195 126
1680271238149 0.004073381423950195 127
1680271238292 0.004073381423950195 128
1680271239436 0.004073381423950195 129
1680271239624 0.004073381423950195 130
1680271240777 0.004073381423950195 131
1680271240935 0.004073381423950195 132
1680271242073 0.004073381423950195 133
1680271242214 0.004073381423950195 134
1680271243322 0.004073381423950195 135
1680271243464 0.004073381423950195 136
1680271244579 0.004073381423950195 137
1680271244727 0.004073381423950195 138
1680271245832 0.004073381423950195 139
1680271245972 0.004073381423950195 140
1680271247020 0.004073381423950195 141
1680271247242 0.004073381423950195 142
1680271248293 0.004073381423950195 143
1680271248442 0.004073381423950195 144
1680271249508 0.004073381423950195 145
1680271249652 0.004073381423950195 146
1680271250784 0.004073381423950195 147
1680271250935 0.004073381423950195 148
1680271252121 0.004073381423950195 149
1680271252273 0.004073381423950195 150
1680271253428 0.004073381423950195 151
1680271253581 0.004073381423950195 152
1680271254766 0.004073381423950195 153
1680271254949 0.004073381423950195 154
1680271256209 0.004073381423950195 155
1680271256360 0.004073381423950195 156
1680271257465 0.004073381423950195 157
1680271257611 0.004073381423950195 158
1680271258707 0.004073381423950195 159
1680271258866 0.004073381423950195 160
1680271259975 0.004073381423950195 161
1680271260139 0.004073381423950195 162
1680271261257 0.004073381423950195 163
1680271261407 0.004073381423950195 164
1680271262500 0.004073381423950195 165
1680271262640 0.004073381423950195 166
1680271263721 0.004073381423950195 167
1680271263865 0.004073381423950195 168
1680271265065 0.004073381423950195 169
1680271265228 0.004073381423950195 170
1680271266362 0.004073381423950195 171
1680271266503 0.004073381423950195 172
1680271267573 0.004073381423950195 173
1680271267714 0.004073381423950195 174
1680271268794 0.004073381423950195 175
1680271268941 0.004073381423950195 176
1680271270055 0.004073381423950195 177
1680271270204 0.004073381423950195 178
1680271271326 0.004073381423950195 179
1680271271475 0.004073381423950195 180
1680271272536 0.004073381423950195 181
1680271272676 0.004073381423950195 182
1680271273812 0.004073381423950195 183
1680271273962 0.004073381423950195 184
1680271275090 0.004073381423950195 185
1680271275239 0.004073381423950195 186
1680271276361 0.004073381423950195 187
1680271276508 0.004073381423950195 188
1680271277569 0.004073381423950195 189
1680271277711 0.004073381423950195 190
1680271278799 0.004073381423950195 191
1680271278941 0.004073381423950195 192
1680271280089 0.004073381423950195 193
1680271280236 0.004073381423950195 194
1680271281390 0.004073381423950195 195
1680271281567 0.004073381423950195 196
1680271282848 0.004073381423950195 197
1680271282998 0.004073381423950195 198
1680271284193 0.004073381423950195 199
1680271284347 0.004073381423950195 200
1680271285575 0.004073381423950195 201
1680271285739 0.004073381423950195 202
1680271286839 0.004073381423950195 203
1680271286993 0.004073381423950195 204
1680271288080 0.004073381423950195 205
1680271288232 0.004073381423950195 206
1680271289321 0.004073381423950195 207
1680271289465 0.004073381423950195 208
1680271290582 0.004073381423950195 209
1680271290809 0.004073381423950195 210
1680271291954 0.004073381423950195 211
1680271292112 0.004073381423950195 212
1680271293286 0.004073381423950195 213
1680271293453 0.004073381423950195 214
1680271294642 0.004073381423950195 215
1680271294937 0.004073381423950195 216
1680271296018 0.004073381423950195 217
1680271296164 0.004073381423950195 218
1680271297294 0.004073381423950195 219
1680271297449 0.004073381423950195 220
1680271298582 0.004073381423950195 221
1680271298723 0.004073381423950195 222
1680271299859 0.004073381423950195 223
1680271300010 0.004073381423950195 224
1680271301144 0.004073381423950195 225
1680271301295 0.004073381423950195 226
1680271302445 0.004073381423950195 227
1680271302606 0.004073381423950195 228
1680271303812 0.004073381423950195 229
1680271303958 0.004073381423950195 230
1680271305053 0.004073381423950195 231
1680271305208 0.004073381423950195 232
1680271306307 0.004073381423950195 233
1680271306448 0.004073381423950195 234
1680271307597 0.004073381423950195 235
1680271307772 0.004073381423950195 236
1680271308924 0.004073381423950195 237
1680271309082 0.004073381423950195 238
1680271310221 0.004073381423950195 239
1680271310378 0.004073381423950195 240
1680271311540 0.004073381423950195 241
1680271311701 0.004073381423950195 242
1680271312974 0.004073381423950195 243
1680271313155 0.004073381423950195 244
1680271314347 0.004073381423950195 245
1680271314507 0.004073381423950195 246
1680271315711 0.004073381423950195 247
1680271315867 0.004073381423950195 248
1680271317004 0.004073381423950195 249
1680271317152 0.004073381423950195 250
1680271318259 0.004073381423950195 251
1680271318419 0.004073381423950195 252
1680271319586 0.004073381423950195 253
1680271319734 0.004073381423950195 254
1680271320831 0.004073381423950195 255
1680271320975 0.004073381423950195 256
1680271322166 0.004073381423950195 257
1680271322308 0.004073381423950195 258
1680271323379 0.004073381423950195 259
1680271323534 0.004073381423950195 260
1680271324619 0.004073381423950195 261
1680271324767 0.004073381423950195 262
1680271325876 0.004073381423950195 263
1680271326026 0.004073381423950195 264
1680271327081 0.004073381423950195 265
1680271327224 0.004073381423950195 266
1680271328300 0.004073381423950195 267
1680271328440 0.004073381423950195 268
1680271329549 0.004073381423950195 269
1680271329701 0.004073381423950195 270
1680271330896 0.004073381423950195 271
1680271331054 0.004073381423950195 272
1680271332137 0.004073381423950195 273
1680271332284 0.004073381423950195 274
1680271333376 0.004073381423950195 275
1680271333526 0.004073381423950195 276
1680271334690 0.004073381423950195 277
1680271334841 0.004073381423950195 278
1680271335969 0.004073381423950195 279
1680271336128 0.004073381423950195 280
1680271337238 0.004073381423950195 281
1680271337416 0.004073381423950195 282
1680271338638 0.004073381423950195 283
1680271338884 0.004073381423950195 284
1680271340012 0.004073381423950195 285
1680271340167 0.004073381423950195 286
1680271341403 0.004073381423950195 287
1680271341589 0.004073381423950195 288
1680271342986 0.004073381423950195 289
1680271343175 0.004073381423950195 290
1680271344581 0.004073381423950195 291
1680271344790 0.004073381423950195 292
1680271346139 0.004073381423950195 293
1680271346297 0.004073381423950195 294
1680271347524 0.004073381423950195 295
1680271347680 0.004073381423950195 296
1680271348902 0.004073381423950195 297
1680271349056 0.004073381423950195 298
1680271350245 0.004073381423950195 299
1680271350408 0.004073381423950195 300
1680271351587 0.004073381423950195 301
1680271351732 0.004073381423950195 302
1680271352892 0.004073381423950195 303
1680271353037 0.004073381423950195 304
1680271354150 0.004073381423950195 305
1680271354315 0.004073381423950195 306
1680271355454 0.004073381423950195 307
1680271355621 0.004073381423950195 308
1680271356750 0.004073381423950195 309
1680271356904 0.004073381423950195 310
1680271358132 0.004073381423950195 311
1680271358293 0.004073381423950195 312
1680271359397 0.004073381423950195 313
1680271359561 0.004073381423950195 314
1680271360726 0.004073381423950195 315
1680271360892 0.004073381423950195 316
1680271362029 0.004073381423950195 317
1680271362185 0.004073381423950195 318
1680271363328 0.004073381423950195 319
1680271363492 0.004073381423950195 320
1680271364582 0.004073381423950195 321
1680271364725 0.004073381423950195 322
1680271365805 0.004073381423950195 323
1680271366023 0.004073381423950195 324
1680271367318 0.004073381423950195 325
1680271367465 0.004073381423950195 326
1680271368558 0.004073381423950195 327
1680271368704 0.004073381423950195 328
1680271369776 0.004073381423950195 329
1680271369987 0.004073381423950195 330
1680271371421 0.004073381423950195 331
1680271371644 0.004073381423950195 332
1680271373040 0.004073381423950195 333
1680271373216 0.004073381423950195 334
1680271374521 0.004073381423950195 335
1680271374695 0.004073381423950195 336
1680271375934 0.004073381423950195 337
1680271376117 0.004073381423950195 338
1680271377422 0.004073381423950195 339
1680271377589 0.004073381423950195 340
1680271378793 0.004073381423950195 341
1680271378959 0.004073381423950195 342
1680271380142 0.004073381423950195 343
1680271380299 0.004073381423950195 344
1680271381433 0.004073381423950195 345
1680271381589 0.004073381423950195 346
1680271382697 0.004073381423950195 347
1680271382892 0.004073381423950195 348
1680271384095 0.004073381423950195 349
1680271384265 0.004073381423950195 350
1680271385512 0.004073381423950195 351
1680271385761 0.004073381423950195 352
1680271386883 0.004073381423950195 353
1680271387034 0.004073381423950195 354
1680271388185 0.004073381423950195 355
1680271388348 0.004073381423950195 356
1680271389512 0.004073381423950195 357
1680271389679 0.004073381423950195 358
1680271390799 0.004073381423950195 359
1680271390948 0.004073381423950195 360
1680271392050 0.004073381423950195 361
1680271392206 0.004073381423950195 362
1680271393313 0.004073381423950195 363
1680271393486 0.004073381423950195 364
1680271394703 0.004073381423950195 365
1680271394857 0.004073381423950195 366
1680271395986 0.004073381423950195 367
1680271396139 0.004073381423950195 368
1680271397256 0.004073381423950195 369
1680271397414 0.004073381423950195 370
1680271398528 0.004073381423950195 371
1680271398694 0.004073381423950195 372
1680271399855 0.004073381423950195 373
1680271400015 0.004073381423950195 374
1680271401203 0.004073381423950195 375
1680271401377 0.004073381423950195 376
1680271402620 0.004073381423950195 377
1680271402797 0.004073381423950195 378
1680271404098 0.004073381423950195 379
1680271404273 0.004073381423950195 380
1680271405561 0.004073381423950195 381
1680271405731 0.004073381423950195 382
1680271406928 0.004073381423950195 383
1680271407090 0.004073381423950195 384
1680271408222 0.004073381423950195 385
1680271408381 0.004073381423950195 386
1680271409544 0.004073381423950195 387
1680271409710 0.004073381423950195 388
1680271410874 0.004073381423950195 389
1680271411035 0.004073381423950195 390
1680271412185 0.004073381423950195 391
1680271412334 0.004073381423950195 392
1680271413528 0.004073381423950195 393
1680271413673 0.004073381423950195 394
1680271414753 0.004073381423950195 395
1680271414910 0.004073381423950195 396
1680271416064 0.004073381423950195 397
1680271416222 0.004073381423950195 398
1680271417319 0.004073381423950195 399
1680271417476 0.004073381423950195 400
1680271417596 0.004073381423950195 401
