1677116394523 0.0 1
1677116394885 0.0 2
1677116397494 0.0 3
1677116397805 0.0 4
1677116400437 0.0 5
1677116400767 0.0 6
1677116403430 0.0 7
1677116403747 0.0 8
1677116406287 0.0 9
1677116406601 0.0 10
1677116409199 0.0 11
1677116409517 0.0 12
1677116412175 0.0 13
1677116412484 0.0 14
1677116415158 0.0 15
1677116415485 0.0 16
1677116418041 0.0 17
1677116418361 0.0 18
1677116421100 0.0 19
1677116421430 0.0 20
1677116424251 0.0 21
1677116424597 0.0 22
1677116427297 0.0 23
1677116427624 0.0 24
1677116430203 0.0 25
1677116430513 0.0 26
1677116433109 0.0 27
1677116433448 0.0 28
1677116435970 0.0 29
1677116436290 0.0 30
1677116438872 0.0 31
1677116439188 0.0 32
1677116441905 0.0 33
1677116442228 0.0 34
1677116444850 0.0 35
1677116445180 0.0 36
1677116447780 0.0 37
1677116448102 0.0 38
1677116450860 0.0 39
1677116451210 0.0 40
1677116454044 0.0 41
1677116454406 0.0 42
1677116457068 0.0 43
1677116457393 0.0 44
1677116459992 0.0 45
1677116460316 0.0 46
1677116462906 0.0 47
1677116463225 0.0 48
1677116465904 0.0 49
1677116466220 0.0 50
1677116468987 0.0 51
1677116469331 0.0 52
1677116472094 0.0 53
1677116472433 0.0 54
1677116475040 0.0 55
1677116475357 0.0 56
1677116477975 0.0 57
1677116478290 0.0 58
1677116481006 0.0 59
1677116481354 0.0 60
1677116484258 0.0 61
1677116484607 0.0 62
1677116487143 0.0 63
1677116487466 0.0 64
1677116490131 0.0 65
1677116490447 0.0 66
1677116493048 0.0 67
1677116493365 0.0 68
1677116495939 0.0 69
1677116496261 0.0 70
1677116498885 0.0 71
1677116499208 0.0 72
1677116501728 0.0 73
1677116502047 0.0 74
1677116504705 0.0 75
1677116505016 0.0 76
1677116507543 0.0 77
1677116507857 0.0 78
1677116510514 0.0 79
1677116510862 0.0 80
1677116513812 0.0 81
1677116514165 0.0 82
1677116516911 0.0 83
1677116517225 0.0 84
1677116519794 0.0 85
1677116520120 0.0 86
1677116522712 0.0 87
1677116523027 0.0 88
1677116525617 0.0 89
1677116525939 0.0 90
1677116528655 0.0 91
1677116528971 0.0 92
1677116531714 0.0 93
1677116532045 0.0 94
1677116534637 0.0 95
1677116534964 0.0 96
1677116537510 0.0 97
1677116537826 0.0 98
1677116540565 0.0 99
1677116540932 0.0 100
1677116543864 0.0 101
1677116544220 0.0 102
1677116546966 0.0 103
1677116547293 0.0 104
1677116549813 0.0 105
1677116550144 0.0 106
1677116552800 0.0 107
1677116553132 0.0 108
1677116555660 0.0 109
1677116555982 0.0 110
1677116558553 0.0 111
1677116558887 0.0 112
1677116561407 0.0 113
1677116561727 0.0 114
1677116564245 0.0 115
1677116564564 0.0 116
1677116567141 0.0 117
1677116567470 0.0 118
1677116570035 0.0 119
1677116570379 0.0 120
1677116573280 0.0 121
1677116573630 0.0 122
1677116576382 0.0 123
1677116576709 0.0 124
1677116579372 0.0 125
1677116579735 0.0 126
1677116582306 0.0 127
1677116582628 0.0 128
1677116585220 0.0 129
1677116585540 0.0 130
1677116588071 0.0 131
1677116588387 0.0 132
1677116591060 0.0 133
1677116591395 0.0 134
1677116594017 0.0 135
1677116594336 0.0 136
1677116596905 0.0 137
1677116597238 0.0 138
1677116599801 0.0 139
1677116600132 0.0 140
1677116603000 0.0 141
1677116603358 0.0 142
1677116606121 0.0 143
1677116606442 0.0 144
1677116609018 0.0 145
1677116609366 0.0 146
1677116611919 0.0 147
1677116612240 0.0 148
1677116614783 0.0 149
1677116615115 0.0 150
1677116617710 0.0 151
1677116618032 0.0 152
1677116620652 0.0 153
1677116621012 0.0 154
1677116623592 0.0 155
1677116623917 0.0 156
1677116626499 0.0 157
1677116626821 0.0 158
1677116629475 0.0 159
1677116629795 0.0 160
1677116632685 0.0 161
1677116633038 0.0 162
1677116635855 0.0 163
1677116636211 0.0 164
1677116638791 0.0 165
1677116639125 0.0 166
1677116641834 0.0 167
1677116642165 0.0 168
1677116644827 0.0 169
1677116645172 0.0 170
1677116647730 0.0 171
1677116648047 0.0 172
1677116650611 0.0 173
1677116650946 0.0 174
1677116653647 0.0 175
1677116653970 0.0 176
1677116656571 0.0 177
1677116656907 0.0 178
1677116659598 0.0 179
1677116659937 0.0 180
1677116662887 0.0 181
1677116663302 0.0 182
1677116666556 0.0 183
1677116666922 0.0 184
1677116669797 0.0 185
1677116670150 0.0 186
1677116673027 0.0 187
1677116673364 0.0 188
1677116676028 0.0 189
1677116676367 0.0 190
1677116678994 0.0 191
1677116679324 0.0 192
1677116681915 0.0 193
1677116682252 0.0 194
1677116685065 0.0 195
1677116685410 0.0 196
1677116688139 0.0 197
1677116688476 0.0 198
1677116691320 0.0 199
1677116691704 0.0 200
1677116694718 0.0 201
1677116695107 0.0 202
1677116697855 0.0 203
1677116698189 0.0 204
1677116700877 0.0 205
1677116701214 0.0 206
1677116703835 0.0 207
1677116704173 0.0 208
1677116707044 0.0 209
1677116707414 0.0 210
1677116710177 0.0 211
1677116710543 0.0 212
1677116713095 0.0 213
1677116713429 0.0 214
1677116716023 0.0 215
1677116716356 0.0 216
1677116718934 0.0 217
1677116719265 0.0 218
1677116722190 0.0 219
1677116722554 0.0 220
1677116725557 0.0 221
1677116725926 0.0 222
1677116728592 0.0 223
1677116728918 0.0 224
1677116731529 0.0 225
1677116731866 0.0 226
1677116734540 0.0 227
1677116734862 0.0 228
1677116737488 0.0 229
1677116737818 0.0 230
1677116740404 0.0 231
1677116740722 0.0 232
1677116743364 0.0 233
1677116743701 0.0 234
1677116746455 0.0 235
1677116746790 0.0 236
1677116749435 0.0 237
1677116749755 0.0 238
1677116752602 0.0 239
1677116752962 0.0 240
1677116755840 0.0 241
1677116756182 0.0 242
1677116758855 0.0 243
1677116759195 0.0 244
1677116761849 0.0 245
1677116762190 0.0 246
1677116764795 0.0 247
1677116765132 0.0 248
1677116767664 0.0 249
1677116767991 0.0 250
1677116770563 0.0 251
1677116770927 0.0 252
1677116773843 0.0 253
1677116774206 0.0 254
1677116777032 0.0 255
1677116777369 0.0 256
1677116779903 0.0 257
1677116780235 0.0 258
1677116783135 0.0 259
1677116783511 0.0 260
1677116786343 0.0 261
1677116786678 0.0 262
1677116789355 0.0 263
1677116789681 0.0 264
1677116792307 0.0 265
1677116792638 0.0 266
1677116795194 0.0 267
1677116795521 0.0 268
1677116798154 0.0 269
1677116798482 0.0 270
1677116801169 0.0 271
1677116801497 0.0 272
1677116804070 0.0 273
1677116804403 0.0 274
1677116807004 0.0 275
1677116807338 0.0 276
1677116809938 0.0 277
1677116810295 0.0 278
1677116813295 0.0 279
1677116813667 0.0 280
1677116816437 0.0 281
1677116816768 0.0 282
1677116819390 0.0 283
1677116819718 0.0 284
1677116822367 0.0 285
1677116822695 0.0 286
1677116825266 0.0 287
1677116825599 0.0 288
1677116828204 0.0 289
1677116828533 0.0 290
1677116831222 0.0 291
1677116831574 0.0 292
1677116834157 0.0 293
1677116834490 0.0 294
1677116837071 0.0 295
1677116837397 0.0 296
1677116840062 0.0 297
1677116840417 0.0 298
1677116843343 0.0 299
1677116843707 0.0 300
1677116844070 0.0 301
