1677116394528 1677116394.0 1
1677116394889 1677116394.0 2
1677116397497 1677116397.0 3
1677116397807 1677116397.0 4
1677116400441 1677116400.0 5
1677116400772 1677116400.0 6
1677116403434 1677116403.0 7
1677116403749 1677116403.0 8
1677116406291 1677116406.0 9
1677116406604 1677116406.0 10
1677116409202 1677116409.0 11
1677116409520 1677116409.0 12
1677116412179 1677116412.0 13
1677116412486 1677116412.0 14
1677116415162 1677116415.0 15
1677116415488 1677116415.0 16
1677116418045 1677116417.0 17
1677116418364 1677116418.0 18
1677116421104 1677116421.0 19
1677116421433 1677116421.0 20
1677116424254 1677116424.0 21
1677116424600 1677116424.0 22
1677116427300 1677116427.0 23
1677116427626 1677116427.0 24
1677116430206 1677116430.0 25
1677116430515 1677116430.0 26
1677116433119 1677116433.0 27
1677116433450 1677116433.0 28
1677116435973 1677116435.0 29
1677116436292 1677116436.0 30
1677116438875 1677116438.0 31
1677116439191 1677116439.0 32
1677116441908 1677116441.0 33
1677116442231 1677116442.0 34
1677116444853 1677116444.0 35
1677116445184 1677116445.0 36
1677116447783 1677116447.0 37
1677116448105 1677116448.0 38
1677116450863 1677116450.0 39
1677116451213 1677116451.0 40
1677116454046 1677116454.0 41
1677116454410 1677116454.0 42
1677116457071 1677116457.0 43
1677116457396 1677116457.0 44
1677116459995 1677116459.0 45
1677116460320 1677116460.0 46
1677116462909 1677116462.0 47
1677116463229 1677116463.0 48
1677116465907 1677116465.0 49
1677116466223 1677116466.0 50
1677116468990 1677116468.0 51
1677116469334 1677116469.0 52
1677116472098 1677116472.0 53
1677116472437 1677116472.0 54
1677116475044 1677116474.0 55
1677116475360 1677116475.0 56
1677116477977 1677116477.0 57
1677116478292 1677116478.0 58
1677116481010 1677116480.0 59
1677116481357 1677116481.0 60
1677116484262 1677116484.0 61
1677116484611 1677116484.0 62
1677116487146 1677116487.0 63
1677116487469 1677116487.0 64
1677116490133 1677116490.0 65
1677116490450 1677116490.0 66
1677116493051 1677116493.0 67
1677116493368 1677116493.0 68
1677116495942 1677116495.0 69
1677116496264 1677116496.0 70
1677116498887 1677116498.0 71
1677116499210 1677116499.0 72
1677116501731 1677116501.0 73
1677116502049 1677116502.0 74
1677116504707 1677116504.0 75
1677116505019 1677116504.0 76
1677116507545 1677116507.0 77
1677116507860 1677116507.0 78
1677116510519 1677116510.0 79
1677116510865 1677116510.0 80
1677116513815 1677116513.0 81
1677116514167 1677116514.0 82
1677116516914 1677116516.0 83
1677116517228 1677116517.0 84
1677116519797 1677116519.0 85
1677116520124 1677116520.0 86
1677116522715 1677116522.0 87
1677116523030 1677116522.0 88
1677116525621 1677116525.0 89
1677116525942 1677116525.0 90
1677116528658 1677116528.0 91
1677116528974 1677116528.0 92
1677116531716 1677116531.0 93
1677116532048 1677116531.0 94
1677116534641 1677116534.0 95
1677116534967 1677116534.0 96
1677116537513 1677116537.0 97
1677116537829 1677116537.0 98
1677116540569 1677116540.0 99
1677116540934 1677116540.0 100
1677116543867 1677116543.0 101
1677116544224 1677116544.0 102
1677116546970 1677116546.0 103
1677116547296 1677116547.0 104
1677116549817 1677116549.0 105
1677116550147 1677116550.0 106
1677116552802 1677116552.0 107
1677116553134 1677116553.0 108
1677116555663 1677116555.0 109
1677116555985 1677116555.0 110
1677116558556 1677116558.0 111
1677116558890 1677116558.0 112
1677116561409 1677116561.0 113
1677116561729 1677116561.0 114
1677116564249 1677116564.0 115
1677116564566 1677116564.0 116
1677116567143 1677116567.0 117
1677116567473 1677116567.0 118
1677116570038 1677116569.0 119
1677116570381 1677116570.0 120
1677116573283 1677116573.0 121
1677116573632 1677116573.0 122
1677116576385 1677116576.0 123
1677116576711 1677116576.0 124
1677116579375 1677116579.0 125
1677116579738 1677116579.0 126
1677116582309 1677116582.0 127
1677116582631 1677116582.0 128
1677116585223 1677116585.0 129
1677116585542 1677116585.0 130
1677116588074 1677116588.0 131
1677116588390 1677116588.0 132
1677116591064 1677116591.0 133
1677116591399 1677116591.0 134
1677116594021 1677116593.0 135
1677116594340 1677116594.0 136
1677116596908 1677116596.0 137
1677116597241 1677116597.0 138
1677116599804 1677116599.0 139
1677116600136 1677116600.0 140
1677116603003 1677116602.0 141
1677116603361 1677116603.0 142
1677116606125 1677116606.0 143
1677116606445 1677116606.0 144
1677116609020 1677116608.0 145
1677116609369 1677116609.0 146
1677116611922 1677116611.0 147
1677116612243 1677116612.0 148
1677116614787 1677116614.0 149
1677116615119 1677116615.0 150
1677116617713 1677116617.0 151
1677116618035 1677116617.0 152
1677116620655 1677116620.0 153
1677116621015 1677116620.0 154
1677116623595 1677116623.0 155
1677116623920 1677116623.0 156
1677116626502 1677116626.0 157
1677116626824 1677116626.0 158
1677116629479 1677116629.0 159
1677116629797 1677116629.0 160
1677116632688 1677116632.0 161
1677116633042 1677116632.0 162
1677116635858 1677116635.0 163
1677116636214 1677116636.0 164
1677116638793 1677116638.0 165
1677116639129 1677116639.0 166
1677116641837 1677116641.0 167
1677116642166 1677116642.0 168
1677116644830 1677116644.0 169
1677116645175 1677116645.0 170
1677116647733 1677116647.0 171
1677116648049 1677116648.0 172
1677116650614 1677116650.0 173
1677116650950 1677116650.0 174
1677116653650 1677116653.0 175
1677116653973 1677116653.0 176
1677116656574 1677116656.0 177
1677116656910 1677116656.0 178
1677116659602 1677116659.0 179
1677116659941 1677116659.0 180
1677116662892 1677116662.0 181
1677116663306 1677116663.0 182
1677116666559 1677116666.0 183
1677116666925 1677116666.0 184
1677116669800 1677116669.0 185
1677116670154 1677116670.0 186
1677116673029 1677116672.0 187
1677116673366 1677116673.0 188
1677116676031 1677116675.0 189
1677116676369 1677116676.0 190
1677116678997 1677116678.0 191
1677116679327 1677116679.0 192
1677116681918 1677116681.0 193
1677116682256 1677116682.0 194
1677116685067 1677116685.0 195
1677116685413 1677116685.0 196
1677116688142 1677116688.0 197
1677116688479 1677116688.0 198
1677116691323 1677116691.0 199
1677116691707 1677116691.0 200
1677116694723 1677116694.0 201
1677116695111 1677116695.0 202
1677116697858 1677116697.0 203
1677116698192 1677116698.0 204
1677116700880 1677116700.0 205
1677116701217 1677116701.0 206
1677116703839 1677116703.0 207
1677116704177 1677116704.0 208
1677116707048 1677116706.0 209
1677116707418 1677116707.0 210
1677116710180 1677116710.0 211
1677116710545 1677116710.0 212
1677116713098 1677116713.0 213
1677116713431 1677116713.0 214
1677116716026 1677116715.0 215
1677116716360 1677116716.0 216
1677116718937 1677116718.0 217
1677116719267 1677116719.0 218
1677116722193 1677116722.0 219
1677116722557 1677116722.0 220
1677116725560 1677116725.0 221
1677116725928 1677116725.0 222
1677116728594 1677116728.0 223
1677116728921 1677116728.0 224
1677116731530 1677116731.0 225
1677116731869 1677116731.0 226
1677116734542 1677116734.0 227
1677116734864 1677116734.0 228
1677116737490 1677116737.0 229
1677116737821 1677116737.0 230
1677116740407 1677116740.0 231
1677116740725 1677116740.0 232
1677116743368 1677116743.0 233
1677116743704 1677116743.0 234
1677116746459 1677116746.0 235
1677116746793 1677116746.0 236
1677116749439 1677116749.0 237
1677116749759 1677116749.0 238
1677116752605 1677116752.0 239
1677116752965 1677116752.0 240
1677116755843 1677116755.0 241
1677116756185 1677116756.0 242
1677116758859 1677116758.0 243
1677116759199 1677116759.0 244
1677116761853 1677116761.0 245
1677116762194 1677116762.0 246
1677116764798 1677116764.0 247
1677116765135 1677116765.0 248
1677116767668 1677116767.0 249
1677116767994 1677116767.0 250
1677116770566 1677116770.0 251
1677116770932 1677116770.0 252
1677116773847 1677116773.0 253
1677116774209 1677116774.0 254
1677116777035 1677116776.0 255
1677116777371 1677116777.0 256
1677116779906 1677116779.0 257
1677116780239 1677116780.0 258
1677116783138 1677116783.0 259
1677116783513 1677116783.0 260
1677116786346 1677116786.0 261
1677116786681 1677116786.0 262
1677116789357 1677116789.0 263
1677116789684 1677116789.0 264
1677116792309 1677116792.0 265
1677116792641 1677116792.0 266
1677116795198 1677116795.0 267
1677116795524 1677116795.0 268
1677116798157 1677116798.0 269
1677116798485 1677116798.0 270
1677116801172 1677116801.0 271
1677116801500 1677116801.0 272
1677116804073 1677116804.0 273
1677116804406 1677116804.0 274
1677116807006 1677116806.0 275
1677116807341 1677116807.0 276
1677116809942 1677116809.0 277
1677116810298 1677116810.0 278
1677116813299 1677116813.0 279
1677116813672 1677116813.0 280
1677116816440 1677116816.0 281
1677116816771 1677116816.0 282
1677116819393 1677116819.0 283
1677116819722 1677116819.0 284
1677116822370 1677116822.0 285
1677116822698 1677116822.0 286
1677116825270 1677116825.0 287
1677116825601 1677116825.0 288
1677116828207 1677116828.0 289
1677116828536 1677116828.0 290
1677116831225 1677116831.0 291
1677116831576 1677116831.0 292
1677116834160 1677116834.0 293
1677116834493 1677116834.0 294
1677116837074 1677116837.0 295
1677116837400 1677116837.0 296
1677116840065 1677116839.0 297
1677116840421 1677116840.0 298
1677116843347 1677116843.0 299
1677116843710 1677116843.0 300
1677116844073 1677116844.0 301
