1677116394521 41.07346487045288 1
1677116394883 0.34288859367370605 2
1677116397492 2.618105411529541 3
1677116397803 0.309345006942749 4
1677116400436 2.632873296737671 5
1677116400765 0.3153364658355713 6
1677116403429 2.6764442920684814 7
1677116403745 0.318340539932251 8
1677116406285 2.5390748977661133 9
1677116406599 0.31472349166870117 10
1677116409197 2.597088575363159 11
1677116409516 0.31482577323913574 12
1677116412174 2.6569583415985107 13
1677116412482 0.31500864028930664 14
1677116415157 2.669351100921631 15
1677116415483 0.3268706798553467 16
1677116418033 2.547363519668579 17
1677116418359 0.33121299743652344 18
1677116421098 2.728571653366089 19
1677116421428 0.339846134185791 20
1677116424249 2.8118860721588135 21
1677116424595 0.34830164909362793 22
1677116427295 2.7086892127990723 23
1677116427623 0.32509446144104004 24
1677116430200 2.5779716968536377 25
1677116430511 0.31278562545776367 26
1677116433107 2.587334632873535 27
1677116433446 0.34145641326904297 28
1677116435969 2.522437334060669 29
1677116436289 0.3237149715423584 30
1677116438871 2.5823657512664795 31
1677116439187 0.317105770111084 32
1677116441903 2.712677240371704 33
1677116442227 0.32622218132019043 34
1677116444848 2.61379337310791 35
1677116445178 0.32938671112060547 36
1677116447779 2.6028873920440674 37
1677116448101 0.32761096954345703 38
1677116450858 2.749138116836548 39
1677116451209 0.3491396903991699 40
1677116454042 2.8395028114318848 41
1677116454404 0.35279178619384766 42
1677116457066 2.6735804080963135 43
1677116457391 0.32891011238098145 44
1677116459990 2.5931663513183594 45
1677116460315 0.3209679126739502 46
1677116462904 2.5906941890716553 47
1677116463224 0.3228871822357178 48
1677116465903 2.680056571960449 49
1677116466219 0.3132803440093994 50
1677116468986 2.7632431983947754 51
1677116469329 0.3475618362426758 52
1677116472093 2.7559545040130615 53
1677116472432 0.34799885749816895 54
1677116475038 2.6055240631103516 55
1677116475355 0.31678271293640137 56
1677116477973 2.619035482406616 57
1677116478287 0.3170499801635742 58
1677116481005 2.701723098754883 59
1677116481352 0.3560640811920166 60
1677116484255 2.8965182304382324 61
1677116484606 0.3548154830932617 62
1677116487142 2.536482810974121 63
1677116487464 0.3263540267944336 64
1677116490130 2.6698782444000244 65
1677116490445 0.30820178985595703 66
1677116493046 2.60209584236145 67
1677116493364 0.31873059272766113 68
1677116495937 2.5762507915496826 69
1677116496260 0.32050657272338867 70
1677116498883 2.6270103454589844 71
1677116499206 0.3199934959411621 72
1677116501727 2.519200325012207 73
1677116502045 0.3229975700378418 74
1677116504702 2.658252239227295 75
1677116505015 0.30968713760375977 76
1677116507541 2.5254693031311035 77
1677116507855 0.3145143985748291 78
1677116510512 2.637108087539673 79
1677116510861 0.36224913597106934 80
1677116513810 2.9461259841918945 81
1677116514163 0.35455322265625 82
1677116516910 2.7532057762145996 83
1677116517224 0.3146071434020996 84
1677116519793 2.5651512145996094 85
1677116520119 0.32817769050598145 86
1677116522711 2.5889790058135986 87
1677116523026 0.32009124755859375 88
1677116525615 2.579507827758789 89
1677116525938 0.328366756439209 90
1677116528653 2.709717273712158 91
1677116528970 0.32739925384521484 92
1677116531713 2.734682559967041 93
1677116532043 0.3233060836791992 94
1677116534635 2.6029515266418457 95
1677116534963 0.32996582984924316 96
1677116537508 2.5471324920654297 97
1677116537825 0.3146960735321045 98
1677116540564 2.723261594772339 99
1677116540930 0.3737342357635498 100
1677116543862 2.9340431690216064 101
1677116544219 0.35394954681396484 102
1677116546965 2.7549660205841064 103
1677116547291 0.3267247676849365 104
1677116549812 2.516237497329712 105
1677116550142 0.33119869232177734 106
1677116552798 2.6578187942504883 107
1677116553130 0.32622671127319336 108
1677116555659 2.5328075885772705 109
1677116555981 0.3239126205444336 110
1677116558551 2.565901517868042 111
1677116558885 0.33344101905822754 112
1677116561405 2.5228497982025146 113
1677116561725 0.3219418525695801 114
1677116564244 2.516206979751587 115
1677116564562 0.3228302001953125 116
1677116567139 2.569807291030884 117
1677116567468 0.3343968391418457 118
1677116570034 2.5607151985168457 119
1677116570376 0.34012508392333984 120
1677116573279 2.9042513370513916 121
1677116573628 0.3499419689178467 122
1677116576381 2.7599117755889893 123
1677116576707 0.3222939968109131 124
1677116579370 2.654768943786621 125
1677116579733 0.37299108505249023 126
1677116582304 2.567958116531372 127
1677116582627 0.3175361156463623 128
1677116585218 2.600409984588623 129
1677116585537 0.31803083419799805 130
1677116588069 2.5258243083953857 131
1677116588384 0.32031869888305664 132
1677116591057 2.667543888092041 133
1677116591394 0.34132838249206543 134
1677116594016 2.62212872505188 135
1677116594334 0.31687235832214355 136
1677116596904 2.5712101459503174 137
1677116597238 0.3326089382171631 138
1677116599799 2.5643045902252197 139
1677116600131 0.3258979320526123 140
1677116602998 2.8627982139587402 141
1677116603356 0.36231541633605957 142
1677116606120 2.7648086547851562 143
1677116606441 0.32386326789855957 144
1677116609015 2.5735819339752197 145
1677116609364 0.34745001792907715 146
1677116611917 2.558279275894165 147
1677116612239 0.3175778388977051 148
1677116614781 2.542012929916382 149
1677116615114 0.3331732749938965 150
1677116617708 2.591642379760742 151
1677116618030 0.3259570598602295 152
1677116620650 2.6156458854675293 153
1677116621010 0.3620142936706543 154
1677116623589 2.5823538303375244 155
1677116623915 0.3276519775390625 156
1677116626498 2.583710193634033 157
1677116626819 0.31999683380126953 158
1677116629474 2.6522390842437744 159
1677116629794 0.31986522674560547 160
1677116632683 2.8809399604797363 161
1677116633037 0.35462093353271484 162
1677116635853 2.820391893386841 163
1677116636208 0.3540678024291992 164
1677116638790 2.584078550338745 165
1677116639123 0.33267903327941895 166
1677116641832 2.7072465419769287 167
1677116642163 0.33057403564453125 168
1677116644825 2.663604736328125 169
1677116645172 0.3445913791656494 170
1677116647729 2.557512044906616 171
1677116648045 0.3213841915130615 172
1677116650609 2.5523414611816406 173
1677116650945 0.34485387802124023 174
1677116653644 2.6939241886138916 175
1677116653969 0.3309476375579834 176
1677116656569 2.594109535217285 177
1677116656906 0.3404049873352051 178
1677116659597 2.6870501041412354 179
1677116659936 0.33986401557922363 180
1677116662885 2.9468719959259033 181
1677116663300 0.40369105339050293 182
1677116666553 3.262237071990967 183
1677116666921 0.370131254196167 184
1677116669795 2.872030019760132 185
1677116670149 0.3577995300292969 186
1677116673025 2.882136344909668 187
1677116673363 0.33266782760620117 188
1677116676027 2.6553468704223633 189
1677116676365 0.3519613742828369 190
1677116678993 2.6281096935272217 191
1677116679323 0.32862401008605957 192
1677116681914 2.5910282135009766 193
1677116682250 0.3333265781402588 194
1677116685063 2.8517932891845703 195
1677116685409 0.3079822063446045 196
1677116688137 2.7227275371551514 197
1677116688474 0.3412165641784668 198
1677116691318 2.840265989303589 199
1677116691703 0.3783888816833496 200
1677116694716 3.0163660049438477 201
1677116695105 0.3819460868835449 202
1677116697852 2.757127046585083 203
1677116698187 0.3379862308502197 204
1677116700875 2.684025764465332 205
1677116701212 0.34610605239868164 206
1677116703834 2.6198313236236572 207
1677116704172 0.33217310905456543 208
1677116707043 2.854966402053833 209
1677116707412 0.3841531276702881 210
1677116710175 2.76766037940979 211
1677116710541 0.3664076328277588 212
1677116713093 2.548793077468872 213
1677116713428 0.3371119499206543 214
1677116716022 2.593820571899414 215
1677116716353 0.33028411865234375 216
1677116718932 2.584460973739624 217
1677116719264 0.329791784286499 218
1677116722187 2.9151721000671387 219
1677116722552 0.36618947982788086 220
1677116725555 2.9988653659820557 221
1677116725924 0.3643357753753662 222
1677116728590 2.6754543781280518 223
1677116728915 0.32738757133483887 224
1677116731527 2.612638473510742 225
1677116731864 0.33554768562316895 226
1677116734539 2.6781089305877686 227
1677116734861 0.32073211669921875 228
1677116737486 2.627838134765625 229
1677116737816 0.3291940689086914 230
1677116740402 2.5798566341400146 231
1677116740720 0.3258540630340576 232
1677116743362 2.6354660987854004 233
1677116743700 0.3459787368774414 234
1677116746454 2.7519423961639404 235
1677116746789 0.330735445022583 236
1677116749434 2.6509950160980225 237
1677116749753 0.31754565238952637 238
1677116752600 2.838404417037964 239
1677116752961 0.35904932022094727 240
1677116755837 2.8845579624176025 241
1677116756179 0.3444700241088867 242
1677116758853 2.667048215866089 243
1677116759194 0.3432149887084961 244
1677116761848 2.653602361679077 245
1677116762188 0.3376955986022949 246
1677116764793 2.6074633598327637 247
1677116765130 0.3390350341796875 248
1677116767663 2.5279440879821777 249
1677116767989 0.3339693546295166 250
1677116770562 2.5670454502105713 251
1677116770925 0.33176326751708984 252
1677116773841 2.9413869380950928 253
1677116774204 0.3631591796875 254
1677116777031 2.8368451595306396 255
1677116777367 0.3290371894836426 256
1677116779901 2.5425333976745605 257
1677116780234 0.32851600646972656 258
1677116783133 2.883557081222534 259
1677116783508 0.38522887229919434 260
1677116786341 2.8380072116851807 261
1677116786677 0.3389420509338379 262
1677116789354 2.672916889190674 263
1677116789680 0.32656049728393555 264
1677116792305 2.6244616508483887 265
1677116792636 0.3319675922393799 266
1677116795193 2.559838056564331 267
1677116795520 0.324321985244751 268
1677116798152 2.6319773197174072 269
1677116798481 0.3292214870452881 270
1677116801167 2.6850953102111816 271
1677116801495 0.3274664878845215 272
1677116804068 2.573228597640991 273
1677116804401 0.3340644836425781 274
1677116807002 2.5999584197998047 275
1677116807337 0.33312511444091797 276
1677116809936 2.5940778255462646 277
1677116810293 0.359865665435791 278
1677116813293 2.9939916133880615 279
1677116813665 0.3747410774230957 280
1677116816435 2.778944492340088 281
1677116816767 0.33127379417419434 282
1677116819389 2.618246078491211 283
1677116819716 0.3337435722351074 284
1677116822365 2.644055128097534 285
1677116822694 0.32894301414489746 286
1677116825265 2.5723369121551514 287
1677116825597 0.32996296882629395 288
1677116828203 2.610002279281616 289
1677116828531 0.3299083709716797 290
1677116831221 2.686842679977417 291
1677116831572 0.3472321033477783 292
1677116834156 2.5846757888793945 293
1677116834488 0.33708763122558594 294
1677116837069 2.5821263790130615 295
1677116837395 0.3219172954559326 296
1677116840060 2.6521129608154297 297
1677116840416 0.3655853271484375 298
1677116843342 2.925440788269043 299
1677116843705 0.3568103313446045 300
1677116844067 0.36518263816833496 301
