1679833812627 1.0 1
1679833812754 2.0 2
1679833813441 3.0 3
1679833813566 4.0 4
1679833814234 5.0 5
1679833814345 6.0 6
1679833815014 7.0 7
1679833815126 8.0 8
1679833815868 9.0 9
1679833815986 10.0 10
1679833816649 11.0 11
1679833816763 12.0 12
1679833817440 13.0 13
1679833817554 14.0 14
1679833818207 15.0 15
1679833818330 16.0 16
1679833819020 17.0 17
1679833819144 18.0 18
1679833819828 19.0 19
1679833819943 20.0 20
1679833820638 21.0 21
1679833820757 22.0 22
1679833821443 23.0 23
1679833821562 24.0 24
1679833822290 25.0 25
1679833822415 26.0 26
1679833823158 27.0 27
1679833823303 28.0 28
1679833824034 29.0 29
1679833824160 30.0 30
1679833824879 31.0 31
1679833825087 32.0 32
1679833825823 33.0 33
1679833825951 34.0 34
1679833826666 35.0 35
1679833826783 36.0 36
1679833827451 37.0 37
1679833827570 38.0 38
1679833828274 39.0 39
1679833828389 40.0 40
1679833829095 41.0 41
1679833829215 42.0 42
1679833829894 43.0 43
1679833830011 44.0 44
1679833830705 45.0 45
1679833830826 46.0 46
1679833831540 47.0 47
1679833831657 48.0 48
1679833832344 49.0 49
1679833832468 50.0 50
1679833833199 51.0 51
1679833833317 52.0 52
1679833834034 53.0 53
1679833834232 54.0 54
1679833834933 55.0 55
1679833835054 56.0 56
1679833835741 57.0 57
1679833835858 58.0 58
1679833836538 59.0 59
1679833836656 60.0 60
1679833837341 61.0 61
1679833837460 62.0 62
1679833838144 63.0 63
1679833838263 64.0 64
1679833838947 65.0 65
1679833839065 66.0 66
1679833839745 67.0 67
1679833839874 68.0 68
1679833840575 69.0 69
1679833840694 70.0 70
1679833841369 71.0 71
1679833841504 72.0 72
1679833842179 73.0 73
1679833842297 74.0 74
1679833843007 75.0 75
1679833843130 76.0 76
1679833843896 77.0 77
1679833844015 78.0 78
1679833844705 79.0 79
1679833844841 80.0 80
1679833845547 81.0 81
1679833845667 82.0 82
1679833846349 83.0 83
1679833846471 84.0 84
1679833847165 85.0 85
1679833847287 86.0 86
1679833847996 87.0 87
1679833848117 88.0 88
1679833848821 89.0 89
1679833848945 90.0 90
1679833849644 91.0 91
1679833849784 92.0 92
1679833850525 93.0 93
1679833850654 94.0 94
1679833851398 95.0 95
1679833851539 96.0 96
1679833852206 97.0 97
1679833852325 98.0 98
1679833853055 99.0 99
1679833853173 100.0 100
1679833853843 101.0 101
1679833853973 102.0 102
1679833854717 103.0 103
1679833854856 104.0 104
1679833855625 105.0 105
1679833855763 106.0 106
1679833856530 107.0 107
1679833856661 108.0 108
1679833857391 109.0 109
1679833857517 110.0 110
1679833858279 111.0 111
1679833858411 112.0 112
1679833859182 113.0 113
1679833859327 114.0 114
1679833860040 115.0 115
1679833860172 116.0 116
1679833860861 117.0 117
1679833860989 118.0 118
1679833861750 119.0 119
1679833861880 120.0 120
1679833862650 121.0 121
1679833862778 122.0 122
1679833863461 123.0 123
1679833863585 124.0 124
1679833864261 125.0 125
1679833864391 126.0 126
1679833865055 127.0 127
1679833865182 128.0 128
1679833865850 129.0 129
1679833865968 130.0 130
1679833866641 131.0 131
1679833866769 132.0 132
1679833867436 133.0 133
1679833867558 134.0 134
1679833868217 135.0 135
1679833868334 136.0 136
1679833869038 137.0 137
1679833869160 138.0 138
1679833869861 139.0 139
1679833869983 140.0 140
1679833870653 141.0 141
1679833870797 142.0 142
1679833871573 143.0 143
1679833871692 144.0 144
1679833872380 145.0 145
1679833872501 146.0 146
1679833873182 147.0 147
1679833873304 148.0 148
1679833874025 149.0 149
1679833874120 150.0 150
1679833874811 151.0 151
1679833874928 152.0 152
1679833875605 153.0 153
1679833875731 154.0 154
1679833876418 155.0 155
1679833876542 156.0 156
1679833877205 157.0 157
1679833877330 158.0 158
1679833877995 159.0 159
1679833878114 160.0 160
1679833878788 161.0 161
1679833878912 162.0 162
1679833879572 163.0 163
1679833879696 164.0 164
1679833880442 165.0 165
1679833880574 166.0 166
1679833881252 167.0 167
1679833881418 168.0 168
1679833882162 169.0 169
1679833882310 170.0 170
1679833883105 171.0 171
1679833883234 172.0 172
1679833884016 173.0 173
1679833884153 174.0 174
1679833884929 175.0 175
1679833885068 176.0 176
1679833885821 177.0 177
1679833885952 178.0 178
1679833886675 179.0 179
1679833886816 180.0 180
1679833887524 181.0 181
1679833887647 182.0 182
1679833888354 183.0 183
1679833888479 184.0 184
1679833889167 185.0 185
1679833889292 186.0 186
1679833889987 187.0 187
1679833890189 188.0 188
1679833890865 189.0 189
1679833890988 190.0 190
1679833891674 191.0 191
1679833891803 192.0 192
1679833892520 193.0 193
1679833892647 194.0 194
1679833893327 195.0 195
1679833893453 196.0 196
1679833894125 197.0 197
1679833894257 198.0 198
1679833894933 199.0 199
1679833895060 200.0 200
1679833895753 201.0 201
1679833895882 202.0 202
1679833896568 203.0 203
1679833896694 204.0 204
1679833897421 205.0 205
1679833897558 206.0 206
1679833898262 207.0 207
1679833898394 208.0 208
1679833899094 209.0 209
1679833899224 210.0 210
1679833899990 211.0 211
1679833900125 212.0 212
1679833900816 213.0 213
1679833900952 214.0 214
1679833901687 215.0 215
1679833901821 216.0 216
1679833902530 217.0 217
1679833902681 218.0 218
1679833903403 219.0 219
1679833903536 220.0 220
1679833904244 221.0 221
1679833904371 222.0 222
1679833905074 223.0 223
1679833905203 224.0 224
1679833905886 225.0 225
1679833906017 226.0 226
1679833906698 227.0 227
1679833906833 228.0 228
1679833907517 229.0 229
1679833907648 230.0 230
1679833908356 231.0 231
1679833908487 232.0 232
1679833909248 233.0 233
1679833909378 234.0 234
1679833910056 235.0 235
1679833910188 236.0 236
1679833910943 237.0 237
1679833911078 238.0 238
1679833911834 239.0 239
1679833911966 240.0 240
1679833912731 241.0 241
1679833912889 242.0 242
1679833913628 243.0 243
1679833913770 244.0 244
1679833914540 245.0 245
1679833914678 246.0 246
1679833915443 247.0 247
1679833915578 248.0 248
1679833916301 249.0 249
1679833916431 250.0 250
1679833917149 251.0 251
1679833917282 252.0 252
1679833917968 253.0 253
1679833918106 254.0 254
1679833918848 255.0 255
1679833918975 256.0 256
1679833919661 257.0 257
1679833919793 258.0 258
1679833920493 259.0 259
1679833920618 260.0 260
1679833921308 261.0 261
1679833921433 262.0 262
1679833922105 263.0 263
1679833922232 264.0 264
1679833922915 265.0 265
1679833923044 266.0 266
1679833923741 267.0 267
1679833923870 268.0 268
1679833924546 269.0 269
1679833924674 270.0 270
1679833925396 271.0 271
1679833925524 272.0 272
1679833926201 273.0 273
1679833926330 274.0 274
1679833926993 275.0 275
1679833927117 276.0 276
1679833927841 277.0 277
1679833927967 278.0 278
1679833928685 279.0 279
1679833928836 280.0 280
1679833929534 281.0 281
1679833929666 282.0 282
1679833930353 283.0 283
1679833930480 284.0 284
1679833931186 285.0 285
1679833931316 286.0 286
1679833931998 287.0 287
1679833932130 288.0 288
1679833932824 289.0 289
1679833932954 290.0 290
1679833933634 291.0 291
1679833933762 292.0 292
1679833934475 293.0 293
1679833934608 294.0 294
1679833935295 295.0 295
1679833935422 296.0 296
1679833936094 297.0 297
1679833936224 298.0 298
1679833936986 299.0 299
1679833937118 300.0 300
1679833937215 301.0 301
