1679833812621 3.875129461288452 1
1679833812748 3.9929144382476807 2
1679833813436 4.680878162384033 3
1679833813560 4.80658745765686 4
1679833814228 5.472228527069092 5
1679833814339 5.587146043777466 6
1679833815008 6.25542688369751 7
1679833815120 6.366483449935913 8
1679833815863 7.104845762252808 9
1679833815980 7.224596977233887 10
1679833816643 7.88757848739624 11
1679833816756 8.002392530441284 12
1679833817433 8.675395727157593 13
1679833817547 8.791868209838867 14
1679833818202 9.44746708869934 15
1679833818323 9.566529273986816 16
1679833819014 10.250022888183594 17
1679833819137 10.374956846237183 18
1679833819822 11.067036390304565 19
1679833819937 11.182545900344849 20
1679833820632 11.874611616134644 21
1679833820751 11.991379737854004 22
1679833821436 12.676210641860962 23
1679833821556 12.799287557601929 24
1679833822283 13.523307800292969 25
1679833822409 13.646923303604126 26
1679833823151 14.385205745697021 27
1679833823295 14.528215169906616 28
1679833824026 15.26685643196106 29
1679833824154 15.392361164093018 30
1679833824873 16.114420652389526 31
1679833825082 16.318487882614136 32
1679833825815 17.051839351654053 33
1679833825944 17.17988634109497 34
1679833826659 17.900418281555176 35
1679833826777 18.020214319229126 36
1679833827444 18.68736457824707 37
1679833827563 18.80495595932007 38
1679833828267 19.511685371398926 39
1679833828383 19.625696659088135 40
1679833829088 20.331750869750977 41
1679833829208 20.449678659439087 42
1679833829888 21.132551670074463 43
1679833830004 21.248549461364746 44
1679833830700 21.93982768058777 45
1679833830820 22.06133008003235 46
1679833831532 22.776206493377686 47
1679833831651 22.894492149353027 48
1679833832339 23.58194851875305 49
1679833832460 23.703523635864258 50
1679833833193 24.43391466140747 51
1679833833311 24.553343057632446 52
1679833834026 25.265089750289917 53
1679833834227 25.467356204986572 54
1679833834928 26.169139862060547 55
1679833835047 26.28590202331543 56
1679833835735 26.97357153892517 57
1679833835852 27.09557294845581 58
1679833836531 27.766854286193848 59
1679833836649 27.890435934066772 60
1679833837335 28.57845664024353 61
1679833837454 28.696038007736206 62
1679833838137 29.37861442565918 63
1679833838257 29.497243642807007 64
1679833838941 30.182318210601807 65
1679833839059 30.30288076400757 66
1679833839738 30.97845697402954 67
1679833839867 31.10151767730713 68
1679833840569 31.810632705688477 69
1679833840688 31.929481267929077 70
1679833841363 32.60115146636963 71
1679833841497 32.735918045043945 72
1679833842173 33.41501212120056 73
1679833842291 33.53255844116211 74
1679833843001 34.24031090736389 75
1679833843124 34.36414670944214 76
1679833843890 35.12934756278992 77
1679833844008 35.250312089920044 78
1679833844698 35.938109397888184 79
1679833844835 36.06565475463867 80
1679833845541 36.776991844177246 81
1679833845660 36.89861249923706 82
1679833846342 37.58238077163696 83
1679833846465 37.705957889556885 84
1679833847159 38.39835572242737 85
1679833847281 38.52055501937866 86
1679833847985 39.223923444747925 87
1679833848110 39.34824252128601 88
1679833848814 40.05349588394165 89
1679833848938 40.17636179924011 90
1679833849638 40.87747597694397 91
1679833849778 41.0108277797699 92
1679833850518 41.75655460357666 93
1679833850647 41.883503675460815 94
1679833851391 42.65986371040344 95
1679833851532 42.75949168205261 96
1679833852200 43.440346002578735 97
1679833852318 43.55972480773926 98
1679833853049 44.286545515060425 99
1679833853168 44.40622305870056 100
1679833853836 45.074843883514404 101
1679833853967 45.20498967170715 102
1679833854709 45.94260120391846 103
1679833854850 46.07536840438843 104
1679833855619 46.84635329246521 105
1679833855757 46.98335266113281 106
1679833856523 47.75531506538391 107
1679833856655 47.8890962600708 108
1679833857386 48.61740517616272 109
1679833857510 48.744420528411865 110
1679833858273 49.5045440196991 111
1679833858405 49.63905620574951 112
1679833859174 50.398813247680664 113
1679833859319 50.541415214538574 114
1679833860033 51.262436628341675 115
1679833860166 51.40118432044983 116
1679833860855 52.08816313743591 117
1679833860983 52.21672296524048 118
1679833861745 52.97242569923401 119
1679833861874 53.104289054870605 120
1679833862645 53.877318382263184 121
1679833862773 54.00779175758362 122
1679833863455 54.69431662559509 123
1679833863579 54.816760540008545 124
1679833864253 55.49336886405945 125
1679833864385 55.62282919883728 126
1679833865048 56.28942370414734 127
1679833865177 56.41454720497131 128
1679833865844 57.08373832702637 129
1679833865962 57.202473640441895 130
1679833866635 57.87141728401184 131
1679833866763 57.9965615272522 132
1679833867430 58.66952633857727 133
1679833867553 58.789204597473145 134
1679833868211 59.450865507125854 135
1679833868328 59.56932353973389 136
1679833869032 60.267390966415405 137
1679833869155 60.38995337486267 138
1679833869856 61.09381079673767 139
1679833869977 61.21430683135986 140
1679833870647 61.88637328147888 141
1679833870791 62.01028633117676 142
1679833871566 62.80235695838928 143
1679833871687 62.92646384239197 144
1679833872374 63.6139178276062 145
1679833872495 63.734782218933105 146
1679833873176 64.41521406173706 147
1679833873298 64.53379821777344 148
1679833874020 65.25227904319763 149
1679833874113 65.38423824310303 150
1679833874805 66.04191303253174 151
1679833874923 66.16200280189514 152
1679833875599 66.83745074272156 153
1679833875724 66.9615683555603 154
1679833876412 67.65025734901428 155
1679833876537 67.77176785469055 156
1679833877198 68.43183994293213 157
1679833877324 68.55842018127441 158
1679833877988 69.22745895385742 159
1679833878108 69.34722995758057 160
1679833878782 70.01928806304932 161
1679833878904 70.14118647575378 162
1679833879565 70.8032648563385 163
1679833879690 70.9289116859436 164
1679833880436 71.66723775863647 165
1679833880568 71.80030751228333 166
1679833881245 72.47746109962463 167
1679833881410 72.6254153251648 168
1679833882154 73.38029789924622 169
1679833882300 73.52736210823059 170
1679833883098 74.32975745201111 171
1679833883228 74.46123814582825 172
1679833884010 75.23839449882507 173
1679833884146 75.37741899490356 174
1679833884923 76.15210461616516 175
1679833885062 76.29103970527649 176
1679833885816 77.04572916030884 177
1679833885946 77.17839217185974 178
1679833886669 77.90208458900452 179
1679833886809 78.04118585586548 180
1679833887517 78.75300145149231 181
1679833887641 78.87835097312927 182
1679833888348 79.58301401138306 183
1679833888472 79.7082359790802 184
1679833889161 80.39710903167725 185
1679833889286 80.52029991149902 186
1679833889982 81.21806216239929 187
1679833890183 81.4149534702301 188
1679833890858 82.09041547775269 189
1679833890982 82.21820569038391 190
1679833891669 82.90394878387451 191
1679833891797 83.03104424476624 192
1679833892515 83.75050640106201 193
1679833892642 83.87347340583801 194
1679833893320 84.55663228034973 195
1679833893448 84.6822726726532 196
1679833894119 85.35249090194702 197
1679833894251 85.48227334022522 198
1679833894927 86.16221928596497 199
1679833895054 86.28863382339478 200
1679833895747 86.98022723197937 201
1679833895875 87.11008143424988 202
1679833896562 87.79621815681458 203
1679833896688 87.92236733436584 204
1679833897415 88.64573454856873 205
1679833897552 88.78039598464966 206
1679833898256 89.48981857299805 207
1679833898389 89.62086582183838 208
1679833899088 90.32031893730164 209
1679833899218 90.45017433166504 210
1679833899983 91.2140862941742 211
1679833900118 91.34645485877991 212
1679833900810 92.04389142990112 213
1679833900946 92.1753933429718 214
1679833901680 92.91284036636353 215
1679833901815 93.0451717376709 216
1679833902525 93.75634741783142 217
1679833902674 93.89845585823059 218
1679833903398 94.63036918640137 219
1679833903530 94.76270580291748 220
1679833904238 95.46815299987793 221
1679833904364 95.59683632850647 222
1679833905067 96.29650521278381 223
1679833905196 96.42927718162537 224
1679833905880 97.1116464138031 225
1679833906011 97.24174165725708 226
1679833906692 97.92552304267883 227
1679833906826 98.05543279647827 228
1679833907511 98.74469494819641 229
1679833907642 98.87319850921631 230
1679833908350 99.58170247077942 231
1679833908480 99.71317315101624 232
1679833909242 100.4703140258789 233
1679833909372 100.60444641113281 234
1679833910050 101.28369235992432 235
1679833910182 101.41104483604431 236
1679833910938 102.16740250587463 237
1679833911072 102.30059170722961 238
1679833911826 103.05273675918579 239
1679833911958 103.18870449066162 240
1679833912725 103.95123386383057 241
1679833912881 104.09077143669128 242
1679833913622 104.85224533081055 243
1679833913763 104.98995471000671 244
1679833914534 105.76176500320435 245
1679833914672 105.89827966690063 246
1679833915437 106.66617369651794 247
1679833915570 106.79720854759216 248
1679833916295 107.51949501037598 249
1679833916425 107.6552164554596 250
1679833917143 108.37409591674805 251
1679833917275 108.5023033618927 252
1679833917962 109.19380974769592 253
1679833918100 109.32922005653381 254
1679833918842 110.0754063129425 255
1679833918970 110.20215678215027 256
1679833919655 110.88840293884277 257
1679833919786 111.0168890953064 258
1679833920487 111.71895027160645 259
1679833920612 111.84690070152283 260
1679833921302 112.53439426422119 261
1679833921427 112.6611967086792 262
1679833922098 113.33231520652771 263
1679833922227 113.46017408370972 264
1679833922909 114.14112424850464 265
1679833923038 114.2681143283844 266
1679833923735 114.96339440345764 267
1679833923864 115.09533834457397 268
1679833924540 115.7737979888916 269
1679833924669 115.89806079864502 270
1679833925390 116.6229977607727 271
1679833925517 116.7480115890503 272
1679833926194 117.42584943771362 273
1679833926324 117.55835270881653 274
1679833926988 118.22120761871338 275
1679833927111 118.34467959403992 276
1679833927836 119.06650876998901 277
1679833927961 119.19272708892822 278
1679833928678 119.9119086265564 279
1679833928826 120.04526901245117 280
1679833929527 120.75404763221741 281
1679833929660 120.89308381080627 282
1679833930348 121.57947778701782 283
1679833930474 121.7079017162323 284
1679833931178 122.40926241874695 285
1679833931310 122.53791093826294 286
1679833931993 123.22622275352478 287
1679833932122 123.35514402389526 288
1679833932817 124.05057621002197 289
1679833932946 124.1756443977356 290
1679833933627 124.85324192047119 291
1679833933755 124.98720598220825 292
1679833934468 125.70163345336914 293
1679833934602 125.8312337398529 294
1679833935290 126.52329301834106 295
1679833935417 126.65103101730347 296
1679833936087 127.31975507736206 297
1679833936218 127.44726920127869 298
1679833936979 128.2067949771881 299
1679833937112 128.33986449241638 300
1679833937208 128.439870595932 301
