1679833812624 3.875129461288452 1
1679833812751 3.9929144382476807 2
1679833813439 4.680878162384033 3
1679833813563 4.80658745765686 4
1679833814231 5.472228527069092 5
1679833814342 5.587146043777466 6
1679833815010 6.25542688369751 7
1679833815123 6.366483449935913 8
1679833815866 7.104845762252808 9
1679833815983 7.224596977233887 10
1679833816646 7.88757848739624 11
1679833816760 8.002392530441284 12
1679833817436 8.675395727157593 13
1679833817551 8.791868209838867 14
1679833818205 9.44746708869934 15
1679833818326 9.566529273986816 16
1679833819017 10.250022888183594 17
1679833819141 10.374956846237183 18
1679833819825 11.067036390304565 19
1679833819940 11.182545900344849 20
1679833820635 11.874611616134644 21
1679833820754 11.991379737854004 22
1679833821438 12.676210641860962 23
1679833821559 12.799287557601929 24
1679833822286 13.523307800292969 25
1679833822411 13.646923303604126 26
1679833823154 14.385205745697021 27
1679833823298 14.528215169906616 28
1679833824030 15.26685643196106 29
1679833824157 15.392361164093018 30
1679833824876 16.114420652389526 31
1679833825085 16.318487882614136 32
1679833825820 17.051839351654053 33
1679833825947 17.17988634109497 34
1679833826663 17.900418281555176 35
1679833826780 18.020214319229126 36
1679833827447 18.68736457824707 37
1679833827566 18.80495595932007 38
1679833828271 19.511685371398926 39
1679833828386 19.625696659088135 40
1679833829091 20.331750869750977 41
1679833829212 20.449678659439087 42
1679833829891 21.132551670074463 43
1679833830007 21.248549461364746 44
1679833830703 21.93982768058777 45
1679833830823 22.06133008003235 46
1679833831537 22.776206493377686 47
1679833831654 22.894492149353027 48
1679833832341 23.58194851875305 49
1679833832463 23.703523635864258 50
1679833833196 24.43391466140747 51
1679833833314 24.553343057632446 52
1679833834031 25.265089750289917 53
1679833834229 25.467356204986572 54
1679833834930 26.169139862060547 55
1679833835051 26.28590202331543 56
1679833835738 26.97357153892517 57
1679833835855 27.09557294845581 58
1679833836535 27.766854286193848 59
1679833836652 27.890435934066772 60
1679833837338 28.57845664024353 61
1679833837457 28.696038007736206 62
1679833838141 29.37861442565918 63
1679833838260 29.497243642807007 64
1679833838944 30.182318210601807 65
1679833839062 30.30288076400757 66
1679833839742 30.97845697402954 67
1679833839871 31.10151767730713 68
1679833840572 31.810632705688477 69
1679833840691 31.929481267929077 70
1679833841366 32.60115146636963 71
1679833841501 32.735918045043945 72
1679833842176 33.41501212120056 73
1679833842294 33.53255844116211 74
1679833843004 34.24031090736389 75
1679833843127 34.36414670944214 76
1679833843893 35.12934756278992 77
1679833844011 35.250312089920044 78
1679833844702 35.938109397888184 79
1679833844838 36.06565475463867 80
1679833845544 36.776991844177246 81
1679833845663 36.89861249923706 82
1679833846345 37.58238077163696 83
1679833846468 37.705957889556885 84
1679833847162 38.39835572242737 85
1679833847284 38.52055501937866 86
1679833847991 39.223923444747925 87
1679833848114 39.34824252128601 88
1679833848817 40.05349588394165 89
1679833848942 40.17636179924011 90
1679833849641 40.87747597694397 91
1679833849781 41.0108277797699 92
1679833850522 41.75655460357666 93
1679833850651 41.883503675460815 94
1679833851395 42.65986371040344 95
1679833851535 42.75949168205261 96
1679833852203 43.440346002578735 97
1679833852322 43.55972480773926 98
1679833853052 44.286545515060425 99
1679833853170 44.40622305870056 100
1679833853838 45.074843883514404 101
1679833853970 45.20498967170715 102
1679833854714 45.94260120391846 103
1679833854853 46.07536840438843 104
1679833855621 46.84635329246521 105
1679833855760 46.98335266113281 106
1679833856526 47.75531506538391 107
1679833856658 47.8890962600708 108
1679833857389 48.61740517616272 109
1679833857514 48.744420528411865 110
1679833858276 49.5045440196991 111
1679833858408 49.63905620574951 112
1679833859177 50.398813247680664 113
1679833859323 50.541415214538574 114
1679833860037 51.262436628341675 115
1679833860168 51.40118432044983 116
1679833860858 52.08816313743591 117
1679833860986 52.21672296524048 118
1679833861748 52.97242569923401 119
1679833861877 53.104289054870605 120
1679833862648 53.877318382263184 121
1679833862776 54.00779175758362 122
1679833863458 54.69431662559509 123
1679833863582 54.816760540008545 124
1679833864256 55.49336886405945 125
1679833864388 55.62282919883728 126
1679833865053 56.28942370414734 127
1679833865180 56.41454720497131 128
1679833865847 57.08373832702637 129
1679833865965 57.202473640441895 130
1679833866638 57.87141728401184 131
1679833866766 57.9965615272522 132
1679833867432 58.66952633857727 133
1679833867556 58.789204597473145 134
1679833868214 59.450865507125854 135
1679833868331 59.56932353973389 136
1679833869035 60.267390966415405 137
1679833869158 60.38995337486267 138
1679833869859 61.09381079673767 139
1679833869981 61.21430683135986 140
1679833870650 61.88637328147888 141
1679833870794 62.01028633117676 142
1679833871569 62.80235695838928 143
1679833871690 62.92646384239197 144
1679833872378 63.6139178276062 145
1679833872498 63.734782218933105 146
1679833873178 64.41521406173706 147
1679833873301 64.53379821777344 148
1679833874022 65.25227904319763 149
1679833874116 65.38423824310303 150
1679833874807 66.04191303253174 151
1679833874926 66.16200280189514 152
1679833875602 66.83745074272156 153
1679833875727 66.9615683555603 154
1679833876415 67.65025734901428 155
1679833876540 67.77176785469055 156
1679833877202 68.43183994293213 157
1679833877327 68.55842018127441 158
1679833877992 69.22745895385742 159
1679833878111 69.34722995758057 160
1679833878785 70.01928806304932 161
1679833878908 70.14118647575378 162
1679833879568 70.8032648563385 163
1679833879693 70.9289116859436 164
1679833880439 71.66723775863647 165
1679833880571 71.80030751228333 166
1679833881248 72.47746109962463 167
1679833881414 72.6254153251648 168
1679833882157 73.38029789924622 169
1679833882305 73.52736210823059 170
1679833883101 74.32975745201111 171
1679833883231 74.46123814582825 172
1679833884013 75.23839449882507 173
1679833884150 75.37741899490356 174
1679833884926 76.15210461616516 175
1679833885065 76.29103970527649 176
1679833885819 77.04572916030884 177
1679833885949 77.17839217185974 178
1679833886672 77.90208458900452 179
1679833886813 78.04118585586548 180
1679833887521 78.75300145149231 181
1679833887644 78.87835097312927 182
1679833888351 79.58301401138306 183
1679833888476 79.7082359790802 184
1679833889164 80.39710903167725 185
1679833889289 80.52029991149902 186
1679833889984 81.21806216239929 187
1679833890186 81.4149534702301 188
1679833890861 82.09041547775269 189
1679833890985 82.21820569038391 190
1679833891671 82.90394878387451 191
1679833891800 83.03104424476624 192
1679833892518 83.75050640106201 193
1679833892644 83.87347340583801 194
1679833893324 84.55663228034973 195
1679833893450 84.6822726726532 196
1679833894122 85.35249090194702 197
1679833894254 85.48227334022522 198
1679833894930 86.16221928596497 199
1679833895057 86.28863382339478 200
1679833895750 86.98022723197937 201
1679833895877 87.11008143424988 202
1679833896565 87.79621815681458 203
1679833896691 87.92236733436584 204
1679833897418 88.64573454856873 205
1679833897554 88.78039598464966 206
1679833898259 89.48981857299805 207
1679833898391 89.62086582183838 208
1679833899091 90.32031893730164 209
1679833899220 90.45017433166504 210
1679833899986 91.2140862941742 211
1679833900122 91.34645485877991 212
1679833900813 92.04389142990112 213
1679833900948 92.1753933429718 214
1679833901683 92.91284036636353 215
1679833901818 93.0451717376709 216
1679833902528 93.75634741783142 217
1679833902677 93.89845585823059 218
1679833903401 94.63036918640137 219
1679833903533 94.76270580291748 220
1679833904240 95.46815299987793 221
1679833904367 95.59683632850647 222
1679833905070 96.29650521278381 223
1679833905200 96.42927718162537 224
1679833905883 97.1116464138031 225
1679833906014 97.24174165725708 226
1679833906695 97.92552304267883 227
1679833906830 98.05543279647827 228
1679833907514 98.74469494819641 229
1679833907645 98.87319850921631 230
1679833908353 99.58170247077942 231
1679833908484 99.71317315101624 232
1679833909245 100.4703140258789 233
1679833909375 100.60444641113281 234
1679833910053 101.28369235992432 235
1679833910185 101.41104483604431 236
1679833910940 102.16740250587463 237
1679833911075 102.30059170722961 238
1679833911831 103.05273675918579 239
1679833911962 103.18870449066162 240
1679833912728 103.95123386383057 241
1679833912884 104.09077143669128 242
1679833913625 104.85224533081055 243
1679833913766 104.98995471000671 244
1679833914537 105.76176500320435 245
1679833914676 105.89827966690063 246
1679833915440 106.66617369651794 247
1679833915574 106.79720854759216 248
1679833916298 107.51949501037598 249
1679833916428 107.6552164554596 250
1679833917146 108.37409591674805 251
1679833917278 108.5023033618927 252
1679833917965 109.19380974769592 253
1679833918103 109.32922005653381 254
1679833918845 110.0754063129425 255
1679833918972 110.20215678215027 256
1679833919657 110.88840293884277 257
1679833919789 111.0168890953064 258
1679833920490 111.71895027160645 259
1679833920615 111.84690070152283 260
1679833921305 112.53439426422119 261
1679833921430 112.6611967086792 262
1679833922102 113.33231520652771 263
1679833922230 113.46017408370972 264
1679833922911 114.14112424850464 265
1679833923041 114.2681143283844 266
1679833923738 114.96339440345764 267
1679833923867 115.09533834457397 268
1679833924543 115.7737979888916 269
1679833924671 115.89806079864502 270
1679833925393 116.6229977607727 271
1679833925521 116.7480115890503 272
1679833926197 117.42584943771362 273
1679833926327 117.55835270881653 274
1679833926990 118.22120761871338 275
1679833927114 118.34467959403992 276
1679833927839 119.06650876998901 277
1679833927964 119.19272708892822 278
1679833928682 119.9119086265564 279
1679833928830 120.04526901245117 280
1679833929531 120.75404763221741 281
1679833929663 120.89308381080627 282
1679833930350 121.57947778701782 283
1679833930477 121.7079017162323 284
1679833931183 122.40926241874695 285
1679833931312 122.53791093826294 286
1679833931996 123.22622275352478 287
1679833932125 123.35514402389526 288
1679833932821 124.05057621002197 289
1679833932950 124.1756443977356 290
1679833933631 124.85324192047119 291
1679833933758 124.98720598220825 292
1679833934472 125.70163345336914 293
1679833934605 125.8312337398529 294
1679833935292 126.52329301834106 295
1679833935420 126.65103101730347 296
1679833936091 127.31975507736206 297
1679833936221 127.44726920127869 298
1679833936982 128.2067949771881 299
1679833937115 128.33986449241638 300
1679833937212 128.439870595932 301
