1679833812612 64.62849746039674 1
1679833813427 48.44493785275094 3
1679833814220 48.20160299096144 5
1679833815000 41.811170610351056 7
1679833815855 30.437749602347875 9
1679833816634 24.792251990174123 11
1679833817425 21.012012523960315 13
1679833818194 18.071831778325965 15
1679833818998 15.76293232105808 17
1679833819814 13.86351683831664 19
1679833820623 12.50556428419317 21
1679833821427 11.528835560674908 23
1679833822275 10.333750823176425 25
1679833823137 9.345636341452984 27
1679833824018 8.491752455496488 29
1679833824864 7.969788456481598 31
1679833825804 7.269832987701492 33
1679833826651 6.614705996463257 35
1679833827437 6.370306487448592 37
1679833828259 5.791617262463902 39
1679833829080 5.455442800592302 41
1679833829880 5.058056516263329 43
1679833830690 4.799828600535723 45
1679833831524 4.519239537488433 47
1679833832331 4.41711637631699 49
1679833833185 4.168743243141559 51
1679833834018 3.776160201176981 53
1679833834920 3.5614448158788874 55
1679833835727 3.396321979425859 57
1679833836521 3.293920581664023 59
1679833837327 3.0810711430921573 61
1679833838128 2.9258539032928654 63
1679833838933 2.9407518240678896 65
1679833839731 2.774022609903988 67
1679833840562 2.7391124716374122 69
1679833841353 2.4508828640529883 71
1679833842165 2.4385998882372686 73
1679833842994 2.3418629948026917 75
1679833843881 2.0884372703044995 77
1679833844690 2.2159693121798463 79
1679833845532 1.9285598875313839 81
1679833846335 1.8985884618547058 83
1679833847151 1.88272289289742 85
1679833847976 1.9825127979940311 87
1679833848806 1.723933771241779 89
1679833849630 1.7831299034536547 91
1679833850511 1.5801641464034943 93
1679833851381 1.720778211807066 95
1679833852192 1.48144924613368 97
1679833853040 1.4560500512000563 99
1679833853829 1.3699755571273273 101
1679833854702 1.4473935653715349 103
1679833855610 1.3471313271682774 105
1679833856515 1.2720996500435264 107
1679833857377 1.435876189730577 109
1679833858265 1.2581284681724443 111
1679833859164 1.1956746181183011 113
1679833860024 1.1632901017375126 115
1679833860846 1.3119429017363546 117
1679833861737 1.2712431508536493 119
1679833862637 1.0978205380386672 121
1679833863448 1.2058477520294608 123
1679833864245 1.051514985398948 125
1679833865041 1.0608954167418123 127
1679833865837 1.0515756086763117 129
1679833866627 1.0095386836732443 131
1679833867422 1.0717043708457545 133
1679833868203 0.9986831352708492 135
1679833869024 0.9638792844056066 137
1679833869847 0.8951489710836328 139
1679833870638 0.9325335418975833 141
1679833871558 1.349602433561274 143
1679833872366 0.9163915497023039 145
1679833873168 0.8522984197144453 147
1679833874011 0.8368851843317842 149
1679833874796 0.8264975682243623 151
1679833875591 0.8294161808576337 153
1679833876404 0.8518258104967706 155
1679833877189 0.7528769976762067 157
1679833877979 0.8249810602275232 159
1679833878774 0.801521197762974 161
1679833879558 0.727939174942042 163
1679833880426 0.8610430092453621 165
1679833881238 0.7243087718643317 167
1679833882145 0.8055811895067443 169
1679833883090 0.7294669840192214 171
1679833884001 0.7673661021372119 173
1679833884912 0.6857430897013551 175
1679833885808 0.7128029335780516 177
1679833886661 0.6767203123906117 179
1679833887509 0.656260557966517 181
1679833888339 0.682010567097718 183
1679833889153 0.797302382829075 185
1679833889973 0.7006217589079187 187
1679833890850 0.6737329485128405 189
1679833891662 0.6660954106636691 191
1679833892506 0.6507144378903827 193
1679833893313 0.7300540998387369 195
1679833894112 0.5894177333582528 197
1679833894917 0.6020128468719981 199
1679833895739 0.6020593065933213 201
1679833896554 0.6556350082103227 203
1679833897407 0.5772965567322331 205
1679833898248 0.6018968569650671 207
1679833899078 0.6076531148086464 209
1679833899976 0.5163586721585501 211
1679833900802 0.555121884852316 213
1679833901672 0.5853598843304526 215
1679833902517 0.7033146404039226 217
1679833903390 0.48594635860838836 219
1679833904229 0.5489220553959661 221
1679833905060 0.5653149364592691 223
1679833905872 0.5196132265483288 225
1679833906684 0.523223105075766 227
1679833907503 0.49460042313077723 229
1679833908342 0.5156650955998777 231
1679833909234 0.6703792025737566 233
1679833910043 0.49674857294394514 235
1679833910929 0.5290569837067802 237
1679833911817 0.4915574564173199 239
1679833912717 0.4496028663191509 241
1679833913615 0.5246081900341109 243
1679833914525 0.48502612677067997 245
1679833915428 0.43262524573664773 247
1679833916287 0.41463881989024504 249
1679833917135 0.45044772925876503 251
1679833917953 0.4766175516834245 253
1679833918834 0.44429407783582126 255
1679833919645 0.508420983706363 257
1679833920480 0.4531340605726898 259
1679833921294 0.4147609620123571 261
1679833922090 0.42233271284265134 263
1679833922901 0.40035866001693954 265
1679833923727 0.4868000740191776 267
1679833924533 0.4461610140981473 269
1679833925383 0.5733958611427814 271
1679833926185 0.5119596304041131 273
1679833926980 0.36630061604939196 275
1679833927827 0.4437309031108951 277
1679833928671 0.41759789190336016 279
1679833929519 0.4327611310411202 281
1679833930340 0.4835253247682863 283
1679833931170 0.39736710016380894 285
1679833931984 0.41335827869426794 287
1679833932810 0.49827168201410416 289
1679833933618 0.4647585685314416 291
1679833934461 0.404884698022331 293
1679833935282 0.4677354493252557 295
1679833936078 0.48857053106873777 297
1679833936972 0.5786577381659541 299
