1679939759603 3.1981351375579834 1
1679939759789 0.16313529014587402 2
1679939760765 0.9788901805877686 3
1679939760951 0.1867353916168213 4
1679939762047 1.0967395305633545 5
1679939762217 0.16757726669311523 6
1679939763140 0.9255750179290771 7
1679939763298 0.1573195457458496 8
1679939764223 0.9237844944000244 9
1679939764386 0.16225600242614746 10
1679939765336 0.9499125480651855 11
1679939765548 0.20020437240600586 12
1679939766609 1.059985876083374 13
1679939766807 0.19113707542419434 14
1679939767847 1.0549113750457764 15
1679939768025 0.17769217491149902 16
1679939769075 1.0553276538848877 17
1679939769254 0.17582392692565918 18
1679939770244 0.9901235103607178 19
1679939770416 0.17389464378356934 20
1679939771557 1.1199164390563965 21
1679939771757 0.20585203170776367 22
1679939772708 0.9700279235839844 23
1679939772864 0.15506815910339355 24
1679939773717 0.8533830642700195 25
1679939773879 0.16190791130065918 26
1679939774798 0.9206352233886719 27
1679939774971 0.16365623474121094 28
1679939775975 1.007612943649292 29
1679939776269 0.2807765007019043 30
1679939777351 1.0971283912658691 31
1679939777544 0.18229436874389648 32
1679939778523 0.9826040267944336 33
1679939778687 0.1699516773223877 34
1679939779643 0.9591195583343506 35
1679939779802 0.15772509574890137 36
1679939780709 0.9062705039978027 37
1679939780871 0.16198134422302246 38
1679939781807 0.9368593692779541 39
1679939782008 0.19388413429260254 40
1679939783038 1.020244836807251 41
1679939783310 0.27809810638427734 42
1679939784221 0.9199221134185791 43
1679939784385 0.16402006149291992 44
1679939785327 0.9409234523773193 45
1679939785498 0.1730661392211914 46
1679939786475 0.9760532379150391 47
1679939786641 0.16299200057983398 48
1679939787533 0.8959102630615234 49
1679939787718 0.18214035034179688 50
1679939788760 1.0388336181640625 51
1679939788957 0.19893336296081543 52
1679939789912 0.9612421989440918 53
1679939790078 0.16470813751220703 54
1679939791069 0.9902160167694092 55
1679939791229 0.1580810546875 56
1679939792162 0.9339394569396973 57
1679939792330 0.16474461555480957 58
1679939793288 0.9623095989227295 59
1679939793473 0.17575430870056152 60
1679939794556 1.071981430053711 61
1679939794742 0.1948862075805664 62
1679939795657 0.9241342544555664 63
1679939795822 0.16408228874206543 64
1679939796835 1.0048012733459473 65
1679939797022 0.19221019744873047 66
1679939798098 1.0740725994110107 67
1679939798275 0.1799299716949463 68
1679939799163 0.8892838954925537 69
1679939799372 0.1978013515472412 70
1679939800462 1.0912799835205078 71
1679939800661 0.19533181190490723 72
1679939801731 1.0841515064239502 73
1679939801898 0.16713213920593262 74
1679939802808 0.908393383026123 75
1679939802973 0.16545343399047852 76
1679939803882 0.9110903739929199 77
1679939804047 0.16254639625549316 78
1679939805017 0.9725472927093506 79
1679939805214 0.19222402572631836 80
1679939806319 1.1098737716674805 81
1679939806513 0.19092798233032227 82
1679939807498 0.987149715423584 83
1679939807665 0.1665339469909668 84
1679939808628 0.9592835903167725 85
1679939808809 0.1829068660736084 86
1679939809703 0.8968319892883301 87
1679939809866 0.16031813621520996 88
1679939810881 1.0179693698883057 89
1679939811092 0.19949054718017578 90
1679939812227 1.1416962146759033 91
1679939812419 0.17973923683166504 92
1679939813371 0.968562126159668 93
1679939813545 0.16947126388549805 94
1679939814430 0.8890104293823242 95
1679939814591 0.16082358360290527 96
1679939815466 0.875892162322998 97
1679939815629 0.16324663162231445 98
1679939816513 0.8837506771087646 99
1679939816711 0.19528555870056152 100
1679939817716 1.0069694519042969 101
1679939817910 0.1849982738494873 102
1679939818959 1.0568785667419434 103
1679939819128 0.16799712181091309 104
1679939820015 0.8878908157348633 105
1679939820181 0.16609764099121094 106
1679939821045 0.8652093410491943 107
1679939821211 0.16382050514221191 108
1679939822098 0.88901686668396 109
1679939822299 0.18753933906555176 110
1679939823318 1.0154492855072021 111
1679939823503 0.18894171714782715 112
1679939824450 0.9596807956695557 113
1679939824614 0.16443657875061035 114
1679939825485 0.8696455955505371 115
1679939825728 0.24181580543518066 116
1679939826609 0.8834803104400635 117
1679939826777 0.16649603843688965 118
1679939827667 0.891441822052002 119
1679939827862 0.1827843189239502 120
1679939828909 1.058190107345581 121
1679939829103 0.186690092086792 122
1679939830040 0.9421646595001221 123
1679939830203 0.1662309169769287 124
1679939831083 0.8780043125152588 125
1679939831250 0.16708898544311523 126
1679939832146 0.8969042301177979 127
1679939832391 0.2446155548095703 128
1679939833315 0.9262220859527588 129
1679939833514 0.1821601390838623 130
1679939834527 1.0269761085510254 131
1679939834716 0.18697166442871094 132
1679939835662 0.9512059688568115 133
1679939835828 0.16370129585266113 134
1679939836702 0.8743536472320557 135
1679939836867 0.16367864608764648 136
1679939837735 0.8683152198791504 137
1679939837896 0.16287779808044434 138
1679939838761 0.864832878112793 139
1679939838970 0.19694948196411133 140
1679939840084 1.1191222667694092 141
1679939840283 0.1946406364440918 142
1679939841231 0.9563062191009521 143
1679939841400 0.16925382614135742 144
1679939842283 0.8837764263153076 145
1679939842451 0.16695761680603027 146
1679939843316 0.8670988082885742 147
1679939843480 0.16294217109680176 148
1679939844352 0.8750178813934326 149
1679939844551 0.1721944808959961 150
1679939845578 1.0409269332885742 151
1679939845784 0.18447160720825195 152
1679939846816 1.0624396800994873 153
1679939846995 0.16602468490600586 154
1679939847877 0.8979909420013428 155
1679939848048 0.16482090950012207 156
1679939848931 0.8877654075622559 157
1679939849101 0.1694328784942627 158
1679939849985 0.8857378959655762 159
1679939850188 0.19103598594665527 160
1679939851203 1.0222256183624268 161
1679939851393 0.18991541862487793 162
1679939852346 0.9542508125305176 163
1679939852514 0.16949892044067383 164
1679939853483 0.9681904315948486 165
1679939853651 0.16722631454467773 166
1679939854549 0.8983321189880371 167
1679939854722 0.1686859130859375 168
1679939855620 0.8995985984802246 169
1679939855812 0.18139100074768066 170
1679939856871 1.0708434581756592 171
1679939857070 0.1850447654724121 172
1679939858027 0.9719059467315674 173
1679939858194 0.16765809059143066 174
1679939859083 0.8883364200592041 175
1679939859248 0.16587090492248535 176
1679939860217 0.9701640605926514 177
1679939860386 0.16609668731689453 178
1679939861261 0.8748633861541748 179
1679939861458 0.1929035186767578 180
1679939862464 1.0090696811676025 181
1679939862659 0.19214725494384766 182
1679939863613 0.9580240249633789 183
1679939863824 0.17619657516479492 184
1679939864708 0.9216094017028809 185
1679939864873 0.16521692276000977 186
1679939865727 0.8867478370666504 187
1679939865920 0.15518498420715332 188
1679939866911 0.9890596866607666 189
1679939867121 0.21108293533325195 190
1679939868164 1.026684045791626 191
1679939868355 0.20332646369934082 192
1679939869288 0.9384152889251709 193
1679939869455 0.16951918601989746 194
1679939870318 0.8610377311706543 195
1679939870497 0.1790006160736084 196
1679939871365 0.8698174953460693 197
1679939871528 0.16315984725952148 198
1679939872459 0.9327569007873535 199
1679939872653 0.18315982818603516 200
1679939873637 0.9840171337127686 201
1679939873923 0.2778890132904053 202
1679939874821 0.9149510860443115 203
1679939874990 0.168015718460083 204
1679939875845 0.8568534851074219 205
1679939876014 0.1660480499267578 206
1679939876862 0.8510713577270508 207
1679939877028 0.1632223129272461 208
1679939877885 0.8577992916107178 209
1679939878084 0.19220805168151855 210
1679939879084 0.9838836193084717 211
1679939879281 0.2107553482055664 212
1679939880196 0.9243557453155518 213
1679939880437 0.23971891403198242 214
1679939881343 0.9090592861175537 215
1679939881508 0.16302251815795898 216
1679939882387 0.8809986114501953 217
1679939882557 0.16753888130187988 218
1679939883414 0.8574662208557129 219
1679939883624 0.2019195556640625 220
1679939884637 1.0089588165283203 221
1679939884817 0.18609237670898438 222
1679939885747 0.9359142780303955 223
1679939885917 0.17115426063537598 224
1679939886782 0.8609371185302734 225
1679939886960 0.17691659927368164 226
1679939887922 0.967090368270874 227
1679939888090 0.1657721996307373 228
1679939888965 0.8729305267333984 229
1679939889172 0.2075815200805664 230
1679939890169 0.987786054611206 231
1679939890348 0.1898488998413086 232
1679939891241 0.8929133415222168 233
1679939891415 0.17406010627746582 234
1679939892280 0.8660974502563477 235
1679939892449 0.16809630393981934 236
1679939893359 0.912952184677124 237
1679939893530 0.16778302192687988 238
1679939894492 0.9619839191436768 239
1679939894691 0.18335485458374023 240
1679939895693 1.0106568336486816 241
1679939895866 0.17820167541503906 242
1679939896802 0.9350178241729736 243
1679939896976 0.1781902313232422 244
1679939897840 0.8617379665374756 245
1679939898012 0.1718463897705078 246
1679939898905 0.8922343254089355 247
1679939899073 0.16886210441589355 248
1679939899971 0.9004983901977539 249
1679939900195 0.2175614833831787 250
1679939901278 1.0768914222717285 251
1679939901451 0.18008923530578613 252
1679939902372 0.9198641777038574 253
1679939902539 0.17208075523376465 254
1679939903385 0.8453443050384521 255
1679939903557 0.17305231094360352 256
1679939904419 0.8614821434020996 257
1679939904586 0.16602849960327148 258
1679939905485 0.9011032581329346 259
1679939905683 0.18698668479919434 260
1679939906728 1.0412273406982422 261
1679939906944 0.22014212608337402 262
1679939907952 1.016838788986206 263
1679939908128 0.17385244369506836 264
1679939908991 0.8658421039581299 265
1679939909162 0.17065644264221191 266
1679939910062 0.902571439743042 267
1679939910233 0.16785264015197754 268
1679939911132 0.9000799655914307 269
1679939911327 0.1881093978881836 270
1679939912371 1.0320525169372559 271
1679939912550 0.1970202922821045 272
1679939913467 0.918065071105957 273
1679939913636 0.1666104793548584 274
1679939914585 0.9521000385284424 275
1679939914753 0.16603636741638184 276
1679939915621 0.8671777248382568 277
1679939915802 0.17889809608459473 278
1679939916661 0.8628807067871094 279
1679939916869 0.19607257843017578 280
1679939917866 0.97995924949646 281
1679939918070 0.21011710166931152 282
1679939918944 0.8948981761932373 283
1679939919118 0.17285895347595215 284
1679939919977 0.8600823879241943 285
1679939920148 0.17118597030639648 286
1679939921020 0.8719656467437744 287
1679939921268 0.24428987503051758 288
1679939922140 0.8744945526123047 289
1679939922341 0.19735312461853027 290
1679939923414 1.0575714111328125 291
1679939923596 0.19901657104492188 292
1679939924530 0.931957483291626 293
1679939924707 0.17903661727905273 294
1679939925585 0.8769912719726562 295
1679939925758 0.1740567684173584 296
1679939926639 0.8840236663818359 297
1679939926814 0.17093253135681152 298
1679939927664 0.853182315826416 299
1679939927952 0.2818787097930908 300
1679939928107 0.15218853950500488 301
