1679939759610 1679939759.0 1
1679939759799 1679939759.0 2
1679939760771 1679939760.0 3
1679939760958 1679939760.0 4
1679939762053 1679939762.0 5
1679939762223 1679939762.0 6
1679939763148 1679939763.0 7
1679939763304 1679939763.0 8
1679939764229 1679939764.0 9
1679939764393 1679939764.0 10
1679939765343 1679939765.0 11
1679939765556 1679939765.0 12
1679939766618 1679939766.0 13
1679939766818 1679939766.0 14
1679939767855 1679939767.0 15
1679939768032 1679939767.0 16
1679939769088 1679939769.0 17
1679939769261 1679939769.0 18
1679939770251 1679939770.0 19
1679939770423 1679939770.0 20
1679939771564 1679939771.0 21
1679939771765 1679939771.0 22
1679939772714 1679939772.0 23
1679939772870 1679939772.0 24
1679939773723 1679939773.0 25
1679939773885 1679939773.0 26
1679939774805 1679939774.0 27
1679939774979 1679939774.0 28
1679939775982 1679939775.0 29
1679939776278 1679939776.0 30
1679939777358 1679939777.0 31
1679939777551 1679939777.0 32
1679939778529 1679939778.0 33
1679939778694 1679939778.0 34
1679939779650 1679939779.0 35
1679939779808 1679939779.0 36
1679939780717 1679939780.0 37
1679939780879 1679939780.0 38
1679939781813 1679939781.0 39
1679939782016 1679939781.0 40
1679939783047 1679939782.0 41
1679939783319 1679939783.0 42
1679939784227 1679939784.0 43
1679939784392 1679939784.0 44
1679939785332 1679939785.0 45
1679939785505 1679939785.0 46
1679939786481 1679939786.0 47
1679939786650 1679939786.0 48
1679939787540 1679939787.0 49
1679939787724 1679939787.0 50
1679939788767 1679939788.0 51
1679939788965 1679939788.0 52
1679939789920 1679939789.0 53
1679939790086 1679939790.0 54
1679939791077 1679939791.0 55
1679939791235 1679939791.0 56
1679939792168 1679939792.0 57
1679939792337 1679939792.0 58
1679939793293 1679939793.0 59
1679939793481 1679939793.0 60
1679939794564 1679939794.0 61
1679939794753 1679939794.0 62
1679939795663 1679939795.0 63
1679939795830 1679939795.0 64
1679939796844 1679939796.0 65
1679939797030 1679939796.0 66
1679939798106 1679939798.0 67
1679939798282 1679939798.0 68
1679939799170 1679939799.0 69
1679939799379 1679939799.0 70
1679939800470 1679939800.0 71
1679939800669 1679939800.0 72
1679939801737 1679939801.0 73
1679939801904 1679939801.0 74
1679939802815 1679939802.0 75
1679939802980 1679939802.0 76
1679939803888 1679939803.0 77
1679939804053 1679939804.0 78
1679939805023 1679939804.0 79
1679939805223 1679939805.0 80
1679939806326 1679939806.0 81
1679939806520 1679939806.0 82
1679939807506 1679939807.0 83
1679939807671 1679939807.0 84
1679939808635 1679939808.0 85
1679939808816 1679939808.0 86
1679939809709 1679939809.0 87
1679939809873 1679939809.0 88
1679939810888 1679939810.0 89
1679939811100 1679939811.0 90
1679939812234 1679939812.0 91
1679939812428 1679939812.0 92
1679939813377 1679939813.0 93
1679939813552 1679939813.0 94
1679939814436 1679939814.0 95
1679939814598 1679939814.0 96
1679939815473 1679939815.0 97
1679939815637 1679939815.0 98
1679939816519 1679939816.0 99
1679939816718 1679939816.0 100
1679939817723 1679939817.0 101
1679939817917 1679939817.0 102
1679939818965 1679939818.0 103
1679939819135 1679939819.0 104
1679939820022 1679939819.0 105
1679939820186 1679939820.0 106
1679939821052 1679939821.0 107
1679939821217 1679939821.0 108
1679939822105 1679939822.0 109
1679939822306 1679939822.0 110
1679939823327 1679939823.0 111
1679939823513 1679939823.0 112
1679939824457 1679939824.0 113
1679939824621 1679939824.0 114
1679939825492 1679939825.0 115
1679939825735 1679939825.0 116
1679939826616 1679939826.0 117
1679939826784 1679939826.0 118
1679939827673 1679939827.0 119
1679939827871 1679939827.0 120
1679939828916 1679939828.0 121
1679939829110 1679939829.0 122
1679939830047 1679939829.0 123
1679939830210 1679939830.0 124
1679939831089 1679939831.0 125
1679939831257 1679939831.0 126
1679939832153 1679939832.0 127
1679939832398 1679939832.0 128
1679939833321 1679939833.0 129
1679939833523 1679939833.0 130
1679939834533 1679939834.0 131
1679939834723 1679939834.0 132
1679939835669 1679939835.0 133
1679939835835 1679939835.0 134
1679939836708 1679939836.0 135
1679939836873 1679939836.0 136
1679939837741 1679939837.0 137
1679939837901 1679939837.0 138
1679939838767 1679939838.0 139
1679939838979 1679939838.0 140
1679939840090 1679939840.0 141
1679939840290 1679939840.0 142
1679939841238 1679939841.0 143
1679939841407 1679939841.0 144
1679939842289 1679939842.0 145
1679939842457 1679939842.0 146
1679939843322 1679939843.0 147
1679939843486 1679939843.0 148
1679939844359 1679939844.0 149
1679939844557 1679939844.0 150
1679939845585 1679939845.0 151
1679939845792 1679939845.0 152
1679939846823 1679939846.0 153
1679939847005 1679939846.0 154
1679939847884 1679939847.0 155
1679939848055 1679939847.0 156
1679939848938 1679939848.0 157
1679939849109 1679939849.0 158
1679939849992 1679939849.0 159
1679939850195 1679939850.0 160
1679939851210 1679939851.0 161
1679939851400 1679939851.0 162
1679939852352 1679939852.0 163
1679939852520 1679939852.0 164
1679939853490 1679939853.0 165
1679939853656 1679939853.0 166
1679939854555 1679939854.0 167
1679939854729 1679939854.0 168
1679939855626 1679939855.0 169
1679939855818 1679939855.0 170
1679939856878 1679939856.0 171
1679939857076 1679939857.0 172
1679939858032 1679939857.0 173
1679939858201 1679939858.0 174
1679939859089 1679939859.0 175
1679939859254 1679939859.0 176
1679939860223 1679939860.0 177
1679939860393 1679939860.0 178
1679939861267 1679939861.0 179
1679939861464 1679939861.0 180
1679939862471 1679939862.0 181
1679939862666 1679939862.0 182
1679939863620 1679939863.0 183
1679939863833 1679939863.0 184
1679939864715 1679939864.0 185
1679939864879 1679939864.0 186
1679939865734 1679939865.0 187
1679939865927 1679939865.0 188
1679939866917 1679939866.0 189
1679939867127 1679939867.0 190
1679939868171 1679939868.0 191
1679939868362 1679939868.0 192
1679939869295 1679939869.0 193
1679939869461 1679939869.0 194
1679939870325 1679939870.0 195
1679939870504 1679939870.0 196
1679939871372 1679939871.0 197
1679939871535 1679939871.0 198
1679939872466 1679939872.0 199
1679939872660 1679939872.0 200
1679939873648 1679939873.0 201
1679939873930 1679939873.0 202
1679939874829 1679939874.0 203
1679939874996 1679939874.0 204
1679939875851 1679939875.0 205
1679939876021 1679939875.0 206
1679939876868 1679939876.0 207
1679939877035 1679939876.0 208
1679939877891 1679939877.0 209
1679939878092 1679939878.0 210
1679939879093 1679939879.0 211
1679939879287 1679939879.0 212
1679939880204 1679939880.0 213
1679939880444 1679939880.0 214
1679939881349 1679939881.0 215
1679939881515 1679939881.0 216
1679939882394 1679939882.0 217
1679939882563 1679939882.0 218
1679939883419 1679939883.0 219
1679939883631 1679939883.0 220
1679939884644 1679939884.0 221
1679939884826 1679939884.0 222
1679939885754 1679939885.0 223
1679939885924 1679939885.0 224
1679939886789 1679939886.0 225
1679939886967 1679939886.0 226
1679939887930 1679939887.0 227
1679939888098 1679939888.0 228
1679939888972 1679939888.0 229
1679939889178 1679939889.0 230
1679939890179 1679939890.0 231
1679939890356 1679939890.0 232
1679939891248 1679939891.0 233
1679939891421 1679939891.0 234
1679939892287 1679939892.0 235
1679939892456 1679939892.0 236
1679939893366 1679939893.0 237
1679939893536 1679939893.0 238
1679939894499 1679939894.0 239
1679939894699 1679939894.0 240
1679939895700 1679939895.0 241
1679939895873 1679939895.0 242
1679939896809 1679939896.0 243
1679939896983 1679939896.0 244
1679939897846 1679939897.0 245
1679939898020 1679939897.0 246
1679939898912 1679939898.0 247
1679939899080 1679939899.0 248
1679939899978 1679939899.0 249
1679939900202 1679939900.0 250
1679939901285 1679939901.0 251
1679939901460 1679939901.0 252
1679939902378 1679939902.0 253
1679939902545 1679939902.0 254
1679939903392 1679939903.0 255
1679939903564 1679939903.0 256
1679939904425 1679939904.0 257
1679939904592 1679939904.0 258
1679939905490 1679939905.0 259
1679939905690 1679939905.0 260
1679939906737 1679939906.0 261
1679939906951 1679939906.0 262
1679939907957 1679939907.0 263
1679939908135 1679939908.0 264
1679939908997 1679939908.0 265
1679939909169 1679939909.0 266
1679939910069 1679939910.0 267
1679939910242 1679939910.0 268
1679939911139 1679939911.0 269
1679939911334 1679939911.0 270
1679939912378 1679939912.0 271
1679939912557 1679939912.0 272
1679939913474 1679939913.0 273
1679939913643 1679939913.0 274
1679939914592 1679939914.0 275
1679939914759 1679939914.0 276
1679939915628 1679939915.0 277
1679939915808 1679939915.0 278
1679939916669 1679939916.0 279
1679939916876 1679939916.0 280
1679939917875 1679939917.0 281
1679939918079 1679939917.0 282
1679939918951 1679939918.0 283
1679939919124 1679939919.0 284
1679939919982 1679939919.0 285
1679939920155 1679939920.0 286
1679939921026 1679939920.0 287
1679939921274 1679939921.0 288
1679939922146 1679939922.0 289
1679939922349 1679939922.0 290
1679939923422 1679939923.0 291
1679939923604 1679939923.0 292
1679939924536 1679939924.0 293
1679939924714 1679939924.0 294
1679939925592 1679939925.0 295
1679939925766 1679939925.0 296
1679939926647 1679939926.0 297
1679939926821 1679939926.0 298
1679939927670 1679939927.0 299
1679939927959 1679939927.0 300
1679939928115 1679939928.0 301
