1679939759608 1.0 1
1679939759795 2.0 2
1679939760769 3.0 3
1679939760955 4.0 4
1679939762051 5.0 5
1679939762221 6.0 6
1679939763144 7.0 7
1679939763302 8.0 8
1679939764226 9.0 9
1679939764391 10.0 10
1679939765340 11.0 11
1679939765552 12.0 12
1679939766615 13.0 13
1679939766815 14.0 14
1679939767852 15.0 15
1679939768030 16.0 16
1679939769086 17.0 17
1679939769259 18.0 18
1679939770249 19.0 19
1679939770421 20.0 20
1679939771561 21.0 21
1679939771762 22.0 22
1679939772712 23.0 23
1679939772868 24.0 24
1679939773721 25.0 25
1679939773882 26.0 26
1679939774802 27.0 27
1679939774976 28.0 28
1679939775980 29.0 29
1679939776274 30.0 30
1679939777356 31.0 31
1679939777548 32.0 32
1679939778527 33.0 33
1679939778692 34.0 34
1679939779647 35.0 35
1679939779806 36.0 36
1679939780714 37.0 37
1679939780876 38.0 38
1679939781811 39.0 39
1679939782013 40.0 40
1679939783044 41.0 41
1679939783316 42.0 42
1679939784225 43.0 43
1679939784389 44.0 44
1679939785330 45.0 45
1679939785502 46.0 46
1679939786479 47.0 47
1679939786648 48.0 48
1679939787538 49.0 49
1679939787722 50.0 50
1679939788765 51.0 51
1679939788963 52.0 52
1679939789917 53.0 53
1679939790083 54.0 54
1679939791074 55.0 55
1679939791233 56.0 56
1679939792166 57.0 57
1679939792335 58.0 58
1679939793292 59.0 59
1679939793478 60.0 60
1679939794562 61.0 61
1679939794750 62.0 62
1679939795661 63.0 63
1679939795828 64.0 64
1679939796840 65.0 65
1679939797027 66.0 66
1679939798104 67.0 67
1679939798279 68.0 68
1679939799168 69.0 69
1679939799376 70.0 70
1679939800467 71.0 71
1679939800666 72.0 72
1679939801735 73.0 73
1679939801902 74.0 74
1679939802813 75.0 75
1679939802978 76.0 76
1679939803886 77.0 77
1679939804051 78.0 78
1679939805021 79.0 79
1679939805219 80.0 80
1679939806323 81.0 81
1679939806518 82.0 82
1679939807504 83.0 83
1679939807669 84.0 84
1679939808632 85.0 85
1679939808814 86.0 86
1679939809707 87.0 87
1679939809871 88.0 88
1679939810885 89.0 89
1679939811097 90.0 90
1679939812231 91.0 91
1679939812424 92.0 92
1679939813375 93.0 93
1679939813550 94.0 94
1679939814434 95.0 95
1679939814596 96.0 96
1679939815471 97.0 97
1679939815635 98.0 98
1679939816517 99.0 99
1679939816716 100.0 100
1679939817720 101.0 101
1679939817915 102.0 102
1679939818963 103.0 103
1679939819132 104.0 104
1679939820020 105.0 105
1679939820184 106.0 106
1679939821050 107.0 107
1679939821215 108.0 108
1679939822102 109.0 109
1679939822303 110.0 110
1679939823324 111.0 111
1679939823510 112.0 112
1679939824455 113.0 113
1679939824619 114.0 114
1679939825489 115.0 115
1679939825732 116.0 116
1679939826614 117.0 117
1679939826781 118.0 118
1679939827671 119.0 119
1679939827868 120.0 120
1679939828914 121.0 121
1679939829108 122.0 122
1679939830045 123.0 123
1679939830208 124.0 124
1679939831087 125.0 125
1679939831255 126.0 126
1679939832151 127.0 127
1679939832396 128.0 128
1679939833319 129.0 129
1679939833520 130.0 130
1679939834531 131.0 131
1679939834721 132.0 132
1679939835666 133.0 133
1679939835833 134.0 134
1679939836706 135.0 135
1679939836871 136.0 136
1679939837739 137.0 137
1679939837899 138.0 138
1679939838765 139.0 139
1679939838976 140.0 140
1679939840088 141.0 141
1679939840288 142.0 142
1679939841236 143.0 143
1679939841405 144.0 144
1679939842287 145.0 145
1679939842455 146.0 146
1679939843320 147.0 147
1679939843484 148.0 148
1679939844357 149.0 149
1679939844555 150.0 150
1679939845583 151.0 151
1679939845788 152.0 152
1679939846821 153.0 153
1679939847002 154.0 154
1679939847881 155.0 155
1679939848053 156.0 156
1679939848936 157.0 157
1679939849107 158.0 158
1679939849990 159.0 159
1679939850193 160.0 160
1679939851208 161.0 161
1679939851398 162.0 162
1679939852350 163.0 163
1679939852518 164.0 164
1679939853487 165.0 165
1679939853654 166.0 166
1679939854553 167.0 167
1679939854727 168.0 168
1679939855624 169.0 169
1679939855816 170.0 170
1679939856876 171.0 171
1679939857074 172.0 172
1679939858031 173.0 173
1679939858199 174.0 174
1679939859087 175.0 175
1679939859252 176.0 176
1679939860221 177.0 177
1679939860391 178.0 178
1679939861265 179.0 179
1679939861462 180.0 180
1679939862469 181.0 181
1679939862663 182.0 182
1679939863617 183.0 183
1679939863830 184.0 184
1679939864712 185.0 185
1679939864877 186.0 186
1679939865732 187.0 187
1679939865925 188.0 188
1679939866915 189.0 189
1679939867125 190.0 190
1679939868169 191.0 191
1679939868360 192.0 192
1679939869292 193.0 193
1679939869460 194.0 194
1679939870322 195.0 195
1679939870502 196.0 196
1679939871369 197.0 197
1679939871533 198.0 198
1679939872464 199.0 199
1679939872658 200.0 200
1679939873645 201.0 201
1679939873928 202.0 202
1679939874826 203.0 203
1679939874994 204.0 204
1679939875849 205.0 205
1679939876019 206.0 206
1679939876867 207.0 207
1679939877032 208.0 208
1679939877889 209.0 209
1679939878089 210.0 210
1679939879089 211.0 211
1679939879285 212.0 212
1679939880201 213.0 213
1679939880442 214.0 214
1679939881347 215.0 215
1679939881512 216.0 216
1679939882392 217.0 217
1679939882561 218.0 218
1679939883418 219.0 219
1679939883629 220.0 220
1679939884642 221.0 221
1679939884824 222.0 222
1679939885752 223.0 223
1679939885921 224.0 224
1679939886787 225.0 225
1679939886964 226.0 226
1679939887927 227.0 227
1679939888095 228.0 228
1679939888970 229.0 229
1679939889176 230.0 230
1679939890176 231.0 231
1679939890352 232.0 232
1679939891245 233.0 233
1679939891419 234.0 234
1679939892284 235.0 235
1679939892454 236.0 236
1679939893364 237.0 237
1679939893534 238.0 238
1679939894496 239.0 239
1679939894697 240.0 240
1679939895697 241.0 241
1679939895870 242.0 242
1679939896806 243.0 243
1679939896980 244.0 244
1679939897844 245.0 245
1679939898016 246.0 246
1679939898909 247.0 247
1679939899078 248.0 248
1679939899976 249.0 249
1679939900200 250.0 250
1679939901283 251.0 251
1679939901457 252.0 252
1679939902376 253.0 253
1679939902543 254.0 254
1679939903390 255.0 255
1679939903562 256.0 256
1679939904423 257.0 257
1679939904590 258.0 258
1679939905488 259.0 259
1679939905688 260.0 260
1679939906734 261.0 261
1679939906949 262.0 262
1679939907956 263.0 263
1679939908132 264.0 264
1679939908995 265.0 265
1679939909166 266.0 266
1679939910067 267.0 267
1679939910239 268.0 268
1679939911137 269.0 269
1679939911331 270.0 270
1679939912375 271.0 271
1679939912555 272.0 272
1679939913471 273.0 273
1679939913640 274.0 274
1679939914589 275.0 275
1679939914757 276.0 276
1679939915626 277.0 277
1679939915806 278.0 278
1679939916666 279.0 279
1679939916874 280.0 280
1679939917872 281.0 281
1679939918077 282.0 282
1679939918949 283.0 283
1679939919122 284.0 284
1679939919981 285.0 285
1679939920153 286.0 286
1679939921024 287.0 287
1679939921272 288.0 288
1679939922144 289.0 289
1679939922346 290.0 290
1679939923420 291.0 291
1679939923602 292.0 292
1679939924534 293.0 293
1679939924712 294.0 294
1679939925590 295.0 295
1679939925762 296.0 296
1679939926644 297.0 297
1679939926818 298.0 298
1679939927668 299.0 299
1679939927957 300.0 300
1679939928113 301.0 301
