1679939759624 0.0034711360931396484 1
1679939759812 0.0034711360931396484 2
1679939760792 0.0034711360931396484 3
1679939760970 0.0034711360931396484 4
1679939762066 0.0034711360931396484 5
1679939762236 0.0034711360931396484 6
1679939763161 0.0034711360931396484 7
1679939763317 0.0034711360931396484 8
1679939764242 0.0034711360931396484 9
1679939764407 0.0034711360931396484 10
1679939765356 0.0034711360931396484 11
1679939765573 0.0034711360931396484 12
1679939766634 0.0034711360931396484 13
1679939766837 0.0034711360931396484 14
1679939767871 0.0034711360931396484 15
1679939768046 0.0034711360931396484 16
1679939769101 0.0034711360931396484 17
1679939769275 0.0034711360931396484 18
1679939770266 0.0034711360931396484 19
1679939770438 0.0034711360931396484 20
1679939771584 0.0034711360931396484 21
1679939771783 0.0034711360931396484 22
1679939772727 0.0034711360931396484 23
1679939772882 0.0034711360931396484 24
1679939773736 0.0034711360931396484 25
1679939773899 0.0034711360931396484 26
1679939774818 0.0034711360931396484 27
1679939774995 0.0034711360931396484 28
1679939775996 0.0034711360931396484 29
1679939776300 0.0034711360931396484 30
1679939777374 0.0034711360931396484 31
1679939777564 0.0034711360931396484 32
1679939778543 0.0034711360931396484 33
1679939778708 0.0034711360931396484 34
1679939779663 0.0034711360931396484 35
1679939779821 0.0034711360931396484 36
1679939780730 0.0034711360931396484 37
1679939780892 0.0034711360931396484 38
1679939781827 0.0034711360931396484 39
1679939782031 0.0034711360931396484 40
1679939783065 0.0034711360931396484 41
1679939783336 0.0034711360931396484 42
1679939784240 0.0034711360931396484 43
1679939784405 0.0034711360931396484 44
1679939785348 0.0034711360931396484 45
1679939785518 0.0034711360931396484 46
1679939786494 0.0034711360931396484 47
1679939786664 0.0034711360931396484 48
1679939787553 0.0034711360931396484 49
1679939787738 0.0034711360931396484 50
1679939788781 0.0034711360931396484 51
1679939788980 0.0034711360931396484 52
1679939789933 0.0034711360931396484 53
1679939790101 0.0034711360931396484 54
1679939791090 0.0034711360931396484 55
1679939791250 0.0034711360931396484 56
1679939792183 0.0034711360931396484 57
1679939792350 0.0034711360931396484 58
1679939793308 0.0034711360931396484 59
1679939793495 0.0034711360931396484 60
1679939794583 0.0034711360931396484 61
1679939794771 0.0034711360931396484 62
1679939795677 0.0034711360931396484 63
1679939795844 0.0034711360931396484 64
1679939796862 0.0034711360931396484 65
1679939797044 0.0034711360931396484 66
1679939798120 0.0034711360931396484 67
1679939798296 0.0034711360931396484 68
1679939799184 0.0034711360931396484 69
1679939799393 0.0034711360931396484 70
1679939800485 0.0034711360931396484 71
1679939800685 0.0034711360931396484 72
1679939801750 0.0034711360931396484 73
1679939801918 0.0034711360931396484 74
1679939802828 0.0034711360931396484 75
1679939802993 0.0034711360931396484 76
1679939803901 0.0034711360931396484 77
1679939804067 0.0034711360931396484 78
1679939805036 0.0034711360931396484 79
1679939805241 0.0034711360931396484 80
1679939806341 0.0034711360931396484 81
1679939806534 0.0034711360931396484 82
1679939807519 0.0034711360931396484 83
1679939807684 0.0034711360931396484 84
1679939808651 0.0034711360931396484 85
1679939808829 0.0034711360931396484 86
1679939809722 0.0034711360931396484 87
1679939809888 0.0034711360931396484 88
1679939810901 0.0034711360931396484 89
1679939811115 0.0034711360931396484 90
1679939812247 0.0034711360931396484 91
1679939812441 0.0034711360931396484 92
1679939813390 0.0034711360931396484 93
1679939813566 0.0034711360931396484 94
1679939814449 0.0034711360931396484 95
1679939814611 0.0034711360931396484 96
1679939815486 0.0034711360931396484 97
1679939815651 0.0034711360931396484 98
1679939816534 0.0034711360931396484 99
1679939816731 0.0034711360931396484 100
1679939817739 0.0034711360931396484 101
1679939817931 0.0034711360931396484 102
1679939818979 0.0034711360931396484 103
1679939819149 0.0034711360931396484 104
1679939820035 0.0034711360931396484 105
1679939820200 0.0034711360931396484 106
1679939821065 0.0034711360931396484 107
1679939821231 0.0034711360931396484 108
1679939822117 0.0034711360931396484 109
1679939822319 0.0034711360931396484 110
1679939823342 0.0034711360931396484 111
1679939823529 0.0034711360931396484 112
1679939824470 0.0034711360931396484 113
1679939824635 0.0034711360931396484 114
1679939825506 0.0034711360931396484 115
1679939825749 0.0034711360931396484 116
1679939826631 0.0034711360931396484 117
1679939826802 0.0034711360931396484 118
1679939827685 0.0034711360931396484 119
1679939827888 0.0034711360931396484 120
1679939828933 0.0034711360931396484 121
1679939829123 0.0034711360931396484 122
1679939830060 0.0034711360931396484 123
1679939830223 0.0034711360931396484 124
1679939831102 0.0034711360931396484 125
1679939831274 0.0034711360931396484 126
1679939832166 0.0034711360931396484 127
1679939832411 0.0034711360931396484 128
1679939833334 0.0034711360931396484 129
1679939833538 0.0034711360931396484 130
1679939834548 0.0034711360931396484 131
1679939834736 0.0034711360931396484 132
1679939835681 0.0034711360931396484 133
1679939835848 0.0034711360931396484 134
1679939836721 0.0034711360931396484 135
1679939836886 0.0034711360931396484 136
1679939837754 0.0034711360931396484 137
1679939837914 0.0034711360931396484 138
1679939838780 0.0034711360931396484 139
1679939838995 0.0034711360931396484 140
1679939840104 0.0034711360931396484 141
1679939840306 0.0034711360931396484 142
1679939841250 0.0034711360931396484 143
1679939841420 0.0034711360931396484 144
1679939842302 0.0034711360931396484 145
1679939842469 0.0034711360931396484 146
1679939843335 0.0034711360931396484 147
1679939843500 0.0034711360931396484 148
1679939844372 0.0034711360931396484 149
1679939844572 0.0034711360931396484 150
1679939845599 0.0034711360931396484 151
1679939845812 0.0034711360931396484 152
1679939846836 0.0034711360931396484 153
1679939847020 0.0034711360931396484 154
1679939847898 0.0034711360931396484 155
1679939848068 0.0034711360931396484 156
1679939848951 0.0034711360931396484 157
1679939849122 0.0034711360931396484 158
1679939850004 0.0034711360931396484 159
1679939850209 0.0034711360931396484 160
1679939851227 0.0034711360931396484 161
1679939851414 0.0034711360931396484 162
1679939852366 0.0034711360931396484 163
1679939852533 0.0034711360931396484 164
1679939853503 0.0034711360931396484 165
1679939853669 0.0034711360931396484 166
1679939854569 0.0034711360931396484 167
1679939854742 0.0034711360931396484 168
1679939855639 0.0034711360931396484 169
1679939855835 0.0034711360931396484 170
1679939856892 0.0034711360931396484 171
1679939857091 0.0034711360931396484 172
1679939858046 0.0034711360931396484 173
1679939858214 0.0034711360931396484 174
1679939859102 0.0034711360931396484 175
1679939859268 0.0034711360931396484 176
1679939860237 0.0034711360931396484 177
1679939860407 0.0034711360931396484 178
1679939861280 0.0034711360931396484 179
1679939861478 0.0034711360931396484 180
1679939862489 0.0034711360931396484 181
1679939862684 0.0034711360931396484 182
1679939863633 0.0034711360931396484 183
1679939863847 0.0034711360931396484 184
1679939864728 0.0034711360931396484 185
1679939864892 0.0034711360931396484 186
1679939865749 0.0034711360931396484 187
1679939865941 0.0034711360931396484 188
1679939866931 0.0034711360931396484 189
1679939867141 0.0034711360931396484 190
1679939868186 0.0034711360931396484 191
1679939868376 0.0034711360931396484 192
1679939869309 0.0034711360931396484 193
1679939869474 0.0034711360931396484 194
1679939870337 0.0034711360931396484 195
1679939870517 0.0034711360931396484 196
1679939871384 0.0034711360931396484 197
1679939871547 0.0034711360931396484 198
1679939872480 0.0034711360931396484 199
1679939872675 0.0034711360931396484 200
1679939873669 0.0034711360931396484 201
1679939873944 0.0034711360931396484 202
1679939874843 0.0034711360931396484 203
1679939875010 0.0034711360931396484 204
1679939875863 0.0034711360931396484 205
1679939876034 0.0034711360931396484 206
1679939876881 0.0034711360931396484 207
1679939877048 0.0034711360931396484 208
1679939877904 0.0034711360931396484 209
1679939878110 0.0034711360931396484 210
1679939879112 0.0034711360931396484 211
1679939879301 0.0034711360931396484 212
1679939880216 0.0034711360931396484 213
1679939880457 0.0034711360931396484 214
1679939881363 0.0034711360931396484 215
1679939881528 0.0034711360931396484 216
1679939882406 0.0034711360931396484 217
1679939882576 0.0034711360931396484 218
1679939883434 0.0034711360931396484 219
1679939883645 0.0034711360931396484 220
1679939884657 0.0034711360931396484 221
1679939884844 0.0034711360931396484 222
1679939885767 0.0034711360931396484 223
1679939885942 0.0034711360931396484 224
1679939886803 0.0034711360931396484 225
1679939886981 0.0034711360931396484 226
1679939887942 0.0034711360931396484 227
1679939888110 0.0034711360931396484 228
1679939888985 0.0034711360931396484 229
1679939889192 0.0034711360931396484 230
1679939890196 0.0034711360931396484 231
1679939890368 0.0034711360931396484 232
1679939891261 0.0034711360931396484 233
1679939891435 0.0034711360931396484 234
1679939892299 0.0034711360931396484 235
1679939892471 0.0034711360931396484 236
1679939893378 0.0034711360931396484 237
1679939893549 0.0034711360931396484 238
1679939894511 0.0034711360931396484 239
1679939894716 0.0034711360931396484 240
1679939895714 0.0034711360931396484 241
1679939895886 0.0034711360931396484 242
1679939896821 0.0034711360931396484 243
1679939896995 0.0034711360931396484 244
1679939897859 0.0034711360931396484 245
1679939898033 0.0034711360931396484 246
1679939898925 0.0034711360931396484 247
1679939899092 0.0034711360931396484 248
1679939899991 0.0034711360931396484 249
1679939900217 0.0034711360931396484 250
1679939901298 0.0034711360931396484 251
1679939901479 0.0034711360931396484 252
1679939902391 0.0034711360931396484 253
1679939902558 0.0034711360931396484 254
1679939903405 0.0034711360931396484 255
1679939903576 0.0034711360931396484 256
1679939904438 0.0034711360931396484 257
1679939904604 0.0034711360931396484 258
1679939905504 0.0034711360931396484 259
1679939905705 0.0034711360931396484 260
1679939906753 0.0034711360931396484 261
1679939906965 0.0034711360931396484 262
1679939907971 0.0034711360931396484 263
1679939908148 0.0034711360931396484 264
1679939909011 0.0034711360931396484 265
1679939909182 0.0034711360931396484 266
1679939910083 0.0034711360931396484 267
1679939910256 0.0034711360931396484 268
1679939911151 0.0034711360931396484 269
1679939911348 0.0034711360931396484 270
1679939912391 0.0034711360931396484 271
1679939912570 0.0034711360931396484 272
1679939913486 0.0034711360931396484 273
1679939913655 0.0034711360931396484 274
1679939914605 0.0034711360931396484 275
1679939914772 0.0034711360931396484 276
1679939915641 0.0034711360931396484 277
1679939915821 0.0034711360931396484 278
1679939916682 0.0034711360931396484 279
1679939916889 0.0034711360931396484 280
1679939917890 0.0034711360931396484 281
1679939918094 0.0034711360931396484 282
1679939918964 0.0034711360931396484 283
1679939919137 0.0034711360931396484 284
1679939919996 0.0034711360931396484 285
1679939920167 0.0034711360931396484 286
1679939921041 0.0034711360931396484 287
1679939921287 0.0034711360931396484 288
1679939922160 0.0034711360931396484 289
1679939922367 0.0034711360931396484 290
1679939923438 0.0034711360931396484 291
1679939923618 0.0034711360931396484 292
1679939924549 0.0034711360931396484 293
1679939924726 0.0034711360931396484 294
1679939925605 0.0034711360931396484 295
1679939925779 0.0034711360931396484 296
1679939926660 0.0034711360931396484 297
1679939926834 0.0034711360931396484 298
1679939927683 0.0034711360931396484 299
1679939927972 0.0034711360931396484 300
1679939928128 0.0034711360931396484 301
