1679777587885 0.0 1
1679777588066 0.0 2
1679777589146 0.0 3
1679777589304 0.0 4
1679777590198 0.0 5
1679777590389 0.0 6
1679777591444 0.0 7
1679777591623 0.0 8
1679777592499 0.0 9
1679777592648 0.0 10
1679777593551 0.0 11
1679777593727 0.0 12
1679777594856 0.0 13
1679777595048 0.0 14
1679777596013 0.0 15
1679777596219 0.0 16
1679777597152 0.0 17
1679777597329 0.0 18
1679777598278 0.0 19
1679777598438 0.0 20
1679777599378 0.0 21
1679777599578 0.0 22
1679777600491 0.0 23
1679777600655 0.0 24
1679777601610 0.0 25
1679777601775 0.0 26
1679777602668 0.0 27
1679777602833 0.0 28
1679777603728 0.0 29
1679777603924 0.0 30
1679777604966 0.0 31
1679777605179 0.0 32
1679777606095 0.0 33
1679777606256 0.0 34
1679777607164 0.0 35
1679777607397 0.0 36
1679777608507 0.0 37
1679777608704 0.0 38
1679777609916 0.0 39
1679777610117 0.0 40
1679777611193 0.0 41
1679777611396 0.0 42
1679777612392 0.0 43
1679777612569 0.0 44
1679777613581 0.0 45
1679777613794 0.0 46
1679777614866 0.0 47
1679777615055 0.0 48
1679777616130 0.0 49
1679777616340 0.0 50
1679777617319 0.0 51
1679777617485 0.0 52
1679777618420 0.0 53
1679777618588 0.0 54
1679777619514 0.0 55
1679777619691 0.0 56
1679777620691 0.0 57
1679777620858 0.0 58
1679777621797 0.0 59
1679777622015 0.0 60
1679777622969 0.0 61
1679777623141 0.0 62
1679777624114 0.0 63
1679777624277 0.0 64
1679777625199 0.0 65
1679777625382 0.0 66
1679777626400 0.0 67
1679777626573 0.0 68
1679777627516 0.0 69
1679777627699 0.0 70
1679777628656 0.0 71
1679777628854 0.0 72
1679777629824 0.0 73
1679777630000 0.0 74
1679777630971 0.0 75
1679777631135 0.0 76
1679777632006 0.0 77
1679777632182 0.0 78
1679777633064 0.0 79
1679777633239 0.0 80
1679777634149 0.0 81
1679777634326 0.0 82
1679777635257 0.0 83
1679777635431 0.0 84
1679777636468 0.0 85
1679777636658 0.0 86
1679777637836 0.0 87
1679777638039 0.0 88
1679777639120 0.0 89
1679777639350 0.0 90
1679777640393 0.0 91
1679777640566 0.0 92
1679777641631 0.0 93
1679777641816 0.0 94
1679777642809 0.0 95
1679777643015 0.0 96
1679777644051 0.0 97
1679777644244 0.0 98
1679777645270 0.0 99
1679777645453 0.0 100
1679777646439 0.0 101
1679777646608 0.0 102
1679777647700 0.0 103
1679777647884 0.0 104
1679777648909 0.0 105
1679777649084 0.0 106
1679777650036 0.0 107
1679777650212 0.0 108
1679777651167 0.0 109
1679777651347 0.0 110
1679777652378 0.0 111
1679777652545 0.0 112
1679777653510 0.0 113
1679777653690 0.0 114
1679777654647 0.0 115
1679777654819 0.0 116
1679777655774 0.0 117
1679777655954 0.0 118
1679777656918 0.0 119
1679777657099 0.0 120
1679777658174 0.0 121
1679777658360 0.0 122
1679777659307 0.0 123
1679777659478 0.0 124
1679777660464 0.0 125
1679777660651 0.0 126
1679777661639 0.0 127
1679777661823 0.0 128
1679777663052 0.0 129
1679777663264 0.0 130
1679777664469 0.0 131
1679777664688 0.0 132
1679777665862 0.0 133
1679777666091 0.0 134
1679777667225 0.0 135
1679777667464 0.0 136
1679777668461 0.0 137
1679777668669 0.0 138
1679777669785 0.0 139
1679777669972 0.0 140
1679777670916 0.0 141
1679777671097 0.0 142
1679777672086 0.0 143
1679777672289 0.0 144
1679777673243 0.0 145
1679777673468 0.0 146
1679777674757 0.0 147
1679777674944 0.0 148
1679777675960 0.0 149
1679777676148 0.0 150
1679777677181 0.0 151
1679777677379 0.0 152
1679777678458 0.0 153
1679777678649 0.0 154
1679777679720 0.0 155
1679777679935 0.0 156
1679777681056 0.0 157
1679777681250 0.0 158
1679777682246 0.0 159
1679777682435 0.0 160
1679777683501 0.0 161
1679777683692 0.0 162
1679777684773 0.0 163
1679777684976 0.0 164
1679777686063 0.0 165
1679777686256 0.0 166
1679777687241 0.0 167
1679777687425 0.0 168
1679777688406 0.0 169
1679777688612 0.0 170
1679777689680 0.0 171
1679777689884 0.0 172
1679777690892 0.0 173
1679777691095 0.0 174
1679777692186 0.0 175
1679777692369 0.0 176
1679777693353 0.0 177
1679777693574 0.0 178
1679777694678 0.0 179
1679777694878 0.0 180
1679777695962 0.0 181
1679777696169 0.0 182
1679777697334 0.0 183
1679777697533 0.0 184
1679777698584 0.0 185
1679777698824 0.0 186
1679777699881 0.0 187
1679777700088 0.0 188
1679777701136 0.0 189
1679777701330 0.0 190
1679777702329 0.0 191
1679777702533 0.0 192
1679777703631 0.0 193
1679777703839 0.0 194
1679777704865 0.0 195
1679777705061 0.0 196
1679777706148 0.0 197
1679777706348 0.0 198
1679777707363 0.0 199
1679777707576 0.0 200
1679777708680 0.0 201
1679777708885 0.0 202
1679777709935 0.0 203
1679777710118 0.0 204
1679777711143 0.0 205
1679777711337 0.0 206
1679777712343 0.0 207
1679777712531 0.0 208
1679777713491 0.0 209
1679777713686 0.0 210
1679777714788 0.0 211
1679777714995 0.0 212
1679777716015 0.0 213
1679777716236 0.0 214
1679777717254 0.0 215
1679777717444 0.0 216
1679777718436 0.0 217
1679777718631 0.0 218
1679777719638 0.0 219
1679777719914 0.0 220
1679777720970 0.0 221
1679777721172 0.0 222
1679777722418 0.0 223
1679777722623 0.0 224
1679777723699 0.0 225
1679777723902 0.0 226
1679777724957 0.0 227
1679777725186 0.0 228
1679777726297 0.0 229
1679777726507 0.0 230
1679777727633 0.0 231
1679777727827 0.0 232
1679777728843 0.0 233
1679777729046 0.0 234
1679777730045 0.0 235
1679777730261 0.0 236
1679777731291 0.0 237
1679777731479 0.0 238
1679777732499 0.0 239
1679777732683 0.0 240
1679777733734 0.0 241
1679777733928 0.0 242
1679777734925 0.0 243
1679777735113 0.0 244
1679777736140 0.0 245
1679777736328 0.0 246
1679777737320 0.0 247
1679777737524 0.0 248
1679777738668 0.0 249
1679777738870 0.0 250
1679777739869 0.0 251
1679777740067 0.0 252
1679777741087 0.0 253
1679777741299 0.0 254
1679777742314 0.0 255
1679777742513 0.0 256
1679777743576 0.0 257
1679777743770 0.0 258
1679777744908 0.0 259
1679777745111 0.0 260
1679777746110 0.0 261
1679777746322 0.0 262
1679777747368 0.0 263
1679777747570 0.0 264
1679777748638 0.0 265
1679777748848 0.0 266
1679777749935 0.0 267
1679777750123 0.0 268
1679777751100 0.0 269
1679777751308 0.0 270
1679777752429 0.0 271
1679777752641 0.0 272
1679777753723 0.0 273
1679777753936 0.0 274
1679777755026 0.0 275
1679777755239 0.0 276
1679777756397 0.0 277
1679777756629 0.0 278
1679777757728 0.0 279
1679777757950 0.0 280
1679777759025 0.0 281
1679777759237 0.0 282
1679777760280 0.0 283
1679777760481 0.0 284
1679777761520 0.0 285
1679777761819 0.0 286
1679777762871 0.0 287
1679777763096 0.0 288
1679777764170 0.0 289
1679777764376 0.0 290
1679777765378 0.0 291
1679777765580 0.0 292
1679777766618 0.0 293
1679777766896 0.0 294
1679777768017 0.0 295
1679777768223 0.0 296
1679777769251 0.0 297
1679777769448 0.0 298
1679777770439 0.0 299
1679777770634 0.0 300
1679777770774 0.0 301
