1679777587896 1.0 1
1679777588077 2.0 2
1679777589156 3.0 3
1679777589315 4.0 4
1679777590211 5.0 5
1679777590402 6.0 6
1679777591455 7.0 7
1679777591633 8.0 8
1679777592509 9.0 9
1679777592658 10.0 10
1679777593561 11.0 11
1679777593740 12.0 12
1679777594866 13.0 13
1679777595058 14.0 14
1679777596026 15.0 15
1679777596233 16.0 16
1679777597167 17.0 17
1679777597340 18.0 18
1679777598292 19.0 19
1679777598449 20.0 20
1679777599395 21.0 21
1679777599588 22.0 22
1679777600500 23.0 23
1679777600665 24.0 24
1679777601620 25.0 25
1679777601787 26.0 26
1679777602681 27.0 27
1679777602842 28.0 28
1679777603746 29.0 29
1679777603933 30.0 30
1679777604977 31.0 31
1679777605192 32.0 32
1679777606105 33.0 33
1679777606266 34.0 34
1679777607174 35.0 35
1679777607413 36.0 36
1679777608519 37.0 37
1679777608716 38.0 38
1679777609930 39.0 39
1679777610128 40.0 40
1679777611206 41.0 41
1679777611407 42.0 42
1679777612400 43.0 43
1679777612579 44.0 44
1679777613594 45.0 45
1679777613805 46.0 46
1679777614876 47.0 47
1679777615065 48.0 48
1679777616142 49.0 49
1679777616352 50.0 50
1679777617330 51.0 51
1679777617496 52.0 52
1679777618430 53.0 53
1679777618598 54.0 54
1679777619525 55.0 55
1679777619701 56.0 56
1679777620701 57.0 57
1679777620867 58.0 58
1679777621807 59.0 59
1679777622028 60.0 60
1679777622980 61.0 61
1679777623152 62.0 62
1679777624124 63.0 63
1679777624287 64.0 64
1679777625210 65.0 65
1679777625392 66.0 66
1679777626410 67.0 67
1679777626583 68.0 68
1679777627527 69.0 69
1679777627711 70.0 70
1679777628668 71.0 71
1679777628866 72.0 72
1679777629835 73.0 73
1679777630010 74.0 74
1679777630980 75.0 75
1679777631145 76.0 76
1679777632016 77.0 77
1679777632193 78.0 78
1679777633073 79.0 79
1679777633253 80.0 80
1679777634159 81.0 81
1679777634337 82.0 82
1679777635270 83.0 83
1679777635442 84.0 84
1679777636481 85.0 85
1679777636668 86.0 86
1679777637847 87.0 87
1679777638052 88.0 88
1679777639134 89.0 89
1679777639366 90.0 90
1679777640403 91.0 91
1679777640577 92.0 92
1679777641641 93.0 93
1679777641828 94.0 94
1679777642827 95.0 95
1679777643028 96.0 96
1679777644062 97.0 97
1679777644256 98.0 98
1679777645281 99.0 99
1679777645465 100.0 100
1679777646450 101.0 101
1679777646619 102.0 102
1679777647711 103.0 103
1679777647895 104.0 104
1679777648921 105.0 105
1679777649095 106.0 106
1679777650046 107.0 107
1679777650222 108.0 108
1679777651177 109.0 109
1679777651359 110.0 110
1679777652388 111.0 111
1679777652556 112.0 112
1679777653520 113.0 113
1679777653700 114.0 114
1679777654658 115.0 115
1679777654829 116.0 116
1679777655785 117.0 117
1679777655965 118.0 118
1679777656928 119.0 119
1679777657109 120.0 120
1679777658186 121.0 121
1679777658371 122.0 122
1679777659317 123.0 123
1679777659489 124.0 124
1679777660475 125.0 125
1679777660660 126.0 126
1679777661649 127.0 127
1679777661834 128.0 128
1679777663063 129.0 129
1679777663277 130.0 130
1679777664481 131.0 131
1679777664701 132.0 132
1679777665875 133.0 133
1679777666107 134.0 134
1679777667237 135.0 135
1679777667474 136.0 136
1679777668475 137.0 137
1679777668680 138.0 138
1679777669797 139.0 139
1679777669985 140.0 140
1679777670929 141.0 141
1679777671107 142.0 142
1679777672099 143.0 143
1679777672302 144.0 144
1679777673254 145.0 145
1679777673479 146.0 146
1679777674767 147.0 147
1679777674956 148.0 148
1679777675970 149.0 149
1679777676158 150.0 150
1679777677192 151.0 151
1679777677390 152.0 152
1679777678468 153.0 153
1679777678662 154.0 154
1679777679730 155.0 155
1679777679947 156.0 156
1679777681067 157.0 157
1679777681260 158.0 158
1679777682257 159.0 159
1679777682448 160.0 160
1679777683512 161.0 161
1679777683703 162.0 162
1679777684784 163.0 163
1679777684987 164.0 164
1679777686075 165.0 165
1679777686266 166.0 166
1679777687252 167.0 167
1679777687435 168.0 168
1679777688416 169.0 169
1679777688624 170.0 170
1679777689692 171.0 171
1679777689896 172.0 172
1679777690904 173.0 173
1679777691107 174.0 174
1679777692196 175.0 175
1679777692380 176.0 176
1679777693365 177.0 177
1679777693586 178.0 178
1679777694691 179.0 179
1679777694892 180.0 180
1679777695973 181.0 181
1679777696181 182.0 182
1679777697345 183.0 183
1679777697544 184.0 184
1679777698597 185.0 185
1679777698836 186.0 186
1679777699893 187.0 187
1679777700099 188.0 188
1679777701148 189.0 189
1679777701341 190.0 190
1679777702340 191.0 191
1679777702543 192.0 192
1679777703642 193.0 193
1679777703850 194.0 194
1679777704876 195.0 195
1679777705071 196.0 196
1679777706159 197.0 197
1679777706358 198.0 198
1679777707376 199.0 199
1679777707588 200.0 200
1679777708692 201.0 201
1679777708897 202.0 202
1679777709946 203.0 203
1679777710128 204.0 204
1679777711154 205.0 205
1679777711348 206.0 206
1679777712357 207.0 207
1679777712542 208.0 208
1679777713502 209.0 209
1679777713697 210.0 210
1679777714798 211.0 211
1679777715005 212.0 212
1679777716025 213.0 213
1679777716250 214.0 214
1679777717264 215.0 215
1679777717456 216.0 216
1679777718445 217.0 217
1679777718643 218.0 218
1679777719648 219.0 219
1679777719924 220.0 220
1679777720980 221.0 221
1679777721182 222.0 222
1679777722429 223.0 223
1679777722635 224.0 224
1679777723710 225.0 225
1679777723912 226.0 226
1679777724968 227.0 227
1679777725198 228.0 228
1679777726308 229.0 229
1679777726519 230.0 230
1679777727645 231.0 231
1679777727837 232.0 232
1679777728853 233.0 233
1679777729056 234.0 234
1679777730055 235.0 235
1679777730273 236.0 236
1679777731302 237.0 237
1679777731489 238.0 238
1679777732509 239.0 239
1679777732695 240.0 240
1679777733744 241.0 241
1679777733938 242.0 242
1679777734935 243.0 243
1679777735124 244.0 244
1679777736150 245.0 245
1679777736338 246.0 246
1679777737330 247.0 247
1679777737537 248.0 248
1679777738680 249.0 249
1679777738882 250.0 250
1679777739882 251.0 251
1679777740079 252.0 252
1679777741097 253.0 253
1679777741310 254.0 254
1679777742324 255.0 255
1679777742524 256.0 256
1679777743586 257.0 257
1679777743782 258.0 258
1679777744920 259.0 259
1679777745124 260.0 260
1679777746122 261.0 261
1679777746333 262.0 262
1679777747379 263.0 263
1679777747580 264.0 264
1679777748652 265.0 265
1679777748859 266.0 266
1679777749945 267.0 267
1679777750133 268.0 268
1679777751110 269.0 269
1679777751319 270.0 270
1679777752442 271.0 271
1679777752653 272.0 272
1679777753733 273.0 273
1679777753950 274.0 274
1679777755039 275.0 275
1679777755250 276.0 276
1679777756408 277.0 277
1679777756642 278.0 278
1679777757739 279.0 279
1679777757963 280.0 280
1679777759036 281.0 281
1679777759248 282.0 282
1679777760291 283.0 283
1679777760494 284.0 284
1679777761533 285.0 285
1679777761830 286.0 286
1679777762884 287.0 287
1679777763107 288.0 288
1679777764181 289.0 289
1679777764388 290.0 290
1679777765390 291.0 291
1679777765592 292.0 292
1679777766629 293.0 293
1679777766909 294.0 294
1679777768027 295.0 295
1679777768234 296.0 296
1679777769261 297.0 297
1679777769458 298.0 298
1679777770450 299.0 299
1679777770648 300.0 300
1679777770784 301.0 301
