1679777587883 3.497422218322754 1
1679777588064 0.14676570892333984 2
1679777589144 1.0847465991973877 3
1679777589303 0.1581883430480957 4
1679777590196 0.9217820167541504 5
1679777590388 0.15491271018981934 6
1679777591442 1.0552761554718018 7
1679777591621 0.17881083488464355 8
1679777592498 0.8852713108062744 9
1679777592647 0.14864873886108398 10
1679777593550 0.9032742977142334 11
1679777593725 0.16773581504821777 12
1679777594855 1.1380715370178223 13
1679777595046 0.1739656925201416 14
1679777596012 0.9771649837493896 15
1679777596216 0.1849064826965332 16
1679777597149 0.9448893070220947 17
1679777597328 0.18190288543701172 18
1679777598276 0.9526157379150391 19
1679777598437 0.1636807918548584 20
1679777599376 0.9673786163330078 21
1679777599577 0.16341805458068848 22
1679777600489 0.9212310314178467 23
1679777600653 0.15874814987182617 24
1679777601608 0.9560990333557129 25
1679777601773 0.16468024253845215 26
1679777602667 0.8982572555541992 27
1679777602831 0.1599597930908203 28
1679777603727 0.895146369934082 29
1679777603921 0.18375396728515625 30
1679777604965 1.0543859004974365 31
1679777605177 0.1972494125366211 32
1679777606094 0.9346177577972412 33
1679777606255 0.15883612632751465 34
1679777607163 0.9040548801422119 35
1679777607396 0.20298242568969727 36
1679777608506 1.1310789585113525 37
1679777608703 0.19683504104614258 38
1679777609914 1.214064359664917 39
1679777610116 0.20134997367858887 40
1679777611191 1.0827205181121826 41
1679777611395 0.1883106231689453 42
1679777612390 1.0136215686798096 43
1679777612567 0.17196989059448242 44
1679777613579 1.046140432357788 45
1679777613793 0.16851329803466797 46
1679777614865 1.0784289836883545 47
1679777615053 0.18774724006652832 48
1679777616128 1.0801467895507812 49
1679777616338 0.19697308540344238 50
1679777617318 0.995032787322998 51
1679777617484 0.16731762886047363 52
1679777618419 0.9367458820343018 53
1679777618586 0.16590094566345215 54
1679777619512 0.9232373237609863 55
1679777619689 0.16581439971923828 56
1679777620689 1.016071081161499 57
1679777620856 0.16023969650268555 58
1679777621795 0.9377546310424805 59
1679777622013 0.2081303596496582 60
1679777622968 0.9719066619873047 61
1679777623140 0.1680288314819336 62
1679777624112 0.9743835926055908 63
1679777624275 0.16442131996154785 64
1679777625198 0.9214093685150146 65
1679777625381 0.1761176586151123 66
1679777626399 1.0287394523620605 67
1679777626572 0.16377663612365723 68
1679777627515 0.9430677890777588 69
1679777627697 0.17914795875549316 70
1679777628654 0.9971754550933838 71
1679777628852 0.15488982200622559 72
1679777629822 0.9736955165863037 73
1679777629998 0.18230223655700684 74
1679777630970 0.9732933044433594 75
1679777631133 0.16343259811401367 76
1679777632004 0.8729565143585205 77
1679777632180 0.162153959274292 78
1679777633062 0.8943648338317871 79
1679777633237 0.16686677932739258 80
1679777634147 0.9186666011810303 81
1679777634325 0.1679244041442871 82
1679777635256 0.9425845146179199 83
1679777635429 0.16778898239135742 84
1679777636466 1.039673089981079 85
1679777636656 0.18054771423339844 86
1679777637834 1.1857671737670898 87
1679777638037 0.18596625328063965 88
1679777639118 1.0816311836242676 89
1679777639348 0.21715378761291504 90
1679777640392 1.0700569152832031 91
1679777640565 0.1753673553466797 92
1679777641630 1.061457633972168 93
1679777641815 0.18377256393432617 94
1679777642808 0.9844162464141846 95
1679777643013 0.2128455638885498 96
1679777644049 1.0762488842010498 97
1679777644242 0.1509544849395752 98
1679777645268 1.0278513431549072 99
1679777645451 0.18708181381225586 100
1679777646437 0.9881432056427002 101
1679777646606 0.16970610618591309 102
1679777647699 1.0810978412628174 103
1679777647882 0.18906450271606445 104
1679777648907 1.0308187007904053 105
1679777649083 0.17333245277404785 106
1679777650034 0.9518404006958008 107
1679777650211 0.17481279373168945 108
1679777651165 0.9581310749053955 109
1679777651346 0.1761629581451416 110
1679777652377 1.0359408855438232 111
1679777652544 0.16483473777770996 112
1679777653508 0.9592442512512207 113
1679777653688 0.1835005283355713 114
1679777654646 0.954326868057251 115
1679777654818 0.1768479347229004 116
1679777655773 0.9561352729797363 117
1679777655953 0.17717623710632324 118
1679777656916 0.9610819816589355 119
1679777657097 0.18076014518737793 120
1679777658172 1.0799305438995361 121
1679777658359 0.18824529647827148 122
1679777659306 0.9788146018981934 123
1679777659477 0.1379396915435791 124
1679777660463 0.979006290435791 125
1679777660650 0.18509364128112793 126
1679777661638 0.9894580841064453 127
1679777661822 0.1829066276550293 128
1679777663050 1.217628002166748 129
1679777663263 0.20865178108215332 130
1679777664467 1.2071447372436523 131
1679777664685 0.21660351753234863 132
1679777665861 1.1738357543945312 133
1679777666089 0.2296614646911621 134
1679777667224 1.1331243515014648 135
1679777667463 0.25715112686157227 136
1679777668459 0.9905085563659668 137
1679777668667 0.210174560546875 138
1679777669783 1.1131539344787598 139
1679777669970 0.1886148452758789 140
1679777670915 0.9492883682250977 141
1679777671095 0.18020296096801758 142
1679777672085 0.9798996448516846 143
1679777672288 0.20368742942810059 144
1679777673242 0.9662535190582275 145
1679777673466 0.2065422534942627 146
1679777674756 1.3065423965454102 147
1679777674943 0.18325185775756836 148
1679777675958 1.0176267623901367 149
1679777676146 0.1869981288909912 150
1679777677179 1.0350995063781738 151
1679777677377 0.19081497192382812 152
1679777678457 1.0851850509643555 153
1679777678648 0.18986153602600098 154
1679777679718 1.0627460479736328 155
1679777679933 0.20415425300598145 156
1679777681055 1.1381502151489258 157
1679777681248 0.19491171836853027 158
1679777682245 1.0003094673156738 159
1679777682434 0.18671154975891113 160
1679777683500 1.0662505626678467 161
1679777683690 0.18691563606262207 162
1679777684771 1.0829129219055176 163
1679777684974 0.19769859313964844 164
1679777686061 1.0944023132324219 165
1679777686255 0.19364237785339355 166
1679777687240 0.9861471652984619 167
1679777687424 0.18117737770080566 168
1679777688404 0.9803102016448975 169
1679777688610 0.20229744911193848 170
1679777689679 1.0698606967926025 171
1679777689882 0.19585919380187988 172
1679777690890 1.0124788284301758 173
1679777691094 0.20325136184692383 174
1679777692184 1.0979268550872803 175
1679777692368 0.1838216781616211 176
1679777693350 0.977081298828125 177
1679777693572 0.20905232429504395 178
1679777694677 1.1138932704925537 179
1679777694877 0.2040867805480957 180
1679777695961 1.0750904083251953 181
1679777696167 0.2067408561706543 182
1679777697332 1.1714403629302979 183
1679777697531 0.19870758056640625 184
1679777698582 1.0568761825561523 185
1679777698822 0.23108720779418945 186
1679777699879 1.0624933242797852 187
1679777700086 0.20359444618225098 188
1679777701135 1.0512585639953613 189
1679777701328 0.19665193557739258 190
1679777702327 0.9991185665130615 191
1679777702531 0.19510698318481445 192
1679777703630 1.1039843559265137 193
1679777703837 0.20373916625976562 194
1679777704863 1.0328788757324219 195
1679777705059 0.19425201416015625 196
1679777706146 1.0899479389190674 197
1679777706346 0.19493651390075684 198
1679777707362 1.0101532936096191 199
1679777707575 0.21506047248840332 200
1679777708679 1.1106414794921875 201
1679777708884 0.20226764678955078 202
1679777709933 1.0517730712890625 203
1679777710116 0.18439078330993652 204
1679777711142 1.0226402282714844 205
1679777711336 0.18956756591796875 206
1679777712342 1.0076749324798584 207
1679777712530 0.1913621425628662 208
1679777713488 0.9573171138763428 209
1679777713684 0.1962137222290039 210
1679777714786 1.0982670783996582 211
1679777714993 0.20874619483947754 212
1679777716013 1.0219135284423828 213
1679777716233 0.20212745666503906 214
1679777717253 1.039808988571167 215
1679777717442 0.18704509735107422 216
1679777718434 0.9940190315246582 217
1679777718630 0.19302654266357422 218
1679777719636 1.006349802017212 219
1679777719912 0.27371811866760254 220
1679777720968 1.055992603302002 221
1679777721169 0.19763755798339844 222
1679777722416 1.2494838237762451 223
1679777722622 0.20057201385498047 224
1679777723698 1.0810911655426025 225
1679777723900 0.19722723960876465 226
1679777724955 1.05487060546875 227
1679777725185 0.2177727222442627 228
1679777726296 1.121119499206543 229
1679777726505 0.2061920166015625 230
1679777727631 1.1346368789672852 231
1679777727825 0.19630742073059082 232
1679777728842 1.0135235786437988 233
1679777729044 0.20411038398742676 234
1679777730042 0.9984261989593506 235
1679777730259 0.20625066757202148 236
1679777731290 1.0383927822113037 237
1679777731477 0.19426727294921875 238
1679777732498 1.0209274291992188 239
1679777732681 0.1812276840209961 240
1679777733732 1.054734706878662 241
1679777733926 0.19027113914489746 242
1679777734924 0.9988341331481934 243
1679777735112 0.18704676628112793 244
1679777736139 1.0287799835205078 245
1679777736327 0.18824458122253418 246
1679777737319 0.9922447204589844 247
1679777737522 0.19513535499572754 248
1679777738666 1.1397383213043213 249
1679777738869 0.2092442512512207 250
1679777739866 0.9996750354766846 251
1679777740066 0.20267343521118164 252
1679777741086 1.0201587677001953 253
1679777741297 0.20132017135620117 254
1679777742312 1.021831750869751 255
1679777742512 0.20170092582702637 256
1679777743574 1.062384843826294 257
1679777743768 0.1949472427368164 258
1679777744906 1.1327052116394043 259
1679777745110 0.2082350254058838 260
1679777746110 0.9989752769470215 261
1679777746320 0.20467185974121094 262
1679777747367 1.0490474700927734 263
1679777747568 0.19929909706115723 264
1679777748636 1.0691845417022705 265
1679777748846 0.21075177192687988 266
1679777749933 1.0880126953125 267
1679777750121 0.1889941692352295 268
1679777751098 0.9759249687194824 269
1679777751307 0.20099472999572754 270
1679777752427 1.1163830757141113 271
1679777752638 0.21552681922912598 272
1679777753722 1.0850319862365723 273
1679777753934 0.20737075805664062 274
1679777755024 1.097792148590088 275
1679777755238 0.20902347564697266 276
1679777756395 1.1586873531341553 277
1679777756626 0.21836042404174805 278
1679777757727 1.1152818202972412 279
1679777757948 0.21060705184936523 280
1679777759024 1.0830888748168945 281
1679777759236 0.20983099937438965 282
1679777760279 1.0462987422943115 283
1679777760479 0.21028709411621094 284
1679777761519 1.0335509777069092 285
1679777761817 0.2940022945404053 286
1679777762870 1.0530776977539062 287
1679777763094 0.2187182903289795 288
1679777764168 1.0829389095306396 289
1679777764375 0.20699405670166016 290
1679777765377 1.0061426162719727 291
1679777765579 0.19614195823669434 292
1679777766616 1.0447406768798828 293
1679777766894 0.26369667053222656 294
1679777768015 1.1315972805023193 295
1679777768221 0.19895148277282715 296
1679777769250 1.036057710647583 297
1679777769447 0.19668936729431152 298
1679777770437 0.9860167503356934 299
1679777770633 0.19926047325134277 300
1679777770772 0.1369779109954834 301
