1679777587886 1.0 1
1679777588067 2.0 2
1679777589148 3.0 3
1679777589306 4.0 4
1679777590199 5.0 5
1679777590391 6.0 6
1679777591445 7.0 7
1679777591624 8.0 8
1679777592501 9.0 9
1679777592650 10.0 10
1679777593553 11.0 11
1679777593730 12.0 12
1679777594858 13.0 13
1679777595049 14.0 14
1679777596015 15.0 15
1679777596221 16.0 16
1679777597154 17.0 17
1679777597330 18.0 18
1679777598280 19.0 19
1679777598439 20.0 20
1679777599379 21.0 21
1679777599580 22.0 22
1679777600493 23.0 23
1679777600656 24.0 24
1679777601611 25.0 25
1679777601777 26.0 26
1679777602670 27.0 27
1679777602834 28.0 28
1679777603730 29.0 29
1679777603925 30.0 30
1679777604968 31.0 31
1679777605180 32.0 32
1679777606096 33.0 33
1679777606258 34.0 34
1679777607165 35.0 35
1679777607399 36.0 36
1679777608509 37.0 37
1679777608706 38.0 38
1679777609917 39.0 39
1679777610119 40.0 40
1679777611195 41.0 41
1679777611397 42.0 42
1679777612393 43.0 43
1679777612570 44.0 44
1679777613583 45.0 45
1679777613796 46.0 46
1679777614868 47.0 47
1679777615056 48.0 48
1679777616132 49.0 49
1679777616341 50.0 50
1679777617321 51.0 51
1679777617487 52.0 52
1679777618422 53.0 53
1679777618589 54.0 54
1679777619515 55.0 55
1679777619692 56.0 56
1679777620692 57.0 57
1679777620859 58.0 58
1679777621798 59.0 59
1679777622016 60.0 60
1679777622971 61.0 61
1679777623143 62.0 62
1679777624115 63.0 63
1679777624278 64.0 64
1679777625201 65.0 65
1679777625383 66.0 66
1679777626403 67.0 67
1679777626574 68.0 68
1679777627518 69.0 69
1679777627701 70.0 70
1679777628658 71.0 71
1679777628856 72.0 72
1679777629826 73.0 73
1679777630001 74.0 74
1679777630972 75.0 75
1679777631136 76.0 76
1679777632007 77.0 77
1679777632184 78.0 78
1679777633065 79.0 79
1679777633241 80.0 80
1679777634151 81.0 81
1679777634328 82.0 82
1679777635259 83.0 83
1679777635432 84.0 84
1679777636470 85.0 85
1679777636659 86.0 86
1679777637837 87.0 87
1679777638041 88.0 88
1679777639122 89.0 89
1679777639352 90.0 90
1679777640394 91.0 91
1679777640567 92.0 92
1679777641633 93.0 93
1679777641818 94.0 94
1679777642812 95.0 95
1679777643017 96.0 96
1679777644052 97.0 97
1679777644246 98.0 98
1679777645271 99.0 99
1679777645455 100.0 100
1679777646441 101.0 101
1679777646610 102.0 102
1679777647702 103.0 103
1679777647885 104.0 104
1679777648910 105.0 105
1679777649086 106.0 106
1679777650038 107.0 107
1679777650214 108.0 108
1679777651168 109.0 109
1679777651349 110.0 110
1679777652380 111.0 111
1679777652547 112.0 112
1679777653511 113.0 113
1679777653691 114.0 114
1679777654648 115.0 115
1679777654821 116.0 116
1679777655776 117.0 117
1679777655956 118.0 118
1679777656919 119.0 119
1679777657100 120.0 120
1679777658176 121.0 121
1679777658362 122.0 122
1679777659309 123.0 123
1679777659480 124.0 124
1679777660465 125.0 125
1679777660652 126.0 126
1679777661640 127.0 127
1679777661824 128.0 128
1679777663054 129.0 129
1679777663266 130.0 130
1679777664471 131.0 131
1679777664689 132.0 132
1679777665865 133.0 133
1679777666093 134.0 134
1679777667226 135.0 135
1679777667466 136.0 136
1679777668461 137.0 137
1679777668670 138.0 138
1679777669787 139.0 139
1679777669974 140.0 140
1679777670917 141.0 141
1679777671099 142.0 142
1679777672088 143.0 143
1679777672291 144.0 144
1679777673245 145.0 145
1679777673470 146.0 146
1679777674759 147.0 147
1679777674946 148.0 148
1679777675961 149.0 149
1679777676149 150.0 150
1679777677182 151.0 151
1679777677381 152.0 152
1679777678460 153.0 153
1679777678651 154.0 154
1679777679722 155.0 155
1679777679938 156.0 156
1679777681058 157.0 157
1679777681251 158.0 158
1679777682248 159.0 159
1679777682438 160.0 160
1679777683502 161.0 161
1679777683693 162.0 162
1679777684775 163.0 163
1679777684977 164.0 164
1679777686064 165.0 165
1679777686258 166.0 166
1679777687243 167.0 167
1679777687427 168.0 168
1679777688408 169.0 169
1679777688614 170.0 170
1679777689681 171.0 171
1679777689886 172.0 172
1679777690894 173.0 173
1679777691097 174.0 174
1679777692187 175.0 175
1679777692370 176.0 176
1679777693355 177.0 177
1679777693576 178.0 178
1679777694681 179.0 179
1679777694880 180.0 180
1679777695963 181.0 181
1679777696170 182.0 182
1679777697335 183.0 183
1679777697535 184.0 184
1679777698586 185.0 185
1679777698825 186.0 186
1679777699883 187.0 187
1679777700089 188.0 188
1679777701138 189.0 189
1679777701331 190.0 190
1679777702330 191.0 191
1679777702534 192.0 192
1679777703632 193.0 193
1679777703840 194.0 194
1679777704866 195.0 195
1679777705062 196.0 196
1679777706150 197.0 197
1679777706349 198.0 198
1679777707365 199.0 199
1679777707578 200.0 200
1679777708682 201.0 201
1679777708887 202.0 202
1679777709938 203.0 203
1679777710119 204.0 204
1679777711145 205.0 205
1679777711339 206.0 206
1679777712345 207.0 207
1679777712533 208.0 208
1679777713493 209.0 209
1679777713687 210.0 210
1679777714789 211.0 211
1679777714996 212.0 212
1679777716017 213.0 213
1679777716238 214.0 214
1679777717256 215.0 215
1679777717445 216.0 216
1679777718437 217.0 217
1679777718633 218.0 218
1679777719639 219.0 219
1679777719915 220.0 220
1679777720971 221.0 221
1679777721173 222.0 222
1679777722419 223.0 223
1679777722625 224.0 224
1679777723701 225.0 225
1679777723903 226.0 226
1679777724959 227.0 227
1679777725188 228.0 228
1679777726299 229.0 229
1679777726509 230.0 230
1679777727635 231.0 231
1679777727828 232.0 232
1679777728844 233.0 233
1679777729048 234.0 234
1679777730046 235.0 235
1679777730262 236.0 236
1679777731293 237.0 237
1679777731480 238.0 238
1679777732500 239.0 239
1679777732685 240.0 240
1679777733735 241.0 241
1679777733929 242.0 242
1679777734926 243.0 243
1679777735115 244.0 244
1679777736142 245.0 245
1679777736330 246.0 246
1679777737322 247.0 247
1679777737526 248.0 248
1679777738670 249.0 249
1679777738872 250.0 250
1679777739871 251.0 251
1679777740069 252.0 252
1679777741088 253.0 253
1679777741300 254.0 254
1679777742316 255.0 255
1679777742515 256.0 256
1679777743577 257.0 257
1679777743771 258.0 258
1679777744909 259.0 259
1679777745113 260.0 260
1679777746113 261.0 261
1679777746324 262.0 262
1679777747370 263.0 263
1679777747571 264.0 264
1679777748640 265.0 265
1679777748849 266.0 266
1679777749936 267.0 267
1679777750125 268.0 268
1679777751101 269.0 269
1679777751310 270.0 270
1679777752431 271.0 271
1679777752643 272.0 272
1679777753725 273.0 273
1679777753938 274.0 274
1679777755027 275.0 275
1679777755241 276.0 276
1679777756398 277.0 277
1679777756630 278.0 278
1679777757730 279.0 279
1679777757952 280.0 280
1679777759027 281.0 281
1679777759239 282.0 282
1679777760282 283.0 283
1679777760483 284.0 284
1679777761522 285.0 285
1679777761820 286.0 286
1679777762873 287.0 287
1679777763098 288.0 288
1679777764172 289.0 289
1679777764378 290.0 290
1679777765380 291.0 291
1679777765582 292.0 292
1679777766620 293.0 293
1679777766898 294.0 294
1679777768018 295.0 295
1679777768225 296.0 296
1679777769253 297.0 297
1679777769450 298.0 298
1679777770441 299.0 299
1679777770636 300.0 300
1679777770776 301.0 301
