1679777587898 0.003906726837158203 1
1679777588078 0.003906726837158203 2
1679777589157 0.003906726837158203 3
1679777589316 0.003906726837158203 4
1679777590212 0.003906726837158203 5
1679777590404 0.003906726837158203 6
1679777591456 0.003906726837158203 7
1679777591635 0.003906726837158203 8
1679777592510 0.003906726837158203 9
1679777592659 0.003906726837158203 10
1679777593563 0.003906726837158203 11
1679777593741 0.003906726837158203 12
1679777594867 0.003906726837158203 13
1679777595060 0.003906726837158203 14
1679777596028 0.003906726837158203 15
1679777596235 0.003906726837158203 16
1679777597169 0.003906726837158203 17
1679777597342 0.003906726837158203 18
1679777598293 0.003906726837158203 19
1679777598450 0.003906726837158203 20
1679777599397 0.003906726837158203 21
1679777599590 0.003906726837158203 22
1679777600502 0.003906726837158203 23
1679777600667 0.003906726837158203 24
1679777601621 0.003906726837158203 25
1679777601788 0.003906726837158203 26
1679777602683 0.003906726837158203 27
1679777602845 0.003906726837158203 28
1679777603748 0.003906726837158203 29
1679777603934 0.003906726837158203 30
1679777604978 0.003906726837158203 31
1679777605193 0.003906726837158203 32
1679777606107 0.003906726837158203 33
1679777606268 0.003906726837158203 34
1679777607176 0.003906726837158203 35
1679777607416 0.003906726837158203 36
1679777608520 0.003906726837158203 37
1679777608718 0.003906726837158203 38
1679777609932 0.003906726837158203 39
1679777610130 0.003906726837158203 40
1679777611208 0.003906726837158203 41
1679777611409 0.003906726837158203 42
1679777612403 0.003906726837158203 43
1679777612580 0.003906726837158203 44
1679777613596 0.003906726837158203 45
1679777613806 0.003906726837158203 46
1679777614878 0.003906726837158203 47
1679777615067 0.003906726837158203 48
1679777616144 0.003906726837158203 49
1679777616353 0.003906726837158203 50
1679777617332 0.003906726837158203 51
1679777617497 0.003906726837158203 52
1679777618432 0.003906726837158203 53
1679777618599 0.003906726837158203 54
1679777619526 0.003906726837158203 55
1679777619702 0.003906726837158203 56
1679777620703 0.003906726837158203 57
1679777620869 0.003906726837158203 58
1679777621809 0.003906726837158203 59
1679777622029 0.003906726837158203 60
1679777622981 0.003906726837158203 61
1679777623154 0.003906726837158203 62
1679777624125 0.003906726837158203 63
1679777624289 0.003906726837158203 64
1679777625211 0.003906726837158203 65
1679777625394 0.003906726837158203 66
1679777626412 0.003906726837158203 67
1679777626585 0.003906726837158203 68
1679777627528 0.003906726837158203 69
1679777627712 0.003906726837158203 70
1679777628670 0.003906726837158203 71
1679777628867 0.003906726837158203 72
1679777629837 0.003906726837158203 73
1679777630011 0.003906726837158203 74
1679777630982 0.003906726837158203 75
1679777631147 0.003906726837158203 76
1679777632017 0.003906726837158203 77
1679777632195 0.003906726837158203 78
1679777633074 0.003906726837158203 79
1679777633255 0.003906726837158203 80
1679777634160 0.003906726837158203 81
1679777634338 0.003906726837158203 82
1679777635271 0.003906726837158203 83
1679777635444 0.003906726837158203 84
1679777636483 0.003906726837158203 85
1679777636669 0.003906726837158203 86
1679777637848 0.003906726837158203 87
1679777638054 0.003906726837158203 88
1679777639135 0.003906726837158203 89
1679777639369 0.003906726837158203 90
1679777640404 0.003906726837158203 91
1679777640578 0.003906726837158203 92
1679777641643 0.003906726837158203 93
1679777641830 0.003906726837158203 94
1679777642830 0.003906726837158203 95
1679777643030 0.003906726837158203 96
1679777644063 0.003906726837158203 97
1679777644258 0.003906726837158203 98
1679777645282 0.003906726837158203 99
1679777645465 0.003906726837158203 100
1679777646451 0.003906726837158203 101
1679777646621 0.003906726837158203 102
1679777647713 0.003906726837158203 103
1679777647897 0.003906726837158203 104
1679777648922 0.003906726837158203 105
1679777649096 0.003906726837158203 106
1679777650048 0.003906726837158203 107
1679777650224 0.003906726837158203 108
1679777651179 0.003906726837158203 109
1679777651360 0.003906726837158203 110
1679777652390 0.003906726837158203 111
1679777652557 0.003906726837158203 112
1679777653522 0.003906726837158203 113
1679777653701 0.003906726837158203 114
1679777654659 0.003906726837158203 115
1679777654830 0.003906726837158203 116
1679777655786 0.003906726837158203 117
1679777655966 0.003906726837158203 118
1679777656930 0.003906726837158203 119
1679777657111 0.003906726837158203 120
1679777658188 0.003906726837158203 121
1679777658373 0.003906726837158203 122
1679777659319 0.003906726837158203 123
1679777659491 0.003906726837158203 124
1679777660476 0.003906726837158203 125
1679777660662 0.003906726837158203 126
1679777661650 0.003906726837158203 127
1679777661836 0.003906726837158203 128
1679777663065 0.003906726837158203 129
1679777663279 0.003906726837158203 130
1679777664483 0.003906726837158203 131
1679777664703 0.003906726837158203 132
1679777665877 0.003906726837158203 133
1679777666109 0.003906726837158203 134
1679777667239 0.003906726837158203 135
1679777667476 0.003906726837158203 136
1679777668477 0.003906726837158203 137
1679777668682 0.003906726837158203 138
1679777669799 0.003906726837158203 139
1679777669987 0.003906726837158203 140
1679777670930 0.003906726837158203 141
1679777671108 0.003906726837158203 142
1679777672100 0.003906726837158203 143
1679777672303 0.003906726837158203 144
1679777673256 0.003906726837158203 145
1679777673481 0.003906726837158203 146
1679777674769 0.003906726837158203 147
1679777674957 0.003906726837158203 148
1679777675971 0.003906726837158203 149
1679777676159 0.003906726837158203 150
1679777677194 0.003906726837158203 151
1679777677391 0.003906726837158203 152
1679777678470 0.003906726837158203 153
1679777678663 0.003906726837158203 154
1679777679732 0.003906726837158203 155
1679777679948 0.003906726837158203 156
1679777681069 0.003906726837158203 157
1679777681261 0.003906726837158203 158
1679777682259 0.003906726837158203 159
1679777682450 0.003906726837158203 160
1679777683514 0.003906726837158203 161
1679777683705 0.003906726837158203 162
1679777684786 0.003906726837158203 163
1679777684988 0.003906726837158203 164
1679777686076 0.003906726837158203 165
1679777686268 0.003906726837158203 166
1679777687253 0.003906726837158203 167
1679777687437 0.003906726837158203 168
1679777688418 0.003906726837158203 169
1679777688625 0.003906726837158203 170
1679777689693 0.003906726837158203 171
1679777689897 0.003906726837158203 172
1679777690906 0.003906726837158203 173
1679777691109 0.003906726837158203 174
1679777692198 0.003906726837158203 175
1679777692381 0.003906726837158203 176
1679777693367 0.003906726837158203 177
1679777693588 0.003906726837158203 178
1679777694692 0.003906726837158203 179
1679777694894 0.003906726837158203 180
1679777695974 0.003906726837158203 181
1679777696183 0.003906726837158203 182
1679777697347 0.003906726837158203 183
1679777697546 0.003906726837158203 184
1679777698598 0.003906726837158203 185
1679777698837 0.003906726837158203 186
1679777699895 0.003906726837158203 187
1679777700100 0.003906726837158203 188
1679777701149 0.003906726837158203 189
1679777701343 0.003906726837158203 190
1679777702341 0.003906726837158203 191
1679777702545 0.003906726837158203 192
1679777703643 0.003906726837158203 193
1679777703851 0.003906726837158203 194
1679777704878 0.003906726837158203 195
1679777705072 0.003906726837158203 196
1679777706161 0.003906726837158203 197
1679777706359 0.003906726837158203 198
1679777707377 0.003906726837158203 199
1679777707590 0.003906726837158203 200
1679777708694 0.003906726837158203 201
1679777708899 0.003906726837158203 202
1679777709948 0.003906726837158203 203
1679777710129 0.003906726837158203 204
1679777711155 0.003906726837158203 205
1679777711349 0.003906726837158203 206
1679777712359 0.003906726837158203 207
1679777712543 0.003906726837158203 208
1679777713504 0.003906726837158203 209
1679777713698 0.003906726837158203 210
1679777714800 0.003906726837158203 211
1679777715007 0.003906726837158203 212
1679777716026 0.003906726837158203 213
1679777716253 0.003906726837158203 214
1679777717265 0.003906726837158203 215
1679777717458 0.003906726837158203 216
1679777718447 0.003906726837158203 217
1679777718644 0.003906726837158203 218
1679777719650 0.003906726837158203 219
1679777719925 0.003906726837158203 220
1679777720981 0.003906726837158203 221
1679777721184 0.003906726837158203 222
1679777722430 0.003906726837158203 223
1679777722637 0.003906726837158203 224
1679777723711 0.003906726837158203 225
1679777723914 0.003906726837158203 226
1679777724970 0.003906726837158203 227
1679777725200 0.003906726837158203 228
1679777726309 0.003906726837158203 229
1679777726521 0.003906726837158203 230
1679777727647 0.003906726837158203 231
1679777727838 0.003906726837158203 232
1679777728855 0.003906726837158203 233
1679777729058 0.003906726837158203 234
1679777730056 0.003906726837158203 235
1679777730275 0.003906726837158203 236
1679777731303 0.003906726837158203 237
1679777731491 0.003906726837158203 238
1679777732510 0.003906726837158203 239
1679777732697 0.003906726837158203 240
1679777733746 0.003906726837158203 241
1679777733940 0.003906726837158203 242
1679777734937 0.003906726837158203 243
1679777735126 0.003906726837158203 244
1679777736152 0.003906726837158203 245
1679777736340 0.003906726837158203 246
1679777737332 0.003906726837158203 247
1679777737538 0.003906726837158203 248
1679777738682 0.003906726837158203 249
1679777738884 0.003906726837158203 250
1679777739883 0.003906726837158203 251
1679777740081 0.003906726837158203 252
1679777741099 0.003906726837158203 253
1679777741311 0.003906726837158203 254
1679777742326 0.003906726837158203 255
1679777742525 0.003906726837158203 256
1679777743587 0.003906726837158203 257
1679777743783 0.003906726837158203 258
1679777744922 0.003906726837158203 259
1679777745125 0.003906726837158203 260
1679777746123 0.003906726837158203 261
1679777746334 0.003906726837158203 262
1679777747380 0.003906726837158203 263
1679777747582 0.003906726837158203 264
1679777748653 0.003906726837158203 265
1679777748860 0.003906726837158203 266
1679777749947 0.003906726837158203 267
1679777750134 0.003906726837158203 268
1679777751112 0.003906726837158203 269
1679777751321 0.003906726837158203 270
1679777752444 0.003906726837158203 271
1679777752655 0.003906726837158203 272
1679777753735 0.003906726837158203 273
1679777753952 0.003906726837158203 274
1679777755040 0.003906726837158203 275
1679777755252 0.003906726837158203 276
1679777756410 0.003906726837158203 277
1679777756644 0.003906726837158203 278
1679777757741 0.003906726837158203 279
1679777757964 0.003906726837158203 280
1679777759037 0.003906726837158203 281
1679777759250 0.003906726837158203 282
1679777760293 0.003906726837158203 283
1679777760496 0.003906726837158203 284
1679777761534 0.003906726837158203 285
1679777761831 0.003906726837158203 286
1679777762886 0.003906726837158203 287
1679777763109 0.003906726837158203 288
1679777764183 0.003906726837158203 289
1679777764389 0.003906726837158203 290
1679777765391 0.003906726837158203 291
1679777765593 0.003906726837158203 292
1679777766631 0.003906726837158203 293
1679777766910 0.003906726837158203 294
1679777768028 0.003906726837158203 295
1679777768236 0.003906726837158203 296
1679777769262 0.003906726837158203 297
1679777769459 0.003906726837158203 298
1679777770452 0.003906726837158203 299
1679777770650 0.003906726837158203 300
1679777770786 0.003906726837158203 301
