1680270267153 1.0 1
1680270267337 2.0 2
1680270268709 3.0 3
1680270268883 4.0 4
1680270270377 5.0 5
1680270270552 6.0 6
1680270271946 7.0 7
1680270272137 8.0 8
1680270273502 9.0 9
1680270273679 10.0 10
1680270275038 11.0 11
1680270275219 12.0 12
1680270276588 13.0 13
1680270276843 14.0 14
1680270278214 15.0 15
1680270278387 16.0 16
1680270279792 17.0 17
1680270279987 18.0 18
1680270281362 19.0 19
1680270281543 20.0 20
1680270282989 21.0 21
1680270283168 22.0 22
1680270284598 23.0 23
1680270284854 24.0 24
1680270286258 25.0 25
1680270286433 26.0 26
1680270287853 27.0 27
1680270288029 28.0 28
1680270289398 29.0 29
1680270289577 30.0 30
1680270290963 31.0 31
1680270291147 32.0 32
1680270292760 33.0 33
1680270292962 34.0 34
1680270294539 35.0 35
1680270294752 36.0 36
1680270296272 37.0 37
1680270296467 38.0 38
1680270297937 39.0 39
1680270298132 40.0 40
1680270299561 41.0 41
1680270299744 42.0 42
1680270301217 43.0 43
1680270301393 44.0 44
1680270302777 45.0 45
1680270302964 46.0 46
1680270304348 47.0 47
1680270304531 48.0 48
1680270305925 49.0 49
1680270306103 50.0 50
1680270307525 51.0 51
1680270307716 52.0 52
1680270309235 53.0 53
1680270309415 54.0 54
1680270310816 55.0 55
1680270310998 56.0 56
1680270312418 57.0 57
1680270312607 58.0 58
1680270314051 59.0 59
1680270314240 60.0 60
1680270315639 61.0 61
1680270315816 62.0 62
1680270317277 63.0 63
1680270317471 64.0 64
1680270318918 65.0 65
1680270319125 66.0 66
1680270320569 67.0 67
1680270320753 68.0 68
1680270322135 69.0 69
1680270322331 70.0 70
1680270323871 71.0 71
1680270324078 72.0 72
1680270325734 73.0 73
1680270325938 74.0 74
1680270327427 75.0 75
1680270327619 76.0 76
1680270329034 77.0 77
1680270329211 78.0 78
1680270330659 79.0 79
1680270330850 80.0 80
1680270332237 81.0 81
1680270332416 82.0 82
1680270333901 83.0 83
1680270334085 84.0 84
1680270335479 85.0 85
1680270335668 86.0 86
1680270337085 87.0 87
1680270337272 88.0 88
1680270338704 89.0 89
1680270338898 90.0 90
1680270340307 91.0 91
1680270340521 92.0 92
1680270341985 93.0 93
1680270342171 94.0 94
1680270343565 95.0 95
1680270343743 96.0 96
1680270345169 97.0 97
1680270345363 98.0 98
1680270346782 99.0 99
1680270346967 100.0 100
1680270348357 101.0 101
1680270348536 102.0 102
1680270349960 103.0 103
1680270350147 104.0 104
1680270351594 105.0 105
1680270351796 106.0 106
1680270353310 107.0 107
1680270353504 108.0 108
1680270354984 109.0 109
1680270355182 110.0 110
1680270356623 111.0 111
1680270356808 112.0 112
1680270358352 113.0 113
1680270358547 114.0 114
1680270359972 115.0 115
1680270360175 116.0 116
1680270361613 117.0 117
1680270361791 118.0 118
1680270363260 119.0 119
1680270363451 120.0 120
1680270364840 121.0 121
1680270364991 122.0 122
1680270366446 123.0 123
1680270366629 124.0 124
1680270368072 125.0 125
1680270368272 126.0 126
1680270369657 127.0 127
1680270369843 128.0 128
1680270371250 129.0 129
1680270371435 130.0 130
1680270372903 131.0 131
1680270373096 132.0 132
1680270374631 133.0 133
1680270374826 134.0 134
1680270376302 135.0 135
1680270376501 136.0 136
1680270378048 137.0 137
1680270378242 138.0 138
1680270379767 139.0 139
1680270379940 140.0 140
1680270381484 141.0 141
1680270381764 142.0 142
1680270383342 143.0 143
1680270383563 144.0 144
1680270385138 145.0 145
1680270385345 146.0 146
1680270386927 147.0 147
1680270387107 148.0 148
1680270388581 149.0 149
1680270388771 150.0 150
1680270390238 151.0 151
1680270390538 152.0 152
1680270391961 153.0 153
1680270392150 154.0 154
1680270393560 155.0 155
1680270393758 156.0 156
1680270395144 157.0 157
1680270395346 158.0 158
1680270396807 159.0 159
1680270396993 160.0 160
1680270398516 161.0 161
1680270398712 162.0 162
1680270400195 163.0 163
1680270400414 164.0 164
1680270401851 165.0 165
1680270402036 166.0 166
1680270403449 167.0 167
1680270403634 168.0 168
1680270405032 169.0 169
1680270405228 170.0 170
1680270406710 171.0 171
1680270406908 172.0 172
1680270408320 173.0 173
1680270408507 174.0 174
1680270409910 175.0 175
1680270410070 176.0 176
1680270411546 177.0 177
1680270411744 178.0 178
1680270413270 179.0 179
1680270413476 180.0 180
1680270415109 181.0 181
1680270415313 182.0 182
1680270416841 183.0 183
1680270417088 184.0 184
1680270418538 185.0 185
1680270418727 186.0 186
1680270420118 187.0 187
1680270420312 188.0 188
1680270421727 189.0 189
1680270421917 190.0 190
1680270423448 191.0 191
1680270423641 192.0 192
1680270425033 193.0 193
1680270425227 194.0 194
1680270426682 195.0 195
1680270426875 196.0 196
1680270428330 197.0 197
1680270428525 198.0 198
1680270429943 199.0 199
1680270430129 200.0 200
1680270431628 201.0 201
1680270431816 202.0 202
1680270433225 203.0 203
1680270433422 204.0 204
1680270434874 205.0 205
1680270435064 206.0 206
1680270436510 207.0 207
1680270436704 208.0 208
1680270438139 209.0 209
1680270438326 210.0 210
1680270439868 211.0 211
1680270440038 212.0 212
1680270441534 213.0 213
1680270441742 214.0 214
1680270443279 215.0 215
1680270443482 216.0 216
1680270445032 217.0 217
1680270445261 218.0 218
1680270446800 219.0 219
1680270446990 220.0 220
1680270448493 221.0 221
1680270448684 222.0 222
1680270450134 223.0 223
1680270450354 224.0 224
1680270451873 225.0 225
1680270452070 226.0 226
1680270453531 227.0 227
1680270453722 228.0 228
1680270455098 229.0 229
1680270455291 230.0 230
1680270456791 231.0 231
1680270456982 232.0 232
1680270458405 233.0 233
1680270458593 234.0 234
1680270460026 235.0 235
1680270460223 236.0 236
1680270461681 237.0 237
1680270461887 238.0 238
1680270463359 239.0 239
1680270463560 240.0 240
1680270465076 241.0 241
1680270465274 242.0 242
1680270466728 243.0 243
1680270466949 244.0 244
1680270468370 245.0 245
1680270468565 246.0 246
1680270469967 247.0 247
1680270470162 248.0 248
1680270471569 249.0 249
1680270471759 250.0 250
1680270473347 251.0 251
1680270473553 252.0 252
1680270475100 253.0 253
1680270475315 254.0 254
1680270476875 255.0 255
1680270477099 256.0 256
1680270478530 257.0 257
1680270478727 258.0 258
1680270480199 259.0 259
1680270480417 260.0 260
1680270481984 261.0 261
1680270482201 262.0 262
1680270483710 263.0 263
1680270483902 264.0 264
1680270485284 265.0 265
1680270485479 266.0 266
1680270486945 267.0 267
1680270487133 268.0 268
1680270488630 269.0 269
1680270488904 270.0 270
1680270490430 271.0 271
1680270490631 272.0 272
1680270492091 273.0 273
1680270492288 274.0 274
1680270493747 275.0 275
1680270493944 276.0 276
1680270495395 277.0 277
1680270495600 278.0 278
1680270497037 279.0 279
1680270497320 280.0 280
1680270498808 281.0 281
1680270499020 282.0 282
1680270500456 283.0 283
1680270500653 284.0 284
1680270502136 285.0 285
1680270502344 286.0 286
1680270503931 287.0 287
1680270504144 288.0 288
1680270505761 289.0 289
1680270506065 290.0 290
1680270507489 291.0 291
1680270507697 292.0 292
1680270509122 293.0 293
1680270509337 294.0 294
1680270510746 295.0 295
1680270510936 296.0 296
1680270512329 297.0 297
1680270512524 298.0 298
1680270514100 299.0 299
1680270514297 300.0 300
1680270515771 301.0 301
1680270515982 302.0 302
1680270517460 303.0 303
1680270517640 304.0 304
1680270519130 305.0 305
1680270519327 306.0 306
1680270520754 307.0 307
1680270520945 308.0 308
1680270522444 309.0 309
1680270522661 310.0 310
1680270524116 311.0 311
1680270524309 312.0 312
1680270525734 313.0 313
1680270525929 314.0 314
1680270527328 315.0 315
1680270527523 316.0 316
1680270528965 317.0 317
1680270529159 318.0 318
1680270530628 319.0 319
1680270530845 320.0 320
1680270532345 321.0 321
1680270532567 322.0 322
1680270534071 323.0 323
1680270534307 324.0 324
1680270535839 325.0 325
1680270536026 326.0 326
1680270537430 327.0 327
1680270537633 328.0 328
1680270539127 329.0 329
1680270539335 330.0 330
1680270540847 331.0 331
1680270541058 332.0 332
1680270542486 333.0 333
1680270542688 334.0 334
1680270544113 335.0 335
1680270544314 336.0 336
1680270545734 337.0 337
1680270545924 338.0 338
1680270547378 339.0 339
1680270547570 340.0 340
1680270548961 341.0 341
1680270549152 342.0 342
1680270550584 343.0 343
1680270550811 344.0 344
1680270552231 345.0 345
1680270552426 346.0 346
1680270553832 347.0 347
1680270554035 348.0 348
1680270555586 349.0 349
1680270555787 350.0 350
1680270557255 351.0 351
1680270557452 352.0 352
1680270558881 353.0 353
1680270559079 354.0 354
1680270560463 355.0 355
1680270560661 356.0 356
1680270562064 357.0 357
1680270562299 358.0 358
1680270563902 359.0 359
1680270564116 360.0 360
1680270565660 361.0 361
1680270565895 362.0 362
1680270567427 363.0 363
1680270567654 364.0 364
1680270569100 365.0 365
1680270569316 366.0 366
1680270570821 367.0 367
1680270571030 368.0 368
1680270572469 369.0 369
1680270572695 370.0 370
1680270574111 371.0 371
1680270574299 372.0 372
1680270575697 373.0 373
1680270575897 374.0 374
1680270577311 375.0 375
1680270577502 376.0 376
1680270578973 377.0 377
1680270579167 378.0 378
1680270580712 379.0 379
1680270580908 380.0 380
1680270582305 381.0 381
1680270582497 382.0 382
1680270583952 383.0 383
1680270584174 384.0 384
1680270585568 385.0 385
1680270585767 386.0 386
1680270587149 387.0 387
1680270587346 388.0 388
1680270588810 389.0 389
1680270589003 390.0 390
1680270590483 391.0 391
1680270590679 392.0 392
1680270592235 393.0 393
1680270592447 394.0 394
1680270594020 395.0 395
1680270594265 396.0 396
1680270595809 397.0 397
1680270596098 398.0 398
1680270597499 399.0 399
1680270597713 400.0 400
1680270597857 401.0 401
