1680270267151 0.0 1
1680270267336 0.0 2
1680270268709 0.0 3
1680270268882 0.0 4
1680270270375 0.0 5
1680270270550 0.0 6
1680270271944 0.0 7
1680270272135 0.0 8
1680270273501 0.0 9
1680270273677 0.0 10
1680270275036 0.0 11
1680270275217 0.0 12
1680270276587 0.0 13
1680270276841 0.0 14
1680270278212 0.0 15
1680270278385 0.0 16
1680270279791 0.0 17
1680270279985 0.0 18
1680270281360 0.0 19
1680270281541 0.0 20
1680270282988 0.0 21
1680270283166 0.0 22
1680270284597 0.0 23
1680270284852 0.0 24
1680270286256 0.0 25
1680270286431 0.0 26
1680270287852 0.0 27
1680270288028 0.0 28
1680270289396 0.0 29
1680270289575 0.0 30
1680270290961 0.0 31
1680270291146 0.0 32
1680270292759 0.0 33
1680270292960 0.0 34
1680270294537 0.0 35
1680270294750 0.0 36
1680270296271 0.0 37
1680270296465 0.0 38
1680270297935 0.0 39
1680270298130 0.0 40
1680270299560 0.0 41
1680270299744 0.0 42
1680270301215 0.0 43
1680270301392 0.0 44
1680270302775 0.0 45
1680270302963 0.0 46
1680270304346 0.0 47
1680270304530 0.0 48
1680270305923 0.0 49
1680270306102 0.0 50
1680270307523 0.0 51
1680270307714 0.0 52
1680270309233 0.0 53
1680270309413 0.0 54
1680270310815 0.0 55
1680270310996 0.0 56
1680270312416 0.0 57
1680270312605 0.0 58
1680270314049 0.0 59
1680270314239 0.0 60
1680270315637 0.0 61
1680270315814 0.0 62
1680270317275 0.0 63
1680270317470 0.0 64
1680270318916 0.0 65
1680270319123 0.0 66
1680270320568 0.0 67
1680270320752 0.0 68
1680270322134 0.0 69
1680270322329 0.0 70
1680270323870 0.0 71
1680270324077 0.0 72
1680270325732 0.0 73
1680270325937 0.0 74
1680270327425 0.0 75
1680270327617 0.0 76
1680270329032 0.0 77
1680270329209 0.0 78
1680270330657 0.0 79
1680270330848 0.0 80
1680270332235 0.0 81
1680270332415 0.0 82
1680270333900 0.0 83
1680270334084 0.0 84
1680270335478 0.0 85
1680270335667 0.0 86
1680270337084 0.0 87
1680270337271 0.0 88
1680270338703 0.0 89
1680270338896 0.0 90
1680270340306 0.0 91
1680270340519 0.0 92
1680270341983 0.0 93
1680270342169 0.0 94
1680270343563 0.0 95
1680270343741 0.0 96
1680270345167 0.0 97
1680270345361 0.0 98
1680270346780 0.0 99
1680270346965 0.0 100
1680270348355 0.0 101
1680270348534 0.0 102
1680270349959 0.0 103
1680270350145 0.0 104
1680270351593 0.0 105
1680270351795 0.0 106
1680270353308 0.0 107
1680270353502 0.0 108
1680270354982 0.0 109
1680270355181 0.0 110
1680270356622 0.0 111
1680270356807 0.0 112
1680270358350 0.0 113
1680270358546 0.0 114
1680270359970 0.0 115
1680270360174 0.0 116
1680270361611 0.0 117
1680270361790 0.0 118
1680270363258 0.0 119
1680270363450 0.0 120
1680270364838 0.0 121
1680270364988 0.0 122
1680270366445 0.0 123
1680270366627 0.0 124
1680270368070 0.0 125
1680270368270 0.0 126
1680270369656 0.0 127
1680270369842 0.0 128
1680270371249 0.0 129
1680270371434 0.0 130
1680270372902 0.0 131
1680270373094 0.0 132
1680270374630 0.0 133
1680270374824 0.0 134
1680270376300 0.0 135
1680270376499 0.0 136
1680270378045 0.0 137
1680270378240 0.0 138
1680270379766 0.0 139
1680270379939 0.0 140
1680270381482 0.0 141
1680270381763 0.0 142
1680270383341 0.0 143
1680270383562 0.0 144
1680270385136 0.0 145
1680270385344 0.0 146
1680270386926 0.0 147
1680270387106 0.0 148
1680270388580 0.0 149
1680270388769 0.0 150
1680270390235 0.0 151
1680270390536 0.0 152
1680270391960 0.0 153
1680270392148 0.0 154
1680270393558 0.0 155
1680270393756 0.0 156
1680270395143 0.0 157
1680270395344 0.0 158
1680270396805 0.0 159
1680270396991 0.0 160
1680270398514 0.0 161
1680270398710 0.0 162
1680270400194 0.0 163
1680270400412 0.0 164
1680270401849 0.0 165
1680270402034 0.0 166
1680270403447 0.0 167
1680270403631 0.0 168
1680270405031 0.0 169
1680270405226 0.0 170
1680270406708 0.0 171
1680270406907 0.0 172
1680270408319 0.0 173
1680270408506 0.0 174
1680270409907 0.0 175
1680270410069 0.0 176
1680270411544 0.0 177
1680270411743 0.0 178
1680270413269 0.0 179
1680270413474 0.0 180
1680270415107 0.0 181
1680270415312 0.0 182
1680270416840 0.0 183
1680270417087 0.0 184
1680270418536 0.0 185
1680270418726 0.0 186
1680270420117 0.0 187
1680270420310 0.0 188
1680270421725 0.0 189
1680270421916 0.0 190
1680270423446 0.0 191
1680270423639 0.0 192
1680270425031 0.0 193
1680270425226 0.0 194
1680270426680 0.0 195
1680270426873 0.0 196
1680270428329 0.0 197
1680270428524 0.0 198
1680270429941 0.0 199
1680270430128 0.0 200
1680270431628 0.0 201
1680270431815 0.0 202
1680270433224 0.0 203
1680270433420 0.0 204
1680270434872 0.0 205
1680270435062 0.0 206
1680270436508 0.0 207
1680270436702 0.0 208
1680270438138 0.0 209
1680270438324 0.0 210
1680270439866 0.0 211
1680270440037 0.0 212
1680270441532 0.0 213
1680270441741 0.0 214
1680270443277 0.0 215
1680270443480 0.0 216
1680270445031 0.0 217
1680270445258 0.0 218
1680270446799 0.0 219
1680270446988 0.0 220
1680270448492 0.0 221
1680270448683 0.0 222
1680270450132 0.0 223
1680270450352 0.0 224
1680270451871 0.0 225
1680270452069 0.0 226
1680270453530 0.0 227
1680270453720 0.0 228
1680270455097 0.0 229
1680270455289 0.0 230
1680270456789 0.0 231
1680270456980 0.0 232
1680270458403 0.0 233
1680270458591 0.0 234
1680270460023 0.0 235
1680270460222 0.0 236
1680270461680 0.0 237
1680270461885 0.0 238
1680270463357 0.0 239
1680270463558 0.0 240
1680270465075 0.0 241
1680270465273 0.0 242
1680270466726 0.0 243
1680270466948 0.0 244
1680270468369 0.0 245
1680270468564 0.0 246
1680270469965 0.0 247
1680270470161 0.0 248
1680270471567 0.0 249
1680270471758 0.0 250
1680270473345 0.0 251
1680270473552 0.0 252
1680270475098 0.0 253
1680270475314 0.0 254
1680270476874 0.0 255
1680270477098 0.0 256
1680270478529 0.0 257
1680270478726 0.0 258
1680270480198 0.0 259
1680270480414 0.0 260
1680270481982 0.0 261
1680270482199 0.0 262
1680270483709 0.0 263
1680270483901 0.0 264
1680270485282 0.0 265
1680270485478 0.0 266
1680270486942 0.0 267
1680270487132 0.0 268
1680270488629 0.0 269
1680270488903 0.0 270
1680270490429 0.0 271
1680270490629 0.0 272
1680270492089 0.0 273
1680270492287 0.0 274
1680270493746 0.0 275
1680270493943 0.0 276
1680270495393 0.0 277
1680270495598 0.0 278
1680270497035 0.0 279
1680270497318 0.0 280
1680270498807 0.0 281
1680270499019 0.0 282
1680270500454 0.0 283
1680270500651 0.0 284
1680270502134 0.0 285
1680270502342 0.0 286
1680270503929 0.0 287
1680270504142 0.0 288
1680270505760 0.0 289
1680270506063 0.0 290
1680270507487 0.0 291
1680270507696 0.0 292
1680270509120 0.0 293
1680270509335 0.0 294
1680270510745 0.0 295
1680270510935 0.0 296
1680270512328 0.0 297
1680270512522 0.0 298
1680270514098 0.0 299
1680270514295 0.0 300
1680270515769 0.0 301
1680270515980 0.0 302
1680270517459 0.0 303
1680270517638 0.0 304
1680270519128 0.0 305
1680270519325 0.0 306
1680270520753 0.0 307
1680270520944 0.0 308
1680270522443 0.0 309
1680270522660 0.0 310
1680270524115 0.0 311
1680270524307 0.0 312
1680270525732 0.0 313
1680270525928 0.0 314
1680270527326 0.0 315
1680270527522 0.0 316
1680270528964 0.0 317
1680270529157 0.0 318
1680270530626 0.0 319
1680270530842 0.0 320
1680270532343 0.0 321
1680270532557 0.0 322
1680270534069 0.0 323
1680270534305 0.0 324
1680270535837 0.0 325
1680270536025 0.0 326
1680270537428 0.0 327
1680270537632 0.0 328
1680270539125 0.0 329
1680270539332 0.0 330
1680270540846 0.0 331
1680270541056 0.0 332
1680270542484 0.0 333
1680270542686 0.0 334
1680270544111 0.0 335
1680270544312 0.0 336
1680270545732 0.0 337
1680270545923 0.0 338
1680270547376 0.0 339
1680270547568 0.0 340
1680270548959 0.0 341
1680270549150 0.0 342
1680270550582 0.0 343
1680270550809 0.0 344
1680270552230 0.0 345
1680270552424 0.0 346
1680270553830 0.0 347
1680270554033 0.0 348
1680270555584 0.0 349
1680270555786 0.0 350
1680270557253 0.0 351
1680270557450 0.0 352
1680270558879 0.0 353
1680270559077 0.0 354
1680270560461 0.0 355
1680270560660 0.0 356
1680270562062 0.0 357
1680270562297 0.0 358
1680270563901 0.0 359
1680270564115 0.0 360
1680270565659 0.0 361
1680270565893 0.0 362
1680270567425 0.0 363
1680270567652 0.0 364
1680270569099 0.0 365
1680270569313 0.0 366
1680270570820 0.0 367
1680270571027 0.0 368
1680270572468 0.0 369
1680270572693 0.0 370
1680270574109 0.0 371
1680270574297 0.0 372
1680270575695 0.0 373
1680270575895 0.0 374
1680270577310 0.0 375
1680270577500 0.0 376
1680270578970 0.0 377
1680270579165 0.0 378
1680270580710 0.0 379
1680270580906 0.0 380
1680270582304 0.0 381
1680270582496 0.0 382
1680270583950 0.0 383
1680270584173 0.0 384
1680270585566 0.0 385
1680270585766 0.0 386
1680270587147 0.0 387
1680270587344 0.0 388
1680270588809 0.0 389
1680270589002 0.0 390
1680270590481 0.0 391
1680270590677 0.0 392
1680270592233 0.0 393
1680270592445 0.0 394
1680270594018 0.0 395
1680270594264 0.0 396
1680270595807 0.0 397
1680270596096 0.0 398
1680270597498 0.0 399
1680270597711 0.0 400
1680270597855 0.0 401
