1680270267130 61.10810137686994 1
1680270268695 43.52097404106785 3
1680270270362 19.979887069637826 5
1680270271932 18.574668905717637 7
1680270273489 15.583188733152566 9
1680270275024 13.498900103550186 11
1680270276574 10.236870269962994 13
1680270278198 9.005283051612475 15
1680270279776 9.063414179054964 17
1680270281346 7.882419042804195 19
1680270282976 9.313424134867933 21
1680270284584 10.687603250592149 23
1680270286244 10.478249856206482 25
1680270287837 8.883557820891731 27
1680270289381 9.662625470550463 29
1680270290948 6.813126897229819 31
1680270292745 5.729884549523924 33
1680270294524 5.495070376471136 35
1680270296257 5.1338968785347 37
1680270297920 4.926654768856936 39
1680270299548 5.563981819981969 41
1680270301203 5.974449961223352 43
1680270302762 5.096032117848821 45
1680270304332 5.213540445630771 47
1680270305909 4.576663844524909 49
1680270307510 4.379552339684652 51
1680270309221 4.77229600795653 53
1680270310796 5.351139591064111 55
1680270312404 5.1597029687314135 57
1680270314036 4.4828571313885 59
1680270315625 3.9312726579475017 61
1680270317262 4.273497690944684 63
1680270318901 4.019676002897495 65
1680270320555 3.919505968476615 67
1680270322121 3.900172716511597 69
1680270323856 3.961896814704936 71
1680270325719 3.6937256161507266 73
1680270327412 3.675268109776279 75
1680270329020 3.5579700933742684 77
1680270330642 3.4794502961391665 79
1680270332222 4.738084103902628 81
1680270333886 3.8844214900274654 83
1680270335462 4.14827726713713 85
1680270337071 3.6320406894683 87
1680270338689 3.3787211156282955 89
1680270340292 3.2410366327274542 91
1680270341970 2.884057852825541 93
1680270343549 2.975164885138611 95
1680270345154 3.0613796845179233 97
1680270346759 3.355825837579531 99
1680270348343 2.976932386775363 101
1680270349947 2.8665291999843023 103
1680270351579 3.2633019263744143 105
1680270353294 2.8687646515262424 107
1680270354964 4.289157124600838 109
1680270356609 3.799170010458589 111
1680270358337 4.125353506725938 113
1680270359957 3.7675783300280434 115
1680270361598 3.735419867800234 117
1680270363245 3.5786534012531264 119
1680270364826 3.438474021092367 121
1680270366430 5.234097431151371 123
1680270368051 3.9022306549629713 125
1680270369643 3.365102368587458 127
1680270371236 3.5729131025667926 129
1680270372889 3.098599740260623 131
1680270374617 2.710727069358427 133
1680270376287 3.098798496976313 135
1680270378030 2.9190654283172055 137
1680270379753 2.957397569955322 139
1680270381467 2.789383170999802 141
1680270383324 4.218969950446067 143
1680270385122 6.084261948140876 145
1680270386913 4.965755179557137 147
1680270388566 4.559486107997086 149
1680270390221 4.189456295713755 151
1680270391946 4.3406877217033575 153
1680270393546 4.067069969500107 155
1680270395128 3.988160422303275 157
1680270396792 3.8111378023054283 159
1680270398501 3.714174438414838 161
1680270400181 3.8693131001345087 163
1680270401836 3.5659508414103924 165
1680270403434 3.454822088697016 167
1680270405018 3.428771257484264 169
1680270406695 3.6563631344000678 171
1680270408306 3.3979343475298416 173
1680270409894 3.3489257879165915 175
1680270411531 3.2305321749952434 177
1680270413254 3.2040695495660745 179
1680270415093 3.167182231683271 181
1680270416827 3.018760582975061 183
1680270418524 3.290021983861316 185
1680270420101 3.1233901378299604 187
1680270421713 3.0350921145647103 189
1680270423434 2.9762819335721757 191
1680270425017 3.0600194127019256 193
1680270426667 2.9925792115287617 195
1680270428315 3.3642472086101836 197
1680270429928 3.224558836961322 199
1680270431613 3.039566850300008 201
1680270433211 3.3356609622640923 203
1680270434856 3.1494520685613505 205
1680270436494 2.8611031974901944 207
1680270438122 3.0374938693364406 209
1680270439850 2.916814176048231 211
1680270441518 2.9481333068207127 213
1680270443264 2.9792536207651183 215
1680270445019 3.0536144994774412 217
1680270446786 3.1091435230928823 219
1680270448479 3.1171654881046624 221
1680270450120 3.149992911152125 223
1680270451858 2.87586649812387 225
1680270453517 2.957349580558282 227
1680270455084 3.0144549611685325 229
1680270456776 2.9724157502258213 231
1680270458390 2.9338562447727226 233
1680270460009 2.931060817145983 235
1680270461666 3.0407262050813415 237
1680270463344 2.9094083106600497 239
1680270465062 2.958759677737802 241
1680270466714 3.1084688912160763 243
1680270468356 3.1466141315112472 245
1680270469951 3.049938021205962 247
1680270471555 3.0726190747960955 249
1680270473332 3.1436495256453263 251
1680270475084 3.058279825060908 253
1680270476859 2.9502032332543044 255
1680270478516 3.0286599892523896 257
1680270480184 3.1019891687761527 259
1680270481969 3.0443801934321058 261
1680270483696 2.965249399954812 263
1680270485269 3.007596448944546 265
1680270486929 3.0417595758799916 267
1680270488616 3.057732442206931 269
1680270490416 2.9491959089683024 271
1680270492076 3.274881846625026 273
1680270493732 3.187921733933462 275
1680270495380 3.1012761800567836 277
1680270497022 3.163421119139864 279
1680270498792 2.9816607813384146 281
1680270500441 3.0502423608419273 283
1680270502121 2.9236155531190113 285
1680270503913 2.9793679376267 287
1680270505745 3.1556307531757812 289
1680270507474 2.910303157657487 291
1680270509108 3.047066879218023 293
1680270510732 2.954653646044163 295
1680270512315 2.963434226856079 297
1680270514084 3.0766516016774803 299
1680270515754 2.9863052325869734 301
1680270517446 2.9372844771420956 303
1680270519116 3.067039206499713 305
1680270520739 2.930365934932662 307
1680270522430 2.8703611276666283 309
1680270524102 3.113921807251352 311
1680270525720 2.956127799822971 313
1680270527315 3.0300368353785982 315
1680270528949 2.9308339088848983 317
1680270530613 2.8834275103980502 319
1680270532328 3.0057957052996067 321
1680270534057 3.0837720781734834 323
1680270535824 2.9290378470809024 325
1680270537415 2.9869781940785494 327
1680270539113 3.0156082971841216 329
1680270540831 2.919314126925671 331
1680270542468 3.0078089752073316 333
1680270544098 3.0155736804374893 335
1680270545719 3.041321777204472 337
1680270547363 3.122129238608682 339
1680270548946 2.942955874774876 341
1680270550568 3.1030224633403205 343
1680270552215 2.975698594246336 345
1680270553818 2.9773142164643573 347
1680270555570 3.054539108753749 349
1680270557240 2.8858003469349742 351
1680270558867 2.9586666508680737 353
1680270560447 3.0353082805895517 355
1680270562050 2.9258615551227702 357
1680270563889 3.0787987269561263 359
1680270565643 3.02931252718914 361
1680270567413 3.0180376780988922 363
1680270569085 2.9497053687897226 365
1680270570807 2.9641273006204036 367
1680270572454 2.9885292402255565 369
1680270574094 2.9727509846917215 371
1680270575681 2.9265354309256235 373
1680270577295 2.8243166071648154 375
1680270578958 3.02703465483255 377
1680270580696 2.932179646945517 379
1680270582289 3.1584647012424814 381
1680270583937 2.759152371439302 383
1680270585553 2.8778419539645146 385
1680270587134 2.9837202077336125 387
1680270588795 2.919712294715234 389
1680270590466 3.043379227418063 391
1680270592221 2.935573301753326 393
1680270594005 2.894282393358354 395
1680270595793 2.9981795663922393 397
1680270597485 3.0615112047236472 399
