1677086330097 7108.0 1
1677086330330 7108.0 2
1677086331673 7108.0 3
1677086331887 7108.0 4
1677086333227 7108.0 5
1677086333437 7108.0 6
1677086334780 7108.0 7
1677086335007 7108.0 8
1677086336511 7108.0 9
1677086336769 7108.0 10
1677086338232 7108.0 11
1677086338484 7108.0 12
1677086339840 7108.0 13
1677086340083 7108.0 14
1677086341346 7108.0 15
1677086341576 7108.0 16
1677086342972 7108.0 17
1677086343184 7108.0 18
1677086344514 7108.0 19
1677086344730 7108.0 20
1677086346036 7108.0 21
1677086346246 7108.0 22
1677086347450 7108.0 23
1677086347663 7108.0 24
1677086348861 7108.0 25
1677086349068 7108.0 26
1677086350488 7108.0 27
1677086350716 7108.0 28
1677086352008 7108.0 29
1677086352234 7108.0 30
1677086353592 7108.0 31
1677086353823 7108.0 32
1677086355102 7108.0 33
1677086355324 7108.0 34
1677086356577 7108.0 35
1677086356793 7108.0 36
1677086358068 7108.0 37
1677086358283 7108.0 38
1677086359616 7108.0 39
1677086359838 7108.0 40
1677086361120 7108.0 41
1677086361354 7108.0 42
1677086362768 7108.0 43
1677086362997 7108.0 44
1677086364311 7108.0 45
1677086364522 7108.0 46
1677086365832 7108.0 47
1677086366055 7108.0 48
1677086367350 7108.0 49
1677086367564 7108.0 50
1677086368805 7108.0 51
1677086369024 7108.0 52
1677086370288 7108.0 53
1677086370536 7108.0 54
1677086371894 7108.0 55
1677086372135 7108.0 56
1677086373412 7108.0 57
1677086373632 7108.0 58
1677086374915 7108.0 59
1677086375132 7108.0 60
1677086376430 7108.0 61
1677086376644 7108.0 62
1677086377859 7108.0 63
1677086378084 7108.0 64
1677086379392 7108.0 65
1677086379601 7108.0 66
1677086380873 7108.0 67
1677086381111 7108.0 68
1677086382406 7108.0 69
1677086382641 7108.0 70
1677086384050 7108.0 71
1677086384307 7108.0 72
1677086385702 7108.0 73
1677086385929 7108.0 74
1677086387249 7108.0 75
1677086387478 7108.0 76
1677086388802 7108.0 77
1677086389041 7108.0 78
1677086390425 7108.0 79
1677086390684 7108.0 80
1677086392005 7108.0 81
1677086392302 7108.0 82
1677086393568 7108.0 83
1677086393827 7108.0 84
1677086395108 7108.0 85
1677086395347 7108.0 86
1677086396674 7108.0 87
1677086396918 7108.0 88
1677086398186 7108.0 89
1677086398421 7108.0 90
1677086399771 7108.0 91
1677086400002 7108.0 92
1677086401406 7108.0 93
1677086401634 7108.0 94
1677086402968 7108.0 95
1677086403192 7108.0 96
1677086404530 7108.0 97
1677086404773 7108.0 98
1677086406076 7108.0 99
1677086406320 7108.0 100
1677086407571 7108.0 101
1677086407801 7108.0 102
1677086409053 7108.0 103
1677086409288 7108.0 104
1677086410739 7108.0 105
1677086410971 7108.0 106
1677086412276 7108.0 107
1677086412508 7108.0 108
1677086413814 7108.0 109
1677086414090 7108.0 110
1677086415469 7108.0 111
1677086415721 7108.0 112
1677086417134 7108.0 113
1677086417369 7108.0 114
1677086418746 7108.0 115
1677086418976 7108.0 116
1677086420402 7108.0 117
1677086420630 7108.0 118
1677086421934 7108.0 119
1677086422152 7108.0 120
1677086423392 7108.0 121
1677086423624 7108.0 122
1677086424984 7108.0 123
1677086425248 7108.0 124
1677086426596 7108.0 125
1677086426822 7108.0 126
1677086428236 7108.0 127
1677086428463 7108.0 128
1677086429771 7108.0 129
1677086430028 7108.0 130
1677086431380 7108.0 131
1677086431614 7108.0 132
1677086432954 7108.0 133
1677086433171 7108.0 134
1677086434479 7108.0 135
1677086434714 7108.0 136
1677086436092 7108.0 137
1677086436435 7108.0 138
1677086437794 7108.0 139
1677086438035 7108.0 140
1677086439514 7108.0 141
1677086439767 7108.0 142
1677086441342 7108.0 143
1677086441587 7108.0 144
1677086443107 7108.0 145
1677086443360 7108.0 146
1677086444881 7108.0 147
1677086445118 7108.0 148
1677086446607 7108.0 149
1677086446851 7108.0 150
1677086448203 7108.0 151
1677086448455 7108.0 152
1677086449935 7108.0 153
1677086450214 7108.0 154
1677086451891 7108.0 155
1677086452153 7108.0 156
1677086453698 7108.0 157
1677086453967 7108.0 158
1677086455518 7108.0 159
1677086455844 7108.0 160
1677086457223 7108.0 161
1677086457472 7108.0 162
1677086458883 7108.0 163
1677086459160 7108.0 164
1677086460503 7108.0 165
1677086460738 7108.0 166
1677086462153 7108.0 167
1677086462454 7108.0 168
1677086463826 7108.0 169
1677086464078 7108.0 170
1677086465563 7108.0 171
1677086465816 7108.0 172
1677086467161 7108.0 173
1677086467437 7108.0 174
1677086468782 7108.0 175
1677086469018 7108.0 176
1677086470372 7108.0 177
1677086470616 7108.0 178
1677086472022 7108.0 179
1677086472265 7108.0 180
1677086473552 7108.0 181
1677086473879 7108.0 182
1677086475280 7108.0 183
1677086475518 7108.0 184
1677086476913 7108.0 185
1677086477180 7108.0 186
1677086478504 7108.0 187
1677086478750 7108.0 188
1677086480073 7108.0 189
1677086480330 7108.0 190
1677086481885 7108.0 191
1677086482161 7108.0 192
1677086483729 7108.0 193
1677086484001 7108.0 194
1677086485443 7108.0 195
1677086485694 7108.0 196
1677086487105 7108.0 197
1677086487361 7108.0 198
1677086488661 7108.0 199
1677086488903 7108.0 200
1677086490330 7108.0 201
1677086490571 7108.0 202
1677086491995 7108.0 203
1677086492335 7108.0 204
1677086493801 7108.0 205
1677086494049 7108.0 206
1677086495464 7108.0 207
1677086495714 7108.0 208
1677086497151 7108.0 209
1677086497373 7108.0 210
1677086498717 7108.0 211
1677086498949 7108.0 212
1677086500358 7108.0 213
1677086500596 7108.0 214
1677086502156 7108.0 215
1677086502401 7108.0 216
1677086503878 7108.0 217
1677086504128 7108.0 218
1677086505547 7108.0 219
1677086505794 7108.0 220
1677086507243 7108.0 221
1677086507482 7108.0 222
1677086508970 7108.0 223
1677086509226 7108.0 224
1677086510591 7108.0 225
1677086511002 7108.0 226
1677086512660 7108.0 227
1677086512938 7108.0 228
1677086514537 7108.0 229
1677086514801 7108.0 230
1677086516214 7108.0 231
1677086516458 7108.0 232
1677086517943 7108.0 233
1677086518208 7108.0 234
1677086519678 7108.0 235
1677086519924 7108.0 236
1677086521388 7108.0 237
1677086521649 7108.0 238
1677086522978 7108.0 239
1677086523212 7108.0 240
1677086524584 7108.0 241
1677086524864 7108.0 242
1677086526222 7108.0 243
1677086526451 7108.0 244
1677086527826 7108.0 245
1677086528071 7108.0 246
1677086529374 7108.0 247
1677086529691 7108.0 248
1677086530921 7108.0 249
1677086531152 7108.0 250
1677086532524 7108.0 251
1677086532803 7108.0 252
1677086534164 7108.0 253
1677086534436 7108.0 254
1677086535834 7108.0 255
1677086536089 7108.0 256
1677086537498 7108.0 257
1677086537740 7108.0 258
1677086539215 7108.0 259
1677086539469 7108.0 260
1677086540893 7108.0 261
1677086541176 7108.0 262
1677086542669 7108.0 263
1677086542918 7108.0 264
1677086544345 7108.0 265
1677086544607 7108.0 266
1677086546056 7108.0 267
1677086546262 7108.0 268
1677086547680 7108.0 269
1677086548013 7108.0 270
1677086549411 7108.0 271
1677086549658 7108.0 272
1677086550972 7108.0 273
1677086551211 7108.0 274
1677086552511 7108.0 275
1677086552770 7108.0 276
1677086554133 7108.0 277
1677086554369 7108.0 278
1677086555781 7108.0 279
1677086556042 7108.0 280
1677086557531 7108.0 281
1677086557791 7108.0 282
1677086559194 7108.0 283
1677086559442 7108.0 284
1677086560831 7108.0 285
1677086561089 7108.0 286
1677086562387 7108.0 287
1677086562625 7108.0 288
1677086564006 7108.0 289
1677086564236 7108.0 290
1677086565667 7108.0 291
1677086566002 7108.0 292
1677086567415 7108.0 293
1677086567646 7108.0 294
1677086569041 7108.0 295
1677086569313 7108.0 296
1677086570833 7108.0 297
1677086571091 7108.0 298
1677086572711 7108.0 299
1677086572997 7108.0 300
1677086573274 7108.0 301
