1677086330088 1.0 1
1677086330326 2.0 2
1677086331668 3.0 3
1677086331882 4.0 4
1677086333222 5.0 5
1677086333432 6.0 6
1677086334774 7.0 7
1677086335001 8.0 8
1677086336505 9.0 9
1677086336764 10.0 10
1677086338226 11.0 11
1677086338480 12.0 12
1677086339836 13.0 13
1677086340076 14.0 14
1677086341341 15.0 15
1677086341571 16.0 16
1677086342967 17.0 17
1677086343178 18.0 18
1677086344510 19.0 19
1677086344725 20.0 20
1677086346031 21.0 21
1677086346241 22.0 22
1677086347446 23.0 23
1677086347657 24.0 24
1677086348857 25.0 25
1677086349064 26.0 26
1677086350475 27.0 27
1677086350711 28.0 28
1677086352003 29.0 29
1677086352229 30.0 30
1677086353587 31.0 31
1677086353818 32.0 32
1677086355098 33.0 33
1677086355319 34.0 34
1677086356573 35.0 35
1677086356788 36.0 36
1677086358063 37.0 37
1677086358278 38.0 38
1677086359611 39.0 39
1677086359833 40.0 40
1677086361116 41.0 41
1677086361349 42.0 42
1677086362763 43.0 43
1677086362992 44.0 44
1677086364306 45.0 45
1677086364517 46.0 46
1677086365827 47.0 47
1677086366050 48.0 48
1677086367345 49.0 49
1677086367560 50.0 50
1677086368800 51.0 51
1677086369018 52.0 52
1677086370282 53.0 53
1677086370531 54.0 54
1677086371889 55.0 55
1677086372130 56.0 56
1677086373406 57.0 57
1677086373627 58.0 58
1677086374911 59.0 59
1677086375127 60.0 60
1677086376425 61.0 61
1677086376639 62.0 62
1677086377856 63.0 63
1677086378078 64.0 64
1677086379386 65.0 65
1677086379597 66.0 66
1677086380868 67.0 67
1677086381105 68.0 68
1677086382401 69.0 69
1677086382636 70.0 70
1677086384046 71.0 71
1677086384302 72.0 72
1677086385698 73.0 73
1677086385926 74.0 74
1677086387244 75.0 75
1677086387473 76.0 76
1677086388798 77.0 77
1677086389036 78.0 78
1677086390420 79.0 79
1677086390679 80.0 80
1677086391999 81.0 81
1677086392298 82.0 82
1677086393563 83.0 83
1677086393823 84.0 84
1677086395104 85.0 85
1677086395342 86.0 86
1677086396669 87.0 87
1677086396910 88.0 88
1677086398181 89.0 89
1677086398417 90.0 90
1677086399764 91.0 91
1677086399997 92.0 92
1677086401403 93.0 93
1677086401631 94.0 94
1677086402962 95.0 95
1677086403188 96.0 96
1677086404526 97.0 97
1677086404769 98.0 98
1677086406072 99.0 99
1677086406316 100.0 100
1677086407566 101.0 101
1677086407797 102.0 102
1677086409048 103.0 103
1677086409282 104.0 104
1677086410735 105.0 105
1677086410966 106.0 106
1677086412271 107.0 107
1677086412503 108.0 108
1677086413808 109.0 109
1677086414085 110.0 110
1677086415463 111.0 111
1677086415716 112.0 112
1677086417129 113.0 113
1677086417365 114.0 114
1677086418741 115.0 115
1677086418972 116.0 116
1677086420398 117.0 117
1677086420626 118.0 118
1677086421930 119.0 119
1677086422148 120.0 120
1677086423387 121.0 121
1677086423619 122.0 122
1677086424979 123.0 123
1677086425242 124.0 124
1677086426591 125.0 125
1677086426817 126.0 126
1677086428231 127.0 127
1677086428457 128.0 128
1677086429767 129.0 129
1677086430023 130.0 130
1677086431375 131.0 131
1677086431610 132.0 132
1677086432949 133.0 133
1677086433166 134.0 134
1677086434474 135.0 135
1677086434709 136.0 136
1677086436088 137.0 137
1677086436431 138.0 138
1677086437789 139.0 139
1677086438031 140.0 140
1677086439509 141.0 141
1677086439760 142.0 142
1677086441337 143.0 143
1677086441582 144.0 144
1677086443102 145.0 145
1677086443356 146.0 146
1677086444875 147.0 147
1677086445112 148.0 148
1677086446602 149.0 149
1677086446847 150.0 150
1677086448198 151.0 151
1677086448451 152.0 152
1677086449930 153.0 153
1677086450209 154.0 154
1677086451886 155.0 155
1677086452148 156.0 156
1677086453693 157.0 157
1677086453962 158.0 158
1677086455512 159.0 159
1677086455839 160.0 160
1677086457218 161.0 161
1677086457467 162.0 162
1677086458878 163.0 163
1677086459155 164.0 164
1677086460497 165.0 165
1677086460734 166.0 166
1677086462148 167.0 167
1677086462449 168.0 168
1677086463818 169.0 169
1677086464073 170.0 170
1677086465558 171.0 171
1677086465811 172.0 172
1677086467156 173.0 173
1677086467432 174.0 174
1677086468778 175.0 175
1677086469013 176.0 176
1677086470368 177.0 177
1677086470611 178.0 178
1677086472017 179.0 179
1677086472261 180.0 180
1677086473547 181.0 181
1677086473874 182.0 182
1677086475276 183.0 183
1677086475513 184.0 184
1677086476908 185.0 185
1677086477175 186.0 186
1677086478499 187.0 187
1677086478746 188.0 188
1677086480068 189.0 189
1677086480325 190.0 190
1677086481880 191.0 191
1677086482157 192.0 192
1677086483722 193.0 193
1677086483995 194.0 194
1677086485439 195.0 195
1677086485690 196.0 196
1677086487099 197.0 197
1677086487355 198.0 198
1677086488654 199.0 199
1677086488898 200.0 200
1677086490324 201.0 201
1677086490565 202.0 202
1677086491992 203.0 203
1677086492329 204.0 204
1677086493796 205.0 205
1677086494045 206.0 206
1677086495460 207.0 207
1677086495708 208.0 208
1677086497146 209.0 209
1677086497368 210.0 210
1677086498711 211.0 211
1677086498944 212.0 212
1677086500352 213.0 213
1677086500593 214.0 214
1677086502150 215.0 215
1677086502395 216.0 216
1677086503873 217.0 217
1677086504124 218.0 218
1677086505542 219.0 219
1677086505790 220.0 220
1677086507239 221.0 221
1677086507477 222.0 222
1677086508965 223.0 223
1677086509222 224.0 224
1677086510587 225.0 225
1677086510995 226.0 226
1677086512655 227.0 227
1677086512933 228.0 228
1677086514531 229.0 229
1677086514797 230.0 230
1677086516209 231.0 231
1677086516450 232.0 232
1677086517936 233.0 233
1677086518203 234.0 234
1677086519673 235.0 235
1677086519920 236.0 236
1677086521383 237.0 237
1677086521643 238.0 238
1677086522974 239.0 239
1677086523206 240.0 240
1677086524579 241.0 241
1677086524859 242.0 242
1677086526217 243.0 243
1677086526446 244.0 244
1677086527822 245.0 245
1677086528065 246.0 246
1677086529370 247.0 247
1677086529686 248.0 248
1677086530915 249.0 249
1677086531148 250.0 250
1677086532519 251.0 251
1677086532799 252.0 252
1677086534159 253.0 253
1677086534433 254.0 254
1677086535830 255.0 255
1677086536085 256.0 256
1677086537493 257.0 257
1677086537734 258.0 258
1677086539210 259.0 259
1677086539464 260.0 260
1677086540888 261.0 261
1677086541170 262.0 262
1677086542665 263.0 263
1677086542913 264.0 264
1677086544340 265.0 265
1677086544602 266.0 266
1677086546050 267.0 267
1677086546256 268.0 268
1677086547675 269.0 269
1677086548009 270.0 270
1677086549406 271.0 271
1677086549653 272.0 272
1677086550968 273.0 273
1677086551206 274.0 274
1677086552506 275.0 275
1677086552766 276.0 276
1677086554129 277.0 277
1677086554364 278.0 278
1677086555775 279.0 279
1677086556037 280.0 280
1677086557526 281.0 281
1677086557785 282.0 282
1677086559189 283.0 283
1677086559436 284.0 284
1677086560826 285.0 285
1677086561083 286.0 286
1677086562383 287.0 287
1677086562620 288.0 288
1677086564002 289.0 289
1677086564232 290.0 290
1677086565662 291.0 291
1677086565997 292.0 292
1677086567412 293.0 293
1677086567641 294.0 294
1677086569036 295.0 295
1677086569308 296.0 296
1677086570828 297.0 297
1677086571085 298.0 298
1677086572706 299.0 299
1677086572991 300.0 300
1677086573270 301.0 301
