1677086330090 1348200011.0 1
1677086330327 1348200011.0 2
1677086331669 1348200011.0 3
1677086331884 1348200011.0 4
1677086333223 1348200011.0 5
1677086333434 1348200011.0 6
1677086334776 1348200011.0 7
1677086335003 1348200011.0 8
1677086336506 1348200011.0 9
1677086336766 1348200011.0 10
1677086338227 1348200011.0 11
1677086338481 1348200011.0 12
1677086339837 1348200011.0 13
1677086340077 1348200011.0 14
1677086341342 1348200011.0 15
1677086341573 1348200011.0 16
1677086342968 1348200011.0 17
1677086343179 1348200011.0 18
1677086344512 1348200011.0 19
1677086344726 1348200011.0 20
1677086346032 1348200011.0 21
1677086346242 1348200011.0 22
1677086347447 1348200011.0 23
1677086347659 1348200011.0 24
1677086348858 1348200011.0 25
1677086349065 1348200011.0 26
1677086350484 1348200011.0 27
1677086350712 1348200011.0 28
1677086352005 1348200011.0 29
1677086352230 1348200011.0 30
1677086353588 1348200011.0 31
1677086353818 1348200011.0 32
1677086355099 1348200011.0 33
1677086355319 1348200011.0 34
1677086356574 1348200011.0 35
1677086356789 1348200011.0 36
1677086358064 1348200011.0 37
1677086358279 1348200011.0 38
1677086359612 1348200011.0 39
1677086359834 1348200011.0 40
1677086361116 1348200011.0 41
1677086361350 1348200011.0 42
1677086362765 1348200011.0 43
1677086362993 1348200011.0 44
1677086364307 1348200011.0 45
1677086364518 1348200011.0 46
1677086365828 1348200011.0 47
1677086366051 1348200011.0 48
1677086367346 1348200011.0 49
1677086367561 1348200011.0 50
1677086368801 1348200011.0 51
1677086369020 1348200011.0 52
1677086370284 1348200011.0 53
1677086370532 1348200011.0 54
1677086371890 1348200011.0 55
1677086372131 1348200011.0 56
1677086373409 1348200011.0 57
1677086373628 1348200011.0 58
1677086374912 1348200011.0 59
1677086375128 1348200011.0 60
1677086376426 1348200011.0 61
1677086376640 1348200011.0 62
1677086377857 1348200011.0 63
1677086378080 1348200011.0 64
1677086379388 1348200011.0 65
1677086379598 1348200011.0 66
1677086380869 1348200011.0 67
1677086381107 1348200011.0 68
1677086382402 1348200011.0 69
1677086382638 1348200011.0 70
1677086384048 1348200011.0 71
1677086384303 1348200011.0 72
1677086385700 1348200011.0 73
1677086385927 1348200011.0 74
1677086387245 1348200011.0 75
1677086387474 1348200011.0 76
1677086388799 1348200011.0 77
1677086389037 1348200011.0 78
1677086390421 1348200011.0 79
1677086390680 1348200011.0 80
1677086392001 1348200011.0 81
1677086392299 1348200011.0 82
1677086393564 1348200011.0 83
1677086393824 1348200011.0 84
1677086395105 1348200011.0 85
1677086395343 1348200011.0 86
1677086396671 1348200011.0 87
1677086396912 1348200011.0 88
1677086398182 1348200011.0 89
1677086398418 1348200011.0 90
1677086399767 1348200011.0 91
1677086399998 1348200011.0 92
1677086401404 1348200011.0 93
1677086401631 1348200011.0 94
1677086402963 1348200011.0 95
1677086403189 1348200011.0 96
1677086404527 1348200011.0 97
1677086404769 1348200011.0 98
1677086406073 1348200011.0 99
1677086406317 1348200011.0 100
1677086407567 1348200011.0 101
1677086407798 1348200011.0 102
1677086409049 1348200011.0 103
1677086409284 1348200011.0 104
1677086410736 1348200011.0 105
1677086410968 1348200011.0 106
1677086412272 1348200011.0 107
1677086412505 1348200011.0 108
1677086413809 1348200011.0 109
1677086414086 1348200011.0 110
1677086415464 1348200011.0 111
1677086415717 1348200011.0 112
1677086417131 1348200011.0 113
1677086417366 1348200011.0 114
1677086418742 1348200011.0 115
1677086418973 1348200011.0 116
1677086420399 1348200011.0 117
1677086420628 1348200011.0 118
1677086421931 1348200011.0 119
1677086422150 1348200011.0 120
1677086423388 1348200011.0 121
1677086423620 1348200011.0 122
1677086424981 1348200011.0 123
1677086425243 1348200011.0 124
1677086426593 1348200011.0 125
1677086426819 1348200011.0 126
1677086428232 1348200011.0 127
1677086428459 1348200011.0 128
1677086429768 1348200011.0 129
1677086430024 1348200011.0 130
1677086431376 1348200011.0 131
1677086431611 1348200011.0 132
1677086432950 1348200011.0 133
1677086433167 1348200011.0 134
1677086434475 1348200011.0 135
1677086434710 1348200011.0 136
1677086436088 1348200011.0 137
1677086436432 1348200011.0 138
1677086437790 1348200011.0 139
1677086438032 1348200011.0 140
1677086439511 1348200011.0 141
1677086439763 1348200011.0 142
1677086441338 1348200011.0 143
1677086441584 1348200011.0 144
1677086443103 1348200011.0 145
1677086443357 1348200011.0 146
1677086444877 1348200011.0 147
1677086445113 1348200011.0 148
1677086446604 1348200011.0 149
1677086446848 1348200011.0 150
1677086448199 1348200011.0 151
1677086448452 1348200011.0 152
1677086449932 1348200011.0 153
1677086450211 1348200011.0 154
1677086451887 1348200011.0 155
1677086452150 1348200011.0 156
1677086453694 1348200011.0 157
1677086453963 1348200011.0 158
1677086455514 1348200011.0 159
1677086455840 1348200011.0 160
1677086457219 1348200011.0 161
1677086457468 1348200011.0 162
1677086458879 1348200011.0 163
1677086459156 1348200011.0 164
1677086460499 1348200011.0 165
1677086460735 1348200011.0 166
1677086462150 1348200011.0 167
1677086462451 1348200011.0 168
1677086463820 1348200011.0 169
1677086464074 1348200011.0 170
1677086465560 1348200011.0 171
1677086465812 1348200011.0 172
1677086467158 1348200011.0 173
1677086467434 1348200011.0 174
1677086468779 1348200011.0 175
1677086469014 1348200011.0 176
1677086470369 1348200011.0 177
1677086470612 1348200011.0 178
1677086472019 1348200011.0 179
1677086472262 1348200011.0 180
1677086473549 1348200011.0 181
1677086473874 1348200011.0 182
1677086475277 1348200011.0 183
1677086475515 1348200011.0 184
1677086476909 1348200011.0 185
1677086477176 1348200011.0 186
1677086478500 1348200011.0 187
1677086478747 1348200011.0 188
1677086480069 1348200011.0 189
1677086480326 1348200011.0 190
1677086481881 1348200011.0 191
1677086482158 1348200011.0 192
1677086483724 1348200011.0 193
1677086483997 1348200011.0 194
1677086485439 1348200011.0 195
1677086485690 1348200011.0 196
1677086487100 1348200011.0 197
1677086487356 1348200011.0 198
1677086488656 1348200011.0 199
1677086488899 1348200011.0 200
1677086490326 1348200011.0 201
1677086490566 1348200011.0 202
1677086491992 1348200011.0 203
1677086492331 1348200011.0 204
1677086493797 1348200011.0 205
1677086494046 1348200011.0 206
1677086495461 1348200011.0 207
1677086495710 1348200011.0 208
1677086497147 1348200011.0 209
1677086497369 1348200011.0 210
1677086498713 1348200011.0 211
1677086498945 1348200011.0 212
1677086500353 1348200011.0 213
1677086500594 1348200011.0 214
1677086502152 1348200011.0 215
1677086502396 1348200011.0 216
1677086503874 1348200011.0 217
1677086504124 1348200011.0 218
1677086505543 1348200011.0 219
1677086505791 1348200011.0 220
1677086507240 1348200011.0 221
1677086507478 1348200011.0 222
1677086508966 1348200011.0 223
1677086509223 1348200011.0 224
1677086510588 1348200011.0 225
1677086510996 1348200011.0 226
1677086512657 1348200011.0 227
1677086512934 1348200011.0 228
1677086514532 1348200011.0 229
1677086514798 1348200011.0 230
1677086516210 1348200011.0 231
1677086516452 1348200011.0 232
1677086517938 1348200011.0 233
1677086518204 1348200011.0 234
1677086519674 1348200011.0 235
1677086519921 1348200011.0 236
1677086521384 1348200011.0 237
1677086521644 1348200011.0 238
1677086522975 1348200011.0 239
1677086523208 1348200011.0 240
1677086524580 1348200011.0 241
1677086524860 1348200011.0 242
1677086526217 1348200011.0 243
1677086526448 1348200011.0 244
1677086527822 1348200011.0 245
1677086528067 1348200011.0 246
1677086529371 1348200011.0 247
1677086529687 1348200011.0 248
1677086530916 1348200011.0 249
1677086531149 1348200011.0 250
1677086532521 1348200011.0 251
1677086532800 1348200011.0 252
1677086534160 1348200011.0 253
1677086534434 1348200011.0 254
1677086535831 1348200011.0 255
1677086536086 1348200011.0 256
1677086537494 1348200011.0 257
1677086537735 1348200011.0 258
1677086539211 1348200011.0 259
1677086539466 1348200011.0 260
1677086540889 1348200011.0 261
1677086541172 1348200011.0 262
1677086542666 1348200011.0 263
1677086542914 1348200011.0 264
1677086544342 1348200011.0 265
1677086544604 1348200011.0 266
1677086546051 1348200011.0 267
1677086546258 1348200011.0 268
1677086547676 1348200011.0 269
1677086548010 1348200011.0 270
1677086549407 1348200011.0 271
1677086549654 1348200011.0 272
1677086550969 1348200011.0 273
1677086551207 1348200011.0 274
1677086552507 1348200011.0 275
1677086552766 1348200011.0 276
1677086554130 1348200011.0 277
1677086554364 1348200011.0 278
1677086555776 1348200011.0 279
1677086556038 1348200011.0 280
1677086557527 1348200011.0 281
1677086557787 1348200011.0 282
1677086559190 1348200011.0 283
1677086559438 1348200011.0 284
1677086560828 1348200011.0 285
1677086561085 1348200011.0 286
1677086562384 1348200011.0 287
1677086562621 1348200011.0 288
1677086564003 1348200011.0 289
1677086564233 1348200011.0 290
1677086565664 1348200011.0 291
1677086565998 1348200011.0 292
1677086567413 1348200011.0 293
1677086567642 1348200011.0 294
1677086569037 1348200011.0 295
1677086569309 1348200011.0 296
1677086570829 1348200011.0 297
1677086571087 1348200011.0 298
1677086572707 1348200011.0 299
1677086572993 1348200011.0 300
1677086573272 1348200011.0 301
