1677086330104 0.002930164337158203 1
1677086330334 0.002930164337158203 2
1677086331677 0.002930164337158203 3
1677086331892 0.002930164337158203 4
1677086333232 0.002930164337158203 5
1677086333442 0.002930164337158203 6
1677086334785 0.002930164337158203 7
1677086335012 0.002930164337158203 8
1677086336516 0.002930164337158203 9
1677086336774 0.002930164337158203 10
1677086338238 0.002930164337158203 11
1677086338490 0.002930164337158203 12
1677086339845 0.002930164337158203 13
1677086340089 0.002930164337158203 14
1677086341350 0.002930164337158203 15
1677086341581 0.002930164337158203 16
1677086342977 0.002930164337158203 17
1677086343189 0.002930164337158203 18
1677086344522 0.002930164337158203 19
1677086344735 0.002930164337158203 20
1677086346041 0.002930164337158203 21
1677086346250 0.002930164337158203 22
1677086347454 0.002930164337158203 23
1677086347668 0.002930164337158203 24
1677086348866 0.002930164337158203 25
1677086349073 0.002930164337158203 26
1677086350493 0.002930164337158203 27
1677086350721 0.002930164337158203 28
1677086352013 0.002930164337158203 29
1677086352239 0.002930164337158203 30
1677086353596 0.002930164337158203 31
1677086353827 0.002930164337158203 32
1677086355107 0.002930164337158203 33
1677086355329 0.002930164337158203 34
1677086356581 0.002930164337158203 35
1677086356797 0.002930164337158203 36
1677086358072 0.002930164337158203 37
1677086358287 0.002930164337158203 38
1677086359621 0.002930164337158203 39
1677086359843 0.002930164337158203 40
1677086361124 0.002930164337158203 41
1677086361358 0.002930164337158203 42
1677086362772 0.002930164337158203 43
1677086363002 0.002930164337158203 44
1677086364316 0.002930164337158203 45
1677086364526 0.002930164337158203 46
1677086365837 0.002930164337158203 47
1677086366059 0.002930164337158203 48
1677086367353 0.002930164337158203 49
1677086367569 0.002930164337158203 50
1677086368810 0.002930164337158203 51
1677086369029 0.002930164337158203 52
1677086370293 0.002930164337158203 53
1677086370541 0.002930164337158203 54
1677086371898 0.002930164337158203 55
1677086372139 0.002930164337158203 56
1677086373417 0.002930164337158203 57
1677086373637 0.002930164337158203 58
1677086374921 0.002930164337158203 59
1677086375136 0.002930164337158203 60
1677086376434 0.002930164337158203 61
1677086376649 0.002930164337158203 62
1677086377864 0.002930164337158203 63
1677086378089 0.002930164337158203 64
1677086379396 0.002930164337158203 65
1677086379606 0.002930164337158203 66
1677086380878 0.002930164337158203 67
1677086381116 0.002930164337158203 68
1677086382410 0.002930164337158203 69
1677086382646 0.002930164337158203 70
1677086384054 0.002930164337158203 71
1677086384312 0.002930164337158203 72
1677086385708 0.002930164337158203 73
1677086385935 0.002930164337158203 74
1677086387253 0.002930164337158203 75
1677086387482 0.002930164337158203 76
1677086388808 0.002930164337158203 77
1677086389046 0.002930164337158203 78
1677086390430 0.002930164337158203 79
1677086390690 0.002930164337158203 80
1677086392012 0.002930164337158203 81
1677086392307 0.002930164337158203 82
1677086393573 0.002930164337158203 83
1677086393832 0.002930164337158203 84
1677086395113 0.002930164337158203 85
1677086395353 0.002930164337158203 86
1677086396678 0.002930164337158203 87
1677086396926 0.002930164337158203 88
1677086398190 0.002930164337158203 89
1677086398426 0.002930164337158203 90
1677086399777 0.002930164337158203 91
1677086400008 0.002930164337158203 92
1677086401412 0.002930164337158203 93
1677086401639 0.002930164337158203 94
1677086402973 0.002930164337158203 95
1677086403196 0.002930164337158203 96
1677086404534 0.002930164337158203 97
1677086404778 0.002930164337158203 98
1677086406081 0.002930164337158203 99
1677086406324 0.002930164337158203 100
1677086407577 0.002930164337158203 101
1677086407806 0.002930164337158203 102
1677086409058 0.002930164337158203 103
1677086409292 0.002930164337158203 104
1677086410743 0.002930164337158203 105
1677086410975 0.002930164337158203 106
1677086412280 0.002930164337158203 107
1677086412512 0.002930164337158203 108
1677086413820 0.002930164337158203 109
1677086414093 0.002930164337158203 110
1677086415476 0.002930164337158203 111
1677086415726 0.002930164337158203 112
1677086417140 0.002930164337158203 113
1677086417374 0.002930164337158203 114
1677086418751 0.002930164337158203 115
1677086418981 0.002930164337158203 116
1677086420407 0.002930164337158203 117
1677086420634 0.002930164337158203 118
1677086421940 0.002930164337158203 119
1677086422157 0.002930164337158203 120
1677086423396 0.002930164337158203 121
1677086423628 0.002930164337158203 122
1677086424990 0.002930164337158203 123
1677086425254 0.002930164337158203 124
1677086426599 0.002930164337158203 125
1677086426827 0.002930164337158203 126
1677086428241 0.002930164337158203 127
1677086428469 0.002930164337158203 128
1677086429776 0.002930164337158203 129
1677086430032 0.002930164337158203 130
1677086431384 0.002930164337158203 131
1677086431619 0.002930164337158203 132
1677086432957 0.002930164337158203 133
1677086433174 0.002930164337158203 134
1677086434483 0.002930164337158203 135
1677086434719 0.002930164337158203 136
1677086436098 0.002930164337158203 137
1677086436440 0.002930164337158203 138
1677086437798 0.002930164337158203 139
1677086438040 0.002930164337158203 140
1677086439519 0.002930164337158203 141
1677086439773 0.002930164337158203 142
1677086441347 0.002930164337158203 143
1677086441593 0.002930164337158203 144
1677086443111 0.002930164337158203 145
1677086443365 0.002930164337158203 146
1677086444886 0.002930164337158203 147
1677086445123 0.002930164337158203 148
1677086446612 0.002930164337158203 149
1677086446856 0.002930164337158203 150
1677086448208 0.002930164337158203 151
1677086448460 0.002930164337158203 152
1677086449941 0.002930164337158203 153
1677086450219 0.002930164337158203 154
1677086451897 0.002930164337158203 155
1677086452159 0.002930164337158203 156
1677086453702 0.002930164337158203 157
1677086453972 0.002930164337158203 158
1677086455524 0.002930164337158203 159
1677086455848 0.002930164337158203 160
1677086457227 0.002930164337158203 161
1677086457477 0.002930164337158203 162
1677086458888 0.002930164337158203 163
1677086459164 0.002930164337158203 164
1677086460507 0.002930164337158203 165
1677086460743 0.002930164337158203 166
1677086462158 0.002930164337158203 167
1677086462459 0.002930164337158203 168
1677086463831 0.002930164337158203 169
1677086464082 0.002930164337158203 170
1677086465567 0.002930164337158203 171
1677086465819 0.002930164337158203 172
1677086467166 0.002930164337158203 173
1677086467443 0.002930164337158203 174
1677086468787 0.002930164337158203 175
1677086469022 0.002930164337158203 176
1677086470377 0.002930164337158203 177
1677086470620 0.002930164337158203 178
1677086472027 0.002930164337158203 179
1677086472269 0.002930164337158203 180
1677086473557 0.002930164337158203 181
1677086473883 0.002930164337158203 182
1677086475285 0.002930164337158203 183
1677086475523 0.002930164337158203 184
1677086476919 0.002930164337158203 185
1677086477184 0.002930164337158203 186
1677086478508 0.002930164337158203 187
1677086478754 0.002930164337158203 188
1677086480079 0.002930164337158203 189
1677086480337 0.002930164337158203 190
1677086481889 0.002930164337158203 191
1677086482166 0.002930164337158203 192
1677086483733 0.002930164337158203 193
1677086484006 0.002930164337158203 194
1677086485449 0.002930164337158203 195
1677086485698 0.002930164337158203 196
1677086487110 0.002930164337158203 197
1677086487365 0.002930164337158203 198
1677086488666 0.002930164337158203 199
1677086488908 0.002930164337158203 200
1677086490336 0.002930164337158203 201
1677086490574 0.002930164337158203 202
1677086492001 0.002930164337158203 203
1677086492341 0.002930164337158203 204
1677086493806 0.002930164337158203 205
1677086494055 0.002930164337158203 206
1677086495469 0.002930164337158203 207
1677086495720 0.002930164337158203 208
1677086497156 0.002930164337158203 209
1677086497378 0.002930164337158203 210
1677086498723 0.002930164337158203 211
1677086498953 0.002930164337158203 212
1677086500363 0.002930164337158203 213
1677086500601 0.002930164337158203 214
1677086502160 0.002930164337158203 215
1677086502406 0.002930164337158203 216
1677086503883 0.002930164337158203 217
1677086504133 0.002930164337158203 218
1677086505552 0.002930164337158203 219
1677086505800 0.002930164337158203 220
1677086507248 0.002930164337158203 221
1677086507487 0.002930164337158203 222
1677086508975 0.002930164337158203 223
1677086509232 0.002930164337158203 224
1677086510595 0.002930164337158203 225
1677086511008 0.002930164337158203 226
1677086512666 0.002930164337158203 227
1677086512944 0.002930164337158203 228
1677086514545 0.002930164337158203 229
1677086514805 0.002930164337158203 230
1677086516218 0.002930164337158203 231
1677086516463 0.002930164337158203 232
1677086517948 0.002930164337158203 233
1677086518212 0.002930164337158203 234
1677086519683 0.002930164337158203 235
1677086519929 0.002930164337158203 236
1677086521394 0.002930164337158203 237
1677086521653 0.002930164337158203 238
1677086522983 0.002930164337158203 239
1677086523215 0.002930164337158203 240
1677086524589 0.002930164337158203 241
1677086524869 0.002930164337158203 242
1677086526227 0.002930164337158203 243
1677086526456 0.002930164337158203 244
1677086527831 0.002930164337158203 245
1677086528076 0.002930164337158203 246
1677086529379 0.002930164337158203 247
1677086529695 0.002930164337158203 248
1677086530926 0.002930164337158203 249
1677086531157 0.002930164337158203 250
1677086532531 0.002930164337158203 251
1677086532809 0.002930164337158203 252
1677086534171 0.002930164337158203 253
1677086534443 0.002930164337158203 254
1677086535839 0.002930164337158203 255
1677086536095 0.002930164337158203 256
1677086537503 0.002930164337158203 257
1677086537744 0.002930164337158203 258
1677086539221 0.002930164337158203 259
1677086539475 0.002930164337158203 260
1677086540898 0.002930164337158203 261
1677086541181 0.002930164337158203 262
1677086542674 0.002930164337158203 263
1677086542923 0.002930164337158203 264
1677086544350 0.002930164337158203 265
1677086544612 0.002930164337158203 266
1677086546061 0.002930164337158203 267
1677086546266 0.002930164337158203 268
1677086547685 0.002930164337158203 269
1677086548018 0.002930164337158203 270
1677086549416 0.002930164337158203 271
1677086549662 0.002930164337158203 272
1677086550977 0.002930164337158203 273
1677086551215 0.002930164337158203 274
1677086552516 0.002930164337158203 275
1677086552775 0.002930164337158203 276
1677086554137 0.002930164337158203 277
1677086554373 0.002930164337158203 278
1677086555786 0.002930164337158203 279
1677086556048 0.002930164337158203 280
1677086557536 0.002930164337158203 281
1677086557795 0.002930164337158203 282
1677086559199 0.002930164337158203 283
1677086559446 0.002930164337158203 284
1677086560836 0.002930164337158203 285
1677086561093 0.002930164337158203 286
1677086562392 0.002930164337158203 287
1677086562629 0.002930164337158203 288
1677086564011 0.002930164337158203 289
1677086564241 0.002930164337158203 290
1677086565672 0.002930164337158203 291
1677086566007 0.002930164337158203 292
1677086567421 0.002930164337158203 293
1677086567650 0.002930164337158203 294
1677086569046 0.002930164337158203 295
1677086569318 0.002930164337158203 296
1677086570838 0.002930164337158203 297
1677086571095 0.002930164337158203 298
1677086572717 0.002930164337158203 299
1677086573002 0.002930164337158203 300
1677086573279 0.002930164337158203 301
