1679939311723 0.0 1
1679939311891 0.0 2
1679939312966 0.0 3
1679939313093 0.0 4
1679939313856 0.0 5
1679939313996 0.0 6
1679939314981 0.0 7
1679939315111 0.0 8
1679939316016 0.0 9
1679939316156 0.0 10
1679939317072 0.0 11
1679939317268 0.0 12
1679939318266 0.0 13
1679939318409 0.0 14
1679939319280 0.0 15
1679939319533 0.0 16
1679939320429 0.0 17
1679939320566 0.0 18
1679939321454 0.0 19
1679939321639 0.0 20
1679939322501 0.0 21
1679939322657 0.0 22
1679939323586 0.0 23
1679939323733 0.0 24
1679939324749 0.0 25
1679939324910 0.0 26
1679939325891 0.0 27
1679939326032 0.0 28
1679939327007 0.0 29
1679939327147 0.0 30
1679939327999 0.0 31
1679939328163 0.0 32
1679939329103 0.0 33
1679939329258 0.0 34
1679939330128 0.0 35
1679939330296 0.0 36
1679939331202 0.0 37
1679939331355 0.0 38
1679939332190 0.0 39
1679939332332 0.0 40
1679939333289 0.0 41
1679939333575 0.0 42
1679939334645 0.0 43
1679939334816 0.0 44
1679939335779 0.0 45
1679939335970 0.0 46
1679939337086 0.0 47
1679939337246 0.0 48
1679939338175 0.0 49
1679939338315 0.0 50
1679939339320 0.0 51
1679939339491 0.0 52
1679939340478 0.0 53
1679939340636 0.0 54
1679939341662 0.0 55
1679939341854 0.0 56
1679939342941 0.0 57
1679939343080 0.0 58
1679939343911 0.0 59
1679939344080 0.0 60
1679939344985 0.0 61
1679939345129 0.0 62
1679939345983 0.0 63
1679939346121 0.0 64
1679939346921 0.0 65
1679939347085 0.0 66
1679939347994 0.0 67
1679939348230 0.0 68
1679939349069 0.0 69
1679939349245 0.0 70
1679939350161 0.0 71
1679939350299 0.0 72
1679939351162 0.0 73
1679939351316 0.0 74
1679939352170 0.0 75
1679939352346 0.0 76
1679939353223 0.0 77
1679939353362 0.0 78
1679939354208 0.0 79
1679939354377 0.0 80
1679939355391 0.0 81
1679939355543 0.0 82
1679939356339 0.0 83
1679939356481 0.0 84
1679939357293 0.0 85
1679939357465 0.0 86
1679939358434 0.0 87
1679939358607 0.0 88
1679939359436 0.0 89
1679939359617 0.0 90
1679939360513 0.0 91
1679939360655 0.0 92
1679939361555 0.0 93
1679939361783 0.0 94
1679939362597 0.0 95
1679939362763 0.0 96
1679939363721 0.0 97
1679939363873 0.0 98
1679939364724 0.0 99
1679939364880 0.0 100
1679939365806 0.0 101
1679939365948 0.0 102
1679939366778 0.0 103
1679939366919 0.0 104
1679939367714 0.0 105
1679939367882 0.0 106
1679939368901 0.0 107
1679939369053 0.0 108
1679939369878 0.0 109
1679939370055 0.0 110
1679939370923 0.0 111
1679939371063 0.0 112
1679939371899 0.0 113
1679939372040 0.0 114
1679939372854 0.0 115
1679939373000 0.0 116
1679939373925 0.0 117
1679939374080 0.0 118
1679939374939 0.0 119
1679939375198 0.0 120
1679939376105 0.0 121
1679939376249 0.0 122
1679939377075 0.0 123
1679939377217 0.0 124
1679939378032 0.0 125
1679939378177 0.0 126
1679939379110 0.0 127
1679939379253 0.0 128
1679939380078 0.0 129
1679939380255 0.0 130
1679939381168 0.0 131
1679939381310 0.0 132
1679939382228 0.0 133
1679939382376 0.0 134
1679939383184 0.0 135
1679939383346 0.0 136
1679939384284 0.0 137
1679939384432 0.0 138
1679939385315 0.0 139
1679939385486 0.0 140
1679939386448 0.0 141
1679939386596 0.0 142
1679939387461 0.0 143
1679939387623 0.0 144
1679939388622 0.0 145
1679939388796 0.0 146
1679939389769 0.0 147
1679939389918 0.0 148
1679939390775 0.0 149
1679939390954 0.0 150
1679939392079 0.0 151
1679939392250 0.0 152
1679939393218 0.0 153
1679939393365 0.0 154
1679939394170 0.0 155
1679939394322 0.0 156
1679939395289 0.0 157
1679939395435 0.0 158
1679939396331 0.0 159
1679939396497 0.0 160
1679939397422 0.0 161
1679939397567 0.0 162
1679939398426 0.0 163
1679939398573 0.0 164
1679939399374 0.0 165
1679939399521 0.0 166
1679939400540 0.0 167
1679939400697 0.0 168
1679939401573 0.0 169
1679939401753 0.0 170
1679939402725 0.0 171
1679939402872 0.0 172
1679939403732 0.0 173
1679939403886 0.0 174
1679939404698 0.0 175
1679939404857 0.0 176
1679939405806 0.0 177
1679939405977 0.0 178
1679939406829 0.0 179
1679939407001 0.0 180
1679939407925 0.0 181
1679939408077 0.0 182
1679939408946 0.0 183
1679939409102 0.0 184
1679939410044 0.0 185
1679939410225 0.0 186
1679939411172 0.0 187
1679939411326 0.0 188
1679939412179 0.0 189
1679939412352 0.0 190
1679939413302 0.0 191
1679939413455 0.0 192
1679939414306 0.0 193
1679939414455 0.0 194
1679939415251 0.0 195
1679939415404 0.0 196
1679939416425 0.0 197
1679939416573 0.0 198
1679939417422 0.0 199
1679939417597 0.0 200
1679939418504 0.0 201
1679939418649 0.0 202
1679939419475 0.0 203
1679939419617 0.0 204
1679939420405 0.0 205
1679939420576 0.0 206
1679939421469 0.0 207
1679939421619 0.0 208
1679939422461 0.0 209
1679939422618 0.0 210
1679939423588 0.0 211
1679939423733 0.0 212
1679939424563 0.0 213
1679939424707 0.0 214
1679939425505 0.0 215
1679939425682 0.0 216
1679939426585 0.0 217
1679939426739 0.0 218
1679939427572 0.0 219
1679939427749 0.0 220
1679939428676 0.0 221
1679939428830 0.0 222
1679939429768 0.0 223
1679939429919 0.0 224
1679939430738 0.0 225
1679939430905 0.0 226
1679939431829 0.0 227
1679939431972 0.0 228
1679939432805 0.0 229
1679939432960 0.0 230
1679939433866 0.0 231
1679939434018 0.0 232
1679939434877 0.0 233
1679939435022 0.0 234
1679939435810 0.0 235
1679939435962 0.0 236
1679939436975 0.0 237
1679939437132 0.0 238
1679939437973 0.0 239
1679939438158 0.0 240
1679939439059 0.0 241
1679939439207 0.0 242
1679939440050 0.0 243
1679939440209 0.0 244
1679939441022 0.0 245
1679939441184 0.0 246
1679939442133 0.0 247
1679939442277 0.0 248
1679939443208 0.0 249
1679939443388 0.0 250
1679939444292 0.0 251
1679939444445 0.0 252
1679939445312 0.0 253
1679939445456 0.0 254
1679939446256 0.0 255
1679939446429 0.0 256
1679939447353 0.0 257
1679939447510 0.0 258
1679939448350 0.0 259
1679939448523 0.0 260
1679939449442 0.0 261
1679939449588 0.0 262
1679939450525 0.0 263
1679939450669 0.0 264
1679939451473 0.0 265
1679939451641 0.0 266
1679939452572 0.0 267
1679939452728 0.0 268
1679939453570 0.0 269
1679939453742 0.0 270
1679939454654 0.0 271
1679939454802 0.0 272
1679939455648 0.0 273
1679939455798 0.0 274
1679939456687 0.0 275
1679939456854 0.0 276
1679939457756 0.0 277
1679939457902 0.0 278
1679939458760 0.0 279
1679939458937 0.0 280
1679939459853 0.0 281
1679939460001 0.0 282
1679939460826 0.0 283
1679939460983 0.0 284
1679939461799 0.0 285
1679939461969 0.0 286
1679939462871 0.0 287
1679939463017 0.0 288
1679939463974 0.0 289
1679939464160 0.0 290
1679939465145 0.0 291
1679939465300 0.0 292
1679939466277 0.0 293
1679939466436 0.0 294
1679939467353 0.0 295
1679939467535 0.0 296
1679939468473 0.0 297
1679939468619 0.0 298
1679939469474 0.0 299
1679939469654 0.0 300
1679939469773 0.0 301
