1679939311741 1.0 1
1679939311912 2.0 2
1679939312981 3.0 3
1679939313109 4.0 4
1679939313874 5.0 5
1679939314013 6.0 6
1679939314996 7.0 7
1679939315128 8.0 8
1679939316032 9.0 9
1679939316172 10.0 10
1679939317093 11.0 11
1679939317296 12.0 12
1679939318283 13.0 13
1679939318426 14.0 14
1679939319298 15.0 15
1679939319553 16.0 16
1679939320447 17.0 17
1679939320586 18.0 18
1679939321470 19.0 19
1679939321656 20.0 20
1679939322518 21.0 21
1679939322673 22.0 22
1679939323602 23.0 23
1679939323749 24.0 24
1679939324766 25.0 25
1679939324928 26.0 26
1679939325908 27.0 27
1679939326049 28.0 28
1679939327023 29.0 29
1679939327163 30.0 30
1679939328016 31.0 31
1679939328187 32.0 32
1679939329121 33.0 33
1679939329276 34.0 34
1679939330145 35.0 35
1679939330312 36.0 36
1679939331218 37.0 37
1679939331372 38.0 38
1679939332205 39.0 39
1679939332349 40.0 40
1679939333305 41.0 41
1679939333594 42.0 42
1679939334664 43.0 43
1679939334834 44.0 44
1679939335796 45.0 45
1679939335994 46.0 46
1679939337103 47.0 47
1679939337265 48.0 48
1679939338191 49.0 49
1679939338329 50.0 50
1679939339344 51.0 51
1679939339508 52.0 52
1679939340495 53.0 53
1679939340657 54.0 54
1679939341682 55.0 55
1679939341877 56.0 56
1679939342957 57.0 57
1679939343096 58.0 58
1679939343926 59.0 59
1679939344099 60.0 60
1679939345001 61.0 61
1679939345143 62.0 62
1679939345998 63.0 63
1679939346136 64.0 64
1679939346937 65.0 65
1679939347101 66.0 66
1679939348011 67.0 67
1679939348246 68.0 68
1679939349086 69.0 69
1679939349260 70.0 70
1679939350176 71.0 71
1679939350314 72.0 72
1679939351177 73.0 73
1679939351333 74.0 74
1679939352184 75.0 75
1679939352364 76.0 76
1679939353238 77.0 77
1679939353379 78.0 78
1679939354224 79.0 79
1679939354393 80.0 80
1679939355407 81.0 81
1679939355566 82.0 82
1679939356354 83.0 83
1679939356496 84.0 84
1679939357310 85.0 85
1679939357480 86.0 86
1679939358450 87.0 87
1679939358624 88.0 88
1679939359451 89.0 89
1679939359635 90.0 90
1679939360528 91.0 91
1679939360671 92.0 92
1679939361572 93.0 93
1679939361798 94.0 94
1679939362612 95.0 95
1679939362782 96.0 96
1679939363738 97.0 97
1679939363889 98.0 98
1679939364739 99.0 99
1679939364900 100.0 100
1679939365822 101.0 101
1679939365964 102.0 102
1679939366793 103.0 103
1679939366934 104.0 104
1679939367729 105.0 105
1679939367898 106.0 106
1679939368916 107.0 107
1679939369068 108.0 108
1679939369894 109.0 109
1679939370075 110.0 110
1679939370938 111.0 111
1679939371078 112.0 112
1679939371915 113.0 113
1679939372055 114.0 114
1679939372869 115.0 115
1679939373017 116.0 116
1679939373940 117.0 117
1679939374095 118.0 118
1679939374954 119.0 119
1679939375216 120.0 120
1679939376120 121.0 121
1679939376264 122.0 122
1679939377090 123.0 123
1679939377233 124.0 124
1679939378048 125.0 125
1679939378193 126.0 126
1679939379125 127.0 127
1679939379269 128.0 128
1679939380093 129.0 129
1679939380271 130.0 130
1679939381183 131.0 131
1679939381325 132.0 132
1679939382243 133.0 133
1679939382393 134.0 134
1679939383199 135.0 135
1679939383364 136.0 136
1679939384299 137.0 137
1679939384447 138.0 138
1679939385329 139.0 139
1679939385502 140.0 140
1679939386464 141.0 141
1679939386612 142.0 142
1679939387477 143.0 143
1679939387641 144.0 144
1679939388636 145.0 145
1679939388821 146.0 146
1679939389785 147.0 147
1679939389935 148.0 148
1679939390792 149.0 149
1679939390972 150.0 150
1679939392095 151.0 151
1679939392267 152.0 152
1679939393236 153.0 153
1679939393380 154.0 154
1679939394185 155.0 155
1679939394345 156.0 156
1679939395305 157.0 157
1679939395450 158.0 158
1679939396347 159.0 159
1679939396518 160.0 160
1679939397437 161.0 161
1679939397582 162.0 162
1679939398446 163.0 163
1679939398593 164.0 164
1679939399389 165.0 165
1679939399539 166.0 166
1679939400556 167.0 167
1679939400712 168.0 168
1679939401588 169.0 169
1679939401772 170.0 170
1679939402740 171.0 171
1679939402886 172.0 172
1679939403748 173.0 173
1679939403901 174.0 174
1679939404714 175.0 175
1679939404886 176.0 176
1679939405822 177.0 177
1679939405992 178.0 178
1679939406846 179.0 179
1679939407023 180.0 180
1679939407941 181.0 181
1679939408093 182.0 182
1679939408962 183.0 183
1679939409118 184.0 184
1679939410059 185.0 185
1679939410240 186.0 186
1679939411188 187.0 187
1679939411343 188.0 188
1679939412193 189.0 189
1679939412373 190.0 190
1679939413320 191.0 191
1679939413470 192.0 192
1679939414322 193.0 193
1679939414472 194.0 194
1679939415265 195.0 195
1679939415422 196.0 196
1679939416439 197.0 197
1679939416589 198.0 198
1679939417437 199.0 199
1679939417613 200.0 200
1679939418520 201.0 201
1679939418665 202.0 202
1679939419490 203.0 203
1679939419632 204.0 204
1679939420420 205.0 205
1679939420592 206.0 206
1679939421485 207.0 207
1679939421634 208.0 208
1679939422476 209.0 209
1679939422636 210.0 210
1679939423602 211.0 211
1679939423748 212.0 212
1679939424579 213.0 213
1679939424722 214.0 214
1679939425521 215.0 215
1679939425701 216.0 216
1679939426600 217.0 217
1679939426754 218.0 218
1679939427590 219.0 219
1679939427766 220.0 220
1679939428695 221.0 221
1679939428846 222.0 222
1679939429783 223.0 223
1679939429934 224.0 224
1679939430753 225.0 225
1679939430921 226.0 226
1679939431844 227.0 227
1679939431987 228.0 228
1679939432821 229.0 229
1679939432975 230.0 230
1679939433881 231.0 231
1679939434033 232.0 232
1679939434891 233.0 233
1679939435038 234.0 234
1679939435826 235.0 235
1679939435985 236.0 236
1679939436990 237.0 237
1679939437148 238.0 238
1679939437989 239.0 239
1679939438177 240.0 240
1679939439073 241.0 241
1679939439224 242.0 242
1679939440067 243.0 243
1679939440223 244.0 244
1679939441037 245.0 245
1679939441206 246.0 246
1679939442148 247.0 247
1679939442292 248.0 248
1679939443222 249.0 249
1679939443403 250.0 250
1679939444307 251.0 251
1679939444462 252.0 252
1679939445328 253.0 253
1679939445472 254.0 254
1679939446270 255.0 255
1679939446445 256.0 256
1679939447368 257.0 257
1679939447525 258.0 258
1679939448366 259.0 259
1679939448546 260.0 260
1679939449457 261.0 261
1679939449602 262.0 262
1679939450540 263.0 263
1679939450687 264.0 264
1679939451487 265.0 265
1679939451657 266.0 266
1679939452587 267.0 267
1679939452743 268.0 268
1679939453586 269.0 269
1679939453766 270.0 270
1679939454668 271.0 271
1679939454817 272.0 272
1679939455663 273.0 273
1679939455813 274.0 274
1679939456702 275.0 275
1679939456869 276.0 276
1679939457772 277.0 277
1679939457917 278.0 278
1679939458773 279.0 279
1679939458953 280.0 280
1679939459868 281.0 281
1679939460020 282.0 282
1679939460842 283.0 283
1679939460998 284.0 284
1679939461815 285.0 285
1679939461983 286.0 286
1679939462886 287.0 287
1679939463033 288.0 288
1679939463989 289.0 289
1679939464179 290.0 290
1679939465160 291.0 291
1679939465316 292.0 292
1679939466294 293.0 293
1679939466451 294.0 294
1679939467368 295.0 295
1679939467550 296.0 296
1679939468488 297.0 297
1679939468634 298.0 298
1679939469488 299.0 299
1679939469671 300.0 300
1679939469790 301.0 301
