1679939311731 17.867660999298096 1
1679939311901 17.988653898239136 2
1679939312973 19.08992648124695 3
1679939313099 19.217907667160034 4
1679939313864 19.97365951538086 5
1679939314003 20.117737770080566 6
1679939314987 21.100796461105347 7
1679939315119 21.234628915786743 8
1679939316023 22.13653540611267 9
1679939316163 22.276793241500854 10
1679939317082 23.182942628860474 11
1679939317279 23.376704454421997 12
1679939318273 24.38664412498474 13
1679939318416 24.527637243270874 14
1679939319287 25.401505947113037 15
1679939319541 25.64678716659546 16
1679939320437 26.548646211624146 17
1679939320574 26.68863344192505 18
1679939321461 27.575622081756592 19
1679939321647 27.733487367630005 20
1679939322509 28.617605924606323 21
1679939322664 28.771848678588867 22
1679939323592 29.705655336380005 23
1679939323739 29.848756313323975 24
1679939324756 30.86376667022705 25
1679939324919 31.025763034820557 26
1679939325899 32.007787227630615 27
1679939326039 32.14759802818298 28
1679939327014 33.1255989074707 29
1679939327154 33.266629219055176 30
1679939328007 34.11644220352173 31
1679939328173 34.27167201042175 32
1679939329112 35.2198748588562 33
1679939329266 35.36638808250427 34
1679939330135 36.23603415489197 35
1679939330303 36.40552353858948 36
1679939331209 37.32076406478882 37
1679939331364 37.464938163757324 38
1679939332196 38.30785250663757 39
1679939332339 38.44767355918884 40
1679939333295 39.3954713344574 41
1679939333583 39.680919885635376 42
1679939334654 40.75662803649902 43
1679939334823 40.922868490219116 44
1679939335786 41.88960003852844 45
1679939335980 42.06221079826355 46
1679939337094 43.19656419754028 47
1679939337255 43.35472345352173 48
1679939338182 44.29252243041992 49
1679939338321 44.43285870552063 50
1679939339331 45.4264874458313 51
1679939339498 45.602701902389526 52
1679939340485 46.588947772979736 53
1679939340645 46.745606660842896 54
1679939341669 47.773653745651245 55
1679939341863 47.94116830825806 56
1679939342948 49.057841062545776 57
1679939343087 49.19775319099426 58
1679939343917 50.02765345573425 59
1679939344089 50.176079750061035 60
1679939344992 51.100834131240845 61
1679939345135 51.24623990058899 62
1679939345989 52.1001877784729 63
1679939346128 52.23923325538635 64
1679939346928 53.03867697715759 65
1679939347092 53.18376970291138 66
1679939348002 54.10959529876709 67
1679939348237 54.34659147262573 68
1679939349077 55.1878936290741 69
1679939349251 55.354413986206055 70
1679939350167 56.276694774627686 71
1679939350306 56.41744303703308 72
1679939351168 57.277743339538574 73
1679939351323 57.432475090026855 74
1679939352176 58.285282135009766 75
1679939352354 58.44347953796387 76
1679939353229 59.339762926101685 77
1679939353370 59.48057317733765 78
1679939354215 60.32540845870972 79
1679939354383 60.49172568321228 80
1679939355398 61.509453773498535 81
1679939355553 61.647913455963135 82
1679939356345 62.455960750579834 83
1679939356487 62.59858703613281 84
1679939357300 63.40859770774841 85
1679939357471 63.562556743621826 86
1679939358441 64.5512342453003 87
1679939358615 64.72144722938538 88
1679939359443 65.55439162254333 89
1679939359625 65.70863437652588 90
1679939360519 66.62885165214539 91
1679939360662 66.77161431312561 92
1679939361563 67.67163467407227 93
1679939361790 67.89957880973816 94
1679939362604 68.71454930305481 95
1679939362771 68.85972285270691 96
1679939363730 69.83760237693787 97
1679939363881 69.98841595649719 98
1679939364730 70.83984708786011 99
1679939364888 70.98780703544617 100
1679939365813 71.92150378227234 101
1679939365954 72.06383538246155 102
1679939366785 72.89280891418457 103
1679939366926 73.03335690498352 104
1679939367721 73.82752180099487 105
1679939367889 73.97468543052673 106
1679939368908 75.01444792747498 107
1679939369060 75.16611504554749 108
1679939369885 75.99403953552246 109
1679939370063 76.14963030815125 110
1679939370930 77.03843832015991 111
1679939371070 77.17837524414062 112
1679939371906 78.01449203491211 113
1679939372046 78.15550661087036 114
1679939372860 78.96859431266785 115
1679939373008 79.11145305633545 116
1679939373932 80.04021215438843 117
1679939374086 80.19597268104553 118
1679939374946 81.05546736717224 119
1679939375204 81.31063604354858 120
1679939376112 82.22158217430115 121
1679939376256 82.36547327041626 122
1679939377081 83.1754961013794 123
1679939377224 83.3315703868866 124
1679939378039 84.14572167396545 125
1679939378184 84.29067182540894 126
1679939379116 85.22448706626892 127
1679939379260 85.37134432792664 128
1679939380085 86.19206190109253 129
1679939380262 86.36642265319824 130
1679939381174 87.28160572052002 131
1679939381317 87.42549228668213 132
1679939382235 88.34256219863892 133
1679939382383 88.49252080917358 134
1679939383190 89.2996973991394 135
1679939383354 89.44347524642944 136
1679939384291 90.39854216575623 137
1679939384438 90.54598045349121 138
1679939385321 91.43254780769348 139
1679939385493 91.59246015548706 140
1679939386454 92.56014013290405 141
1679939386604 92.7084858417511 142
1679939387468 93.57224726676941 143
1679939387632 93.72917294502258 144
1679939388628 94.7333254814148 145
1679939388808 94.89845037460327 146
1679939389776 95.87853169441223 147
1679939389926 96.02752113342285 148
1679939390781 96.8877911567688 149
1679939390961 97.05251884460449 150
1679939392086 98.16658663749695 151
1679939392258 98.34844732284546 152
1679939393226 99.32514452934265 153
1679939393371 99.47641396522522 154
1679939394177 100.28424263000488 155
1679939394333 100.4264543056488 156
1679939395297 101.39848113059998 157
1679939395442 101.54263186454773 158
1679939396337 102.44328022003174 159
1679939396506 102.59640383720398 160
1679939397428 103.53274822235107 161
1679939397573 103.68152737617493 162
1679939398436 104.540358543396 163
1679939398582 104.68653869628906 164
1679939399380 105.48773241043091 165
1679939399528 105.63154172897339 166
1679939400547 106.6486291885376 167
1679939400704 106.80843901634216 168
1679939401580 107.68426156044006 169
1679939401760 107.83746480941772 170
1679939402732 108.83864426612854 171
1679939402878 108.98252582550049 172
1679939403739 109.84492754936218 173
1679939403892 109.99757218360901 174
1679939404705 110.80955719947815 175
1679939404871 110.95838975906372 176
1679939405814 111.91748714447021 177
1679939405983 112.0878050327301 178
1679939406836 112.93594551086426 179
1679939407011 113.09626054763794 180
1679939407931 114.0345242023468 181
1679939408084 114.18579840660095 182
1679939408953 115.05743193626404 183
1679939409109 115.21182155609131 184
1679939410051 116.15521931648254 185
1679939410232 116.31580090522766 186
1679939411179 117.28077054023743 187
1679939411333 117.43146777153015 188
1679939412185 118.28080344200134 189
1679939412361 118.44849061965942 190
1679939413309 119.40770506858826 191
1679939413461 119.56237554550171 192
1679939414313 120.41428279876709 193
1679939414463 120.56521344184875 194
1679939415256 121.3605284690857 195
1679939415410 121.51056289672852 196
1679939416431 122.53536128997803 197
1679939416579 122.68493986129761 198
1679939417428 123.53207230567932 199
1679939417604 123.6876266002655 200
1679939418511 124.61337399482727 201
1679939418656 124.75868797302246 202
1679939419481 125.58455228805542 203
1679939419624 125.72905945777893 204
1679939420411 126.51297664642334 205
1679939420583 126.6624972820282 206
1679939421476 127.58051753044128 207
1679939421625 127.73250246047974 208
1679939422467 128.57149815559387 209
1679939422625 128.7241837978363 210
1679939423593 129.69746565818787 211
1679939423740 129.8432719707489 212
1679939424570 130.67525577545166 213
1679939424714 130.81747031211853 214
1679939425512 131.6164026260376 215
1679939425691 131.769517660141 216
1679939426591 132.69535374641418 217
1679939426746 132.84953427314758 218
1679939427580 133.68237733840942 219
1679939427756 133.85518145561218 220
1679939428683 134.78636002540588 221
1679939428836 134.94130301475525 222
1679939429775 135.87929725646973 223
1679939429926 136.0276734828949 224
1679939430743 136.84844994544983 225
1679939430912 137.00479078292847 226
1679939431836 137.93101382255554 227
1679939431978 138.08265924453735 228
1679939432812 138.91515278816223 229
1679939432966 139.06620073318481 230
1679939433873 139.96741461753845 231
1679939434023 140.12330722808838 232
1679939434883 140.98046398162842 233
1679939435029 141.13053131103516 234
1679939435816 141.92015290260315 235
1679939435971 142.0677318572998 236
1679939436981 143.0843756198883 237
1679939437138 143.23836636543274 238
1679939437979 144.08404922485352 239
1679939438167 144.24608945846558 240
1679939439065 145.16320991516113 241
1679939439215 145.31351280212402 242
1679939440057 146.15833377838135 243
1679939440216 146.3166618347168 244
1679939441028 147.13163256645203 245
1679939441194 147.2795090675354 246
1679939442140 148.24415850639343 247
1679939442284 148.38827347755432 248
1679939443214 149.31772589683533 249
1679939443393 149.47643566131592 250
1679939444298 150.4016489982605 251
1679939444451 150.55251264572144 252
1679939445319 151.42045378684998 253
1679939445462 151.56610083580017 254
1679939446262 152.3655228614807 255
1679939446436 152.53051018714905 256
1679939447361 153.46041464805603 257
1679939447516 153.61742615699768 258
1679939448357 154.46024417877197 259
1679939448533 154.61384558677673 260
1679939449449 155.54930353164673 261
1679939449594 155.69633316993713 262
1679939450531 156.6343376636505 263
1679939450676 156.77830743789673 264
1679939451479 157.58247995376587 265
1679939451649 157.73152995109558 266
1679939452578 158.68121147155762 267
1679939452735 158.83338809013367 268
1679939453577 159.6782784461975 269
1679939453753 159.83355498313904 270
1679939454660 160.7616617679596 271
1679939454809 160.90897798538208 272
1679939455655 161.7574234008789 273
1679939455804 161.9063012599945 274
1679939456694 162.7953290939331 275
1679939456861 162.9473855495453 276
1679939457763 163.8654375076294 277
1679939457908 164.0133879184723 278
1679939458766 164.8686559200287 279
1679939458945 165.02539110183716 280
1679939459860 165.96043348312378 281
1679939460010 166.10896587371826 282
1679939460832 166.93390202522278 283
1679939460989 167.09418320655823 284
1679939461806 167.9073314666748 285
1679939461975 168.06051397323608 286
1679939462877 168.97992849349976 287
1679939463024 169.12616562843323 288
1679939463980 170.08214926719666 289
1679939464168 170.2545473575592 290
1679939465152 171.24432635307312 291
1679939465307 171.40284752845764 292
1679939466284 172.3821678161621 293
1679939466442 172.54150438308716 294
1679939467359 173.46215081214905 295
1679939467541 173.63191866874695 296
1679939468479 174.58219146728516 297
1679939468626 174.7282943725586 298
1679939469480 175.5804455280304 299
1679939469661 175.74335408210754 300
1679939469781 175.88168668746948 301
