1679939311726 1.0 1
1679939311895 2.0 2
1679939312969 3.0 3
1679939313095 4.0 4
1679939313859 5.0 5
1679939313998 6.0 6
1679939314983 7.0 7
1679939315115 8.0 8
1679939316018 9.0 9
1679939316158 10.0 10
1679939317076 11.0 11
1679939317271 12.0 12
1679939318269 13.0 13
1679939318411 14.0 14
1679939319282 15.0 15
1679939319535 16.0 16
1679939320432 17.0 17
1679939320569 18.0 18
1679939321456 19.0 19
1679939321642 20.0 20
1679939322503 21.0 21
1679939322659 22.0 22
1679939323588 23.0 23
1679939323735 24.0 24
1679939324751 25.0 25
1679939324913 26.0 26
1679939325893 27.0 27
1679939326034 28.0 28
1679939327010 29.0 29
1679939327149 30.0 30
1679939328002 31.0 31
1679939328167 32.0 32
1679939329106 33.0 33
1679939329260 34.0 34
1679939330130 35.0 35
1679939330299 36.0 36
1679939331205 37.0 37
1679939331358 38.0 38
1679939332193 39.0 39
1679939332335 40.0 40
1679939333290 41.0 41
1679939333579 42.0 42
1679939334648 43.0 43
1679939334818 44.0 44
1679939335781 45.0 45
1679939335974 46.0 46
1679939337088 47.0 47
1679939337249 48.0 48
1679939338177 49.0 49
1679939338316 50.0 50
1679939339324 51.0 51
1679939339493 52.0 52
1679939340480 53.0 53
1679939340639 54.0 54
1679939341665 55.0 55
1679939341856 56.0 56
1679939342944 57.0 57
1679939343083 58.0 58
1679939343913 59.0 59
1679939344084 60.0 60
1679939344988 61.0 61
1679939345131 62.0 62
1679939345985 63.0 63
1679939346123 64.0 64
1679939346923 65.0 65
1679939347087 66.0 66
1679939347997 67.0 67
1679939348233 68.0 68
1679939349072 69.0 69
1679939349247 70.0 70
1679939350163 71.0 71
1679939350302 72.0 72
1679939351164 73.0 73
1679939351318 74.0 74
1679939352172 75.0 75
1679939352349 76.0 76
1679939353225 77.0 77
1679939353365 78.0 78
1679939354210 79.0 79
1679939354379 80.0 80
1679939355393 81.0 81
1679939355546 82.0 82
1679939356341 83.0 83
1679939356484 84.0 84
1679939357296 85.0 85
1679939357467 86.0 86
1679939358436 87.0 87
1679939358609 88.0 88
1679939359439 89.0 89
1679939359620 90.0 90
1679939360515 91.0 91
1679939360657 92.0 92
1679939361558 93.0 93
1679939361786 94.0 94
1679939362600 95.0 95
1679939362766 96.0 96
1679939363723 97.0 97
1679939363876 98.0 98
1679939364726 99.0 99
1679939364882 100.0 100
1679939365809 101.0 101
1679939365950 102.0 102
1679939366780 103.0 103
1679939366921 104.0 104
1679939367716 105.0 105
1679939367884 106.0 106
1679939368903 107.0 107
1679939369055 108.0 108
1679939369881 109.0 109
1679939370058 110.0 110
1679939370925 111.0 111
1679939371065 112.0 112
1679939371901 113.0 113
1679939372042 114.0 114
1679939372856 115.0 115
1679939373003 116.0 116
1679939373927 117.0 117
1679939374082 118.0 118
1679939374941 119.0 119
1679939375200 120.0 120
1679939376107 121.0 121
1679939376251 122.0 122
1679939377077 123.0 123
1679939377219 124.0 124
1679939378035 125.0 125
1679939378179 126.0 126
1679939379112 127.0 127
1679939379256 128.0 128
1679939380081 129.0 129
1679939380258 130.0 130
1679939381170 131.0 131
1679939381313 132.0 132
1679939382231 133.0 133
1679939382379 134.0 134
1679939383186 135.0 135
1679939383349 136.0 136
1679939384286 137.0 137
1679939384434 138.0 138
1679939385317 139.0 139
1679939385488 140.0 140
1679939386450 141.0 141
1679939386599 142.0 142
1679939387463 143.0 143
1679939387626 144.0 144
1679939388624 145.0 145
1679939388800 146.0 146
1679939389772 147.0 147
1679939389920 148.0 148
1679939390777 149.0 149
1679939390956 150.0 150
1679939392081 151.0 151
1679939392253 152.0 152
1679939393221 153.0 153
1679939393367 154.0 154
1679939394172 155.0 155
1679939394326 156.0 156
1679939395292 157.0 157
1679939395437 158.0 158
1679939396333 159.0 159
1679939396500 160.0 160
1679939397424 161.0 161
1679939397569 162.0 162
1679939398429 163.0 163
1679939398576 164.0 164
1679939399376 165.0 165
1679939399523 166.0 166
1679939400543 167.0 167
1679939400699 168.0 168
1679939401576 169.0 169
1679939401756 170.0 170
1679939402727 171.0 171
1679939402874 172.0 172
1679939403735 173.0 173
1679939403887 174.0 174
1679939404701 175.0 175
1679939404863 176.0 176
1679939405809 177.0 177
1679939405979 178.0 178
1679939406831 179.0 179
1679939407005 180.0 180
1679939407927 181.0 181
1679939408079 182.0 182
1679939408948 183.0 183
1679939409104 184.0 184
1679939410046 185.0 185
1679939410227 186.0 186
1679939411174 187.0 187
1679939411328 188.0 188
1679939412181 189.0 189
1679939412355 190.0 190
1679939413305 191.0 191
1679939413457 192.0 192
1679939414309 193.0 193
1679939414457 194.0 194
1679939415253 195.0 195
1679939415406 196.0 196
1679939416427 197.0 197
1679939416575 198.0 198
1679939417424 199.0 199
1679939417599 200.0 200
1679939418505 201.0 201
1679939418651 202.0 202
1679939419477 203.0 203
1679939419620 204.0 204
1679939420406 205.0 205
1679939420579 206.0 206
1679939421471 207.0 207
1679939421621 208.0 208
1679939422462 209.0 209
1679939422620 210.0 210
1679939423590 211.0 211
1679939423736 212.0 212
1679939424565 213.0 213
1679939424709 214.0 214
1679939425508 215.0 215
1679939425685 216.0 216
1679939426587 217.0 217
1679939426741 218.0 218
1679939427576 219.0 219
1679939427751 220.0 220
1679939428679 221.0 221
1679939428832 222.0 222
1679939429771 223.0 223
1679939429921 224.0 224
1679939430740 225.0 225
1679939430907 226.0 226
1679939431831 227.0 227
1679939431974 228.0 228
1679939432807 229.0 229
1679939432962 230.0 230
1679939433868 231.0 231
1679939434020 232.0 232
1679939434879 233.0 233
1679939435025 234.0 234
1679939435812 235.0 235
1679939435966 236.0 236
1679939436977 237.0 237
1679939437133 238.0 238
1679939437976 239.0 239
1679939438161 240.0 240
1679939439061 241.0 241
1679939439210 242.0 242
1679939440053 243.0 243
1679939440211 244.0 244
1679939441024 245.0 245
1679939441187 246.0 246
1679939442135 247.0 247
1679939442279 248.0 248
1679939443210 249.0 249
1679939443390 250.0 250
1679939444294 251.0 251
1679939444447 252.0 252
1679939445315 253.0 253
1679939445458 254.0 254
1679939446258 255.0 255
1679939446431 256.0 256
1679939447356 257.0 257
1679939447512 258.0 258
1679939448352 259.0 259
1679939448528 260.0 260
1679939449444 261.0 261
1679939449590 262.0 262
1679939450526 263.0 263
1679939450671 264.0 264
1679939451475 265.0 265
1679939451643 266.0 266
1679939452574 267.0 267
1679939452731 268.0 268
1679939453572 269.0 269
1679939453745 270.0 270
1679939454655 271.0 271
1679939454804 272.0 272
1679939455650 273.0 273
1679939455800 274.0 274
1679939456689 275.0 275
1679939456856 276.0 276
1679939457759 277.0 277
1679939457904 278.0 278
1679939458762 279.0 279
1679939458939 280.0 280
1679939459856 281.0 281
1679939460004 282.0 282
1679939460828 283.0 283
1679939460985 284.0 284
1679939461801 285.0 285
1679939461971 286.0 286
1679939462873 287.0 287
1679939463019 288.0 288
1679939463976 289.0 289
1679939464163 290.0 290
1679939465147 291.0 291
1679939465302 292.0 292
1679939466279 293.0 293
1679939466438 294.0 294
1679939467355 295.0 295
1679939467537 296.0 296
1679939468475 297.0 297
1679939468621 298.0 298
1679939469476 299.0 299
1679939469656 300.0 300
1679939469776 301.0 301
