1679939311744 0.004667997360229492 1
1679939311916 0.004667997360229492 2
1679939312983 0.004667997360229492 3
1679939313111 0.004667997360229492 4
1679939313876 0.004667997360229492 5
1679939314014 0.004667997360229492 6
1679939314998 0.004667997360229492 7
1679939315130 0.004667997360229492 8
1679939316036 0.004667997360229492 9
1679939316175 0.004667997360229492 10
1679939317096 0.004667997360229492 11
1679939317300 0.004667997360229492 12
1679939318285 0.004667997360229492 13
1679939318428 0.004667997360229492 14
1679939319300 0.004667997360229492 15
1679939319556 0.004667997360229492 16
1679939320449 0.004667997360229492 17
1679939320588 0.004667997360229492 18
1679939321472 0.004667997360229492 19
1679939321658 0.004667997360229492 20
1679939322520 0.004667997360229492 21
1679939322675 0.004667997360229492 22
1679939323604 0.004667997360229492 23
1679939323750 0.004667997360229492 24
1679939324769 0.004667997360229492 25
1679939324931 0.004667997360229492 26
1679939325911 0.004667997360229492 27
1679939326052 0.004667997360229492 28
1679939327025 0.004667997360229492 29
1679939327165 0.004667997360229492 30
1679939328019 0.004667997360229492 31
1679939328191 0.004667997360229492 32
1679939329123 0.004667997360229492 33
1679939329279 0.004667997360229492 34
1679939330148 0.004667997360229492 35
1679939330314 0.004667997360229492 36
1679939331221 0.004667997360229492 37
1679939331375 0.004667997360229492 38
1679939332207 0.004667997360229492 39
1679939332351 0.004667997360229492 40
1679939333308 0.004667997360229492 41
1679939333597 0.004667997360229492 42
1679939334668 0.004667997360229492 43
1679939334836 0.004667997360229492 44
1679939335798 0.004667997360229492 45
1679939335997 0.004667997360229492 46
1679939337105 0.004667997360229492 47
1679939337267 0.004667997360229492 48
1679939338193 0.004667997360229492 49
1679939338332 0.004667997360229492 50
1679939339348 0.004667997360229492 51
1679939339512 0.004667997360229492 52
1679939340498 0.004667997360229492 53
1679939340659 0.004667997360229492 54
1679939341684 0.004667997360229492 55
1679939341881 0.004667997360229492 56
1679939342959 0.004667997360229492 57
1679939343098 0.004667997360229492 58
1679939343928 0.004667997360229492 59
1679939344101 0.004667997360229492 60
1679939345003 0.004667997360229492 61
1679939345146 0.004667997360229492 62
1679939346000 0.004667997360229492 63
1679939346138 0.004667997360229492 64
1679939346939 0.004667997360229492 65
1679939347103 0.004667997360229492 66
1679939348013 0.004667997360229492 67
1679939348248 0.004667997360229492 68
1679939349088 0.004667997360229492 69
1679939349262 0.004667997360229492 70
1679939350178 0.004667997360229492 71
1679939350317 0.004667997360229492 72
1679939351179 0.004667997360229492 73
1679939351335 0.004667997360229492 74
1679939352186 0.004667997360229492 75
1679939352366 0.004667997360229492 76
1679939353240 0.004667997360229492 77
1679939353381 0.004667997360229492 78
1679939354225 0.004667997360229492 79
1679939354395 0.004667997360229492 80
1679939355409 0.004667997360229492 81
1679939355568 0.004667997360229492 82
1679939356355 0.004667997360229492 83
1679939356498 0.004667997360229492 84
1679939357313 0.004667997360229492 85
1679939357482 0.004667997360229492 86
1679939358452 0.004667997360229492 87
1679939358626 0.004667997360229492 88
1679939359454 0.004667997360229492 89
1679939359637 0.004667997360229492 90
1679939360530 0.004667997360229492 91
1679939360674 0.004667997360229492 92
1679939361575 0.004667997360229492 93
1679939361801 0.004667997360229492 94
1679939362615 0.004667997360229492 95
1679939362785 0.004667997360229492 96
1679939363740 0.004667997360229492 97
1679939363892 0.004667997360229492 98
1679939364741 0.004667997360229492 99
1679939364903 0.004667997360229492 100
1679939365824 0.004667997360229492 101
1679939365966 0.004667997360229492 102
1679939366795 0.004667997360229492 103
1679939366936 0.004667997360229492 104
1679939367732 0.004667997360229492 105
1679939367901 0.004667997360229492 106
1679939368919 0.004667997360229492 107
1679939369070 0.004667997360229492 108
1679939369896 0.004667997360229492 109
1679939370078 0.004667997360229492 110
1679939370940 0.004667997360229492 111
1679939371080 0.004667997360229492 112
1679939371917 0.004667997360229492 113
1679939372057 0.004667997360229492 114
1679939372871 0.004667997360229492 115
1679939373020 0.004667997360229492 116
1679939373942 0.004667997360229492 117
1679939374097 0.004667997360229492 118
1679939374956 0.004667997360229492 119
1679939375219 0.004667997360229492 120
1679939376122 0.004667997360229492 121
1679939376266 0.004667997360229492 122
1679939377092 0.004667997360229492 123
1679939377235 0.004667997360229492 124
1679939378051 0.004667997360229492 125
1679939378195 0.004667997360229492 126
1679939379127 0.004667997360229492 127
1679939379271 0.004667997360229492 128
1679939380096 0.004667997360229492 129
1679939380273 0.004667997360229492 130
1679939381185 0.004667997360229492 131
1679939381327 0.004667997360229492 132
1679939382245 0.004667997360229492 133
1679939382395 0.004667997360229492 134
1679939383201 0.004667997360229492 135
1679939383366 0.004667997360229492 136
1679939384301 0.004667997360229492 137
1679939384449 0.004667997360229492 138
1679939385331 0.004667997360229492 139
1679939385504 0.004667997360229492 140
1679939386466 0.004667997360229492 141
1679939386615 0.004667997360229492 142
1679939387480 0.004667997360229492 143
1679939387644 0.004667997360229492 144
1679939388638 0.004667997360229492 145
1679939388824 0.004667997360229492 146
1679939389787 0.004667997360229492 147
1679939389937 0.004667997360229492 148
1679939390793 0.004667997360229492 149
1679939390975 0.004667997360229492 150
1679939392097 0.004667997360229492 151
1679939392269 0.004667997360229492 152
1679939393238 0.004667997360229492 153
1679939393382 0.004667997360229492 154
1679939394187 0.004667997360229492 155
1679939394348 0.004667997360229492 156
1679939395307 0.004667997360229492 157
1679939395452 0.004667997360229492 158
1679939396349 0.004667997360229492 159
1679939396521 0.004667997360229492 160
1679939397439 0.004667997360229492 161
1679939397584 0.004667997360229492 162
1679939398448 0.004667997360229492 163
1679939398595 0.004667997360229492 164
1679939399391 0.004667997360229492 165
1679939399542 0.004667997360229492 166
1679939400559 0.004667997360229492 167
1679939400715 0.004667997360229492 168
1679939401590 0.004667997360229492 169
1679939401776 0.004667997360229492 170
1679939402742 0.004667997360229492 171
1679939402889 0.004667997360229492 172
1679939403750 0.004667997360229492 173
1679939403903 0.004667997360229492 174
1679939404716 0.004667997360229492 175
1679939404890 0.004667997360229492 176
1679939405825 0.004667997360229492 177
1679939405994 0.004667997360229492 178
1679939406848 0.004667997360229492 179
1679939407026 0.004667997360229492 180
1679939407943 0.004667997360229492 181
1679939408096 0.004667997360229492 182
1679939408964 0.004667997360229492 183
1679939409121 0.004667997360229492 184
1679939410061 0.004667997360229492 185
1679939410243 0.004667997360229492 186
1679939411190 0.004667997360229492 187
1679939411345 0.004667997360229492 188
1679939412196 0.004667997360229492 189
1679939412375 0.004667997360229492 190
1679939413321 0.004667997360229492 191
1679939413473 0.004667997360229492 192
1679939414325 0.004667997360229492 193
1679939414473 0.004667997360229492 194
1679939415268 0.004667997360229492 195
1679939415424 0.004667997360229492 196
1679939416442 0.004667997360229492 197
1679939416592 0.004667997360229492 198
1679939417439 0.004667997360229492 199
1679939417615 0.004667997360229492 200
1679939418522 0.004667997360229492 201
1679939418667 0.004667997360229492 202
1679939419492 0.004667997360229492 203
1679939419633 0.004667997360229492 204
1679939420422 0.004667997360229492 205
1679939420595 0.004667997360229492 206
1679939421487 0.004667997360229492 207
1679939421636 0.004667997360229492 208
1679939422478 0.004667997360229492 209
1679939422640 0.004667997360229492 210
1679939423605 0.004667997360229492 211
1679939423751 0.004667997360229492 212
1679939424581 0.004667997360229492 213
1679939424724 0.004667997360229492 214
1679939425523 0.004667997360229492 215
1679939425703 0.004667997360229492 216
1679939426602 0.004667997360229492 217
1679939426756 0.004667997360229492 218
1679939427592 0.004667997360229492 219
1679939427768 0.004667997360229492 220
1679939428697 0.004667997360229492 221
1679939428848 0.004667997360229492 222
1679939429785 0.004667997360229492 223
1679939429936 0.004667997360229492 224
1679939430755 0.004667997360229492 225
1679939430923 0.004667997360229492 226
1679939431847 0.004667997360229492 227
1679939431989 0.004667997360229492 228
1679939432823 0.004667997360229492 229
1679939432977 0.004667997360229492 230
1679939433883 0.004667997360229492 231
1679939434035 0.004667997360229492 232
1679939434893 0.004667997360229492 233
1679939435041 0.004667997360229492 234
1679939435828 0.004667997360229492 235
1679939435989 0.004667997360229492 236
1679939436992 0.004667997360229492 237
1679939437150 0.004667997360229492 238
1679939437991 0.004667997360229492 239
1679939438179 0.004667997360229492 240
1679939439076 0.004667997360229492 241
1679939439226 0.004667997360229492 242
1679939440069 0.004667997360229492 243
1679939440226 0.004667997360229492 244
1679939441039 0.004667997360229492 245
1679939441208 0.004667997360229492 246
1679939442150 0.004667997360229492 247
1679939442295 0.004667997360229492 248
1679939443225 0.004667997360229492 249
1679939443406 0.004667997360229492 250
1679939444309 0.004667997360229492 251
1679939444464 0.004667997360229492 252
1679939445330 0.004667997360229492 253
1679939445475 0.004667997360229492 254
1679939446272 0.004667997360229492 255
1679939446447 0.004667997360229492 256
1679939447370 0.004667997360229492 257
1679939447526 0.004667997360229492 258
1679939448368 0.004667997360229492 259
1679939448548 0.004667997360229492 260
1679939449459 0.004667997360229492 261
1679939449605 0.004667997360229492 262
1679939450542 0.004667997360229492 263
1679939450690 0.004667997360229492 264
1679939451489 0.004667997360229492 265
1679939451659 0.004667997360229492 266
1679939452589 0.004667997360229492 267
1679939452746 0.004667997360229492 268
1679939453588 0.004667997360229492 269
1679939453768 0.004667997360229492 270
1679939454671 0.004667997360229492 271
1679939454819 0.004667997360229492 272
1679939455665 0.004667997360229492 273
1679939455815 0.004667997360229492 274
1679939456704 0.004667997360229492 275
1679939456871 0.004667997360229492 276
1679939457774 0.004667997360229492 277
1679939457919 0.004667997360229492 278
1679939458776 0.004667997360229492 279
1679939458955 0.004667997360229492 280
1679939459871 0.004667997360229492 281
1679939460022 0.004667997360229492 282
1679939460843 0.004667997360229492 283
1679939461001 0.004667997360229492 284
1679939461817 0.004667997360229492 285
1679939461986 0.004667997360229492 286
1679939462888 0.004667997360229492 287
1679939463036 0.004667997360229492 288
1679939463992 0.004667997360229492 289
1679939464182 0.004667997360229492 290
1679939465163 0.004667997360229492 291
1679939465318 0.004667997360229492 292
1679939466296 0.004667997360229492 293
1679939466453 0.004667997360229492 294
1679939467371 0.004667997360229492 295
1679939467552 0.004667997360229492 296
1679939468490 0.004667997360229492 297
1679939468636 0.004667997360229492 298
1679939469490 0.004667997360229492 299
1679939469673 0.004667997360229492 300
1679939469793 0.004667997360229492 301
