1679854452422 0.004003047943115234 1
1679854452596 0.004003047943115234 2
1679854453734 0.004003047943115234 3
1679854453914 0.004003047943115234 4
1679854455139 0.004003047943115234 5
1679854455314 0.004003047943115234 6
1679854456526 0.004003047943115234 7
1679854456691 0.004003047943115234 8
1679854457852 0.004003047943115234 9
1679854458057 0.004003047943115234 10
1679854459195 0.004003047943115234 11
1679854459369 0.004003047943115234 12
1679854460572 0.004003047943115234 13
1679854460745 0.004003047943115234 14
1679854461848 0.004003047943115234 15
1679854462014 0.004003047943115234 16
1679854463175 0.004003047943115234 17
1679854463357 0.004003047943115234 18
1679854464478 0.004003047943115234 19
1679854464654 0.004003047943115234 20
1679854465839 0.004003047943115234 21
1679854466016 0.004003047943115234 22
1679854467197 0.004003047943115234 23
1679854467357 0.004003047943115234 24
1679854468440 0.004003047943115234 25
1679854468618 0.004003047943115234 26
1679854469698 0.004003047943115234 27
1679854469865 0.004003047943115234 28
1679854471010 0.004003047943115234 29
1679854471183 0.004003047943115234 30
1679854472334 0.004003047943115234 31
1679854472503 0.004003047943115234 32
1679854473668 0.004003047943115234 33
1679854473845 0.004003047943115234 34
1679854474981 0.004003047943115234 35
1679854475155 0.004003047943115234 36
1679854476271 0.004003047943115234 37
1679854476443 0.004003047943115234 38
1679854477607 0.004003047943115234 39
1679854477775 0.004003047943115234 40
1679854478989 0.004003047943115234 41
1679854479167 0.004003047943115234 42
1679854480365 0.004003047943115234 43
1679854480538 0.004003047943115234 44
1679854481700 0.004003047943115234 45
1679854481873 0.004003047943115234 46
1679854483039 0.004003047943115234 47
1679854483213 0.004003047943115234 48
1679854484340 0.004003047943115234 49
1679854484521 0.004003047943115234 50
1679854485661 0.004003047943115234 51
1679854485826 0.004003047943115234 52
1679854486977 0.004003047943115234 53
1679854487152 0.004003047943115234 54
1679854488234 0.004003047943115234 55
1679854488396 0.004003047943115234 56
1679854489552 0.004003047943115234 57
1679854489736 0.004003047943115234 58
1679854490821 0.004003047943115234 59
1679854490988 0.004003047943115234 60
1679854492146 0.004003047943115234 61
1679854492323 0.004003047943115234 62
1679854493449 0.004003047943115234 63
1679854493633 0.004003047943115234 64
1679854494830 0.004003047943115234 65
1679854495037 0.004003047943115234 66
1679854496180 0.004003047943115234 67
1679854496353 0.004003047943115234 68
1679854497487 0.004003047943115234 69
1679854497665 0.004003047943115234 70
1679854498812 0.004003047943115234 71
1679854498980 0.004003047943115234 72
1679854500243 0.004003047943115234 73
1679854500419 0.004003047943115234 74
1679854501550 0.004003047943115234 75
1679854501723 0.004003047943115234 76
1679854502823 0.004003047943115234 77
1679854503015 0.004003047943115234 78
1679854504140 0.004003047943115234 79
1679854504309 0.004003047943115234 80
1679854505465 0.004003047943115234 81
1679854505651 0.004003047943115234 82
1679854506785 0.004003047943115234 83
1679854506954 0.004003047943115234 84
1679854508018 0.004003047943115234 85
1679854508202 0.004003047943115234 86
1679854509272 0.004003047943115234 87
1679854509437 0.004003047943115234 88
1679854510578 0.004003047943115234 89
1679854510754 0.004003047943115234 90
1679854512016 0.004003047943115234 91
1679854512195 0.004003047943115234 92
1679854513326 0.004003047943115234 93
1679854513514 0.004003047943115234 94
1679854514635 0.004003047943115234 95
1679854514816 0.004003047943115234 96
1679854516013 0.004003047943115234 97
1679854516201 0.004003047943115234 98
1679854517349 0.004003047943115234 99
1679854517533 0.004003047943115234 100
1679854518681 0.004003047943115234 101
1679854518867 0.004003047943115234 102
1679854520067 0.004003047943115234 103
1679854520251 0.004003047943115234 104
1679854521467 0.004003047943115234 105
1679854521648 0.004003047943115234 106
1679854522914 0.004003047943115234 107
1679854523086 0.004003047943115234 108
1679854524252 0.004003047943115234 109
1679854524454 0.004003047943115234 110
1679854525680 0.004003047943115234 111
1679854525855 0.004003047943115234 112
1679854527005 0.004003047943115234 113
1679854527177 0.004003047943115234 114
1679854528322 0.004003047943115234 115
1679854528493 0.004003047943115234 116
1679854529542 0.004003047943115234 117
1679854529734 0.004003047943115234 118
1679854530831 0.004003047943115234 119
1679854531003 0.004003047943115234 120
1679854532132 0.004003047943115234 121
1679854532309 0.004003047943115234 122
1679854533562 0.004003047943115234 123
1679854533743 0.004003047943115234 124
1679854534896 0.004003047943115234 125
1679854535109 0.004003047943115234 126
1679854536343 0.004003047943115234 127
1679854536496 0.004003047943115234 128
1679854537548 0.004003047943115234 129
1679854537707 0.004003047943115234 130
1679854538710 0.004003047943115234 131
1679854538863 0.004003047943115234 132
1679854539900 0.004003047943115234 133
1679854540074 0.004003047943115234 134
1679854541118 0.004003047943115234 135
1679854541276 0.004003047943115234 136
1679854542264 0.004003047943115234 137
1679854542418 0.004003047943115234 138
1679854543439 0.004003047943115234 139
1679854543667 0.004003047943115234 140
1679854544646 0.004003047943115234 141
1679854544813 0.004003047943115234 142
1679854545823 0.004003047943115234 143
1679854545991 0.004003047943115234 144
1679854547123 0.004003047943115234 145
1679854547277 0.004003047943115234 146
1679854548268 0.004003047943115234 147
1679854548414 0.004003047943115234 148
1679854549421 0.004003047943115234 149
1679854549595 0.004003047943115234 150
1679854550635 0.004003047943115234 151
1679854550793 0.004003047943115234 152
1679854551856 0.004003047943115234 153
1679854552013 0.004003047943115234 154
1679854553009 0.004003047943115234 155
1679854553159 0.004003047943115234 156
1679854554185 0.004003047943115234 157
1679854554334 0.004003047943115234 158
1679854555300 0.004003047943115234 159
1679854555479 0.004003047943115234 160
1679854556450 0.004003047943115234 161
1679854556601 0.004003047943115234 162
1679854557563 0.004003047943115234 163
1679854557740 0.004003047943115234 164
1679854558689 0.004003047943115234 165
1679854558844 0.004003047943115234 166
1679854559793 0.004003047943115234 167
1679854559951 0.004003047943115234 168
1679854560992 0.004003047943115234 169
1679854561147 0.004003047943115234 170
1679854562146 0.004003047943115234 171
1679854562301 0.004003047943115234 172
1679854563345 0.004003047943115234 173
1679854563509 0.004003047943115234 174
1679854564497 0.004003047943115234 175
1679854564650 0.004003047943115234 176
1679854565696 0.004003047943115234 177
1679854565850 0.004003047943115234 178
1679854566809 0.004003047943115234 179
1679854566978 0.004003047943115234 180
1679854567955 0.004003047943115234 181
1679854568108 0.004003047943115234 182
1679854569072 0.004003047943115234 183
1679854569229 0.004003047943115234 184
1679854570214 0.004003047943115234 185
1679854570375 0.004003047943115234 186
1679854571362 0.004003047943115234 187
1679854571519 0.004003047943115234 188
1679854572509 0.004003047943115234 189
1679854572751 0.004003047943115234 190
1679854573742 0.004003047943115234 191
1679854573899 0.004003047943115234 192
1679854574897 0.004003047943115234 193
1679854575075 0.004003047943115234 194
1679854576145 0.004003047943115234 195
1679854576302 0.004003047943115234 196
1679854577268 0.004003047943115234 197
1679854577429 0.004003047943115234 198
1679854578415 0.004003047943115234 199
1679854578572 0.004003047943115234 200
1679854579535 0.004003047943115234 201
1679854579697 0.004003047943115234 202
1679854580702 0.004003047943115234 203
1679854580866 0.004003047943115234 204
1679854581830 0.004003047943115234 205
1679854581996 0.004003047943115234 206
1679854583032 0.004003047943115234 207
1679854583190 0.004003047943115234 208
1679854584161 0.004003047943115234 209
1679854584335 0.004003047943115234 210
1679854585354 0.004003047943115234 211
1679854585512 0.004003047943115234 212
1679854586503 0.004003047943115234 213
1679854586670 0.004003047943115234 214
1679854587660 0.004003047943115234 215
1679854587815 0.004003047943115234 216
1679854588835 0.004003047943115234 217
1679854588989 0.004003047943115234 218
1679854589970 0.004003047943115234 219
1679854590135 0.004003047943115234 220
1679854591160 0.004003047943115234 221
1679854591315 0.004003047943115234 222
1679854592408 0.004003047943115234 223
1679854592566 0.004003047943115234 224
1679854593543 0.004003047943115234 225
1679854593705 0.004003047943115234 226
1679854594697 0.004003047943115234 227
1679854594858 0.004003047943115234 228
1679854595841 0.004003047943115234 229
1679854596005 0.004003047943115234 230
1679854596986 0.004003047943115234 231
1679854597143 0.004003047943115234 232
1679854598133 0.004003047943115234 233
1679854598293 0.004003047943115234 234
1679854599311 0.004003047943115234 235
1679854599476 0.004003047943115234 236
1679854600512 0.004003047943115234 237
1679854600671 0.004003047943115234 238
1679854601653 0.004003047943115234 239
1679854601888 0.004003047943115234 240
1679854602890 0.004003047943115234 241
1679854603046 0.004003047943115234 242
1679854603995 0.004003047943115234 243
1679854604178 0.004003047943115234 244
1679854605129 0.004003047943115234 245
1679854605285 0.004003047943115234 246
1679854606234 0.004003047943115234 247
1679854606390 0.004003047943115234 248
1679854607352 0.004003047943115234 249
1679854607515 0.004003047943115234 250
1679854608474 0.004003047943115234 251
1679854608629 0.004003047943115234 252
1679854609665 0.004003047943115234 253
1679854609830 0.004003047943115234 254
1679854610862 0.004003047943115234 255
1679854611019 0.004003047943115234 256
1679854612071 0.004003047943115234 257
1679854612231 0.004003047943115234 258
1679854613213 0.004003047943115234 259
1679854613393 0.004003047943115234 260
1679854614381 0.004003047943115234 261
1679854614539 0.004003047943115234 262
1679854615509 0.004003047943115234 263
1679854615688 0.004003047943115234 264
1679854616679 0.004003047943115234 265
1679854616835 0.004003047943115234 266
1679854617809 0.004003047943115234 267
1679854617961 0.004003047943115234 268
1679854618923 0.004003047943115234 269
1679854619100 0.004003047943115234 270
1679854620052 0.004003047943115234 271
1679854620204 0.004003047943115234 272
1679854621247 0.004003047943115234 273
1679854621411 0.004003047943115234 274
1679854622377 0.004003047943115234 275
1679854622531 0.004003047943115234 276
1679854623508 0.004003047943115234 277
1679854623670 0.004003047943115234 278
1679854624653 0.004003047943115234 279
1679854624830 0.004003047943115234 280
1679854625792 0.004003047943115234 281
1679854625948 0.004003047943115234 282
1679854626907 0.004003047943115234 283
1679854627068 0.004003047943115234 284
1679854628026 0.004003047943115234 285
1679854628194 0.004003047943115234 286
1679854629196 0.004003047943115234 287
1679854629355 0.004003047943115234 288
1679854630346 0.004003047943115234 289
1679854630601 0.004003047943115234 290
1679854631558 0.004003047943115234 291
1679854631715 0.004003047943115234 292
1679854632688 0.004003047943115234 293
1679854632855 0.004003047943115234 294
1679854633861 0.004003047943115234 295
1679854634021 0.004003047943115234 296
1679854634959 0.004003047943115234 297
1679854635115 0.004003047943115234 298
1679854636105 0.004003047943115234 299
1679854636271 0.004003047943115234 300
1679854636382 0.004003047943115234 301
