1679919782513 0.0 1
1679919782732 0.0 2
1679919785267 0.0 3
1679919785475 0.0 4
1679919788190 0.0 5
1679919788428 0.0 6
1679919790994 0.0 7
1679919791234 0.0 8
1679919793846 0.0 9
1679919794092 0.0 10
1679919796747 0.0 11
1679919796945 0.0 12
1679919799435 0.0 13
1679919799680 0.0 14
1679919802214 0.0 15
1679919802420 0.0 16
1679919804998 0.0 17
1679919805230 0.0 18
1679919807981 0.0 19
1679919808230 0.0 20
1679919810936 0.0 21
1679919811195 0.0 22
1679919813645 0.0 23
1679919813993 0.0 24
1679919816396 0.0 25
1679919816677 0.0 26
1679919819315 0.0 27
1679919819538 0.0 28
1679919822086 0.0 29
1679919822362 0.0 30
1679919824913 0.0 31
1679919825116 0.0 32
1679919827721 0.0 33
1679919827960 0.0 34
1679919830479 0.0 35
1679919830694 0.0 36
1679919833332 0.0 37
1679919833640 0.0 38
1679919836058 0.0 39
1679919836288 0.0 40
1679919838811 0.0 41
1679919839057 0.0 42
1679919841585 0.0 43
1679919841800 0.0 44
1679919844323 0.0 45
1679919844557 0.0 46
1679919847017 0.0 47
1679919847218 0.0 48
1679919849674 0.0 49
1679919849888 0.0 50
1679919852384 0.0 51
1679919852593 0.0 52
1679919855098 0.0 53
1679919855349 0.0 54
1679919857881 0.0 55
1679919858091 0.0 56
1679919860452 0.0 57
1679919860686 0.0 58
1679919863152 0.0 59
1679919863372 0.0 60
1679919866053 0.0 61
1679919866350 0.0 62
1679919868891 0.0 63
1679919869135 0.0 64
1679919871686 0.0 65
1679919871917 0.0 66
1679919874833 0.0 67
1679919875076 0.0 68
1679919877763 0.0 69
1679919878013 0.0 70
1679919880673 0.0 71
1679919880886 0.0 72
1679919883477 0.0 73
1679919883728 0.0 74
1679919886396 0.0 75
1679919886627 0.0 76
1679919889525 0.0 77
1679919889789 0.0 78
1679919892648 0.0 79
1679919892875 0.0 80
1679919895600 0.0 81
1679919895840 0.0 82
1679919898748 0.0 83
1679919898961 0.0 84
1679919901833 0.0 85
1679919902083 0.0 86
1679919904914 0.0 87
1679919905154 0.0 88
1679919907818 0.0 89
1679919908047 0.0 90
1679919910757 0.0 91
1679919911006 0.0 92
1679919913565 0.0 93
1679919913841 0.0 94
1679919916667 0.0 95
1679919916887 0.0 96
1679919919503 0.0 97
1679919919724 0.0 98
1679919922481 0.0 99
1679919922688 0.0 100
1679919925282 0.0 101
1679919925522 0.0 102
1679919928276 0.0 103
1679919928524 0.0 104
1679919931268 0.0 105
1679919931515 0.0 106
1679919934138 0.0 107
1679919934350 0.0 108
1679919936805 0.0 109
1679919937045 0.0 110
1679919939934 0.0 111
1679919940161 0.0 112
1679919942804 0.0 113
1679919943051 0.0 114
1679919945686 0.0 115
1679919945933 0.0 116
1679919948480 0.0 117
1679919948730 0.0 118
1679919951356 0.0 119
1679919951593 0.0 120
1679919954469 0.0 121
1679919954760 0.0 122
1679919957489 0.0 123
1679919957713 0.0 124
1679919960302 0.0 125
1679919960555 0.0 126
1679919963128 0.0 127
1679919963355 0.0 128
1679919965937 0.0 129
1679919966226 0.0 130
1679919968754 0.0 131
1679919968977 0.0 132
1679919971435 0.0 133
1679919971679 0.0 134
1679919974268 0.0 135
1679919974489 0.0 136
1679919977048 0.0 137
1679919977297 0.0 138
1679919979901 0.0 139
1679919980123 0.0 140
1679919982895 0.0 141
1679919983165 0.0 142
1679919985976 0.0 143
1679919986228 0.0 144
1679919988809 0.0 145
1679919989073 0.0 146
1679919991762 0.0 147
1679919991985 0.0 148
1679919994615 0.0 149
1679919994867 0.0 150
1679919997430 0.0 151
1679919997651 0.0 152
1679920000219 0.0 153
1679920000483 0.0 154
1679920003308 0.0 155
1679920003586 0.0 156
1679920006229 0.0 157
1679920006479 0.0 158
1679920009340 0.0 159
1679920009566 0.0 160
1679920012034 0.0 161
1679920012294 0.0 162
1679920014754 0.0 163
1679920014965 0.0 164
1679920017444 0.0 165
1679920017667 0.0 166
1679920020084 0.0 167
1679920020306 0.0 168
1679920022653 0.0 169
1679920022878 0.0 170
1679920025450 0.0 171
1679920025666 0.0 172
1679920028465 0.0 173
1679920028752 0.0 174
1679920031257 0.0 175
1679920031523 0.0 176
1679920034190 0.0 177
1679920034418 0.0 178
1679920037033 0.0 179
1679920037252 0.0 180
1679920039690 0.0 181
1679920039915 0.0 182
1679920042451 0.0 183
1679920042656 0.0 184
1679920045035 0.0 185
1679920045269 0.0 186
1679920047628 0.0 187
1679920047844 0.0 188
1679920050199 0.0 189
1679920050438 0.0 190
1679920052871 0.0 191
1679920053078 0.0 192
1679920055451 0.0 193
1679920055675 0.0 194
1679920058015 0.0 195
1679920058230 0.0 196
1679920060614 0.0 197
1679920060853 0.0 198
1679920063211 0.0 199
1679920063449 0.0 200
1679920063614 0.0 201
