1679919782491 21.37003469467163 1
1679919782718 0.20777606964111328 2
1679919785253 2.5362865924835205 3
1679919785458 0.20949912071228027 4
1679919788176 2.715385913848877 5
1679919788408 0.22705888748168945 6
1679919790977 2.56878662109375 7
1679919791220 0.2484283447265625 8
1679919793832 2.6084883213043213 9
1679919794077 0.24243474006652832 10
1679919796733 2.6627817153930664 11
1679919796932 0.19506549835205078 12
1679919799419 2.4910247325897217 13
1679919799659 0.23486971855163574 14
1679919802200 2.5475823879241943 15
1679919802406 0.19996929168701172 16
1679919804983 2.5827200412750244 17
1679919805213 0.2199099063873291 18
1679919807964 2.7849314212799072 19
1679919808213 0.2129061222076416 20
1679919810912 2.7029316425323486 21
1679919811178 0.26712465286254883 22
1679919813632 2.4589719772338867 23
1679919813979 0.21624088287353516 24
1679919816381 2.530061721801758 25
1679919816662 0.2776963710784912 26
1679919819299 2.670921564102173 27
1679919819525 0.19399285316467285 28
1679919822057 2.563549280166626 29
1679919822346 0.2484145164489746 30
1679919824898 2.5643036365509033 31
1679919825101 0.20083928108215332 32
1679919827702 2.600045919418335 33
1679919827944 0.2395343780517578 34
1679919830466 2.5204339027404785 35
1679919830679 0.21791458129882812 36
1679919833316 2.636988401412964 37
1679919833620 0.2929837703704834 38
1679919836045 2.4368388652801514 39
1679919836273 0.22414708137512207 40
1679919838796 2.5577712059020996 41
1679919839041 0.20981740951538086 42
1679919841564 2.5223889350891113 43
1679919841786 0.22751379013061523 44
1679919844309 2.525566816329956 45
1679919844539 0.22442221641540527 46
1679919847003 2.470287561416626 47
1679919847205 0.19899392127990723 48
1679919849659 2.4507007598876953 49
1679919849873 0.21361827850341797 50
1679919852369 2.530019998550415 51
1679919852579 0.17885279655456543 52
1679919855085 2.50793719291687 53
1679919855335 0.23954319953918457 54
1679919857866 2.5407776832580566 55
1679919858076 0.20072317123413086 56
1679919860437 2.369001626968384 57
1679919860667 0.2281358242034912 58
1679919863137 2.4638755321502686 59
1679919863355 0.22127938270568848 60
1679919866039 2.6827752590179443 61
1679919866329 0.27361392974853516 62
1679919868875 2.6001477241516113 63
1679919869119 0.2038121223449707 64
1679919871669 2.5433385372161865 65
1679919871901 0.23892736434936523 66
1679919874818 2.9126596450805664 67
1679919875056 0.23038816452026367 68
1679919877744 2.6959431171417236 69
1679919877998 0.2550015449523926 70
1679919880659 2.672250986099243 71
1679919880873 0.2068028450012207 72
1679919883463 2.6260972023010254 73
1679919883705 0.20695829391479492 74
1679919886381 2.6778531074523926 75
1679919886613 0.2299351692199707 76
1679919889509 2.899219274520874 77
1679919889769 0.25505757331848145 78
1679919892634 2.868215322494507 79
1679919892859 0.22227835655212402 80
1679919895585 2.7356178760528564 81
1679919895825 0.23308181762695312 82
1679919898734 2.941894292831421 83
1679919898946 0.17958545684814453 84
1679919901819 2.87615704536438 85
1679919902064 0.2387681007385254 86
1679919904900 2.831397533416748 87
1679919905140 0.24399662017822266 88
1679919907804 2.6650443077087402 89
1679919908031 0.22672033309936523 90
1679919910743 2.711609363555908 91
1679919910991 0.2509489059448242 92
1679919913550 2.5615015029907227 93
1679919913823 0.26021647453308105 94
1679919916652 2.8308300971984863 95
1679919916872 0.22480511665344238 96
1679919919488 2.6232264041900635 97
1679919919709 0.21413612365722656 98
1679919922467 2.794786214828491 99
1679919922672 0.1705796718597412 100
1679919925266 2.6293954849243164 101
1679919925506 0.20304560661315918 102
1679919928255 2.7850143909454346 103
1679919928506 0.21707415580749512 104
1679919931254 2.750499725341797 105
1679919931499 0.23630809783935547 106
1679919934124 2.635080575942993 107
1679919934335 0.20972132682800293 108
1679919936790 2.4552125930786133 109
1679919937029 0.23299098014831543 110
1679919939918 2.8940348625183105 111
1679919940146 0.2248973846435547 112
1679919942789 2.6772549152374268 113
1679919943035 0.20510530471801758 114
1679919945669 2.6337339878082275 115
1679919945918 0.24696111679077148 116
1679919948466 2.5571937561035156 117
1679919948714 0.24096465110778809 118
1679919951341 2.623152017593384 119
1679919951578 0.2427215576171875 120
1679919954454 2.875154733657837 121
1679919954738 0.28229308128356934 122
1679919957474 2.779789447784424 123
1679919957698 0.18794918060302734 124
1679919960288 2.5899739265441895 125
1679919960538 0.2467043399810791 126
1679919963114 2.5772316455841064 127
1679919963339 0.22310805320739746 128
1679919965923 2.585836410522461 129
1679919966208 0.28461432456970215 130
1679919968738 2.5354373455047607 131
1679919968962 0.22121810913085938 132
1679919971418 2.458873987197876 133
1679919971663 0.2347884178161621 134
1679919974253 2.6320583820343018 135
1679919974475 0.18469762802124023 136
1679919977033 2.5638363361358643 137
1679919977282 0.23756742477416992 138
1679919979887 2.6158742904663086 139
1679919980108 0.21704363822937012 140
1679919982879 2.764927864074707 141
1679919983148 0.2648885250091553 142
1679919985960 2.8170342445373535 143
1679919986212 0.2570657730102539 144
1679919988795 2.6180450916290283 145
1679919989057 0.22711849212646484 146
1679919991748 2.688732624053955 147
1679919991971 0.22422289848327637 148
1679919994600 2.632606029510498 149
1679919994851 0.22743868827819824 150
1679919997415 2.584721088409424 151
1679919997637 0.21900486946105957 152
1679920000205 2.575593948364258 153
1679920000465 0.2554609775543213 154
1679920003289 2.857172966003418 155
1679920003568 0.23991608619689941 156
1679920006214 2.650020122528076 157
1679920006464 0.24193811416625977 158
1679920009322 2.8659720420837402 159
1679920009551 0.22909259796142578 160
1679920012019 2.469930410385132 161
1679920012279 0.23027729988098145 162
1679920014741 2.493844985961914 163
1679920014951 0.21172046661376953 164
1679920017429 2.4786691665649414 165
1679920017654 0.22165751457214355 166
1679920020068 2.4133734703063965 167
1679920020291 0.21944952011108398 168
1679920022638 2.3510329723358154 169
1679920022864 0.2124314308166504 170
1679920025436 2.585404634475708 171
1679920025653 0.21826910972595215 172
1679920028452 2.79195237159729 173
1679920028733 0.28295040130615234 174
1679920031243 2.514791488647461 175
1679920031508 0.25632429122924805 176
1679920034176 2.6771016120910645 177
1679920034401 0.2200298309326172 178
1679920037018 2.6176583766937256 179
1679920037236 0.2229616641998291 180
1679920039675 2.4369311332702637 181
1679920039898 0.22224664688110352 182
1679920042438 2.54264760017395 183
1679920042642 0.20507407188415527 184
1679920045022 2.3790173530578613 185
1679920045252 0.22207069396972656 186
1679920047615 2.3689005374908447 187
1679920047830 0.21520042419433594 188
1679920050184 2.351623773574829 189
1679920050424 0.22551774978637695 190
1679920052858 2.4522223472595215 191
1679920053064 0.20262622833251953 192
1679920055436 2.3758957386016846 193
1679920055662 0.22224974632263184 194
1679920058001 2.34138560295105 195
1679920058215 0.2124783992767334 196
1679920060600 2.3843467235565186 197
1679920060838 0.23298406600952148 198
1679920063196 2.3627007007598877 199
1679920063436 0.2375936508178711 200
1679920063599 0.15324950218200684 201
