1679919782489 58.49630181738356 1
1679919785251 39.87936066810223 3
1679919788173 10.076466054324495 5
1679919790974 5.608836867488644 7
1679919793830 4.037812860348142 9
1679919796731 3.111830124991639 11
1679919799416 2.562911729192049 13
1679919802198 2.40642815639647 15
1679919804981 2.0033926894386695 17
1679919807961 2.1181411761478417 19
1679919810909 1.634514699313536 21
1679919813630 1.8094195517327305 23
1679919816377 1.8485258806228884 25
1679919819297 1.2939772558537808 27
1679919822055 1.3030060460331425 29
1679919824896 1.4910199072678507 31
1679919827699 1.2963538801667553 33
1679919830456 1.4512054123924816 35
1679919833314 0.9144426652122445 37
1679919836043 0.8733447369791166 39
1679919838794 0.7738041230913694 41
1679919841560 0.8815425801433481 43
1679919844307 0.8330332070061697 45
1679919847001 0.9134628699149009 47
1679919849657 0.9705636659144873 49
1679919852367 0.7812268013548291 51
1679919855083 0.8119547626452421 53
1679919857865 0.6712653954553357 55
1679919860435 0.6659755277299736 57
1679919863135 0.6850169812821181 59
1679919866037 0.6339134413190357 61
1679919868874 0.667103680847613 63
1679919871666 0.7393336345386727 65
1679919874815 0.7040869868605256 67
1679919877741 0.5709629295754903 69
1679919880657 0.5200995493380748 71
1679919883460 0.5930516562307663 73
1679919886379 0.5796023516613731 75
1679919889507 0.5390748026645374 77
1679919892631 0.59810211684363 79
1679919895584 0.5780706816560538 81
1679919898731 0.5657961714821154 83
1679919901817 0.4929343253886061 85
1679919904898 0.5463449268145749 87
1679919907801 0.574738990290393 89
1679919910741 0.5873599331255618 91
1679919913548 0.557806074644331 93
1679919916649 0.4913012475105183 95
1679919919486 0.5055946012778061 97
1679919922465 0.563512351148975 99
1679919925264 0.48956991186366755 101
1679919928252 0.5469519449575856 103
1679919931252 0.553053246126739 105
1679919934122 0.5101388071694559 107
1679919936788 0.5241123880948779 109
1679919939916 0.5092298417868151 111
1679919942786 0.5342208306618454 113
1679919945666 0.5174784805096294 115
1679919948464 0.5198079907262833 117
1679919951339 0.5153390301875473 119
1679919954452 0.497798915892651 121
1679919957472 0.5490810387653321 123
1679919960286 0.5432652244515722 125
1679919963111 0.48402226712865737 127
1679919965921 0.5238927214818788 129
1679919968737 0.4970601247561187 131
1679919971416 0.531654499595326 133
1679919974251 0.49535504177951944 135
1679919977032 0.5098413515685336 137
1679919979885 0.496440574182561 139
1679919982876 0.5211946965629614 141
1679919985958 0.5427428950114113 143
1679919988793 0.5674061972792441 145
1679919991746 0.5467280570626962 147
1679919994598 0.5136738330706405 149
1679919997413 0.47912084226731205 151
1679920000203 0.4881957291595872 153
1679920003287 0.49298942279858254 155
1679920006212 0.5210472299492749 157
1679920009320 0.49051763622936645 159
1679920012017 0.5145082144866894 161
1679920014738 0.49226727919990587 163
1679920017427 0.5008957704789918 165
1679920020065 0.5447373632129328 167
1679920022635 0.5153527685504087 169
1679920025434 0.5111892187821128 171
1679920028449 0.5598474288284827 173
1679920031241 0.48297482606395525 175
1679920034174 0.4725525455996144 177
1679920037016 0.5177274766720339 179
1679920039672 0.5215222955897247 181
1679920042436 0.5116491462078744 183
1679920045019 0.47173094678854627 185
1679920047613 0.5416068826544409 187
1679920050182 0.540052915479205 189
1679920052855 0.4932392283006804 191
1679920055434 0.48981572732203654 193
1679920057999 0.451192158399826 195
1679920060597 0.492015710524817 197
1679920063194 0.5010332565533077 199
