1679919782517 0.0029571056365966797 1
1679919782735 0.0029571056365966797 2
1679919785272 0.0029571056365966797 3
1679919785478 0.0029571056365966797 4
1679919788195 0.0029571056365966797 5
1679919788432 0.0029571056365966797 6
1679919790998 0.0029571056365966797 7
1679919791238 0.0029571056365966797 8
1679919793850 0.0029571056365966797 9
1679919794096 0.0029571056365966797 10
1679919796751 0.0029571056365966797 11
1679919796949 0.0029571056365966797 12
1679919799438 0.0029571056365966797 13
1679919799684 0.0029571056365966797 14
1679919802218 0.0029571056365966797 15
1679919802424 0.0029571056365966797 16
1679919805002 0.0029571056365966797 17
1679919805234 0.0029571056365966797 18
1679919807985 0.0029571056365966797 19
1679919808235 0.0029571056365966797 20
1679919810941 0.0029571056365966797 21
1679919811198 0.0029571056365966797 22
1679919813649 0.0029571056365966797 23
1679919813997 0.0029571056365966797 24
1679919816400 0.0029571056365966797 25
1679919816681 0.0029571056365966797 26
1679919819319 0.0029571056365966797 27
1679919819543 0.0029571056365966797 28
1679919822091 0.0029571056365966797 29
1679919822366 0.0029571056365966797 30
1679919824915 0.0029571056365966797 31
1679919825120 0.0029571056365966797 32
1679919827727 0.0029571056365966797 33
1679919827964 0.0029571056365966797 34
1679919830483 0.0029571056365966797 35
1679919830697 0.0029571056365966797 36
1679919833336 0.0029571056365966797 37
1679919833646 0.0029571056365966797 38
1679919836063 0.0029571056365966797 39
1679919836292 0.0029571056365966797 40
1679919838815 0.0029571056365966797 41
1679919839061 0.0029571056365966797 42
1679919841590 0.0029571056365966797 43
1679919841804 0.0029571056365966797 44
1679919844327 0.0029571056365966797 45
1679919844561 0.0029571056365966797 46
1679919847021 0.0029571056365966797 47
1679919847222 0.0029571056365966797 48
1679919849678 0.0029571056365966797 49
1679919849892 0.0029571056365966797 50
1679919852388 0.0029571056365966797 51
1679919852599 0.0029571056365966797 52
1679919855102 0.0029571056365966797 53
1679919855353 0.0029571056365966797 54
1679919857884 0.0029571056365966797 55
1679919858095 0.0029571056365966797 56
1679919860457 0.0029571056365966797 57
1679919860690 0.0029571056365966797 58
1679919863156 0.0029571056365966797 59
1679919863376 0.0029571056365966797 60
1679919866059 0.0029571056365966797 61
1679919866357 0.0029571056365966797 62
1679919868895 0.0029571056365966797 63
1679919869139 0.0029571056365966797 64
1679919871689 0.0029571056365966797 65
1679919871922 0.0029571056365966797 66
1679919874837 0.0029571056365966797 67
1679919875082 0.0029571056365966797 68
1679919877767 0.0029571056365966797 69
1679919878018 0.0029571056365966797 70
1679919880678 0.0029571056365966797 71
1679919880890 0.0029571056365966797 72
1679919883481 0.0029571056365966797 73
1679919883732 0.0029571056365966797 74
1679919886400 0.0029571056365966797 75
1679919886631 0.0029571056365966797 76
1679919889531 0.0029571056365966797 77
1679919889795 0.0029571056365966797 78
1679919892652 0.0029571056365966797 79
1679919892880 0.0029571056365966797 80
1679919895604 0.0029571056365966797 81
1679919895845 0.0029571056365966797 82
1679919898752 0.0029571056365966797 83
1679919898966 0.0029571056365966797 84
1679919901837 0.0029571056365966797 85
1679919902088 0.0029571056365966797 86
1679919904920 0.0029571056365966797 87
1679919905158 0.0029571056365966797 88
1679919907823 0.0029571056365966797 89
1679919908051 0.0029571056365966797 90
1679919910762 0.0029571056365966797 91
1679919911009 0.0029571056365966797 92
1679919913569 0.0029571056365966797 93
1679919913846 0.0029571056365966797 94
1679919916671 0.0029571056365966797 95
1679919916891 0.0029571056365966797 96
1679919919507 0.0029571056365966797 97
1679919919728 0.0029571056365966797 98
1679919922484 0.0029571056365966797 99
1679919922692 0.0029571056365966797 100
1679919925287 0.0029571056365966797 101
1679919925527 0.0029571056365966797 102
1679919928281 0.0029571056365966797 103
1679919928529 0.0029571056365966797 104
1679919931272 0.0029571056365966797 105
1679919931519 0.0029571056365966797 106
1679919934142 0.0029571056365966797 107
1679919934352 0.0029571056365966797 108
1679919936809 0.0029571056365966797 109
1679919937049 0.0029571056365966797 110
1679919939938 0.0029571056365966797 111
1679919940165 0.0029571056365966797 112
1679919942808 0.0029571056365966797 113
1679919943056 0.0029571056365966797 114
1679919945690 0.0029571056365966797 115
1679919945937 0.0029571056365966797 116
1679919948484 0.0029571056365966797 117
1679919948734 0.0029571056365966797 118
1679919951360 0.0029571056365966797 119
1679919951599 0.0029571056365966797 120
1679919954473 0.0029571056365966797 121
1679919954765 0.0029571056365966797 122
1679919957493 0.0029571056365966797 123
1679919957717 0.0029571056365966797 124
1679919960306 0.0029571056365966797 125
1679919960559 0.0029571056365966797 126
1679919963132 0.0029571056365966797 127
1679919963359 0.0029571056365966797 128
1679919965942 0.0029571056365966797 129
1679919966230 0.0029571056365966797 130
1679919968758 0.0029571056365966797 131
1679919968981 0.0029571056365966797 132
1679919971439 0.0029571056365966797 133
1679919971683 0.0029571056365966797 134
1679919974272 0.0029571056365966797 135
1679919974494 0.0029571056365966797 136
1679919977052 0.0029571056365966797 137
1679919977302 0.0029571056365966797 138
1679919979905 0.0029571056365966797 139
1679919980127 0.0029571056365966797 140
1679919982900 0.0029571056365966797 141
1679919983169 0.0029571056365966797 142
1679919985980 0.0029571056365966797 143
1679919986232 0.0029571056365966797 144
1679919988813 0.0029571056365966797 145
1679919989078 0.0029571056365966797 146
1679919991766 0.0029571056365966797 147
1679919991989 0.0029571056365966797 148
1679919994619 0.0029571056365966797 149
1679919994871 0.0029571056365966797 150
1679919997434 0.0029571056365966797 151
1679919997655 0.0029571056365966797 152
1679920000224 0.0029571056365966797 153
1679920000488 0.0029571056365966797 154
1679920003314 0.0029571056365966797 155
1679920003590 0.0029571056365966797 156
1679920006233 0.0029571056365966797 157
1679920006483 0.0029571056365966797 158
1679920009345 0.0029571056365966797 159
1679920009569 0.0029571056365966797 160
1679920012038 0.0029571056365966797 161
1679920012298 0.0029571056365966797 162
1679920014758 0.0029571056365966797 163
1679920014969 0.0029571056365966797 164
1679920017447 0.0029571056365966797 165
1679920017671 0.0029571056365966797 166
1679920020089 0.0029571056365966797 167
1679920020311 0.0029571056365966797 168
1679920022656 0.0029571056365966797 169
1679920022882 0.0029571056365966797 170
1679920025454 0.0029571056365966797 171
1679920025671 0.0029571056365966797 172
1679920028470 0.0029571056365966797 173
1679920028757 0.0029571056365966797 174
1679920031261 0.0029571056365966797 175
1679920031528 0.0029571056365966797 176
1679920034194 0.0029571056365966797 177
1679920034422 0.0029571056365966797 178
1679920037037 0.0029571056365966797 179
1679920037256 0.0029571056365966797 180
1679920039694 0.0029571056365966797 181
1679920039920 0.0029571056365966797 182
1679920042455 0.0029571056365966797 183
1679920042661 0.0029571056365966797 184
1679920045039 0.0029571056365966797 185
1679920045273 0.0029571056365966797 186
1679920047632 0.0029571056365966797 187
1679920047849 0.0029571056365966797 188
1679920050203 0.0029571056365966797 189
1679920050443 0.0029571056365966797 190
1679920052875 0.0029571056365966797 191
1679920053082 0.0029571056365966797 192
1679920055455 0.0029571056365966797 193
1679920055680 0.0029571056365966797 194
1679920058019 0.0029571056365966797 195
1679920058233 0.0029571056365966797 196
1679920060619 0.0029571056365966797 197
1679920060857 0.0029571056365966797 198
1679920063214 0.0029571056365966797 199
1679920063453 0.0029571056365966797 200
1679920063619 0.0029571056365966797 201
