1680271905500 0.0 1
1680271905635 0.0 2
1680271906817 0.0 3
1680271906944 0.0 4
1680271908094 0.0 5
1680271908319 0.0 6
1680271909414 0.0 7
1680271909557 0.0 8
1680271910725 0.0 9
1680271910867 0.0 10
1680271912081 0.0 11
1680271912213 0.0 12
1680271913290 0.0 13
1680271913427 0.0 14
1680271914544 0.0 15
1680271914683 0.0 16
1680271915815 0.0 17
1680271915981 0.0 18
1680271917240 0.0 19
1680271917379 0.0 20
1680271918508 0.0 21
1680271918650 0.0 22
1680271919844 0.0 23
1680271919995 0.0 24
1680271921224 0.0 25
1680271921367 0.0 26
1680271922570 0.0 27
1680271922724 0.0 28
1680271923884 0.0 29
1680271924038 0.0 30
1680271925239 0.0 31
1680271925378 0.0 32
1680271926657 0.0 33
1680271926814 0.0 34
1680271927997 0.0 35
1680271928133 0.0 36
1680271929253 0.0 37
1680271929401 0.0 38
1680271930593 0.0 39
1680271930733 0.0 40
1680271931929 0.0 41
1680271932098 0.0 42
1680271933258 0.0 43
1680271933401 0.0 44
1680271934685 0.0 45
1680271934834 0.0 46
1680271936104 0.0 47
1680271936245 0.0 48
1680271937364 0.0 49
1680271937501 0.0 50
1680271938682 0.0 51
1680271938816 0.0 52
1680271939885 0.0 53
1680271940025 0.0 54
1680271941162 0.0 55
1680271941300 0.0 56
1680271942449 0.0 57
1680271942585 0.0 58
1680271943768 0.0 59
1680271943907 0.0 60
1680271945086 0.0 61
1680271945230 0.0 62
1680271946371 0.0 63
1680271946511 0.0 64
1680271947682 0.0 65
1680271947836 0.0 66
1680271948974 0.0 67
1680271949110 0.0 68
1680271950280 0.0 69
1680271950414 0.0 70
1680271951591 0.0 71
1680271951724 0.0 72
1680271952896 0.0 73
1680271953135 0.0 74
1680271954266 0.0 75
1680271954406 0.0 76
1680271955577 0.0 77
1680271955730 0.0 78
1680271956889 0.0 79
1680271957038 0.0 80
1680271958206 0.0 81
1680271958363 0.0 82
1680271959607 0.0 83
1680271959782 0.0 84
1680271961000 0.0 85
1680271961150 0.0 86
1680271962470 0.0 87
1680271962619 0.0 88
1680271963806 0.0 89
1680271963952 0.0 90
1680271965160 0.0 91
1680271965322 0.0 92
1680271966580 0.0 93
1680271966720 0.0 94
1680271967842 0.0 95
1680271967979 0.0 96
1680271969120 0.0 97
1680271969269 0.0 98
1680271970421 0.0 99
1680271970565 0.0 100
1680271971814 0.0 101
1680271971958 0.0 102
1680271973130 0.0 103
1680271973270 0.0 104
1680271974419 0.0 105
1680271974569 0.0 106
1680271975687 0.0 107
1680271975832 0.0 108
1680271977038 0.0 109
1680271977188 0.0 110
1680271978393 0.0 111
1680271978540 0.0 112
1680271979736 0.0 113
1680271979902 0.0 114
1680271981147 0.0 115
1680271981293 0.0 116
1680271982503 0.0 117
1680271982644 0.0 118
1680271983867 0.0 119
1680271984007 0.0 120
1680271985139 0.0 121
1680271985288 0.0 122
1680271986404 0.0 123
1680271986540 0.0 124
1680271987650 0.0 125
1680271987793 0.0 126
1680271988931 0.0 127
1680271989077 0.0 128
1680271990247 0.0 129
1680271990405 0.0 130
1680271991496 0.0 131
1680271991642 0.0 132
1680271992787 0.0 133
1680271992928 0.0 134
1680271994072 0.0 135
1680271994215 0.0 136
1680271995388 0.0 137
1680271995547 0.0 138
1680271996684 0.0 139
1680271996822 0.0 140
1680271997927 0.0 141
1680271998194 0.0 142
1680271999339 0.0 143
1680271999484 0.0 144
1680272000577 0.0 145
1680272000737 0.0 146
1680272001872 0.0 147
1680272002028 0.0 148
1680272003237 0.0 149
1680272003393 0.0 150
1680272004512 0.0 151
1680272004661 0.0 152
1680272005811 0.0 153
1680272005956 0.0 154
1680272007199 0.0 155
1680272007352 0.0 156
1680272008648 0.0 157
1680272008831 0.0 158
1680272010033 0.0 159
1680272010194 0.0 160
1680272011472 0.0 161
1680272011656 0.0 162
1680272012964 0.0 163
1680272013112 0.0 164
1680272014352 0.0 165
1680272014502 0.0 166
1680272015861 0.0 167
1680272016017 0.0 168
1680272017350 0.0 169
1680272017503 0.0 170
1680272018747 0.0 171
1680272018889 0.0 172
1680272020097 0.0 173
1680272020252 0.0 174
1680272021420 0.0 175
1680272021568 0.0 176
1680272022777 0.0 177
1680272022959 0.0 178
1680272024131 0.0 179
1680272024287 0.0 180
1680272025522 0.0 181
1680272025690 0.0 182
1680272027067 0.0 183
1680272027214 0.0 184
1680272028389 0.0 185
1680272028543 0.0 186
1680272029674 0.0 187
1680272029818 0.0 188
1680272031091 0.0 189
1680272031239 0.0 190
1680272032444 0.0 191
1680272032601 0.0 192
1680272033786 0.0 193
1680272033935 0.0 194
1680272035097 0.0 195
1680272035246 0.0 196
1680272036471 0.0 197
1680272036631 0.0 198
1680272037780 0.0 199
1680272037928 0.0 200
1680272039071 0.0 201
1680272039229 0.0 202
1680272040423 0.0 203
1680272040576 0.0 204
1680272041721 0.0 205
1680272041876 0.0 206
1680272043061 0.0 207
1680272043207 0.0 208
1680272044424 0.0 209
1680272044705 0.0 210
1680272045981 0.0 211
1680272046126 0.0 212
1680272047363 0.0 213
1680272047518 0.0 214
1680272048718 0.0 215
1680272048874 0.0 216
1680272050057 0.0 217
1680272050210 0.0 218
1680272051378 0.0 219
1680272051529 0.0 220
1680272052756 0.0 221
1680272052935 0.0 222
1680272054248 0.0 223
1680272054397 0.0 224
1680272055587 0.0 225
1680272055747 0.0 226
1680272056966 0.0 227
1680272057117 0.0 228
1680272058384 0.0 229
1680272058540 0.0 230
1680272059794 0.0 231
1680272059970 0.0 232
1680272061310 0.0 233
1680272061516 0.0 234
1680272062851 0.0 235
1680272063006 0.0 236
1680272064506 0.0 237
1680272064708 0.0 238
1680272066048 0.0 239
1680272066197 0.0 240
1680272067505 0.0 241
1680272067671 0.0 242
1680272068899 0.0 243
1680272069044 0.0 244
1680272070257 0.0 245
1680272070422 0.0 246
1680272071722 0.0 247
1680272071882 0.0 248
1680272073038 0.0 249
1680272073194 0.0 250
1680272074438 0.0 251
1680272074585 0.0 252
1680272075750 0.0 253
1680272075933 0.0 254
1680272077100 0.0 255
1680272077251 0.0 256
1680272078439 0.0 257
1680272078606 0.0 258
1680272079789 0.0 259
1680272079956 0.0 260
1680272081168 0.0 261
1680272081318 0.0 262
1680272082507 0.0 263
1680272082674 0.0 264
1680272083951 0.0 265
1680272084105 0.0 266
1680272085383 0.0 267
1680272085559 0.0 268
1680272086865 0.0 269
1680272087039 0.0 270
1680272088251 0.0 271
1680272088405 0.0 272
1680272089589 0.0 273
1680272089769 0.0 274
1680272091000 0.0 275
1680272091150 0.0 276
1680272092326 0.0 277
1680272092575 0.0 278
1680272093825 0.0 279
1680272093969 0.0 280
1680272095219 0.0 281
1680272095373 0.0 282
1680272096584 0.0 283
1680272096740 0.0 284
1680272097965 0.0 285
1680272098119 0.0 286
1680272099358 0.0 287
1680272099599 0.0 288
1680272101192 0.0 289
1680272101389 0.0 290
1680272102751 0.0 291
1680272102919 0.0 292
1680272104112 0.0 293
1680272104266 0.0 294
1680272105449 0.0 295
1680272105598 0.0 296
1680272106803 0.0 297
1680272106969 0.0 298
1680272108132 0.0 299
1680272108286 0.0 300
1680272109493 0.0 301
1680272109645 0.0 302
1680272110927 0.0 303
1680272111092 0.0 304
1680272112431 0.0 305
1680272112630 0.0 306
1680272113856 0.0 307
1680272114004 0.0 308
1680272115283 0.0 309
1680272115445 0.0 310
1680272116683 0.0 311
1680272116835 0.0 312
1680272118007 0.0 313
1680272118191 0.0 314
1680272119539 0.0 315
1680272119709 0.0 316
1680272120911 0.0 317
1680272121065 0.0 318
1680272122346 0.0 319
1680272122498 0.0 320
1680272123711 0.0 321
1680272123883 0.0 322
1680272125079 0.0 323
1680272125229 0.0 324
1680272126390 0.0 325
1680272126559 0.0 326
1680272127759 0.0 327
1680272127913 0.0 328
1680272129081 0.0 329
1680272129241 0.0 330
1680272130446 0.0 331
1680272130689 0.0 332
1680272131976 0.0 333
1680272132164 0.0 334
1680272133390 0.0 335
1680272133548 0.0 336
1680272134740 0.0 337
1680272134906 0.0 338
1680272136142 0.0 339
1680272136329 0.0 340
1680272137562 0.0 341
1680272137722 0.0 342
1680272138919 0.0 343
1680272139085 0.0 344
1680272140414 0.0 345
1680272140602 0.0 346
1680272141840 0.0 347
1680272141999 0.0 348
1680272143252 0.0 349
1680272143402 0.0 350
1680272144631 0.0 351
1680272144790 0.0 352
1680272146001 0.0 353
1680272146164 0.0 354
1680272147406 0.0 355
1680272147573 0.0 356
1680272148777 0.0 357
1680272148951 0.0 358
1680272150503 0.0 359
1680272150671 0.0 360
1680272151990 0.0 361
1680272152178 0.0 362
1680272153460 0.0 363
1680272153620 0.0 364
1680272154846 0.0 365
1680272154998 0.0 366
1680272156137 0.0 367
1680272156285 0.0 368
1680272157477 0.0 369
1680272157653 0.0 370
1680272158874 0.0 371
1680272159024 0.0 372
1680272160252 0.0 373
1680272160403 0.0 374
1680272161537 0.0 375
1680272161684 0.0 376
1680272162795 0.0 377
1680272162947 0.0 378
1680272164179 0.0 379
1680272164331 0.0 380
1680272165498 0.0 381
1680272165649 0.0 382
1680272166788 0.0 383
1680272166939 0.0 384
1680272168080 0.0 385
1680272168241 0.0 386
1680272169448 0.0 387
1680272169600 0.0 388
1680272170705 0.0 389
1680272170861 0.0 390
1680272171995 0.0 391
1680272172146 0.0 392
1680272173302 0.0 393
1680272173472 0.0 394
1680272174661 0.0 395
1680272174810 0.0 396
1680272175918 0.0 397
1680272176073 0.0 398
1680272177227 0.0 399
1680272177457 0.0 400
1680272177573 0.0 401
