1680271905507 8484.0 1
1680271905641 8484.0 2
1680271906823 8484.0 3
1680271906951 8484.0 4
1680271908102 8484.0 5
1680271908326 8484.0 6
1680271909421 8484.0 7
1680271909563 8484.0 8
1680271910731 8484.0 9
1680271910877 8484.0 10
1680271912088 8484.0 11
1680271912218 8484.0 12
1680271913296 8484.0 13
1680271913434 8484.0 14
1680271914551 8484.0 15
1680271914690 8484.0 16
1680271915822 8484.0 17
1680271915988 8484.0 18
1680271917246 8484.0 19
1680271917385 8484.0 20
1680271918522 8484.0 21
1680271918658 8484.0 22
1680271919850 8484.0 23
1680271920002 8484.0 24
1680271921230 8484.0 25
1680271921373 8484.0 26
1680271922586 8484.0 27
1680271922730 8484.0 28
1680271923891 8484.0 29
1680271924045 8484.0 30
1680271925244 8484.0 31
1680271925383 8484.0 32
1680271926664 8484.0 33
1680271926829 8484.0 34
1680271928003 8484.0 35
1680271928140 8484.0 36
1680271929259 8484.0 37
1680271929407 8484.0 38
1680271930600 8484.0 39
1680271930740 8484.0 40
1680271931937 8484.0 41
1680271932105 8484.0 42
1680271933265 8484.0 43
1680271933407 8484.0 44
1680271934692 8484.0 45
1680271934840 8484.0 46
1680271936110 8484.0 47
1680271936252 8484.0 48
1680271937371 8484.0 49
1680271937508 8484.0 50
1680271938688 8484.0 51
1680271938823 8484.0 52
1680271939891 8484.0 53
1680271940031 8484.0 54
1680271941169 8484.0 55
1680271941307 8484.0 56
1680271942455 8484.0 57
1680271942594 8484.0 58
1680271943774 8484.0 59
1680271943915 8484.0 60
1680271945092 8484.0 61
1680271945236 8484.0 62
1680271946377 8484.0 63
1680271946517 8484.0 64
1680271947688 8484.0 65
1680271947844 8484.0 66
1680271948980 8484.0 67
1680271949116 8484.0 68
1680271950287 8484.0 69
1680271950421 8484.0 70
1680271951597 8484.0 71
1680271951730 8484.0 72
1680271952902 8484.0 73
1680271953143 8484.0 74
1680271954273 8484.0 75
1680271954414 8484.0 76
1680271955584 8484.0 77
1680271955736 8484.0 78
1680271956895 8484.0 79
1680271957044 8484.0 80
1680271958215 8484.0 81
1680271958371 8484.0 82
1680271959616 8484.0 83
1680271959790 8484.0 84
1680271961007 8484.0 85
1680271961158 8484.0 86
1680271962477 8484.0 87
1680271962625 8484.0 88
1680271963813 8484.0 89
1680271963959 8484.0 90
1680271965167 8484.0 91
1680271965329 8484.0 92
1680271966586 8484.0 93
1680271966726 8484.0 94
1680271967849 8484.0 95
1680271967985 8484.0 96
1680271969127 8484.0 97
1680271969276 8484.0 98
1680271970427 8484.0 99
1680271970572 8484.0 100
1680271971824 8484.0 101
1680271971964 8484.0 102
1680271973137 8484.0 103
1680271973277 8484.0 104
1680271974427 8484.0 105
1680271974577 8484.0 106
1680271975693 8484.0 107
1680271975840 8484.0 108
1680271977045 8484.0 109
1680271977194 8484.0 110
1680271978400 8484.0 111
1680271978546 8484.0 112
1680271979742 8484.0 113
1680271979911 8484.0 114
1680271981153 8484.0 115
1680271981301 8484.0 116
1680271982509 8484.0 117
1680271982650 8484.0 118
1680271983873 8484.0 119
1680271984014 8484.0 120
1680271985145 8484.0 121
1680271985295 8484.0 122
1680271986410 8484.0 123
1680271986547 8484.0 124
1680271987657 8484.0 125
1680271987800 8484.0 126
1680271988939 8484.0 127
1680271989083 8484.0 128
1680271990253 8484.0 129
1680271990411 8484.0 130
1680271991503 8484.0 131
1680271991649 8484.0 132
1680271992794 8484.0 133
1680271992934 8484.0 134
1680271994079 8484.0 135
1680271994222 8484.0 136
1680271995394 8484.0 137
1680271995554 8484.0 138
1680271996690 8484.0 139
1680271996829 8484.0 140
1680271997934 8484.0 141
1680271998203 8484.0 142
1680271999345 8484.0 143
1680271999490 8484.0 144
1680272000584 8484.0 145
1680272000744 8484.0 146
1680272001878 8484.0 147
1680272002036 8484.0 148
1680272003243 8484.0 149
1680272003400 8484.0 150
1680272004519 8484.0 151
1680272004668 8484.0 152
1680272005818 8484.0 153
1680272005962 8484.0 154
1680272007207 8484.0 155
1680272007358 8484.0 156
1680272008657 8484.0 157
1680272008838 8484.0 158
1680272010040 8484.0 159
1680272010201 8484.0 160
1680272011480 8484.0 161
1680272011664 8484.0 162
1680272012970 8484.0 163
1680272013118 8484.0 164
1680272014359 8484.0 165
1680272014511 8484.0 166
1680272015867 8484.0 167
1680272016024 8484.0 168
1680272017356 8484.0 169
1680272017512 8484.0 170
1680272018754 8484.0 171
1680272018895 8484.0 172
1680272020103 8484.0 173
1680272020258 8484.0 174
1680272021426 8484.0 175
1680272021574 8484.0 176
1680272022786 8484.0 177
1680272022968 8484.0 178
1680272024138 8484.0 179
1680272024294 8484.0 180
1680272025529 8484.0 181
1680272025698 8484.0 182
1680272027073 8484.0 183
1680272027221 8484.0 184
1680272028395 8484.0 185
1680272028550 8484.0 186
1680272029681 8484.0 187
1680272029825 8484.0 188
1680272031098 8484.0 189
1680272031247 8484.0 190
1680272032451 8484.0 191
1680272032608 8484.0 192
1680272033793 8484.0 193
1680272033943 8484.0 194
1680272035103 8484.0 195
1680272035252 8484.0 196
1680272036480 8484.0 197
1680272036637 8484.0 198
1680272037787 8484.0 199
1680272037934 8484.0 200
1680272039077 8484.0 201
1680272039235 8484.0 202
1680272040429 8484.0 203
1680272040582 8484.0 204
1680272041728 8484.0 205
1680272041883 8484.0 206
1680272043067 8484.0 207
1680272043213 8484.0 208
1680272044431 8484.0 209
1680272044729 8484.0 210
1680272045987 8484.0 211
1680272046132 8484.0 212
1680272047370 8484.0 213
1680272047524 8484.0 214
1680272048724 8484.0 215
1680272048883 8484.0 216
1680272050063 8484.0 217
1680272050218 8484.0 218
1680272051384 8484.0 219
1680272051535 8484.0 220
1680272052763 8484.0 221
1680272052942 8484.0 222
1680272054255 8484.0 223
1680272054404 8484.0 224
1680272055593 8484.0 225
1680272055754 8484.0 226
1680272056972 8484.0 227
1680272057124 8484.0 228
1680272058392 8484.0 229
1680272058546 8484.0 230
1680272059800 8484.0 231
1680272059977 8484.0 232
1680272061316 8484.0 233
1680272061524 8484.0 234
1680272062858 8484.0 235
1680272063012 8484.0 236
1680272064514 8484.0 237
1680272064715 8484.0 238
1680272066055 8484.0 239
1680272066203 8484.0 240
1680272067512 8484.0 241
1680272067678 8484.0 242
1680272068906 8484.0 243
1680272069050 8484.0 244
1680272070264 8484.0 245
1680272070428 8484.0 246
1680272071730 8484.0 247
1680272071888 8484.0 248
1680272073044 8484.0 249
1680272073200 8484.0 250
1680272074445 8484.0 251
1680272074591 8484.0 252
1680272075756 8484.0 253
1680272075941 8484.0 254
1680272077106 8484.0 255
1680272077257 8484.0 256
1680272078447 8484.0 257
1680272078612 8484.0 258
1680272079796 8484.0 259
1680272079962 8484.0 260
1680272081175 8484.0 261
1680272081324 8484.0 262
1680272082513 8484.0 263
1680272082683 8484.0 264
1680272083957 8484.0 265
1680272084112 8484.0 266
1680272085390 8484.0 267
1680272085565 8484.0 268
1680272086872 8484.0 269
1680272087045 8484.0 270
1680272088259 8484.0 271
1680272088411 8484.0 272
1680272089596 8484.0 273
1680272089776 8484.0 274
1680272091007 8484.0 275
1680272091156 8484.0 276
1680272092332 8484.0 277
1680272092582 8484.0 278
1680272093832 8484.0 279
1680272093975 8484.0 280
1680272095225 8484.0 281
1680272095380 8484.0 282
1680272096593 8484.0 283
1680272096745 8484.0 284
1680272097972 8484.0 285
1680272098125 8484.0 286
1680272099367 8484.0 287
1680272099611 8484.0 288
1680272101199 8484.0 289
1680272101396 8484.0 290
1680272102758 8484.0 291
1680272102927 8484.0 292
1680272104119 8484.0 293
1680272104272 8484.0 294
1680272105458 8484.0 295
1680272105604 8484.0 296
1680272106810 8484.0 297
1680272106976 8484.0 298
1680272108138 8484.0 299
1680272108292 8484.0 300
1680272109499 8484.0 301
1680272109652 8484.0 302
1680272110933 8484.0 303
1680272111098 8484.0 304
1680272112439 8484.0 305
1680272112637 8484.0 306
1680272113862 8484.0 307
1680272114010 8484.0 308
1680272115291 8484.0 309
1680272115453 8484.0 310
1680272116690 8484.0 311
1680272116842 8484.0 312
1680272118014 8484.0 313
1680272118198 8484.0 314
1680272119545 8484.0 315
1680272119717 8484.0 316
1680272120918 8484.0 317
1680272121072 8484.0 318
1680272122352 8484.0 319
1680272122508 8484.0 320
1680272123718 8484.0 321
1680272123890 8484.0 322
1680272125086 8484.0 323
1680272125236 8484.0 324
1680272126397 8484.0 325
1680272126568 8484.0 326
1680272127765 8484.0 327
1680272127919 8484.0 328
1680272129088 8484.0 329
1680272129254 8484.0 330
1680272130453 8484.0 331
1680272130696 8484.0 332
1680272131982 8484.0 333
1680272132171 8484.0 334
1680272133396 8484.0 335
1680272133554 8484.0 336
1680272134746 8484.0 337
1680272134913 8484.0 338
1680272136149 8484.0 339
1680272136336 8484.0 340
1680272137569 8484.0 341
1680272137728 8484.0 342
1680272138926 8484.0 343
1680272139092 8484.0 344
1680272140420 8484.0 345
1680272140608 8484.0 346
1680272141847 8484.0 347
1680272142005 8484.0 348
1680272143259 8484.0 349
1680272143408 8484.0 350
1680272144638 8484.0 351
1680272144797 8484.0 352
1680272146008 8484.0 353
1680272146172 8484.0 354
1680272147413 8484.0 355
1680272147580 8484.0 356
1680272148784 8484.0 357
1680272148960 8484.0 358
1680272150511 8484.0 359
1680272150678 8484.0 360
1680272151997 8484.0 361
1680272152185 8484.0 362
1680272153465 8484.0 363
1680272153626 8484.0 364
1680272154852 8484.0 365
1680272155006 8484.0 366
1680272156143 8484.0 367
1680272156292 8484.0 368
1680272157485 8484.0 369
1680272157660 8484.0 370
1680272158880 8484.0 371
1680272159030 8484.0 372
1680272160259 8484.0 373
1680272160410 8484.0 374
1680272161543 8484.0 375
1680272161690 8484.0 376
1680272162801 8484.0 377
1680272162955 8484.0 378
1680272164185 8484.0 379
1680272164337 8484.0 380
1680272165506 8484.0 381
1680272165655 8484.0 382
1680272166794 8484.0 383
1680272166945 8484.0 384
1680272168087 8484.0 385
1680272168247 8484.0 386
1680272169454 8484.0 387
1680272169607 8484.0 388
1680272170712 8484.0 389
1680272170867 8484.0 390
1680272172001 8484.0 391
1680272172152 8484.0 392
1680272173308 8484.0 393
1680272173480 8484.0 394
1680272174667 8484.0 395
1680272174816 8484.0 396
1680272175924 8484.0 397
1680272176080 8484.0 398
1680272177234 8484.0 399
1680272177463 8484.0 400
1680272177579 8484.0 401
