1680271905509 4.404453277587891 1
1680271905643 4.525548219680786 2
1680271906825 5.698805570602417 3
1680271906952 5.836295127868652 4
1680271908103 6.985767364501953 5
1680271908328 7.206125497817993 6
1680271909422 8.304928541183472 7
1680271909566 8.44384503364563 8
1680271910733 9.609564542770386 9
1680271910880 9.75322937965393 10
1680271912089 10.969820737838745 11
1680271912219 11.102328538894653 12
1680271913298 12.180718898773193 13
1680271913436 12.31504511833191 14
1680271914552 13.435555696487427 15
1680271914692 13.568720579147339 16
1680271915824 14.699852228164673 17
1680271915989 14.865893125534058 18
1680271917248 16.127641677856445 19
1680271917387 16.264811515808105 20
1680271918524 17.388662576675415 21
1680271918660 17.53691577911377 22
1680271919852 18.72898507118225 23
1680271920004 18.879530906677246 24
1680271921232 20.103946208953857 25
1680271921375 20.25348401069641 26
1680271922589 21.45603847503662 27
1680271922732 21.605586290359497 28
1680271923892 22.773905038833618 29
1680271924046 22.90985655784607 30
1680271925254 24.126846075057983 31
1680271925385 24.267093181610107 32
1680271926665 25.540977001190186 33
1680271926830 25.697842359542847 34
1680271928005 26.877439975738525 35
1680271928141 27.02066993713379 36
1680271929261 28.138088703155518 37
1680271929408 28.282885551452637 38
1680271930601 29.479997396469116 39
1680271930742 29.612905740737915 40
1680271931938 30.811880588531494 41
1680271932106 30.97194480895996 42
1680271933266 32.14480471611023 43
1680271933409 32.2832248210907 44
1680271934695 33.56490397453308 45
1680271934842 33.71873879432678 46
1680271936112 34.98718333244324 47
1680271936254 35.12953162193298 48
1680271937372 36.25216817855835 49
1680271937509 36.38650369644165 50
1680271938689 37.56563663482666 51
1680271938825 37.70300269126892 52
1680271939892 38.771209716796875 53
1680271940032 38.91111469268799 54
1680271941171 40.04487895965576 55
1680271941308 40.185675382614136 56
1680271942456 41.32884192466736 57
1680271942596 41.47026228904724 58
1680271943776 42.65463733673096 59
1680271943917 42.79113221168518 60
1680271945094 43.974873542785645 61
1680271945238 44.1111204624176 62
1680271946379 45.25220561027527 63
1680271946520 45.39282560348511 64
1680271947690 46.557454347610474 65
1680271947846 46.71186113357544 66
1680271948982 47.854440689086914 67
1680271949118 47.99658393859863 68
1680271950288 49.16352915763855 69
1680271950423 49.299497842788696 70
1680271951598 50.46858501434326 71
1680271951732 50.60981369018555 72
1680271952904 51.782448291778564 73
1680271953146 52.01052260398865 74
1680271954274 53.153369665145874 75
1680271954415 53.289005756378174 76
1680271955586 54.4588828086853 77
1680271955738 54.60886478424072 78
1680271956896 55.77122378349304 79
1680271957046 55.9152717590332 80
1680271958217 57.08578586578369 81
1680271958373 57.23974823951721 82
1680271959618 58.47512769699097 83
1680271959792 58.65089225769043 84
1680271961008 59.883821964263916 85
1680271961160 60.029879570007324 86
1680271962479 61.34717416763306 87
1680271962626 61.49985671043396 88
1680271963815 62.68864631652832 89
1680271963961 62.834500312805176 90
1680271965169 64.03748941421509 91
1680271965331 64.18750548362732 92
1680271966588 65.46601629257202 93
1680271966727 65.6036684513092 94
1680271967851 66.7271203994751 95
1680271967986 66.86498880386353 96
1680271969129 68.00665259361267 97
1680271969277 68.15133929252625 98
1680271970429 69.30603909492493 99
1680271970574 69.44276356697083 100
1680271971826 70.68779802322388 101
1680271971966 70.84041595458984 102
1680271973139 72.01505255699158 103
1680271973278 72.15300035476685 104
1680271974428 73.30383324623108 105
1680271974578 73.45086431503296 106
1680271975694 74.56992936134338 107
1680271975841 74.71200346946716 108
1680271977046 75.92102074623108 109
1680271977196 76.06636500358582 110
1680271978402 77.27152991294861 111
1680271978548 77.42196893692017 112
1680271979744 78.6106607913971 113
1680271979913 78.77800369262695 114
1680271981155 80.03292441368103 115
1680271981302 80.17283010482788 116
1680271982510 81.38175129890442 117
1680271982652 81.52322196960449 118
1680271983875 82.74379253387451 119
1680271984015 82.88875317573547 120
1680271985147 84.02118182182312 121
1680271985297 84.16745567321777 122
1680271986411 85.28525042533875 123
1680271986549 85.4252815246582 124
1680271987659 86.53306102752686 125
1680271987801 86.67356276512146 126
1680271988941 87.81118297576904 127
1680271989085 87.95769715309143 128
1680271990255 89.1280882358551 129
1680271990413 89.27656531333923 130
1680271991505 90.37966203689575 131
1680271991650 90.52373552322388 132
1680271992795 91.67104887962341 133
1680271992935 91.80982828140259 134
1680271994080 92.94967818260193 135
1680271994223 93.09618091583252 136
1680271995396 94.26987743377686 137
1680271995556 94.42700743675232 138
1680271996692 95.56469511985779 139
1680271996830 95.70466732978821 140
1680271997935 96.8009386062622 141
1680271998205 97.05770874023438 142
1680271999347 98.21742939949036 143
1680271999492 98.36571455001831 144
1680272000585 99.45679521560669 145
1680272000746 99.61731433868408 146
1680272001879 100.7537453174591 147
1680272002037 100.90274381637573 148
1680272003244 102.11681747436523 149
1680272003401 102.27180409431458 150
1680272004520 103.3879325389862 151
1680272004669 103.53752541542053 152
1680272005819 104.69454455375671 153
1680272005964 104.83607792854309 154
1680272007209 106.06584644317627 155
1680272007360 106.22696948051453 156
1680272008658 107.51962614059448 157
1680272008840 107.7008900642395 158
1680272010041 108.91305875778198 159
1680272010204 109.05952334403992 160
1680272011481 110.34277629852295 161
1680272011665 110.51705074310303 162
1680272012972 111.839599609375 163
1680272013120 111.98797369003296 164
1680272014361 113.22995233535767 165
1680272014512 113.37884759902954 166
1680272015869 114.73561239242554 167
1680272016027 114.89013671875 168
1680272017357 116.22762751579285 169
1680272017514 116.37397336959839 170
1680272018755 117.62425494194031 171
1680272018897 117.76727080345154 172
1680272020105 118.97577548027039 173
1680272020260 119.12801885604858 174
1680272021428 120.29698419570923 175
1680272021576 120.44508862495422 176
1680272022788 121.6464855670929 177
1680272022970 121.82599711418152 178
1680272024140 123.01068639755249 179
1680272024296 123.16168856620789 180
1680272025531 124.38994717597961 181
1680272025698 124.55594968795776 182
1680272027074 125.93408918380737 183
1680272027223 126.09310221672058 184
1680272028397 127.26767539978027 185
1680272028551 127.41955423355103 186
1680272029682 128.5514214038849 187
1680272029827 128.694828748703 188
1680272031100 129.96330451965332 189
1680272031248 130.11658930778503 190
1680272032453 131.31883263587952 191
1680272032610 131.46994495391846 192
1680272033794 132.6629729270935 193
1680272033944 132.8104305267334 194
1680272035105 133.9767725467682 195
1680272035254 134.12321829795837 196
1680272036481 135.34392189979553 197
1680272036639 135.50282621383667 198
1680272037789 136.65730094909668 199
1680272037936 136.8048713207245 200
1680272039079 137.94779992103577 201
1680272039237 138.0995135307312 202
1680272040431 139.30099630355835 203
1680272040583 139.45171546936035 204
1680272041730 140.59877610206604 205
1680272041885 140.75172972679138 206
1680272043069 141.93680334091187 207
1680272043214 142.084321975708 208
1680272044432 143.29971623420715 209
1680272044733 143.5396499633789 210
1680272045988 144.8578863143921 211
1680272046134 145.00194787979126 212
1680272047371 146.23495888710022 213
1680272047526 146.39132833480835 214
1680272048725 147.59106063842773 215
1680272048885 147.7387638092041 216
1680272050065 148.9254128932953 217
1680272050219 149.08386754989624 218
1680272051386 150.257239818573 219
1680272051537 150.40481901168823 220
1680272052764 151.63264107704163 221
1680272052944 151.7973074913025 222
1680272054256 153.12390446662903 223
1680272054406 153.27355074882507 224
1680272055595 154.46294832229614 225
1680272055756 154.61954736709595 226
1680272056974 155.84227991104126 227
1680272057125 155.989755153656 228
1680272058393 157.25660634040833 229
1680272058548 157.40956449508667 230
1680272059802 158.66767740249634 231
1680272059979 158.83559250831604 232
1680272061317 160.17198538780212 233
1680272061526 160.37204384803772 234
1680272062859 161.72428250312805 235
1680272063014 161.87667083740234 236
1680272064515 163.36900305747986 237
1680272064717 163.56635975837708 238
1680272066057 164.91088247299194 239
1680272066205 165.07094168663025 240
1680272067514 166.3723862171173 241
1680272067680 166.54084849357605 242
1680272068907 167.7688066959381 243
1680272069052 167.91897749900818 244
1680272070265 169.1299238204956 245
1680272070430 169.29369735717773 246
1680272071732 170.5808229446411 247
1680272071889 170.75673818588257 248
1680272073046 171.9147765636444 249
1680272073202 172.06763219833374 250
1680272074447 173.312842130661 251
1680272074593 173.46099710464478 252
1680272075758 174.62505793571472 253
1680272075942 174.79585790634155 254
1680272077108 175.97291159629822 255
1680272077259 176.124107837677 256
1680272078449 177.3124918937683 257
1680272078613 177.47892236709595 258
1680272079797 178.6574308872223 259
1680272079964 178.82165598869324 260
1680272081177 180.03775787353516 261
1680272081325 180.18993830680847 262
1680272082514 181.37721014022827 263
1680272082684 181.5398075580597 264
1680272083959 182.82165098190308 265
1680272084113 182.97803950309753 266
1680272085392 184.25484657287598 267
1680272085567 184.4209282398224 268
1680272086874 185.7327778339386 269
1680272087048 185.90896129608154 270
1680272088260 187.11566019058228 271
1680272088413 187.27173280715942 272
1680272089598 188.45779585838318 273
1680272089777 188.6350018978119 274
1680272091009 189.874263048172 275
1680272091158 190.0229365825653 276
1680272092335 191.2035984992981 277
1680272092584 191.4469838142395 278
1680272093833 192.69751644134521 279
1680272093977 192.84373474121094 280
1680272095227 194.08871626853943 281
1680272095381 194.2439205646515 282
1680272096596 195.45879578590393 283
1680272096747 195.61222910881042 284
1680272097973 196.83890295028687 285
1680272098126 196.99322152137756 286
1680272099370 198.22274827957153 287
1680272099613 198.44186663627625 288
1680272101200 200.06584239006042 289
1680272101397 200.24495100975037 290
1680272102759 201.6148374080658 291
1680272102928 201.78907084465027 292
1680272104120 202.9830241203308 293
1680272104274 203.13758206367493 294
1680272105459 204.32399654388428 295
1680272105606 204.47191071510315 296
1680272106812 205.6787884235382 297
1680272106978 205.83387184143066 298
1680272108140 207.00378465652466 299
1680272108294 207.15761828422546 300
1680272109501 208.36586236953735 301
1680272109653 208.51742696762085 302
1680272110935 209.79998683929443 303
1680272111099 209.96349120140076 304
1680272112442 211.30101823806763 305
1680272112639 211.49279594421387 306
1680272113864 212.7298104763031 307
1680272114012 212.87987637519836 308
1680272115292 214.1596131324768 309
1680272115455 214.31503081321716 310
1680272116692 215.55865287780762 311
1680272116844 215.70565271377563 312
1680272118015 216.8736777305603 313
1680272118199 217.0475356578827 314
1680272119546 218.38900804519653 315
1680272119718 218.57526659965515 316
1680272120920 219.78557896614075 317
1680272121074 219.93559217453003 318
1680272122354 221.21758127212524 319
1680272122510 221.3698387145996 320
1680272123720 222.58105754852295 321
1680272123892 222.74583268165588 322
1680272125087 223.9554145336151 323
1680272125237 224.1037561893463 324
1680272126399 225.26395440101624 325
1680272126570 225.42069101333618 326
1680272127767 226.63374733924866 327
1680272127921 226.78309416770935 328
1680272129089 227.95530700683594 329
1680272129256 228.1058530807495 330
1680272130454 229.3135485649109 331
1680272130697 229.55325317382812 332
1680272131983 230.84199166297913 333
1680272132173 231.0158293247223 334
1680272133398 232.25462365150452 335
1680272133556 232.41309809684753 336
1680272134748 233.60600018501282 337
1680272134914 233.76580452919006 338
1680272136152 235.00374603271484 339
1680272136338 235.1739513874054 340
1680272137570 236.4269232749939 341
1680272137730 236.58479595184326 342
1680272138927 237.78659462928772 343
1680272139093 237.94867706298828 344
1680272140422 239.27671718597412 345
1680272140610 239.46437454223633 346
1680272141849 240.70960211753845 347
1680272142007 240.86801052093506 348
1680272143260 242.1199333667755 349
1680272143409 242.27150678634644 350
1680272144639 243.49798130989075 351
1680272144799 243.66072154045105 352
1680272146009 244.873055934906 353
1680272146174 245.03367018699646 354
1680272147415 246.2730963230133 355
1680272147581 246.43601274490356 356
1680272148786 247.6477837562561 357
1680272148962 247.80984783172607 358
1680272150513 249.35760474205017 359
1680272150679 249.534973859787 360
1680272151999 250.85788893699646 361
1680272152187 251.0337369441986 362
1680272153467 252.32647514343262 363
1680272153628 252.48752689361572 364
1680272154854 253.7196822166443 365
1680272155007 253.86973929405212 366
1680272156145 255.0069704055786 367
1680272156293 255.15862774848938 368
1680272157486 256.34891080856323 369
1680272157661 256.51989364624023 370
1680272158881 257.745484828949 371
1680272159032 257.89671444892883 372
1680272160260 259.1228058338165 373
1680272160411 259.27435517311096 374
1680272161545 260.4069001674652 375
1680272161692 260.55790281295776 376
1680272162803 261.66600918769836 377
1680272162956 261.8189911842346 378
1680272164187 263.04986000061035 379
1680272164338 263.20307898521423 380
1680272165508 264.3686583042145 381
1680272165657 264.52185249328613 382
1680272166796 265.6596257686615 383
1680272166947 265.8127360343933 384
1680272168089 266.9524850845337 385
1680272168248 267.10562467575073 386
1680272169455 268.3196883201599 387
1680272169609 268.4697721004486 388
1680272170713 269.5759222507477 389
1680272170869 269.7276186943054 390
1680272172003 270.86406922340393 391
1680272172154 271.0187563896179 392
1680272173310 272.17391538619995 393
1680272173481 272.332044839859 394
1680272174669 273.5338568687439 395
1680272174818 273.6807527542114 396
1680272175926 274.79050493240356 397
1680272176081 274.9426476955414 398
1680272177236 276.0966589450836 399
1680272177465 276.33073329925537 400
1680272177581 276.44582319259644 401
