1680271905496 58.40800559991935 1
1680271906814 41.288475722139495 3
1680271908090 36.055389671369035 5
1680271909411 30.71857716898876 7
1680271910722 32.78307788567335 9
1680271912076 27.35981876770531 11
1680271913286 26.182117413184233 13
1680271914541 32.6129366921472 15
1680271915811 24.1899168584581 17
1680271917235 26.680715135539604 19
1680271918504 19.900502626826853 21
1680271919839 25.64710216155498 23
1680271921219 20.255630712726784 25
1680271922567 19.472863775787733 27
1680271923881 20.29046701678312 29
1680271925236 27.14290995339935 31
1680271926652 34.469124670194766 33
1680271927988 19.513003008646603 35
1680271929249 14.862955916626834 37
1680271930590 15.074266578894933 39
1680271931925 12.556923175276218 41
1680271933255 11.49737535471588 43
1680271934682 10.423865567942562 45
1680271936100 10.268161905782478 47
1680271937361 12.665737923732527 49
1680271938678 11.263461863021783 51
1680271939881 11.018932634732835 53
1680271941157 10.120237128147824 55
1680271942446 11.155059064231672 57
1680271943764 9.811527793012528 59
1680271945083 8.373270321194028 61
1680271946367 9.760796290291347 63
1680271947678 6.57512035316857 65
1680271948971 5.697419794439343 67
1680271950276 5.884519941079873 69
1680271951588 5.039068939212851 71
1680271952892 11.656689237071298 73
1680271954263 16.998235180086592 75
1680271955572 9.061162365314368 77
1680271956886 9.112083663467093 79
1680271958203 6.131629557064605 81
1680271959602 5.723594376241888 83
1680271960997 5.54057539708455 85
1680271962466 5.108400266884241 87
1680271963803 4.650333989211707 89
1680271965155 5.399198933884357 91
1680271966577 4.586977686356692 93
1680271967839 4.30899980189104 95
1680271969117 4.209256303783072 97
1680271970417 4.736303987555482 99
1680271971809 4.237810771688423 101
1680271973127 3.6404865036366916 103
1680271974416 4.419358243168695 105
1680271975683 4.108554503618857 107
1680271977035 3.7201294793760153 109
1680271978390 3.833765977781994 111
1680271979733 3.673895349701081 113
1680271981144 3.6889042266299255 115
1680271982499 3.698756642758859 117
1680271983863 3.016008092831392 119
1680271985135 3.2153401358999942 121
1680271986400 3.480915490501383 123
1680271987647 3.1290784099770654 125
1680271988928 3.2525966637491677 127
1680271990243 3.456708308677166 129
1680271991493 3.1824166727225673 131
1680271992784 2.6697100949794876 133
1680271994069 2.525934901627493 135
1680271995385 3.265044635708383 137
1680271996681 2.6788808362094927 139
1680271997924 2.756572157478643 141
1680271999336 2.4273231890875326 143
1680272000574 2.55042329912869 145
1680272001868 2.5131486208734195 147
1680272003233 2.4107789214374487 149
1680272004508 2.399714641875082 151
1680272005808 2.726840531168078 153
1680272007195 2.4292483440088866 155
1680272008643 2.49029708666526 157
1680272010030 2.318911011672517 159
1680272011468 2.561683331562819 161
1680272012960 2.729906951104428 163
1680272014349 2.45497552244064 165
1680272015857 2.2854979457936944 167
1680272017346 2.382796530249942 169
1680272018743 2.144772883087123 171
1680272020093 2.170510498391216 173
1680272021416 2.223370787706278 175
1680272022773 2.3256636472594705 177
1680272024128 2.3032232058963946 179
1680272025519 2.192934052456274 181
1680272027063 2.078749441698511 183
1680272028385 2.0923189282684573 185
1680272029670 2.0814810019240353 187
1680272031088 2.161210406715906 189
1680272032440 2.1217735305992806 191
1680272033783 2.0821400501499663 193
1680272035094 2.303550720976401 195
1680272036467 2.222785168873187 197
1680272037777 2.0000658049777194 199
1680272039067 2.2495514874435028 201
1680272040420 2.1772445211788667 203
1680272041718 2.2171438801745906 205
1680272043057 2.104416102016253 207
1680272044421 2.360489776384267 209
1680272045978 2.150712113953211 211
1680272047360 1.8934838813339567 213
1680272048713 2.125033900619062 215
1680272050053 2.1706125666451594 217
1680272051374 1.9395410751526836 219
1680272052753 2.1191961436465134 221
1680272054244 2.0305150188396954 223
1680272055584 2.0668551624837277 225
1680272056963 2.118488021467933 227
1680272058379 2.0201096550326274 229
1680272059791 2.1566295952987913 231
1680272061306 1.9326780814313747 233
1680272062848 1.9022609589012671 235
1680272064502 2.0280692571137795 237
1680272066045 2.113323270796763 239
1680272067500 1.992513646177755 241
1680272068895 2.2206379448358096 243
1680272070254 1.9086781353167561 245
1680272071718 1.9306830578828065 247
1680272073035 1.8805868816249782 249
1680272074435 2.0353219365380886 251
1680272075746 2.0028753973070645 253
1680272077097 2.0211891395577988 255
1680272078434 1.9314791467962402 257
1680272079785 2.075895689406571 259
1680272081164 1.9410177635807506 261
1680272082503 2.0683704672451704 263
1680272083948 1.8928611557454162 265
1680272085380 2.0433810191576414 267
1680272086862 1.9434991847670977 269
1680272088247 1.9501595098632036 271
1680272089586 2.018870080211919 273
1680272090996 1.861175390352228 275
1680272092323 2.0349884144324535 277
1680272093820 2.0512519716619693 279
1680272095213 2.0266370484802514 281
1680272096580 2.1618457492085676 283
1680272097961 1.771920956573526 285
1680272099354 2.072827451026038 287
1680272101188 1.9748090123466815 289
1680272102747 2.0047022444217926 291
1680272104108 1.9701107428163878 293
1680272105446 2.167308855896672 295
1680272106800 2.0861264936439 297
1680272108128 1.8588281451233366 299
1680272109489 1.968089271285192 301
1680272110923 2.083441899936122 303
1680272112427 1.8243282174532462 305
1680272113852 1.9231591636863101 307
1680272115280 2.179543332395428 309
1680272116680 1.8474329772359188 311
1680272118003 1.9946349778761607 313
1680272119534 1.989335311757445 315
1680272120907 2.216592107381094 317
1680272122343 1.9995316033310766 319
1680272123707 1.9302157941396627 321
1680272125076 1.8551954633316232 323
1680272126387 1.8107966924790848 325
1680272127756 1.965132916377142 327
1680272129078 2.0320404476365064 329
1680272130442 2.059056604855725 331
1680272131972 2.0002640817004202 333
1680272133386 2.042273442461236 335
1680272134736 2.0296689189876442 337
1680272136139 2.0687658651780394 339
1680272137559 2.0172745437734325 341
1680272138915 2.071774253703448 343
1680272140409 2.08402789258932 345
1680272141837 1.948252499427574 347
1680272143248 2.1500969947880084 349
1680272144626 1.9657459025513486 351
1680272145998 2.282308582855518 353
1680272147403 1.9623991052007612 355
1680272148773 1.866427126867428 357
1680272150497 2.137581336658993 359
1680272151986 1.8480719161519124 361
1680272153455 2.0520216617077063 363
1680272154843 2.0029200106559895 365
1680272156132 1.955001258730006 367
1680272157474 1.9368444108864888 369
1680272158870 1.9889595745463582 371
1680272160248 2.1694629478485346 373
1680272161533 2.115456586995821 375
1680272162792 2.078239667949807 377
1680272164175 2.036841414514369 379
1680272165495 1.9595494281345314 381
1680272166785 2.1940073784206318 383
1680272168077 1.8739465035539562 385
1680272169444 2.0377133751483765 387
1680272170701 1.9445025601673047 389
1680272171992 1.999519232915109 391
1680272173298 2.1308526667085808 393
1680272174658 1.87044361930188 395
1680272175915 1.843670796109028 397
1680272177224 2.0576648488816986 399
