1677101875547 0.0 1
1677101875817 0.0 2
1677101877577 0.0 3
1677101877803 0.0 4
1677101879382 0.0 5
1677101879616 0.0 6
1677101881154 0.0 7
1677101881374 0.0 8
1677101882894 0.0 9
1677101883113 0.0 10
1677101884713 0.0 11
1677101884924 0.0 12
1677101886487 0.0 13
1677101886708 0.0 14
1677101888289 0.0 15
1677101888506 0.0 16
1677101890064 0.0 17
1677101890277 0.0 18
1677101891880 0.0 19
1677101892099 0.0 20
1677101893650 0.0 21
1677101893871 0.0 22
1677101895417 0.0 23
1677101895657 0.0 24
1677101897191 0.0 25
1677101897410 0.0 26
1677101898954 0.0 27
1677101899176 0.0 28
1677101900736 0.0 29
1677101900966 0.0 30
1677101902715 0.0 31
1677101902950 0.0 32
1677101904694 0.0 33
1677101904935 0.0 34
1677101906602 0.0 35
1677101906812 0.0 36
1677101908367 0.0 37
1677101908594 0.0 38
1677101910157 0.0 39
1677101910381 0.0 40
1677101911943 0.0 41
1677101912167 0.0 42
1677101913711 0.0 43
1677101913923 0.0 44
1677101915443 0.0 45
1677101915655 0.0 46
1677101917239 0.0 47
1677101917463 0.0 48
1677101919020 0.0 49
1677101919238 0.0 50
1677101920766 0.0 51
1677101920985 0.0 52
1677101922540 0.0 53
1677101922769 0.0 54
1677101924368 0.0 55
1677101924589 0.0 56
1677101926174 0.0 57
1677101926394 0.0 58
1677101927974 0.0 59
1677101928192 0.0 60
1677101929753 0.0 61
1677101929976 0.0 62
1677101931564 0.0 63
1677101931804 0.0 64
1677101933567 0.0 65
1677101933804 0.0 66
1677101935575 0.0 67
1677101935816 0.0 68
1677101937426 0.0 69
1677101937640 0.0 70
1677101939215 0.0 71
1677101939439 0.0 72
1677101940999 0.0 73
1677101941221 0.0 74
1677101942747 0.0 75
1677101942965 0.0 76
1677101944526 0.0 77
1677101944754 0.0 78
1677101946292 0.0 79
1677101946598 0.0 80
1677101948282 0.0 81
1677101948514 0.0 82
1677101950211 0.0 83
1677101950458 0.0 84
1677101952047 0.0 85
1677101952257 0.0 86
1677101953821 0.0 87
1677101954049 0.0 88
1677101955597 0.0 89
1677101955813 0.0 90
1677101957446 0.0 91
1677101957697 0.0 92
1677101959221 0.0 93
1677101959435 0.0 94
1677101961035 0.0 95
1677101961281 0.0 96
1677101963093 0.0 97
1677101963333 0.0 98
1677101965280 0.0 99
1677101965522 0.0 100
1677101967211 0.0 101
1677101967425 0.0 102
1677101968989 0.0 103
1677101969210 0.0 104
1677101970762 0.0 105
1677101970985 0.0 106
1677101972563 0.0 107
1677101972787 0.0 108
1677101974332 0.0 109
1677101974585 0.0 110
1677101976177 0.0 111
1677101976390 0.0 112
1677101978045 0.0 113
1677101978264 0.0 114
1677101979879 0.0 115
1677101980102 0.0 116
1677101981675 0.0 117
1677101981885 0.0 118
1677101983480 0.0 119
1677101983700 0.0 120
1677101985262 0.0 121
1677101985483 0.0 122
1677101987092 0.0 123
1677101987313 0.0 124
1677101988869 0.0 125
1677101989093 0.0 126
1677101990740 0.0 127
1677101990997 0.0 128
1677101992640 0.0 129
1677101992855 0.0 130
1677101994464 0.0 131
1677101994679 0.0 132
1677101996247 0.0 133
1677101996467 0.0 134
1677101998075 0.0 135
1677101998325 0.0 136
1677101999958 0.0 137
1677102000191 0.0 138
1677102001907 0.0 139
1677102002132 0.0 140
1677102003742 0.0 141
1677102003936 0.0 142
1677102005549 0.0 143
1677102005780 0.0 144
1677102007444 0.0 145
1677102007674 0.0 146
1677102009290 0.0 147
1677102009541 0.0 148
1677102011265 0.0 149
1677102011493 0.0 150
1677102013128 0.0 151
1677102013344 0.0 152
1677102014841 0.0 153
1677102015055 0.0 154
1677102016591 0.0 155
1677102016822 0.0 156
1677102018444 0.0 157
1677102018661 0.0 158
1677102020243 0.0 159
1677102020489 0.0 160
1677102022049 0.0 161
1677102022280 0.0 162
1677102023847 0.0 163
1677102024077 0.0 164
1677102025682 0.0 165
1677102025895 0.0 166
1677102027496 0.0 167
1677102027756 0.0 168
1677102029401 0.0 169
1677102029629 0.0 170
1677102031240 0.0 171
1677102031480 0.0 172
1677102033183 0.0 173
1677102033417 0.0 174
1677102035054 0.0 175
1677102035295 0.0 176
1677102036885 0.0 177
1677102037091 0.0 178
1677102038867 0.0 179
1677102039124 0.0 180
1677102040745 0.0 181
1677102040978 0.0 182
1677102042659 0.0 183
1677102042869 0.0 184
1677102044387 0.0 185
1677102044606 0.0 186
1677102046171 0.0 187
1677102046411 0.0 188
1677102047982 0.0 189
1677102048201 0.0 190
1677102049669 0.0 191
1677102049916 0.0 192
1677102051449 0.0 193
1677102051668 0.0 194
1677102053142 0.0 195
1677102053392 0.0 196
1677102054999 0.0 197
1677102055227 0.0 198
1677102056725 0.0 199
1677102056953 0.0 200
1677102058442 0.0 201
1677102058681 0.0 202
1677102060219 0.0 203
1677102060453 0.0 204
1677102061973 0.0 205
1677102062196 0.0 206
1677102063692 0.0 207
1677102063911 0.0 208
1677102065444 0.0 209
1677102065667 0.0 210
1677102067180 0.0 211
1677102067419 0.0 212
1677102068924 0.0 213
1677102069168 0.0 214
1677102070665 0.0 215
1677102070896 0.0 216
1677102072404 0.0 217
1677102072637 0.0 218
1677102074147 0.0 219
1677102074373 0.0 220
1677102075938 0.0 221
1677102076167 0.0 222
1677102077777 0.0 223
1677102078018 0.0 224
1677102079556 0.0 225
1677102079776 0.0 226
1677102081305 0.0 227
1677102081544 0.0 228
1677102083036 0.0 229
1677102083259 0.0 230
1677102084783 0.0 231
1677102085003 0.0 232
1677102086545 0.0 233
1677102086771 0.0 234
1677102088272 0.0 235
1677102088496 0.0 236
1677102090021 0.0 237
1677102090252 0.0 238
1677102091774 0.0 239
1677102092001 0.0 240
1677102093531 0.0 241
1677102093767 0.0 242
1677102095310 0.0 243
1677102095540 0.0 244
1677102097033 0.0 245
1677102097255 0.0 246
1677102098731 0.0 247
1677102098962 0.0 248
1677102100496 0.0 249
1677102100717 0.0 250
1677102102240 0.0 251
1677102102469 0.0 252
1677102104000 0.0 253
1677102104229 0.0 254
1677102105725 0.0 255
1677102105949 0.0 256
1677102107458 0.0 257
1677102107690 0.0 258
1677102109266 0.0 259
1677102109495 0.0 260
1677102111017 0.0 261
1677102111243 0.0 262
1677102112762 0.0 263
1677102112994 0.0 264
1677102114480 0.0 265
1677102114716 0.0 266
1677102116213 0.0 267
1677102116442 0.0 268
1677102118017 0.0 269
1677102118247 0.0 270
1677102119747 0.0 271
1677102119987 0.0 272
1677102121518 0.0 273
1677102121753 0.0 274
1677102123294 0.0 275
1677102123513 0.0 276
1677102125057 0.0 277
1677102125286 0.0 278
1677102126837 0.0 279
1677102127065 0.0 280
1677102128577 0.0 281
1677102128796 0.0 282
1677102130281 0.0 283
1677102130519 0.0 284
1677102132021 0.0 285
1677102132275 0.0 286
1677102133787 0.0 287
1677102134019 0.0 288
1677102135554 0.0 289
1677102135783 0.0 290
1677102137306 0.0 291
1677102137535 0.0 292
1677102139099 0.0 293
1677102139334 0.0 294
1677102140972 0.0 295
1677102141212 0.0 296
1677102142752 0.0 297
1677102142981 0.0 298
1677102144563 0.0 299
1677102144804 0.0 300
1677102145029 0.0 301
