1677101875559 1.0 1
1677101875827 2.0 2
1677101877586 3.0 3
1677101877811 4.0 4
1677101879393 5.0 5
1677101879625 6.0 6
1677101881162 7.0 7
1677101881383 8.0 8
1677101882902 9.0 9
1677101883121 10.0 10
1677101884722 11.0 11
1677101884933 12.0 12
1677101886495 13.0 13
1677101886717 14.0 14
1677101888299 15.0 15
1677101888515 16.0 16
1677101890073 17.0 17
1677101890285 18.0 18
1677101891889 19.0 19
1677101892108 20.0 20
1677101893660 21.0 21
1677101893880 22.0 22
1677101895428 23.0 23
1677101895665 24.0 24
1677101897199 25.0 25
1677101897419 26.0 26
1677101898962 27.0 27
1677101899186 28.0 28
1677101900752 29.0 29
1677101900975 30.0 30
1677101902725 31.0 31
1677101902960 32.0 32
1677101904702 33.0 33
1677101904952 34.0 34
1677101906611 35.0 35
1677101906821 36.0 36
1677101908377 37.0 37
1677101908603 38.0 38
1677101910165 39.0 39
1677101910391 40.0 40
1677101911951 41.0 41
1677101912177 42.0 42
1677101913721 43.0 43
1677101913931 44.0 44
1677101915451 45.0 45
1677101915667 46.0 46
1677101917247 47.0 47
1677101917473 48.0 48
1677101919029 49.0 49
1677101919247 50.0 50
1677101920775 51.0 51
1677101920994 52.0 52
1677101922549 53.0 53
1677101922779 54.0 54
1677101924378 55.0 55
1677101924597 56.0 56
1677101926183 57.0 57
1677101926403 58.0 58
1677101927983 59.0 59
1677101928200 60.0 60
1677101929763 61.0 61
1677101929985 62.0 62
1677101931574 63.0 63
1677101931813 64.0 64
1677101933576 65.0 65
1677101933814 66.0 66
1677101935585 67.0 67
1677101935827 68.0 68
1677101937435 69.0 69
1677101937649 70.0 70
1677101939226 71.0 71
1677101939449 72.0 72
1677101941008 73.0 73
1677101941230 74.0 74
1677101942755 75.0 75
1677101942973 76.0 76
1677101944535 77.0 77
1677101944763 78.0 78
1677101946300 79.0 79
1677101946610 80.0 80
1677101948291 81.0 81
1677101948523 82.0 82
1677101950220 83.0 83
1677101950467 84.0 84
1677101952055 85.0 85
1677101952267 86.0 86
1677101953834 87.0 87
1677101954059 88.0 88
1677101955606 89.0 89
1677101955823 90.0 90
1677101957459 91.0 91
1677101957705 92.0 92
1677101959229 93.0 93
1677101959445 94.0 94
1677101961047 95.0 95
1677101961292 96.0 96
1677101963102 97.0 97
1677101963347 98.0 98
1677101965290 99.0 99
1677101965531 100.0 100
1677101967220 101.0 101
1677101967435 102.0 102
1677101968997 103.0 103
1677101969218 104.0 104
1677101970771 105.0 105
1677101970995 106.0 106
1677101972575 107.0 107
1677101972797 108.0 108
1677101974342 109.0 109
1677101974595 110.0 110
1677101976187 111.0 111
1677101976399 112.0 112
1677101978054 113.0 113
1677101978275 114.0 114
1677101979889 115.0 115
1677101980111 116.0 116
1677101981684 117.0 117
1677101981894 118.0 118
1677101983490 119.0 119
1677101983708 120.0 120
1677101985270 121.0 121
1677101985492 122.0 122
1677101987100 123.0 123
1677101987323 124.0 124
1677101988877 125.0 125
1677101989102 126.0 126
1677101990749 127.0 127
1677101991006 128.0 128
1677101992648 129.0 129
1677101992863 130.0 130
1677101994473 131.0 131
1677101994688 132.0 132
1677101996256 133.0 133
1677101996475 134.0 134
1677101998083 135.0 135
1677101998334 136.0 136
1677101999967 137.0 137
1677102000201 138.0 138
1677102001916 139.0 139
1677102002142 140.0 140
1677102003750 141.0 141
1677102003947 142.0 142
1677102005559 143.0 143
1677102005789 144.0 144
1677102007454 145.0 145
1677102007683 146.0 146
1677102009299 147.0 147
1677102009551 148.0 148
1677102011274 149.0 149
1677102011503 150.0 150
1677102013137 151.0 151
1677102013353 152.0 152
1677102014850 153.0 153
1677102015064 154.0 154
1677102016601 155.0 155
1677102016832 156.0 156
1677102018452 157.0 157
1677102018670 158.0 158
1677102020251 159.0 159
1677102020497 160.0 160
1677102022059 161.0 161
1677102022289 162.0 162
1677102023856 163.0 163
1677102024087 164.0 164
1677102025691 165.0 165
1677102025904 166.0 166
1677102027510 167.0 167
1677102027766 168.0 168
1677102029409 169.0 169
1677102029638 170.0 170
1677102031251 171.0 171
1677102031490 172.0 172
1677102033193 173.0 173
1677102033425 174.0 174
1677102035064 175.0 175
1677102035305 176.0 176
1677102036894 177.0 177
1677102037101 178.0 178
1677102038879 179.0 179
1677102039133 180.0 180
1677102040755 181.0 181
1677102040988 182.0 182
1677102042668 183.0 183
1677102042878 184.0 184
1677102044398 185.0 185
1677102044614 186.0 186
1677102046181 187.0 187
1677102046419 188.0 188
1677102047990 189.0 189
1677102048210 190.0 190
1677102049677 191.0 191
1677102049927 192.0 192
1677102051457 193.0 193
1677102051677 194.0 194
1677102053151 195.0 195
1677102053401 196.0 196
1677102055008 197.0 197
1677102055236 198.0 198
1677102056734 199.0 199
1677102056964 200.0 200
1677102058451 201.0 201
1677102058690 202.0 202
1677102060228 203.0 203
1677102060463 204.0 204
1677102061982 205.0 205
1677102062205 206.0 206
1677102063700 207.0 207
1677102063921 208.0 208
1677102065452 209.0 209
1677102065676 210.0 210
1677102067188 211.0 211
1677102067429 212.0 212
1677102068933 213.0 213
1677102069177 214.0 214
1677102070675 215.0 215
1677102070905 216.0 216
1677102072413 217.0 217
1677102072645 218.0 218
1677102074156 219.0 219
1677102074381 220.0 220
1677102075947 221.0 221
1677102076176 222.0 222
1677102077786 223.0 223
1677102078028 224.0 224
1677102079565 225.0 225
1677102079785 226.0 226
1677102081315 227.0 227
1677102081553 228.0 228
1677102083045 229.0 229
1677102083267 230.0 230
1677102084793 231.0 231
1677102085011 232.0 232
1677102086555 233.0 233
1677102086781 234.0 234
1677102088281 235.0 235
1677102088505 236.0 236
1677102090031 237.0 237
1677102090261 238.0 238
1677102091783 239.0 239
1677102092010 240.0 240
1677102093541 241.0 241
1677102093776 242.0 242
1677102095318 243.0 243
1677102095549 244.0 244
1677102097042 245.0 245
1677102097264 246.0 246
1677102098739 247.0 247
1677102098971 248.0 248
1677102100504 249.0 249
1677102100725 250.0 250
1677102102250 251.0 251
1677102102477 252.0 252
1677102104008 253.0 253
1677102104237 254.0 254
1677102105736 255.0 255
1677102105958 256.0 256
1677102107466 257.0 257
1677102107698 258.0 258
1677102109274 259.0 259
1677102109503 260.0 260
1677102111026 261.0 261
1677102111251 262.0 262
1677102112772 263.0 263
1677102113002 264.0 264
1677102114487 265.0 265
1677102114725 266.0 266
1677102116221 267.0 267
1677102116451 268.0 268
1677102118027 269.0 269
1677102118257 270.0 270
1677102119757 271.0 271
1677102119995 272.0 272
1677102121529 273.0 273
1677102121762 274.0 274
1677102123303 275.0 275
1677102123522 276.0 276
1677102125065 277.0 277
1677102125295 278.0 278
1677102126846 279.0 279
1677102127073 280.0 280
1677102128585 281.0 281
1677102128804 282.0 282
1677102130290 283.0 283
1677102130529 284.0 284
1677102132031 285.0 285
1677102132284 286.0 286
1677102133796 287.0 287
1677102134028 288.0 288
1677102135564 289.0 289
1677102135792 290.0 290
1677102137317 291.0 291
1677102137546 292.0 292
1677102139110 293.0 293
1677102139344 294.0 294
1677102140981 295.0 295
1677102141221 296.0 296
1677102142761 297.0 297
1677102142990 298.0 298
1677102144571 299.0 299
1677102144813 300.0 300
1677102145037 301.0 301
