1677101875552 17.852717876434326 1
1677101875821 18.1068332195282 2
1677101877580 19.865536212921143 3
1677101877807 20.089667320251465 4
1677101879387 21.672593355178833 5
1677101879620 21.906424522399902 6
1677101881157 23.448514223098755 7
1677101881377 23.667739391326904 8
1677101882897 25.18540096282959 9
1677101883116 25.40460443496704 10
1677101884717 27.003530502319336 11
1677101884928 27.216880798339844 12
1677101886490 28.779811143875122 13
1677101886712 29.002631664276123 14
1677101888293 30.581624031066895 15
1677101888510 30.799833297729492 16
1677101890068 32.34959650039673 17
1677101890281 32.56967782974243 18
1677101891884 34.17279267311096 19
1677101892103 34.39253282546997 20
1677101893654 35.93446183204651 21
1677101893875 36.156659841537476 22
1677101895422 37.70972657203674 23
1677101895661 37.94337320327759 24
1677101897195 39.48370909690857 25
1677101897414 39.703447341918945 26
1677101898957 41.23580002784729 27
1677101899180 41.463518142700195 28
1677101900740 43.0257511138916 29
1677101900971 43.25466322898865 30
1677101902720 44.999974727630615 31
1677101902955 45.23461604118347 32
1677101904697 46.97664952278137 33
1677101904947 47.2203323841095 34
1677101906607 48.891419887542725 35
1677101906816 49.103532791137695 36
1677101908372 50.65873908996582 37
1677101908598 50.88345527648926 38
1677101910160 52.448593616485596 39
1677101910385 52.67357921600342 40
1677101911946 54.23461031913757 41
1677101912172 54.45372271537781 42
1677101913715 55.9987998008728 43
1677101913927 56.215742349624634 44
1677101915446 57.72957134246826 45
1677101915660 57.940730810165405 46
1677101917243 59.526888370513916 47
1677101917466 59.7536256313324 48
1677101919023 61.30749702453613 49
1677101919242 61.527390241622925 50
1677101920771 63.055893659591675 51
1677101920989 63.274556398391724 52
1677101922544 64.82735562324524 53
1677101922773 65.05760478973389 54
1677101924373 66.6591124534607 55
1677101924593 66.87660360336304 56
1677101926178 68.46299934387207 57
1677101926397 68.68175721168518 58
1677101927978 70.26178860664368 59
1677101928195 70.48238158226013 60
1677101929757 72.03666639328003 61
1677101929980 72.26446747779846 62
1677101931568 73.84555411338806 63
1677101931808 74.0867235660553 64
1677101933570 75.84776544570923 65
1677101933809 76.08389663696289 66
1677101935579 77.85765051841736 67
1677101935822 78.0996482372284 68
1677101937430 79.71350884437561 69
1677101937644 79.92673230171204 70
1677101939220 81.50452160835266 71
1677101939442 81.72569727897644 72
1677101941003 83.28471732139587 73
1677101941225 83.50747013092041 74
1677101942750 85.03154683113098 75
1677101942969 85.24898266792297 76
1677101944530 86.80955266952515 77
1677101944758 87.03338074684143 78
1677101946296 88.58193802833557 79
1677101946603 88.87776899337769 80
1677101948286 90.56943106651306 81
1677101948518 90.80279040336609 82
1677101950215 92.49182891845703 83
1677101950461 92.73850059509277 84
1677101952050 94.33549571037292 85
1677101952261 94.545569896698 86
1677101953827 96.10351061820984 87
1677101954053 96.33779382705688 88
1677101955601 97.88696789741516 89
1677101955817 98.10368180274963 90
1677101957451 99.73073124885559 91
1677101957700 99.98359680175781 92
1677101959225 101.50769901275635 93
1677101959440 101.7240936756134 94
1677101961041 103.31878805160522 95
1677101961285 103.56332421302795 96
1677101963097 105.37657594680786 97
1677101963339 105.6127347946167 98
1677101965284 107.563551902771 99
1677101965526 107.80428433418274 100
1677101967215 109.49994468688965 101
1677101967429 109.71268701553345 102
1677101968993 111.27660655975342 103
1677101969214 111.4964804649353 104
1677101970765 113.043381690979 105
1677101970990 113.27135348320007 106
1677101972567 114.84433341026306 107
1677101972791 115.0739061832428 108
1677101974337 116.61786389350891 109
1677101974589 116.87262082099915 110
1677101976182 118.45980477333069 111
1677101976394 118.6775872707367 112
1677101978049 120.32976388931274 113
1677101978267 120.5502917766571 114
1677101979883 122.16457653045654 115
1677101980106 122.38733243942261 116
1677101981680 123.96242094039917 117
1677101981889 124.1737072467804 118
1677101983484 125.7676215171814 119
1677101983704 125.98751187324524 120
1677101985265 127.54732131958008 121
1677101985487 127.76983761787415 122
1677101987095 129.376699924469 123
1677101987317 129.59972953796387 124
1677101988872 131.15355348587036 125
1677101989097 131.3776876926422 126
1677101990744 133.02220487594604 127
1677101991001 133.2787642478943 128
1677101992644 134.9256567955017 129
1677101992858 135.13745713233948 130
1677101994467 136.78277850151062 131
1677101994682 136.9643268585205 132
1677101996251 138.529314994812 133
1677101996470 138.75172519683838 134
1677101998079 140.360422372818 135
1677101998329 140.5926399230957 136
1677101999962 142.24528241157532 137
1677102000196 142.47250509262085 138
1677102001911 144.2243423461914 139
1677102002137 144.41241002082825 140
1677102003746 146.022203207016 141
1677102003940 146.25067806243896 142
1677102005552 147.83115482330322 143
1677102005784 148.062513589859 144
1677102007448 149.7275607585907 145
1677102007678 149.95755434036255 146
1677102009294 151.56553721427917 147
1677102009545 151.81962180137634 148
1677102011269 153.55136108398438 149
1677102011496 153.77443599700928 150
1677102013131 155.4133279323578 151
1677102013348 155.6294665336609 152
1677102014845 157.15987420082092 153
1677102015059 157.3425681591034 154
1677102016595 158.87855911254883 155
1677102016827 159.10257935523987 156
1677102018447 160.72757697105408 157
1677102018665 160.94662976264954 158
1677102020247 162.52562618255615 159
1677102020492 162.75960516929626 160
1677102022053 164.33301711082458 161
1677102022283 164.56735253334045 162
1677102023851 166.13184237480164 163
1677102024082 166.35471391677856 164
1677102025685 167.96836733818054 165
1677102025899 168.18186569213867 166
1677102027503 169.77641034126282 167
1677102027761 170.03935313224792 168
1677102029404 171.68532991409302 169
1677102029632 171.90331721305847 170
1677102031244 173.52066922187805 171
1677102031484 173.76565790176392 172
1677102033187 175.46426343917847 173
1677102033420 175.70050883293152 174
1677102035059 177.3365614414215 175
1677102035300 177.56966066360474 176
1677102036891 179.20169138908386 177
1677102037094 179.3745081424713 178
1677102038872 181.14367651939392 179
1677102039128 181.39931058883667 180
1677102040749 183.02665781974792 181
1677102040983 183.25442600250244 182
1677102042663 184.9405915737152 183
1677102042873 185.15620732307434 184
1677102044393 186.6722593307495 185
1677102044610 186.89105606079102 186
1677102046175 188.4536097049713 187
1677102046413 188.69453024864197 188
1677102047985 190.2656762599945 189
1677102048204 190.48653507232666 190
1677102049672 191.95339012145996 191
1677102049921 192.1932454109192 192
1677102051452 193.7667407989502 193
1677102051672 193.95398998260498 194
1677102053146 195.42757058143616 195
1677102053396 195.6685335636139 196
1677102055002 197.28281116485596 197
1677102055231 197.51097416877747 198
1677102056730 199.0087878704071 199
1677102056957 199.2366144657135 200
1677102058446 200.7265818119049 201
1677102058685 200.96072602272034 202
1677102060224 202.5023913383484 203
1677102060458 202.73354506492615 204
1677102061976 204.2536141872406 205
1677102062200 204.48165321350098 206
1677102063695 205.97887921333313 207
1677102063915 206.1945297718048 208
1677102065447 207.72560858726501 209
1677102065671 207.95264220237732 210
1677102067183 209.46510529518127 211
1677102067423 209.7028136253357 212
1677102068928 211.20770859718323 213
1677102069172 211.45282888412476 214
1677102070669 212.94738268852234 215
1677102070900 213.17732095718384 216
1677102072407 214.68048810958862 217
1677102072641 214.9195556640625 218
1677102074150 216.4275143146515 219
1677102074376 216.65749716758728 220
1677102075941 218.21859049797058 221
1677102076171 218.45046210289001 222
1677102077781 220.05865216255188 223
1677102078022 220.29993414878845 224
1677102079560 221.84195065498352 225
1677102079780 222.0601134300232 226
1677102081309 223.58533191680908 227
1677102081547 223.82578778266907 228
1677102083040 225.32044315338135 229
1677102083262 225.540776014328 230
1677102084787 227.06685066223145 231
1677102085006 227.28682899475098 232
1677102086550 228.82652688026428 233
1677102086774 229.05282330513 234
1677102088275 230.55070614814758 235
1677102088501 230.77752256393433 236
1677102090025 232.30143666267395 237
1677102090256 232.53070545196533 238
1677102091778 234.05878806114197 239
1677102092005 234.28235721588135 240
1677102093535 235.81457662582397 241
1677102093771 236.0505588054657 242
1677102095314 237.589772939682 243
1677102095543 237.82251596450806 244
1677102097037 239.317321062088 245
1677102097259 239.53846716880798 246
1677102098735 241.01368618011475 247
1677102098966 241.24176120758057 248
1677102100500 242.77655053138733 249
1677102100720 242.99962043762207 250
1677102102244 244.52073788642883 251
1677102102472 244.7504961490631 252
1677102104004 246.2758083343506 253
1677102104232 246.5073356628418 254
1677102105731 248.0084753036499 255
1677102105953 248.23072171211243 256
1677102107462 249.73746466636658 257
1677102107694 249.9725422859192 258
1677102109270 251.54170751571655 259
1677102109498 251.7735562324524 260
1677102111021 253.2996621131897 261
1677102111247 253.5237591266632 262
1677102112765 255.0354130268097 263
1677102112997 255.2708375453949 264
1677102114482 256.7573947906494 265
1677102114720 256.99463987350464 266
1677102116216 258.4943377971649 267
1677102116446 258.7228653430939 268
1677102118021 260.29538202285767 269
1677102118252 260.52841806411743 270
1677102119752 262.026793718338 271
1677102119990 262.26760506629944 272
1677102121523 263.7935450077057 273
1677102121756 264.02966570854187 274
1677102123297 265.57162165641785 275
1677102123517 265.7937228679657 276
1677102125061 267.3357231616974 277
1677102125291 267.56650853157043 278
1677102126841 269.114488363266 279
1677102127069 269.3428337574005 280
1677102128581 270.857403755188 281
1677102128800 271.0776700973511 282
1677102130285 272.5604317188263 283
1677102130524 272.7987484931946 284
1677102132025 274.3007528781891 285
1677102132279 274.5535988807678 286
1677102133792 276.0654854774475 287
1677102134023 276.29765462875366 288
1677102135559 277.83466029167175 289
1677102135787 278.06366872787476 290
1677102137312 279.5865578651428 291
1677102137540 279.8151886463165 292
1677102139103 281.3754234313965 293
1677102139338 281.6127026081085 294
1677102140975 283.24248814582825 295
1677102141217 283.4917597770691 296
1677102142756 285.03078722953796 297
1677102142985 285.25562381744385 298
1677102144567 286.8184139728546 299
1677102144809 287.07655119895935 300
1677102145032 287.30065631866455 301
