1677101875555 17.852717876434326 1
1677101875824 18.1068332195282 2
1677101877583 19.865536212921143 3
1677101877809 20.089667320251465 4
1677101879390 21.672593355178833 5
1677101879622 21.906424522399902 6
1677101881160 23.448514223098755 7
1677101881380 23.667739391326904 8
1677101882900 25.18540096282959 9
1677101883120 25.40460443496704 10
1677101884719 27.003530502319336 11
1677101884930 27.216880798339844 12
1677101886492 28.779811143875122 13
1677101886715 29.002631664276123 14
1677101888295 30.581624031066895 15
1677101888512 30.799833297729492 16
1677101890071 32.34959650039673 17
1677101890283 32.56967782974243 18
1677101891887 34.17279267311096 19
1677101892105 34.39253282546997 20
1677101893656 35.93446183204651 21
1677101893877 36.156659841537476 22
1677101895425 37.70972657203674 23
1677101895663 37.94337320327759 24
1677101897197 39.48370909690857 25
1677101897417 39.703447341918945 26
1677101898960 41.23580002784729 27
1677101899183 41.463518142700195 28
1677101900750 43.0257511138916 29
1677101900973 43.25466322898865 30
1677101902722 44.999974727630615 31
1677101902957 45.23461604118347 32
1677101904700 46.97664952278137 33
1677101904950 47.2203323841095 34
1677101906609 48.891419887542725 35
1677101906818 49.103532791137695 36
1677101908374 50.65873908996582 37
1677101908600 50.88345527648926 38
1677101910163 52.448593616485596 39
1677101910388 52.67357921600342 40
1677101911949 54.23461031913757 41
1677101912174 54.45372271537781 42
1677101913719 55.9987998008728 43
1677101913930 56.215742349624634 44
1677101915450 57.72957134246826 45
1677101915664 57.940730810165405 46
1677101917245 59.526888370513916 47
1677101917470 59.7536256313324 48
1677101919025 61.30749702453613 49
1677101919245 61.527390241622925 50
1677101920773 63.055893659591675 51
1677101920991 63.274556398391724 52
1677101922546 64.82735562324524 53
1677101922776 65.05760478973389 54
1677101924375 66.6591124534607 55
1677101924595 66.87660360336304 56
1677101926180 68.46299934387207 57
1677101926400 68.68175721168518 58
1677101927981 70.26178860664368 59
1677101928198 70.48238158226013 60
1677101929761 72.03666639328003 61
1677101929982 72.26446747779846 62
1677101931571 73.84555411338806 63
1677101931811 74.0867235660553 64
1677101933573 75.84776544570923 65
1677101933811 76.08389663696289 66
1677101935582 77.85765051841736 67
1677101935825 78.0996482372284 68
1677101937432 79.71350884437561 69
1677101937647 79.92673230171204 70
1677101939223 81.50452160835266 71
1677101939445 81.72569727897644 72
1677101941006 83.28471732139587 73
1677101941228 83.50747013092041 74
1677101942753 85.03154683113098 75
1677101942971 85.24898266792297 76
1677101944533 86.80955266952515 77
1677101944761 87.03338074684143 78
1677101946298 88.58193802833557 79
1677101946606 88.87776899337769 80
1677101948290 90.56943106651306 81
1677101948521 90.80279040336609 82
1677101950218 92.49182891845703 83
1677101950464 92.73850059509277 84
1677101952052 94.33549571037292 85
1677101952264 94.545569896698 86
1677101953831 96.10351061820984 87
1677101954057 96.33779382705688 88
1677101955604 97.88696789741516 89
1677101955820 98.10368180274963 90
1677101957456 99.73073124885559 91
1677101957703 99.98359680175781 92
1677101959227 101.50769901275635 93
1677101959443 101.7240936756134 94
1677101961043 103.31878805160522 95
1677101961288 103.56332421302795 96
1677101963099 105.37657594680786 97
1677101963342 105.6127347946167 98
1677101965286 107.563551902771 99
1677101965529 107.80428433418274 100
1677101967217 109.49994468688965 101
1677101967431 109.71268701553345 102
1677101968995 111.27660655975342 103
1677101969217 111.4964804649353 104
1677101970768 113.043381690979 105
1677101970992 113.27135348320007 106
1677101972571 114.84433341026306 107
1677101972794 115.0739061832428 108
1677101974340 116.61786389350891 109
1677101974593 116.87262082099915 110
1677101976184 118.45980477333069 111
1677101976397 118.6775872707367 112
1677101978052 120.32976388931274 113
1677101978272 120.5502917766571 114
1677101979886 122.16457653045654 115
1677101980108 122.38733243942261 116
1677101981682 123.96242094039917 117
1677101981892 124.1737072467804 118
1677101983487 125.7676215171814 119
1677101983706 125.98751187324524 120
1677101985268 127.54732131958008 121
1677101985489 127.76983761787415 122
1677101987097 129.376699924469 123
1677101987320 129.59972953796387 124
1677101988875 131.15355348587036 125
1677101989100 131.3776876926422 126
1677101990747 133.02220487594604 127
1677101991004 133.2787642478943 128
1677101992647 134.9256567955017 129
1677101992861 135.13745713233948 130
1677101994471 136.78277850151062 131
1677101994685 136.9643268585205 132
1677101996253 138.529314994812 133
1677101996473 138.75172519683838 134
1677101998081 140.360422372818 135
1677101998332 140.5926399230957 136
1677101999965 142.24528241157532 137
1677102000199 142.47250509262085 138
1677102001913 144.2243423461914 139
1677102002139 144.41241002082825 140
1677102003748 146.022203207016 141
1677102003943 146.25067806243896 142
1677102005555 147.83115482330322 143
1677102005787 148.062513589859 144
1677102007450 149.7275607585907 145
1677102007680 149.95755434036255 146
1677102009297 151.56553721427917 147
1677102009547 151.81962180137634 148
1677102011272 153.55136108398438 149
1677102011500 153.77443599700928 150
1677102013134 155.4133279323578 151
1677102013350 155.6294665336609 152
1677102014847 157.15987420082092 153
1677102015061 157.3425681591034 154
1677102016599 158.87855911254883 155
1677102016829 159.10257935523987 156
1677102018450 160.72757697105408 157
1677102018667 160.94662976264954 158
1677102020249 162.52562618255615 159
1677102020495 162.75960516929626 160
1677102022056 164.33301711082458 161
1677102022285 164.56735253334045 162
1677102023853 166.13184237480164 163
1677102024085 166.35471391677856 164
1677102025687 167.96836733818054 165
1677102025901 168.18186569213867 166
1677102027507 169.77641034126282 167
1677102027763 170.03935313224792 168
1677102029407 171.68532991409302 169
1677102029634 171.90331721305847 170
1677102031247 173.52066922187805 171
1677102031486 173.76565790176392 172
1677102033190 175.46426343917847 173
1677102033423 175.70050883293152 174
1677102035062 177.3365614414215 175
1677102035302 177.56966066360474 176
1677102036893 179.20169138908386 177
1677102037097 179.3745081424713 178
1677102038875 181.14367651939392 179
1677102039130 181.39931058883667 180
1677102040752 183.02665781974792 181
1677102040985 183.25442600250244 182
1677102042665 184.9405915737152 183
1677102042875 185.15620732307434 184
1677102044396 186.6722593307495 185
1677102044612 186.89105606079102 186
1677102046179 188.4536097049713 187
1677102046416 188.69453024864197 188
1677102047988 190.2656762599945 189
1677102048207 190.48653507232666 190
1677102049675 191.95339012145996 191
1677102049924 192.1932454109192 192
1677102051455 193.7667407989502 193
1677102051674 193.95398998260498 194
1677102053149 195.42757058143616 195
1677102053399 195.6685335636139 196
1677102055005 197.28281116485596 197
1677102055234 197.51097416877747 198
1677102056731 199.0087878704071 199
1677102056961 199.2366144657135 200
1677102058449 200.7265818119049 201
1677102058689 200.96072602272034 202
1677102060227 202.5023913383484 203
1677102060460 202.73354506492615 204
1677102061980 204.2536141872406 205
1677102062202 204.48165321350098 206
1677102063697 205.97887921333313 207
1677102063919 206.1945297718048 208
1677102065450 207.72560858726501 209
1677102065674 207.95264220237732 210
1677102067186 209.46510529518127 211
1677102067426 209.7028136253357 212
1677102068930 211.20770859718323 213
1677102069174 211.45282888412476 214
1677102070672 212.94738268852234 215
1677102070903 213.17732095718384 216
1677102072410 214.68048810958862 217
1677102072644 214.9195556640625 218
1677102074153 216.4275143146515 219
1677102074379 216.65749716758728 220
1677102075944 218.21859049797058 221
1677102076174 218.45046210289001 222
1677102077784 220.05865216255188 223
1677102078025 220.29993414878845 224
1677102079562 221.84195065498352 225
1677102079783 222.0601134300232 226
1677102081312 223.58533191680908 227
1677102081550 223.82578778266907 228
1677102083042 225.32044315338135 229
1677102083265 225.540776014328 230
1677102084790 227.06685066223145 231
1677102085008 227.28682899475098 232
1677102086553 228.82652688026428 233
1677102086777 229.05282330513 234
1677102088277 230.55070614814758 235
1677102088503 230.77752256393433 236
1677102090027 232.30143666267395 237
1677102090259 232.53070545196533 238
1677102091780 234.05878806114197 239
1677102092007 234.28235721588135 240
1677102093538 235.81457662582397 241
1677102093774 236.0505588054657 242
1677102095316 237.589772939682 243
1677102095545 237.82251596450806 244
1677102097040 239.317321062088 245
1677102097261 239.53846716880798 246
1677102098737 241.01368618011475 247
1677102098969 241.24176120758057 248
1677102100502 242.77655053138733 249
1677102100722 242.99962043762207 250
1677102102246 244.52073788642883 251
1677102102474 244.7504961490631 252
1677102104006 246.2758083343506 253
1677102104235 246.5073356628418 254
1677102105733 248.0084753036499 255
1677102105955 248.23072171211243 256
1677102107464 249.73746466636658 257
1677102107696 249.9725422859192 258
1677102109272 251.54170751571655 259
1677102109501 251.7735562324524 260
1677102111023 253.2996621131897 261
1677102111249 253.5237591266632 262
1677102112769 255.0354130268097 263
1677102113000 255.2708375453949 264
1677102114485 256.7573947906494 265
1677102114723 256.99463987350464 266
1677102116219 258.4943377971649 267
1677102116449 258.7228653430939 268
1677102118023 260.29538202285767 269
1677102118255 260.52841806411743 270
1677102119755 262.026793718338 271
1677102119993 262.26760506629944 272
1677102121525 263.7935450077057 273
1677102121759 264.02966570854187 274
1677102123300 265.57162165641785 275
1677102123519 265.7937228679657 276
1677102125063 267.3357231616974 277
1677102125294 267.56650853157043 278
1677102126844 269.114488363266 279
1677102127071 269.3428337574005 280
1677102128583 270.857403755188 281
1677102128801 271.0776700973511 282
1677102130287 272.5604317188263 283
1677102130525 272.7987484931946 284
1677102132027 274.3007528781891 285
1677102132282 274.5535988807678 286
1677102133794 276.0654854774475 287
1677102134025 276.29765462875366 288
1677102135562 277.83466029167175 289
1677102135790 278.06366872787476 290
1677102137315 279.5865578651428 291
1677102137543 279.8151886463165 292
1677102139106 281.3754234313965 293
1677102139341 281.6127026081085 294
1677102140978 283.24248814582825 295
1677102141219 283.4917597770691 296
1677102142758 285.03078722953796 297
1677102142986 285.25562381744385 298
1677102144569 286.8184139728546 299
1677102144811 287.07655119895935 300
1677102145035 287.30065631866455 301
