1679778474835 1.0 1
1679778475073 2.0 2
1679778476753 3.0 3
1679778476985 4.0 4
1679778478725 5.0 5
1679778478927 6.0 6
1679778480447 7.0 7
1679778480661 8.0 8
1679778482228 9.0 9
1679778482443 10.0 10
1679778484008 11.0 11
1679778484201 12.0 12
1679778485732 13.0 13
1679778485970 14.0 14
1679778487553 15.0 15
1679778487769 16.0 16
1679778489366 17.0 17
1679778489588 18.0 18
1679778491023 19.0 19
1679778491249 20.0 20
1679778492725 21.0 21
1679778492930 22.0 22
1679778494420 23.0 23
1679778494605 24.0 24
1679778495966 25.0 25
1679778496153 26.0 26
1679778497793 27.0 27
1679778498006 28.0 28
1679778499576 29.0 29
1679778499885 30.0 30
1679778501339 31.0 31
1679778501535 32.0 32
1679778502881 33.0 33
1679778503075 34.0 34
1679778504481 35.0 35
1679778504673 36.0 36
1679778506179 37.0 37
1679778506388 38.0 38
1679778507949 39.0 39
1679778508161 40.0 40
1679778509709 41.0 41
1679778510008 42.0 42
1679778511449 43.0 43
1679778511636 44.0 44
1679778513002 45.0 45
1679778513181 46.0 46
1679778514850 47.0 47
1679778515048 48.0 48
1679778516581 49.0 49
1679778516800 50.0 50
1679778518341 51.0 51
1679778518552 52.0 52
1679778520090 53.0 53
1679778520296 54.0 54
1679778521831 55.0 55
1679778522037 56.0 56
1679778523556 57.0 57
1679778523769 58.0 58
1679778525280 59.0 59
1679778525486 60.0 60
1679778526967 61.0 61
1679778527186 62.0 62
1679778528656 63.0 63
1679778528854 64.0 64
1679778530268 65.0 65
1679778530449 66.0 66
1679778531955 67.0 67
1679778532150 68.0 68
1679778533755 69.0 69
1679778533969 70.0 70
1679778535545 71.0 71
1679778535750 72.0 72
1679778537293 73.0 73
1679778537501 74.0 74
1679778538970 75.0 75
1679778539168 76.0 76
1679778540609 77.0 77
1679778540802 78.0 78
1679778542329 79.0 79
1679778542529 80.0 80
1679778544004 81.0 81
1679778544210 82.0 82
1679778545662 83.0 83
1679778545865 84.0 84
1679778547316 85.0 85
1679778547509 86.0 86
1679778549005 87.0 87
1679778549198 88.0 88
1679778550645 89.0 89
1679778550830 90.0 90
1679778552320 91.0 91
1679778552510 92.0 92
1679778554006 93.0 93
1679778554219 94.0 94
1679778555750 95.0 95
1679778555958 96.0 96
1679778557369 97.0 97
1679778557567 98.0 98
1679778559050 99.0 99
1679778559305 100.0 100
1679778560964 101.0 101
1679778561170 102.0 102
1679778562900 103.0 103
1679778563119 104.0 104
1679778564742 105.0 105
1679778564990 106.0 106
1679778566661 107.0 107
1679778566872 108.0 108
1679778568364 109.0 109
1679778568587 110.0 110
1679778570067 111.0 111
1679778570290 112.0 112
1679778571785 113.0 113
1679778572006 114.0 114
1679778573522 115.0 115
1679778573807 116.0 116
1679778575231 117.0 117
1679778575438 118.0 118
1679778576888 119.0 119
1679778577075 120.0 120
1679778578509 121.0 121
1679778578703 122.0 122
1679778580109 123.0 123
1679778580307 124.0 124
1679778581836 125.0 125
1679778582054 126.0 126
1679778583507 127.0 127
1679778583791 128.0 128
1679778585234 129.0 129
1679778585434 130.0 130
1679778586971 131.0 131
1679778587173 132.0 132
1679778588622 133.0 133
1679778588815 134.0 134
1679778590216 135.0 135
1679778590404 136.0 136
1679778591806 137.0 137
1679778592040 138.0 138
1679778593595 139.0 139
1679778593812 140.0 140
1679778595472 141.0 141
1679778595692 142.0 142
1679778597248 143.0 143
1679778597462 144.0 144
1679778598955 145.0 145
1679778599159 146.0 146
1679778600633 147.0 147
1679778600830 148.0 148
1679778602281 149.0 149
1679778602524 150.0 150
1679778604074 151.0 151
1679778604277 152.0 152
1679778605805 153.0 153
1679778605997 154.0 154
1679778607457 155.0 155
1679778607692 156.0 156
1679778609296 157.0 157
1679778609495 158.0 158
1679778610910 159.0 159
1679778611107 160.0 160
1679778612496 161.0 161
1679778612705 162.0 162
1679778614270 163.0 163
1679778614495 164.0 164
1679778616257 165.0 165
1679778616485 166.0 166
1679778618123 167.0 167
1679778618365 168.0 168
1679778620061 169.0 169
1679778620271 170.0 170
1679778621799 171.0 171
1679778621995 172.0 172
1679778623460 173.0 173
1679778623706 174.0 174
1679778625308 175.0 175
1679778625508 176.0 176
1679778627101 177.0 177
1679778627327 178.0 178
1679778628969 179.0 179
1679778629219 180.0 180
1679778630754 181.0 181
1679778630974 182.0 182
1679778632458 183.0 183
1679778632661 184.0 184
1679778634180 185.0 185
1679778634401 186.0 186
1679778635989 187.0 187
1679778636197 188.0 188
1679778637829 189.0 189
1679778638051 190.0 190
1679778639500 191.0 191
1679778639738 192.0 192
1679778641276 193.0 193
1679778641482 194.0 194
1679778643051 195.0 195
1679778643253 196.0 196
1679778644670 197.0 197
1679778644922 198.0 198
1679778646467 199.0 199
1679778646666 200.0 200
1679778648059 201.0 201
1679778648335 202.0 202
1679778649728 203.0 203
1679778649975 204.0 204
1679778651557 205.0 205
1679778651764 206.0 206
1679778653298 207.0 207
1679778653537 208.0 208
1679778655109 209.0 209
1679778655362 210.0 210
1679778657000 211.0 211
1679778657216 212.0 212
1679778658729 213.0 213
1679778659017 214.0 214
1679778660521 215.0 215
1679778660760 216.0 216
1679778662360 217.0 217
1679778662593 218.0 218
1679778664257 219.0 219
1679778664439 220.0 220
1679778666008 221.0 221
1679778666238 222.0 222
1679778667901 223.0 223
1679778668104 224.0 224
1679778669718 225.0 225
1679778669933 226.0 226
1679778671378 227.0 227
1679778671588 228.0 228
1679778673020 229.0 229
1679778673207 230.0 230
1679778674604 231.0 231
1679778674805 232.0 232
1679778676259 233.0 233
1679778676456 234.0 234
1679778677979 235.0 235
1679778678183 236.0 236
1679778679629 237.0 237
1679778679835 238.0 238
1679778681365 239.0 239
1679778681596 240.0 240
1679778683117 241.0 241
1679778683318 242.0 242
1679778684799 243.0 243
1679778685029 244.0 244
1679778686666 245.0 245
1679778686991 246.0 246
1679778688717 247.0 247
1679778688972 248.0 248
1679778690524 249.0 249
1679778690735 250.0 250
1679778692296 251.0 251
1679778692534 252.0 252
1679778694153 253.0 253
1679778694370 254.0 254
1679778695827 255.0 255
1679778696035 256.0 256
1679778697513 257.0 257
1679778697756 258.0 258
1679778699388 259.0 259
1679778699615 260.0 260
1679778701109 261.0 261
1679778701311 262.0 262
1679778702817 263.0 263
1679778703083 264.0 264
1679778704670 265.0 265
1679778704898 266.0 266
1679778706367 267.0 267
1679778706595 268.0 268
1679778708219 269.0 269
1679778708458 270.0 270
1679778710109 271.0 271
1679778710326 272.0 272
1679778711885 273.0 273
1679778712122 274.0 274
1679778713810 275.0 275
1679778714078 276.0 276
1679778715826 277.0 277
1679778716058 278.0 278
1679778717639 279.0 279
1679778717853 280.0 280
1679778719489 281.0 281
1679778719737 282.0 282
1679778721417 283.0 283
1679778721652 284.0 284
1679778723225 285.0 285
1679778723443 286.0 286
1679778724929 287.0 287
1679778725228 288.0 288
1679778726756 289.0 289
1679778726974 290.0 290
1679778728381 291.0 291
1679778728586 292.0 292
1679778729975 293.0 293
1679778730204 294.0 294
1679778731785 295.0 295
1679778731989 296.0 296
1679778733369 297.0 297
1679778733589 298.0 298
1679778735001 299.0 299
1679778735315 300.0 300
1679778735462 301.0 301
