1679778474830 24528.0 1
1679778475067 24528.0 2
1679778476747 24528.0 3
1679778476979 24528.0 4
1679778478721 24528.0 5
1679778478922 24528.0 6
1679778480442 24528.0 7
1679778480657 24528.0 8
1679778482224 24528.0 9
1679778482439 24528.0 10
1679778484003 24528.0 11
1679778484197 24528.0 12
1679778485728 24528.0 13
1679778485964 24528.0 14
1679778487547 24528.0 15
1679778487765 24528.0 16
1679778489360 24528.0 17
1679778489584 24528.0 18
1679778491018 24528.0 19
1679778491243 24528.0 20
1679778492721 24528.0 21
1679778492926 24528.0 22
1679778494416 24528.0 23
1679778494600 24528.0 24
1679778495962 24528.0 25
1679778496148 24528.0 26
1679778497788 24528.0 27
1679778498001 24528.0 28
1679778499569 24528.0 29
1679778499881 24528.0 30
1679778501335 24528.0 31
1679778501531 24528.0 32
1679778502876 24528.0 33
1679778503071 24528.0 34
1679778504477 24528.0 35
1679778504669 24528.0 36
1679778506173 24528.0 37
1679778506383 24528.0 38
1679778507945 24528.0 39
1679778508156 24528.0 40
1679778509705 24528.0 41
1679778510003 24528.0 42
1679778511444 24528.0 43
1679778511631 24528.0 44
1679778512998 24528.0 45
1679778513177 24528.0 46
1679778514846 24528.0 47
1679778515044 24528.0 48
1679778516576 24528.0 49
1679778516796 24528.0 50
1679778518336 24528.0 51
1679778518547 24528.0 52
1679778520085 24528.0 53
1679778520291 24528.0 54
1679778521826 24528.0 55
1679778522033 24528.0 56
1679778523551 24528.0 57
1679778523764 24528.0 58
1679778525274 24528.0 59
1679778525481 24528.0 60
1679778526963 24528.0 61
1679778527181 24528.0 62
1679778528649 24528.0 63
1679778528849 24528.0 64
1679778530262 24528.0 65
1679778530445 24528.0 66
1679778531949 24528.0 67
1679778532146 24528.0 68
1679778533750 24528.0 69
1679778533965 24528.0 70
1679778535539 24528.0 71
1679778535745 24528.0 72
1679778537289 24528.0 73
1679778537495 24528.0 74
1679778538966 24528.0 75
1679778539163 24528.0 76
1679778540605 24528.0 77
1679778540798 24528.0 78
1679778542324 24528.0 79
1679778542525 24528.0 80
1679778543999 24528.0 81
1679778544205 24528.0 82
1679778545658 24528.0 83
1679778545859 24528.0 84
1679778547311 24528.0 85
1679778547504 24528.0 86
1679778549001 24528.0 87
1679778549194 24528.0 88
1679778550641 24528.0 89
1679778550825 24528.0 90
1679778552315 24528.0 91
1679778552506 24528.0 92
1679778554000 24528.0 93
1679778554215 24528.0 94
1679778555746 24528.0 95
1679778555954 24528.0 96
1679778557365 24528.0 97
1679778557562 24528.0 98
1679778559046 24528.0 99
1679778559300 24528.0 100
1679778560959 24528.0 101
1679778561166 24528.0 102
1679778562894 24528.0 103
1679778563114 24528.0 104
1679778564737 24528.0 105
1679778564985 24528.0 106
1679778566655 24528.0 107
1679778566868 24528.0 108
1679778568360 24528.0 109
1679778568582 24528.0 110
1679778570063 24528.0 111
1679778570286 24528.0 112
1679778571781 24528.0 113
1679778572001 24528.0 114
1679778573518 24528.0 115
1679778573803 24528.0 116
1679778575227 24528.0 117
1679778575434 24528.0 118
1679778576884 24528.0 119
1679778577071 24528.0 120
1679778578504 24528.0 121
1679778578699 24528.0 122
1679778580104 24528.0 123
1679778580302 24528.0 124
1679778581832 24528.0 125
1679778582049 24528.0 126
1679778583503 24528.0 127
1679778583787 24528.0 128
1679778585229 24528.0 129
1679778585429 24528.0 130
1679778586966 24528.0 131
1679778587168 24528.0 132
1679778588617 24528.0 133
1679778588810 24528.0 134
1679778590212 24528.0 135
1679778590399 24528.0 136
1679778591801 24528.0 137
1679778592035 24528.0 138
1679778593592 24528.0 139
1679778593807 24528.0 140
1679778595467 24528.0 141
1679778595687 24528.0 142
1679778597243 24528.0 143
1679778597457 24528.0 144
1679778598951 24528.0 145
1679778599154 24528.0 146
1679778600629 24528.0 147
1679778600825 24528.0 148
1679778602276 24528.0 149
1679778602519 24528.0 150
1679778604069 24528.0 151
1679778604271 24528.0 152
1679778605799 24528.0 153
1679778605994 24528.0 154
1679778607452 24528.0 155
1679778607687 24528.0 156
1679778609291 24528.0 157
1679778609490 24528.0 158
1679778610906 24528.0 159
1679778611103 24528.0 160
1679778612492 24528.0 161
1679778612700 24528.0 162
1679778614266 24528.0 163
1679778614490 24528.0 164
1679778616252 24528.0 165
1679778616481 24528.0 166
1679778618114 24528.0 167
1679778618360 24528.0 168
1679778620056 24528.0 169
1679778620267 24528.0 170
1679778621794 24528.0 171
1679778621990 24528.0 172
1679778623456 24528.0 173
1679778623700 24528.0 174
1679778625303 24528.0 175
1679778625504 24528.0 176
1679778627096 24528.0 177
1679778627322 24528.0 178
1679778628964 24528.0 179
1679778629214 24528.0 180
1679778630748 24528.0 181
1679778630969 24528.0 182
1679778632452 24528.0 183
1679778632657 24528.0 184
1679778634175 24528.0 185
1679778634396 24528.0 186
1679778635984 24528.0 187
1679778636192 24528.0 188
1679778637824 24528.0 189
1679778638047 24528.0 190
1679778639497 24528.0 191
1679778639731 24528.0 192
1679778641272 24528.0 193
1679778641477 24528.0 194
1679778643046 24528.0 195
1679778643249 24528.0 196
1679778644665 24528.0 197
1679778644915 24528.0 198
1679778646463 24528.0 199
1679778646661 24528.0 200
1679778648055 24528.0 201
1679778648331 24528.0 202
1679778649724 24528.0 203
1679778649971 24528.0 204
1679778651552 24528.0 205
1679778651760 24528.0 206
1679778653293 24528.0 207
1679778653532 24528.0 208
1679778655102 24528.0 209
1679778655356 24528.0 210
1679778656995 24528.0 211
1679778657212 24528.0 212
1679778658724 24528.0 213
1679778659013 24528.0 214
1679778660517 24528.0 215
1679778660755 24528.0 216
1679778662356 24528.0 217
1679778662587 24528.0 218
1679778664253 24528.0 219
1679778664434 24528.0 220
1679778666004 24528.0 221
1679778666233 24528.0 222
1679778667895 24528.0 223
1679778668099 24528.0 224
1679778669714 24528.0 225
1679778669929 24528.0 226
1679778671373 24528.0 227
1679778671584 24528.0 228
1679778673015 24528.0 229
1679778673203 24528.0 230
1679778674600 24528.0 231
1679778674800 24528.0 232
1679778676254 24528.0 233
1679778676451 24528.0 234
1679778677974 24528.0 235
1679778678178 24528.0 236
1679778679625 24528.0 237
1679778679830 24528.0 238
1679778681361 24528.0 239
1679778681591 24528.0 240
1679778683113 24528.0 241
1679778683314 24528.0 242
1679778684795 24528.0 243
1679778685025 24528.0 244
1679778686661 24528.0 245
1679778686984 24528.0 246
1679778688712 24528.0 247
1679778688966 24528.0 248
1679778690520 24528.0 249
1679778690730 24528.0 250
1679778692291 24528.0 251
1679778692529 24528.0 252
1679778694148 24528.0 253
1679778694366 24528.0 254
1679778695822 24528.0 255
1679778696030 24528.0 256
1679778697508 24528.0 257
1679778697751 24528.0 258
1679778699382 24528.0 259
1679778699612 24528.0 260
1679778701104 24528.0 261
1679778701307 24528.0 262
1679778702813 24528.0 263
1679778703079 24528.0 264
1679778704665 24528.0 265
1679778704894 24528.0 266
1679778706362 24528.0 267
1679778706591 24528.0 268
1679778708214 24528.0 269
1679778708454 24528.0 270
1679778710105 24528.0 271
1679778710322 24528.0 272
1679778711878 24528.0 273
1679778712117 24528.0 274
1679778713804 24528.0 275
1679778714073 24528.0 276
1679778715821 24528.0 277
1679778716053 24528.0 278
1679778717634 24528.0 279
1679778717848 24528.0 280
1679778719485 24528.0 281
1679778719732 24528.0 282
1679778721411 24528.0 283
1679778721646 24528.0 284
1679778723221 24528.0 285
1679778723438 24528.0 286
1679778724925 24528.0 287
1679778725224 24528.0 288
1679778726752 24528.0 289
1679778726970 24528.0 290
1679778728377 24528.0 291
1679778728581 24528.0 292
1679778729971 24528.0 293
1679778730199 24528.0 294
1679778731780 24528.0 295
1679778731985 24528.0 296
1679778733365 24528.0 297
1679778733584 24528.0 298
1679778734997 24528.0 299
1679778735309 24528.0 300
1679778735458 24528.0 301
