1679778474831 4.086405515670776 1
1679778475069 4.304524183273315 2
1679778476749 5.986239671707153 3
1679778476980 6.217446804046631 4
1679778478722 7.968482732772827 5
1679778478924 8.1681489944458 6
1679778480444 9.690136671066284 7
1679778480659 9.900374412536621 8
1679778482226 11.46834659576416 9
1679778482440 11.683335304260254 10
1679778484004 13.250086545944214 11
1679778484198 13.442254543304443 12
1679778485730 14.972238302230835 13
1679778485966 15.200317859649658 14
1679778487550 16.79247260093689 15
1679778487767 17.00149631500244 16
1679778489361 18.605595588684082 17
1679778489585 18.8270206451416 18
1679778491020 20.294885396957397 19
1679778491245 20.47355842590332 20
1679778492722 21.968549489974976 21
1679778492928 22.17326855659485 22
1679778494418 23.661759614944458 23
1679778494601 23.85040545463562 24
1679778495963 25.205353260040283 25
1679778496150 25.391717433929443 26
1679778497790 27.014251470565796 27
1679778498002 27.2432804107666 28
1679778499572 28.84203791618347 29
1679778499882 29.12843346595764 30
1679778501336 30.583190202713013 31
1679778501532 30.770458936691284 32
1679778502878 32.123279094696045 33
1679778503072 32.31425356864929 34
1679778504478 33.7154803276062 35
1679778504670 33.91316795349121 36
1679778506174 35.41439604759216 37
1679778506385 35.623621463775635 38
1679778507947 37.18221354484558 39
1679778508157 37.391212940216064 40
1679778509706 38.94176506996155 41
1679778510004 39.23237109184265 42
1679778511445 40.68920063972473 43
1679778511633 40.87827920913696 44
1679778513000 42.24556493759155 45
1679778513179 42.423224449157715 46
1679778514847 44.11907744407654 47
1679778515046 44.28829860687256 48
1679778516578 45.815171003341675 49
1679778516797 46.03558158874512 50
1679778518337 47.57543230056763 51
1679778518548 47.7836856842041 52
1679778520087 49.32531952857971 53
1679778520292 49.53420400619507 54
1679778521827 51.06777000427246 55
1679778522034 51.271997690200806 56
1679778523553 52.79627299308777 57
1679778523766 52.99924302101135 58
1679778525276 54.51736307144165 59
1679778525482 54.72059106826782 60
1679778526965 56.20320129394531 61
1679778527183 56.421494007110596 62
1679778528651 57.88651943206787 63
1679778528851 58.09244179725647 64
1679778530264 59.53823137283325 65
1679778530447 59.68927788734436 66
1679778531951 61.18038868904114 67
1679778532147 61.39122438430786 68
1679778533751 62.98934483528137 69
1679778533966 63.202277183532715 70
1679778535541 64.7734112739563 71
1679778535747 64.98165035247803 72
1679778537290 66.53218126296997 73
1679778537497 66.73213362693787 74
1679778538968 68.21004486083984 75
1679778539165 68.40239238739014 76
1679778540606 69.84999060630798 77
1679778540800 70.03830528259277 78
1679778542326 71.56624579429626 79
1679778542526 71.76526498794556 80
1679778544001 73.24414300918579 81
1679778544207 73.44426465034485 82
1679778545659 74.9341812133789 83
1679778545861 75.09428668022156 84
1679778547313 76.55316376686096 85
1679778547506 76.74773812294006 86
1679778549002 78.24640369415283 87
1679778549196 78.43622589111328 88
1679778550642 79.88645362854004 89
1679778550827 80.06826758384705 90
1679778552317 81.55854177474976 91
1679778552508 81.74921870231628 92
1679778554002 83.23640060424805 93
1679778554216 83.45539331436157 94
1679778555748 84.9896593093872 95
1679778555955 85.19210529327393 96
1679778557366 86.60763311386108 97
1679778557564 86.79900074005127 98
1679778559048 88.27533030509949 99
1679778559302 88.51904606819153 100
1679778560960 90.22915983200073 101
1679778561167 90.40347743034363 102
1679778562896 92.12760210037231 103
1679778563115 92.34322357177734 104
1679778564739 93.9634940624237 105
1679778564986 94.20332407951355 106
1679778566658 95.88697791099548 107
1679778566869 96.10406017303467 108
1679778568361 97.5933096408844 109
1679778568584 97.8130784034729 110
1679778570064 99.30480885505676 111
1679778570288 99.5190920829773 112
1679778571782 101.01475429534912 113
1679778572003 101.23319864273071 114
1679778573519 102.75724411010742 115
1679778573804 103.04214906692505 116
1679778575228 104.50008153915405 117
1679778575436 104.67417311668396 118
1679778576886 106.12688374519348 119
1679778577072 106.31528520584106 120
1679778578506 107.74305009841919 121
1679778578700 107.94111609458923 122
1679778580106 109.34906125068665 123
1679778580304 109.54303646087646 124
1679778581833 111.07183265686035 125
1679778582051 111.28522419929504 126
1679778583504 112.74214720726013 127
1679778583788 113.02728009223938 128
1679778585230 114.46816539764404 129
1679778585431 114.67017412185669 130
1679778586968 116.20627331733704 131
1679778587170 116.40301084518433 132
1679778588619 117.85710048675537 133
1679778588812 118.05173540115356 134
1679778590213 119.48661160469055 135
1679778590400 119.64104199409485 136
1679778591803 121.03006649017334 137
1679778592037 121.2532525062561 138
1679778593593 122.8271119594574 139
1679778593808 123.03768110275269 140
1679778595469 124.69823980331421 141
1679778595689 124.91814136505127 142
1679778597245 126.48326635360718 143
1679778597459 126.69190502166748 144
1679778598952 128.1861171722412 145
1679778599156 128.3918571472168 146
1679778600631 129.8684003353119 147
1679778600827 130.06805515289307 148
1679778602278 131.51516938209534 149
1679778602521 131.7512183189392 150
1679778604070 133.30646133422852 151
1679778604274 133.50793957710266 152
1679778605800 135.0701858997345 153
1679778605995 135.23802947998047 154
1679778607454 136.69125986099243 155
1679778607689 136.91205859184265 156
1679778609293 138.53050708770752 157
1679778609492 138.73007225990295 158
1679778610907 140.13745093345642 159
1679778611104 140.3407588005066 160
1679778612494 141.73291635513306 161
1679778612702 141.93642115592957 162
1679778614267 143.5051085948944 163
1679778614492 143.71812272071838 164
1679778616254 145.4761049747467 165
1679778616483 145.71201515197754 166
1679778618117 147.32915544509888 167
1679778618362 147.5900058746338 168
1679778620057 149.32901763916016 169
1679778620268 149.50430297851562 170
1679778621796 151.03536248207092 171
1679778621992 151.22397136688232 172
1679778623457 152.69614124298096 173
1679778623702 152.93313241004944 174
1679778625305 154.53897380828857 175
1679778625505 154.7400345802307 176
1679778627098 156.32723712921143 177
1679778627324 156.54835391044617 178
1679778628965 158.19591641426086 179
1679778629216 158.44951462745667 180
1679778630750 159.98307180404663 181
1679778630971 160.1899905204773 182
1679778632454 161.68802571296692 183
1679778632659 161.88621830940247 184
1679778634177 163.41093039512634 185
1679778634397 163.62503957748413 186
1679778635986 165.2209780216217 187
1679778636194 165.4289526939392 188
1679778637826 167.0438585281372 189
1679778638049 167.2760169506073 190
1679778639498 168.73405861854553 191
1679778639733 168.9438874721527 192
1679778641273 170.49148678779602 193
1679778641479 170.7149748802185 194
1679778643047 172.28389811515808 195
1679778643250 172.48509168624878 196
1679778644667 173.8974838256836 197
1679778644917 174.1399381160736 198
1679778646464 175.70097064971924 199
1679778646663 175.89736485481262 200
1679778648056 177.2940661907196 201
1679778648332 177.56955218315125 202
1679778649725 178.96217441558838 203
1679778649972 179.18562626838684 204
1679778651554 180.78996801376343 205
1679778651761 180.99395990371704 206
1679778653295 182.52170395851135 207
1679778653533 182.74895310401917 208
1679778655105 184.32385444641113 209
1679778655358 184.56734156608582 210
1679778656996 186.22637009620667 211
1679778657213 186.4387080669403 212
1679778658726 187.95891118049622 213
1679778659014 188.2430498600006 214
1679778660519 189.7451674938202 215
1679778660757 189.97407031059265 216
1679778662357 191.57711172103882 217
1679778662590 191.80901384353638 218
1679778664254 193.48194360733032 219
1679778664436 193.6988971233368 220
1679778666005 195.23287749290466 221
1679778666235 195.45813083648682 222
1679778667897 197.12799906730652 223
1679778668101 197.33485674858093 224
1679778669716 198.94796323776245 225
1679778669930 199.15698647499084 226
1679778671374 200.60807704925537 227
1679778671586 200.81180047988892 228
1679778673017 202.25401139259338 229
1679778673204 202.43994808197021 230
1679778674601 203.83406400680542 231
1679778674802 204.0383813381195 232
1679778676256 205.4888937473297 233
1679778676453 205.68699383735657 234
1679778677976 207.21002221107483 235
1679778678180 207.41106796264648 236
1679778679626 208.85906791687012 237
1679778679832 209.06510281562805 238
1679778681362 210.59502744674683 239
1679778681593 210.80791807174683 240
1679778683114 212.3502390384674 241
1679778683316 212.55027961730957 242
1679778684796 214.0038743019104 243
1679778685026 214.25093793869019 244
1679778686663 215.8766384124756 245
1679778686987 216.19061493873596 246
1679778688714 217.9317843914032 247
1679778688968 218.1759262084961 248
1679778690521 219.75288319587708 249
1679778690731 219.95988774299622 250
1679778692293 221.52649903297424 251
1679778692530 221.75085186958313 252
1679778694149 223.36210918426514 253
1679778694368 223.5929102897644 254
1679778695823 225.08885216712952 255
1679778696032 225.26186561584473 256
1679778697510 226.7371985912323 257
1679778697753 226.96387839317322 258
1679778699384 228.60284042358398 259
1679778699614 228.83792066574097 260
1679778701106 230.34007692337036 261
1679778701309 230.54134464263916 262
1679778702814 232.03811597824097 263
1679778703080 232.2937753200531 264
1679778704667 233.8881824016571 265
1679778704896 234.11781930923462 266
1679778706364 235.5920968055725 267
1679778706592 235.81669521331787 268
1679778708216 237.43900966644287 269
1679778708455 237.67569875717163 270
1679778710106 239.37444686889648 271
1679778710323 239.55097365379333 272
1679778711881 241.08675456047058 273
1679778712119 241.33698749542236 274
1679778713806 243.02605295181274 275
1679778714074 243.28880763053894 276
1679778715823 245.04778122901917 277
1679778716055 245.27604055404663 278
1679778717636 246.85362792015076 279
1679778717849 247.07407641410828 280
1679778719487 248.70411705970764 281
1679778719734 248.95187425613403 282
1679778721413 250.6234049797058 283
1679778721648 250.87171959877014 284
1679778723222 252.44815850257874 285
1679778723440 252.66489911079407 286
1679778724926 254.19403982162476 287
1679778725225 254.45156407356262 288
1679778726753 255.97737503051758 289
1679778726971 256.1958785057068 290
1679778728378 257.6013243198395 291
1679778728583 257.8129527568817 292
1679778729973 259.1910970211029 293
1679778730200 259.42019748687744 294
1679778731782 261.0149185657501 295
1679778731986 261.2097895145416 296
1679778733366 262.58697986602783 297
1679778733585 262.806889295578 298
1679778734999 264.2267973423004 299
1679778735311 264.530113697052 300
1679778735460 264.6817991733551 301
