1679778474837 0.0039255619049072266 1
1679778475075 0.0039255619049072266 2
1679778476755 0.0039255619049072266 3
1679778476987 0.0039255619049072266 4
1679778478726 0.0039255619049072266 5
1679778478928 0.0039255619049072266 6
1679778480449 0.0039255619049072266 7
1679778480662 0.0039255619049072266 8
1679778482230 0.0039255619049072266 9
1679778482445 0.0039255619049072266 10
1679778484009 0.0039255619049072266 11
1679778484202 0.0039255619049072266 12
1679778485734 0.0039255619049072266 13
1679778485971 0.0039255619049072266 14
1679778487555 0.0039255619049072266 15
1679778487771 0.0039255619049072266 16
1679778489367 0.0039255619049072266 17
1679778489590 0.0039255619049072266 18
1679778491024 0.0039255619049072266 19
1679778491250 0.0039255619049072266 20
1679778492727 0.0039255619049072266 21
1679778492932 0.0039255619049072266 22
1679778494422 0.0039255619049072266 23
1679778494606 0.0039255619049072266 24
1679778495968 0.0039255619049072266 25
1679778496155 0.0039255619049072266 26
1679778497795 0.0039255619049072266 27
1679778498007 0.0039255619049072266 28
1679778499578 0.0039255619049072266 29
1679778499886 0.0039255619049072266 30
1679778501341 0.0039255619049072266 31
1679778501537 0.0039255619049072266 32
1679778502882 0.0039255619049072266 33
1679778503076 0.0039255619049072266 34
1679778504482 0.0039255619049072266 35
1679778504674 0.0039255619049072266 36
1679778506181 0.0039255619049072266 37
1679778506390 0.0039255619049072266 38
1679778507951 0.0039255619049072266 39
1679778508162 0.0039255619049072266 40
1679778509711 0.0039255619049072266 41
1679778510009 0.0039255619049072266 42
1679778511450 0.0039255619049072266 43
1679778511637 0.0039255619049072266 44
1679778513004 0.0039255619049072266 45
1679778513183 0.0039255619049072266 46
1679778514852 0.0039255619049072266 47
1679778515049 0.0039255619049072266 48
1679778516582 0.0039255619049072266 49
1679778516801 0.0039255619049072266 50
1679778518342 0.0039255619049072266 51
1679778518553 0.0039255619049072266 52
1679778520092 0.0039255619049072266 53
1679778520297 0.0039255619049072266 54
1679778521833 0.0039255619049072266 55
1679778522039 0.0039255619049072266 56
1679778523558 0.0039255619049072266 57
1679778523770 0.0039255619049072266 58
1679778525282 0.0039255619049072266 59
1679778525487 0.0039255619049072266 60
1679778526969 0.0039255619049072266 61
1679778527188 0.0039255619049072266 62
1679778528657 0.0039255619049072266 63
1679778528856 0.0039255619049072266 64
1679778530270 0.0039255619049072266 65
1679778530450 0.0039255619049072266 66
1679778531957 0.0039255619049072266 67
1679778532152 0.0039255619049072266 68
1679778533757 0.0039255619049072266 69
1679778533970 0.0039255619049072266 70
1679778535547 0.0039255619049072266 71
1679778535751 0.0039255619049072266 72
1679778537295 0.0039255619049072266 73
1679778537503 0.0039255619049072266 74
1679778538972 0.0039255619049072266 75
1679778539170 0.0039255619049072266 76
1679778540610 0.0039255619049072266 77
1679778540804 0.0039255619049072266 78
1679778542330 0.0039255619049072266 79
1679778542530 0.0039255619049072266 80
1679778544005 0.0039255619049072266 81
1679778544211 0.0039255619049072266 82
1679778545664 0.0039255619049072266 83
1679778545867 0.0039255619049072266 84
1679778547317 0.0039255619049072266 85
1679778547510 0.0039255619049072266 86
1679778549006 0.0039255619049072266 87
1679778549201 0.0039255619049072266 88
1679778550647 0.0039255619049072266 89
1679778550831 0.0039255619049072266 90
1679778552321 0.0039255619049072266 91
1679778552511 0.0039255619049072266 92
1679778554008 0.0039255619049072266 93
1679778554221 0.0039255619049072266 94
1679778555752 0.0039255619049072266 95
1679778555959 0.0039255619049072266 96
1679778557370 0.0039255619049072266 97
1679778557569 0.0039255619049072266 98
1679778559052 0.0039255619049072266 99
1679778559307 0.0039255619049072266 100
1679778560966 0.0039255619049072266 101
1679778561173 0.0039255619049072266 102
1679778562901 0.0039255619049072266 103
1679778563120 0.0039255619049072266 104
1679778564743 0.0039255619049072266 105
1679778564992 0.0039255619049072266 106
1679778566663 0.0039255619049072266 107
1679778566874 0.0039255619049072266 108
1679778568366 0.0039255619049072266 109
1679778568589 0.0039255619049072266 110
1679778570069 0.0039255619049072266 111
1679778570292 0.0039255619049072266 112
1679778571787 0.0039255619049072266 113
1679778572008 0.0039255619049072266 114
1679778573523 0.0039255619049072266 115
1679778573808 0.0039255619049072266 116
1679778575233 0.0039255619049072266 117
1679778575441 0.0039255619049072266 118
1679778576890 0.0039255619049072266 119
1679778577076 0.0039255619049072266 120
1679778578510 0.0039255619049072266 121
1679778578704 0.0039255619049072266 122
1679778580110 0.0039255619049072266 123
1679778580308 0.0039255619049072266 124
1679778581838 0.0039255619049072266 125
1679778582055 0.0039255619049072266 126
1679778583510 0.0039255619049072266 127
1679778583792 0.0039255619049072266 128
1679778585235 0.0039255619049072266 129
1679778585436 0.0039255619049072266 130
1679778586972 0.0039255619049072266 131
1679778587173 0.0039255619049072266 132
1679778588623 0.0039255619049072266 133
1679778588817 0.0039255619049072266 134
1679778590218 0.0039255619049072266 135
1679778590406 0.0039255619049072266 136
1679778591807 0.0039255619049072266 137
1679778592042 0.0039255619049072266 138
1679778593597 0.0039255619049072266 139
1679778593813 0.0039255619049072266 140
1679778595473 0.0039255619049072266 141
1679778595693 0.0039255619049072266 142
1679778597250 0.0039255619049072266 143
1679778597463 0.0039255619049072266 144
1679778598956 0.0039255619049072266 145
1679778599160 0.0039255619049072266 146
1679778600635 0.0039255619049072266 147
1679778600831 0.0039255619049072266 148
1679778602282 0.0039255619049072266 149
1679778602525 0.0039255619049072266 150
1679778604075 0.0039255619049072266 151
1679778604278 0.0039255619049072266 152
1679778605806 0.0039255619049072266 153
1679778606000 0.0039255619049072266 154
1679778607459 0.0039255619049072266 155
1679778607693 0.0039255619049072266 156
1679778609297 0.0039255619049072266 157
1679778609497 0.0039255619049072266 158
1679778610911 0.0039255619049072266 159
1679778611109 0.0039255619049072266 160
1679778612498 0.0039255619049072266 161
1679778612707 0.0039255619049072266 162
1679778614271 0.0039255619049072266 163
1679778614496 0.0039255619049072266 164
1679778616260 0.0039255619049072266 165
1679778616487 0.0039255619049072266 166
1679778618126 0.0039255619049072266 167
1679778618367 0.0039255619049072266 168
1679778620062 0.0039255619049072266 169
1679778620272 0.0039255619049072266 170
1679778621800 0.0039255619049072266 171
1679778621997 0.0039255619049072266 172
1679778623461 0.0039255619049072266 173
1679778623708 0.0039255619049072266 174
1679778625310 0.0039255619049072266 175
1679778625510 0.0039255619049072266 176
1679778627103 0.0039255619049072266 177
1679778627328 0.0039255619049072266 178
1679778628970 0.0039255619049072266 179
1679778629220 0.0039255619049072266 180
1679778630755 0.0039255619049072266 181
1679778630976 0.0039255619049072266 182
1679778632459 0.0039255619049072266 183
1679778632663 0.0039255619049072266 184
1679778634181 0.0039255619049072266 185
1679778634403 0.0039255619049072266 186
1679778635991 0.0039255619049072266 187
1679778636198 0.0039255619049072266 188
1679778637830 0.0039255619049072266 189
1679778638053 0.0039255619049072266 190
1679778639502 0.0039255619049072266 191
1679778639739 0.0039255619049072266 192
1679778641278 0.0039255619049072266 193
1679778641484 0.0039255619049072266 194
1679778643052 0.0039255619049072266 195
1679778643254 0.0039255619049072266 196
1679778644671 0.0039255619049072266 197
1679778644924 0.0039255619049072266 198
1679778646469 0.0039255619049072266 199
1679778646667 0.0039255619049072266 200
1679778648067 0.0039255619049072266 201
1679778648337 0.0039255619049072266 202
1679778649730 0.0039255619049072266 203
1679778649977 0.0039255619049072266 204
1679778651559 0.0039255619049072266 205
1679778651765 0.0039255619049072266 206
1679778653299 0.0039255619049072266 207
1679778653539 0.0039255619049072266 208
1679778655110 0.0039255619049072266 209
1679778655364 0.0039255619049072266 210
1679778657002 0.0039255619049072266 211
1679778657218 0.0039255619049072266 212
1679778658730 0.0039255619049072266 213
1679778659019 0.0039255619049072266 214
1679778660523 0.0039255619049072266 215
1679778660762 0.0039255619049072266 216
1679778662362 0.0039255619049072266 217
1679778662596 0.0039255619049072266 218
1679778664259 0.0039255619049072266 219
1679778664441 0.0039255619049072266 220
1679778666009 0.0039255619049072266 221
1679778666240 0.0039255619049072266 222
1679778667903 0.0039255619049072266 223
1679778668106 0.0039255619049072266 224
1679778669721 0.0039255619049072266 225
1679778669935 0.0039255619049072266 226
1679778671379 0.0039255619049072266 227
1679778671590 0.0039255619049072266 228
1679778673021 0.0039255619049072266 229
1679778673208 0.0039255619049072266 230
1679778674606 0.0039255619049072266 231
1679778674806 0.0039255619049072266 232
1679778676260 0.0039255619049072266 233
1679778676458 0.0039255619049072266 234
1679778677980 0.0039255619049072266 235
1679778678184 0.0039255619049072266 236
1679778679631 0.0039255619049072266 237
1679778679836 0.0039255619049072266 238
1679778681367 0.0039255619049072266 239
1679778681598 0.0039255619049072266 240
1679778683118 0.0039255619049072266 241
1679778683320 0.0039255619049072266 242
1679778684801 0.0039255619049072266 243
1679778685031 0.0039255619049072266 244
1679778686668 0.0039255619049072266 245
1679778686993 0.0039255619049072266 246
1679778688719 0.0039255619049072266 247
1679778688974 0.0039255619049072266 248
1679778690526 0.0039255619049072266 249
1679778690736 0.0039255619049072266 250
1679778692298 0.0039255619049072266 251
1679778692536 0.0039255619049072266 252
1679778694155 0.0039255619049072266 253
1679778694372 0.0039255619049072266 254
1679778695828 0.0039255619049072266 255
1679778696037 0.0039255619049072266 256
1679778697515 0.0039255619049072266 257
1679778697758 0.0039255619049072266 258
1679778699391 0.0039255619049072266 259
1679778699617 0.0039255619049072266 260
1679778701110 0.0039255619049072266 261
1679778701313 0.0039255619049072266 262
1679778702819 0.0039255619049072266 263
1679778703085 0.0039255619049072266 264
1679778704671 0.0039255619049072266 265
1679778704900 0.0039255619049072266 266
1679778706369 0.0039255619049072266 267
1679778706596 0.0039255619049072266 268
1679778708221 0.0039255619049072266 269
1679778708461 0.0039255619049072266 270
1679778710111 0.0039255619049072266 271
1679778710328 0.0039255619049072266 272
1679778711887 0.0039255619049072266 273
1679778712124 0.0039255619049072266 274
1679778713811 0.0039255619049072266 275
1679778714080 0.0039255619049072266 276
1679778715828 0.0039255619049072266 277
1679778716060 0.0039255619049072266 278
1679778717640 0.0039255619049072266 279
1679778717854 0.0039255619049072266 280
1679778719491 0.0039255619049072266 281
1679778719739 0.0039255619049072266 282
1679778721419 0.0039255619049072266 283
1679778721654 0.0039255619049072266 284
1679778723226 0.0039255619049072266 285
1679778723444 0.0039255619049072266 286
1679778724931 0.0039255619049072266 287
1679778725230 0.0039255619049072266 288
1679778726758 0.0039255619049072266 289
1679778726975 0.0039255619049072266 290
1679778728383 0.0039255619049072266 291
1679778728587 0.0039255619049072266 292
1679778729977 0.0039255619049072266 293
1679778730205 0.0039255619049072266 294
1679778731786 0.0039255619049072266 295
1679778731991 0.0039255619049072266 296
1679778733370 0.0039255619049072266 297
1679778733590 0.0039255619049072266 298
1679778735003 0.0039255619049072266 299
1679778735317 0.0039255619049072266 300
1679778735463 0.0039255619049072266 301
