1680271723363 1680271723.0 1
1680271723493 1680271723.0 2
1680271724249 1680271724.0 3
1680271724380 1680271724.0 4
1680271725081 1680271725.0 5
1680271725201 1680271725.0 6
1680271725899 1680271725.0 7
1680271726022 1680271725.0 8
1680271726743 1680271726.0 9
1680271726872 1680271726.0 10
1680271727583 1680271727.0 11
1680271727706 1680271727.0 12
1680271728465 1680271728.0 13
1680271728597 1680271728.0 14
1680271729268 1680271729.0 15
1680271729382 1680271729.0 16
1680271730060 1680271730.0 17
1680271730207 1680271730.0 18
1680271730939 1680271730.0 19
1680271731060 1680271731.0 20
1680271731853 1680271731.0 21
1680271731998 1680271731.0 22
1680271732749 1680271732.0 23
1680271732887 1680271732.0 24
1680271733601 1680271733.0 25
1680271733738 1680271733.0 26
1680271734501 1680271734.0 27
1680271734637 1680271734.0 28
1680271735417 1680271735.0 29
1680271735562 1680271735.0 30
1680271736388 1680271736.0 31
1680271736526 1680271736.0 32
1680271737260 1680271737.0 33
1680271737380 1680271737.0 34
1680271738080 1680271738.0 35
1680271738204 1680271738.0 36
1680271738932 1680271738.0 37
1680271739056 1680271739.0 38
1680271739849 1680271739.0 39
1680271739967 1680271739.0 40
1680271740698 1680271740.0 41
1680271740822 1680271740.0 42
1680271741584 1680271741.0 43
1680271741709 1680271741.0 44
1680271742412 1680271742.0 45
1680271742554 1680271742.0 46
1680271743302 1680271743.0 47
1680271743420 1680271743.0 48
1680271744189 1680271744.0 49
1680271744323 1680271744.0 50
1680271745022 1680271744.0 51
1680271745145 1680271745.0 52
1680271745822 1680271745.0 53
1680271745957 1680271745.0 54
1680271746654 1680271746.0 55
1680271746774 1680271746.0 56
1680271747531 1680271747.0 57
1680271747651 1680271747.0 58
1680271748306 1680271748.0 59
1680271748436 1680271748.0 60
1680271749132 1680271749.0 61
1680271749254 1680271749.0 62
1680271749994 1680271749.0 63
1680271750127 1680271750.0 64
1680271750938 1680271750.0 65
1680271751065 1680271751.0 66
1680271751839 1680271751.0 67
1680271751963 1680271751.0 68
1680271752656 1680271752.0 69
1680271752789 1680271752.0 70
1680271753541 1680271753.0 71
1680271753662 1680271753.0 72
1680271754380 1680271754.0 73
1680271754515 1680271754.0 74
1680271755193 1680271755.0 75
1680271755426 1680271755.0 76
1680271756143 1680271756.0 77
1680271756270 1680271756.0 78
1680271756987 1680271756.0 79
1680271757117 1680271757.0 80
1680271757927 1680271757.0 81
1680271758061 1680271758.0 82
1680271758825 1680271758.0 83
1680271758942 1680271758.0 84
1680271759645 1680271759.0 85
1680271759860 1680271759.0 86
1680271760506 1680271760.0 87
1680271760625 1680271760.0 88
1680271761394 1680271761.0 89
1680271761522 1680271761.0 90
1680271762165 1680271762.0 91
1680271762314 1680271762.0 92
1680271763004 1680271762.0 93
1680271763138 1680271763.0 94
1680271763903 1680271763.0 95
1680271764049 1680271763.0 96
1680271764728 1680271764.0 97
1680271764854 1680271764.0 98
1680271765540 1680271765.0 99
1680271765666 1680271765.0 100
1680271766361 1680271766.0 101
1680271766488 1680271766.0 102
1680271767222 1680271767.0 103
1680271767429 1680271767.0 104
1680271768132 1680271768.0 105
1680271768256 1680271768.0 106
1680271768913 1680271768.0 107
1680271769049 1680271768.0 108
1680271769732 1680271769.0 109
1680271769860 1680271769.0 110
1680271770638 1680271770.0 111
1680271770796 1680271770.0 112
1680271771777 1680271771.0 113
1680271771942 1680271771.0 114
1680271772713 1680271772.0 115
1680271772888 1680271772.0 116
1680271773576 1680271773.0 117
1680271773698 1680271773.0 118
1680271774413 1680271774.0 119
1680271774567 1680271774.0 120
1680271775261 1680271775.0 121
1680271775403 1680271775.0 122
1680271776234 1680271776.0 123
1680271776379 1680271776.0 124
1680271777170 1680271777.0 125
1680271777320 1680271777.0 126
1680271778057 1680271777.0 127
1680271778205 1680271778.0 128
1680271778911 1680271778.0 129
1680271779078 1680271779.0 130
1680271779851 1680271779.0 131
1680271780001 1680271779.0 132
1680271780830 1680271780.0 133
1680271780984 1680271780.0 134
1680271781758 1680271781.0 135
1680271781883 1680271781.0 136
1680271782627 1680271782.0 137
1680271782753 1680271782.0 138
1680271783461 1680271783.0 139
1680271783608 1680271783.0 140
1680271784360 1680271784.0 141
1680271784581 1680271784.0 142
1680271785283 1680271785.0 143
1680271785416 1680271785.0 144
1680271786147 1680271786.0 145
1680271786313 1680271786.0 146
1680271787026 1680271786.0 147
1680271787158 1680271787.0 148
1680271787854 1680271787.0 149
1680271787980 1680271787.0 150
1680271788763 1680271788.0 151
1680271788908 1680271788.0 152
1680271789659 1680271789.0 153
1680271789798 1680271789.0 154
1680271790552 1680271790.0 155
1680271790679 1680271790.0 156
1680271791365 1680271791.0 157
1680271791501 1680271791.0 158
1680271792165 1680271792.0 159
1680271792294 1680271792.0 160
1680271793053 1680271793.0 161
1680271793181 1680271793.0 162
1680271793852 1680271793.0 163
1680271793981 1680271793.0 164
1680271794691 1680271794.0 165
1680271794821 1680271794.0 166
1680271795566 1680271795.0 167
1680271795694 1680271795.0 168
1680271796373 1680271796.0 169
1680271796595 1680271796.0 170
1680271797283 1680271797.0 171
1680271797409 1680271797.0 172
1680271798102 1680271798.0 173
1680271798227 1680271798.0 174
1680271798926 1680271798.0 175
1680271799052 1680271798.0 176
1680271799770 1680271799.0 177
1680271799901 1680271799.0 178
1680271800708 1680271800.0 179
1680271800861 1680271800.0 180
1680271801663 1680271801.0 181
1680271801794 1680271801.0 182
1680271802480 1680271802.0 183
1680271802613 1680271802.0 184
1680271803303 1680271803.0 185
1680271803434 1680271803.0 186
1680271804139 1680271804.0 187
1680271804283 1680271804.0 188
1680271805041 1680271805.0 189
1680271805186 1680271805.0 190
1680271805865 1680271805.0 191
1680271806006 1680271805.0 192
1680271806652 1680271806.0 193
1680271806776 1680271806.0 194
1680271807489 1680271807.0 195
1680271807642 1680271807.0 196
1680271808330 1680271808.0 197
1680271808556 1680271808.0 198
1680271809248 1680271809.0 199
1680271809389 1680271809.0 200
1680271810112 1680271810.0 201
1680271810245 1680271810.0 202
1680271810919 1680271810.0 203
1680271811048 1680271810.0 204
1680271811732 1680271811.0 205
1680271811867 1680271811.0 206
1680271812555 1680271812.0 207
1680271812766 1680271812.0 208
1680271813469 1680271813.0 209
1680271813619 1680271813.0 210
1680271814309 1680271814.0 211
1680271814442 1680271814.0 212
1680271815146 1680271815.0 213
1680271815273 1680271815.0 214
1680271815912 1680271815.0 215
1680271816055 1680271815.0 216
1680271816803 1680271816.0 217
1680271816910 1680271816.0 218
1680271817595 1680271817.0 219
1680271817727 1680271817.0 220
1680271818425 1680271818.0 221
1680271818553 1680271818.0 222
1680271819235 1680271819.0 223
1680271819359 1680271819.0 224
1680271820055 1680271820.0 225
1680271820190 1680271820.0 226
1680271821115 1680271821.0 227
1680271821264 1680271821.0 228
1680271822012 1680271821.0 229
1680271822159 1680271822.0 230
1680271822886 1680271822.0 231
1680271823014 1680271822.0 232
1680271823693 1680271823.0 233
1680271823825 1680271823.0 234
1680271824606 1680271824.0 235
1680271824747 1680271824.0 236
1680271825473 1680271825.0 237
1680271825608 1680271825.0 238
1680271826314 1680271826.0 239
1680271826446 1680271826.0 240
1680271827144 1680271827.0 241
1680271827288 1680271827.0 242
1680271827978 1680271827.0 243
1680271828128 1680271828.0 244
1680271828883 1680271828.0 245
1680271829012 1680271828.0 246
1680271829679 1680271829.0 247
1680271829817 1680271829.0 248
1680271830527 1680271830.0 249
1680271830672 1680271830.0 250
1680271831355 1680271831.0 251
1680271831485 1680271831.0 252
1680271832265 1680271832.0 253
1680271832407 1680271832.0 254
1680271833107 1680271833.0 255
1680271833250 1680271833.0 256
1680271833937 1680271833.0 257
1680271834070 1680271834.0 258
1680271834752 1680271834.0 259
1680271834890 1680271834.0 260
1680271835581 1680271835.0 261
1680271835725 1680271835.0 262
1680271836520 1680271836.0 263
1680271836677 1680271836.0 264
1680271837382 1680271837.0 265
1680271837544 1680271837.0 266
1680271838324 1680271838.0 267
1680271838470 1680271838.0 268
1680271839176 1680271839.0 269
1680271839323 1680271839.0 270
1680271840111 1680271840.0 271
1680271840254 1680271840.0 272
1680271840984 1680271840.0 273
1680271841139 1680271841.0 274
1680271841880 1680271841.0 275
1680271842036 1680271841.0 276
1680271842734 1680271842.0 277
1680271842891 1680271842.0 278
1680271843619 1680271843.0 279
1680271843764 1680271843.0 280
1680271844538 1680271844.0 281
1680271844685 1680271844.0 282
1680271845385 1680271845.0 283
1680271845542 1680271845.0 284
1680271846294 1680271846.0 285
1680271846438 1680271846.0 286
1680271847150 1680271847.0 287
1680271847294 1680271847.0 288
1680271848086 1680271848.0 289
1680271848239 1680271848.0 290
1680271848962 1680271848.0 291
1680271849101 1680271849.0 292
1680271849790 1680271849.0 293
1680271849927 1680271849.0 294
1680271850643 1680271850.0 295
1680271850781 1680271850.0 296
1680271851514 1680271851.0 297
1680271851662 1680271851.0 298
1680271852475 1680271852.0 299
1680271852627 1680271852.0 300
1680271853326 1680271853.0 301
1680271853465 1680271853.0 302
1680271854161 1680271854.0 303
1680271854292 1680271854.0 304
1680271855010 1680271854.0 305
1680271855153 1680271855.0 306
1680271855940 1680271855.0 307
1680271856089 1680271856.0 308
1680271856816 1680271856.0 309
1680271856951 1680271856.0 310
1680271857739 1680271857.0 311
1680271857870 1680271857.0 312
1680271858553 1680271858.0 313
1680271858726 1680271858.0 314
1680271859623 1680271859.0 315
1680271859890 1680271859.0 316
1680271860687 1680271860.0 317
1680271860820 1680271860.0 318
1680271861549 1680271861.0 319
1680271861710 1680271861.0 320
1680271862420 1680271862.0 321
1680271862551 1680271862.0 322
1680271863239 1680271863.0 323
1680271863373 1680271863.0 324
1680271864151 1680271864.0 325
1680271864304 1680271864.0 326
1680271865009 1680271864.0 327
1680271865156 1680271865.0 328
1680271865867 1680271865.0 329
1680271866001 1680271865.0 330
1680271866685 1680271866.0 331
1680271866825 1680271866.0 332
1680271867568 1680271867.0 333
1680271867709 1680271867.0 334
1680271868482 1680271868.0 335
1680271868620 1680271868.0 336
1680271869330 1680271869.0 337
1680271869474 1680271869.0 338
1680271870218 1680271870.0 339
1680271870356 1680271870.0 340
1680271871040 1680271870.0 341
1680271871179 1680271871.0 342
1680271871955 1680271871.0 343
1680271872094 1680271872.0 344
1680271872841 1680271872.0 345
1680271872981 1680271872.0 346
1680271873709 1680271873.0 347
1680271873852 1680271873.0 348
1680271874565 1680271874.0 349
1680271874708 1680271874.0 350
1680271875418 1680271875.0 351
1680271875552 1680271875.0 352
1680271876351 1680271876.0 353
1680271876489 1680271876.0 354
1680271877171 1680271877.0 355
1680271877308 1680271877.0 356
1680271878042 1680271877.0 357
1680271878195 1680271878.0 358
1680271878940 1680271878.0 359
1680271879082 1680271879.0 360
1680271879776 1680271879.0 361
1680271880023 1680271879.0 362
1680271880731 1680271880.0 363
1680271880871 1680271880.0 364
1680271881596 1680271881.0 365
1680271881750 1680271881.0 366
1680271882444 1680271882.0 367
1680271882593 1680271882.0 368
1680271883315 1680271883.0 369
1680271883462 1680271883.0 370
1680271884172 1680271884.0 371
1680271884406 1680271884.0 372
1680271885108 1680271885.0 373
1680271885253 1680271885.0 374
1680271885963 1680271885.0 375
1680271886104 1680271886.0 376
1680271886792 1680271886.0 377
1680271886932 1680271886.0 378
1680271887640 1680271887.0 379
1680271887788 1680271887.0 380
1680271888600 1680271888.0 381
1680271888738 1680271888.0 382
1680271889416 1680271889.0 383
1680271889559 1680271889.0 384
1680271890304 1680271890.0 385
1680271890445 1680271890.0 386
1680271891133 1680271891.0 387
1680271891272 1680271891.0 388
1680271891951 1680271891.0 389
1680271892172 1680271892.0 390
1680271892902 1680271892.0 391
1680271893075 1680271892.0 392
1680271893823 1680271893.0 393
1680271893965 1680271893.0 394
1680271894662 1680271894.0 395
1680271894998 1680271894.0 396
1680271895681 1680271895.0 397
1680271895847 1680271895.0 398
1680271896540 1680271896.0 399
1680271896674 1680271896.0 400
1680271896792 1680271896.0 401
