1680271723368 4.1390159130096436 1
1680271723500 4.251193046569824 2
1680271724254 5.009239673614502 3
1680271724387 5.142210245132446 4
1680271725087 5.845282077789307 5
1680271725206 5.96182656288147 6
1680271725904 6.657203435897827 7
1680271726027 6.7795891761779785 8
1680271726748 7.501164436340332 9
1680271726877 7.623180389404297 10
1680271727588 8.34418249130249 11
1680271727710 8.463183164596558 12
1680271728470 9.226929903030396 13
1680271728602 9.357094049453735 14
1680271729273 10.028720140457153 15
1680271729387 10.14271330833435 16
1680271730066 10.817302227020264 17
1680271730215 10.95205807685852 18
1680271730942 11.699144124984741 19
1680271731066 11.820317506790161 20
1680271731866 12.597020864486694 21
1680271732004 12.752022743225098 22
1680271732755 13.502834796905518 23
1680271732892 13.64198637008667 24
1680271733606 14.357883214950562 25
1680271733744 14.49103832244873 26
1680271734507 15.246280670166016 27
1680271734643 15.3870689868927 28
1680271735423 16.16311502456665 29
1680271735568 16.31023359298706 30
1680271736393 17.143369674682617 31
1680271736531 17.274422645568848 32
1680271737265 18.018099069595337 33
1680271737385 18.137994527816772 34
1680271738087 18.83292865753174 35
1680271738209 18.96121835708618 36
1680271738937 19.688894271850586 37
1680271739061 19.815226554870605 38
1680271739854 20.606053590774536 39
1680271739972 20.72718048095703 40
1680271740704 21.452232837677002 41
1680271740826 21.576324462890625 42
1680271741588 22.339385986328125 43
1680271741714 22.46408700942993 44
1680271742417 23.164907932281494 45
1680271742559 23.292768955230713 46
1680271743307 24.06120467185974 47
1680271743426 24.179269552230835 48
1680271744195 24.945162296295166 49
1680271744328 25.07750415802002 50
1680271745027 25.77705693244934 51
1680271745150 25.896859645843506 52
1680271745826 26.577205657958984 53
1680271745962 26.698242664337158 54
1680271746659 27.413278579711914 55
1680271746779 27.529197692871094 56
1680271747536 28.28323006629944 57
1680271747655 28.408490896224976 58
1680271748312 29.063018798828125 59
1680271748440 29.18822956085205 60
1680271749137 29.890766382217407 61
1680271749258 30.009942531585693 62
1680271749999 30.74644446372986 63
1680271750132 30.869248628616333 64
1680271750943 31.687575578689575 65
1680271751071 31.81829833984375 66
1680271751844 32.59402561187744 67
1680271751968 32.71433091163635 68
1680271752661 33.40838646888733 69
1680271752795 33.53821277618408 70
1680271753546 34.290828704833984 71
1680271753667 34.41964292526245 72
1680271754385 35.13047647476196 73
1680271754521 35.263100385665894 74
1680271755198 35.980382204055786 75
1680271755431 36.17171382904053 76
1680271756147 36.89706373214722 77
1680271756275 37.02444291114807 78
1680271756992 37.740243911743164 79
1680271757122 37.87102127075195 80
1680271757932 38.67442011833191 81
1680271758067 38.813966035842896 82
1680271758829 39.580031633377075 83
1680271758947 39.69980549812317 84
1680271759650 40.39657521247864 85
1680271759865 40.60958194732666 86
1680271760511 41.2942099571228 87
1680271760630 41.381179332733154 88
1680271761399 42.147876262664795 89
1680271761526 42.269362688064575 90
1680271762169 42.92157506942749 91
1680271762321 43.045172929763794 92
1680271763009 43.74947166442871 93
1680271763143 43.89015293121338 94
1680271763908 44.652588844299316 95
1680271764054 44.79610729217529 96
1680271764733 45.48530602455139 97
1680271764859 45.60845351219177 98
1680271765545 46.29436445236206 99
1680271765671 46.41590595245361 100
1680271766367 47.11339044570923 101
1680271766493 47.242435693740845 102
1680271767227 47.97677779197693 103
1680271767433 48.1803925037384 104
1680271768137 48.88490104675293 105
1680271768260 49.01045322418213 106
1680271768920 49.669270515441895 107
1680271769053 49.79715347290039 108
1680271769737 50.4862596988678 109
1680271769865 50.61225390434265 110
1680271770645 51.3774094581604 111
1680271770803 51.52638530731201 112
1680271771782 52.52409863471985 113
1680271771947 52.6820969581604 114
1680271772722 53.44691300392151 115
1680271772893 53.6262903213501 116
1680271773581 54.32534623146057 117
1680271773703 54.453298807144165 118
1680271774418 55.16760015487671 119
1680271774572 55.29713010787964 120
1680271775266 56.045124769210815 121
1680271775408 56.144198179244995 122
1680271776239 56.98745560646057 123
1680271776385 57.117087602615356 124
1680271777175 57.912302017211914 125
1680271777326 58.06412124633789 126
1680271778062 58.796502351760864 127
1680271778210 58.946908950805664 128
1680271778924 59.66234016418457 129
1680271779083 59.81286835670471 130
1680271779857 60.59028077125549 131
1680271780005 60.74044632911682 132
1680271780835 61.57646942138672 133
1680271780989 61.72443151473999 134
1680271781763 62.51111459732056 135
1680271781888 62.63511633872986 136
1680271782632 63.37511920928955 137
1680271782758 63.502482891082764 138
1680271783465 64.21136426925659 139
1680271783613 64.35107731819153 140
1680271784364 65.10627627372742 141
1680271784586 65.32942867279053 142
1680271785289 66.03000736236572 143
1680271785424 66.16447877883911 144
1680271786152 66.89748430252075 145
1680271786319 67.04814100265503 146
1680271787030 67.77519202232361 147
1680271787163 67.91200566291809 148
1680271787859 68.6059513092041 149
1680271787985 68.73191690444946 150
1680271788769 69.50900292396545 151
1680271788914 69.65338158607483 152
1680271789664 70.39985132217407 153
1680271789803 70.54421997070312 154
1680271790557 71.2921040058136 155
1680271790684 71.42789149284363 156
1680271791369 72.11655235290527 157
1680271791506 72.24833607673645 158
1680271792170 72.91813683509827 159
1680271792299 73.04527688026428 160
1680271793058 73.80434346199036 161
1680271793186 73.93273115158081 162
1680271793856 74.60231018066406 163
1680271793986 74.73231410980225 164
1680271794696 75.42623329162598 165
1680271794826 75.56814002990723 166
1680271795572 76.31408500671387 167
1680271795698 76.4442548751831 168
1680271796378 77.12402486801147 169
1680271796600 77.33957242965698 170
1680271797288 78.0332498550415 171
1680271797413 78.16097378730774 172
1680271798107 78.8525984287262 173
1680271798233 78.97931575775146 174
1680271798930 79.6760847568512 175
1680271799057 79.80233383178711 176
1680271799776 80.51604294776917 177
1680271799906 80.65294694900513 178
1680271800714 81.4517617225647 179
1680271800869 81.5926525592804 180
1680271801667 82.41227865219116 181
1680271801799 82.5413703918457 182
1680271802484 83.22235870361328 183
1680271802618 83.35715913772583 184
1680271803307 84.05156755447388 185
1680271803440 84.1783401966095 186
1680271804144 84.88809752464294 187
1680271804289 85.02428603172302 188
1680271805046 85.82431697845459 189
1680271805190 85.9343490600586 190
1680271805870 86.61507821083069 191
1680271806012 86.75023484230042 192
1680271806657 87.40518856048584 193
1680271806779 87.52879095077515 194
1680271807495 88.22668528556824 195
1680271807647 88.37922763824463 196
1680271808337 89.07335782051086 197
1680271808560 89.30402946472168 198
1680271809252 89.99570727348328 199
1680271809396 90.12650442123413 200
1680271810119 90.85413527488708 201
1680271810250 90.98741221427917 202
1680271810924 91.67186427116394 203
1680271811054 91.79191064834595 204
1680271811738 92.4740629196167 205
1680271811872 92.61001014709473 206
1680271812559 93.29828596115112 207
1680271812770 93.51424980163574 208
1680271813477 94.20815372467041 209
1680271813624 94.35310864448547 210
1680271814313 95.05766725540161 211
1680271814446 95.18809533119202 212
1680271815151 95.8941330909729 213
1680271815278 96.02055621147156 214
1680271815918 96.69651222229004 215
1680271816060 96.79033923149109 216
1680271816808 97.54525709152222 217
1680271816916 97.68514037132263 218
1680271817601 98.34720206260681 219
1680271817733 98.4741895198822 220
1680271818429 99.21030473709106 221
1680271818558 99.3021981716156 222
1680271819240 99.98757195472717 223
1680271819364 100.1105010509491 224
1680271820060 100.81756114959717 225
1680271820195 100.93718433380127 226
1680271821121 101.85199332237244 227
1680271821269 102.00330448150635 228
1680271822017 102.76123833656311 229
1680271822164 102.89525556564331 230
1680271822891 103.62673497200012 231
1680271823019 103.76296162605286 232
1680271823698 104.44125747680664 233
1680271823830 104.5731155872345 234
1680271824611 105.34803986549377 235
1680271824752 105.49197220802307 236
1680271825478 106.22111678123474 237
1680271825613 106.35424542427063 238
1680271826319 107.05926251411438 239
1680271826452 107.19320845603943 240
1680271827149 107.88858580589294 241
1680271827294 108.02869582176208 242
1680271827982 108.72230529785156 243
1680271828133 108.8700180053711 244
1680271828888 109.62938690185547 245
1680271829017 109.75918054580688 246
1680271829684 110.42748713493347 247
1680271829821 110.5614640712738 248
1680271830532 111.26495051383972 249
1680271830676 111.41445660591125 250
1680271831360 112.09924626350403 251
1680271831489 112.23287773132324 252
1680271832270 113.01135635375977 253
1680271832412 113.15267705917358 254
1680271833112 113.84944605827332 255
1680271833255 113.98864793777466 256
1680271833941 114.68217158317566 257
1680271834075 114.81510901451111 258
1680271834757 115.49943256378174 259
1680271834896 115.63202452659607 260
1680271835586 116.32700443267822 261
1680271835730 116.45951867103577 262
1680271836525 117.25121116638184 263
1680271836682 117.40899634361267 264
1680271837386 118.11605596542358 265
1680271837550 118.27021741867065 266
1680271838329 119.05224919319153 267
1680271838479 119.20208621025085 268
1680271839181 119.90027213096619 269
1680271839329 120.05450510978699 270
1680271840116 120.84826445579529 271
1680271840266 120.98875617980957 272
1680271840990 121.71419167518616 273
1680271841145 121.86495304107666 274
1680271841885 122.6071093082428 275
1680271842041 122.76287174224854 276
1680271842741 123.47048878669739 277
1680271842896 123.62425827980042 278
1680271843624 124.35029911994934 279
1680271843769 124.50032043457031 280
1680271844542 125.27098727226257 281
1680271844690 125.41532135009766 282
1680271845391 126.11907863616943 283
1680271845547 126.27167820930481 284
1680271846298 127.02995109558105 285
1680271846442 127.17517566680908 286
1680271847157 127.88803100585938 287
1680271847299 128.02696442604065 288
1680271848091 128.8151113986969 289
1680271848244 128.9725148677826 290
1680271848968 129.70514702796936 291
1680271849106 129.84117889404297 292
1680271849794 130.5342574119568 293
1680271849932 130.6752963066101 294
1680271850648 131.38810110092163 295
1680271850788 131.52505898475647 296
1680271851519 132.25675654411316 297
1680271851667 132.40121030807495 298
1680271852479 133.20689797401428 299
1680271852632 133.36034488677979 300
1680271853331 134.0738513469696 301
1680271853470 134.20852136611938 302
1680271854166 134.90495133399963 303
1680271854297 135.03520584106445 304
1680271855015 135.74829983711243 305
1680271855158 135.8922779560089 306
1680271855945 136.68266439437866 307
1680271856096 136.82449650764465 308
1680271856822 137.55723524093628 309
1680271856956 137.69419264793396 310
1680271857744 138.48320031166077 311
1680271857875 138.6131887435913 312
1680271858557 139.29719424247742 313
1680271858733 139.4410433769226 314
1680271859628 140.34219098091125 315
1680271859897 140.604154586792 316
1680271860692 141.43043875694275 317
1680271860825 141.56313920021057 318
1680271861553 142.29410076141357 319
1680271861715 142.44114065170288 320
1680271862425 143.16273164749146 321
1680271862556 143.2951717376709 322
1680271863244 143.9763355255127 323
1680271863378 144.11833572387695 324
1680271864156 144.8921399116516 325
1680271864309 145.03899812698364 326
1680271865015 145.7464680671692 327
1680271865161 145.89620900154114 328
1680271865872 146.6122546195984 329
1680271866006 146.74408626556396 330
1680271866690 147.4312081336975 331
1680271866831 147.56757354736328 332
1680271867572 148.29853916168213 333
1680271867714 148.452378988266 334
1680271868487 149.22425413131714 335
1680271868624 149.36204409599304 336
1680271869334 150.07526683807373 337
1680271869481 150.2112979888916 338
1680271870223 150.96209454536438 339
1680271870361 151.09796738624573 340
1680271871045 151.78177857398987 341
1680271871184 151.91709923744202 342
1680271871961 152.69314527511597 343
1680271872099 152.83414816856384 344
1680271872845 153.57524394989014 345
1680271872986 153.7193899154663 346
1680271873713 154.4526424407959 347
1680271873858 154.58669066429138 348
1680271874569 155.30884766578674 349
1680271874713 155.44682669639587 350
1680271875422 156.16226649284363 351
1680271875558 156.297536611557 352
1680271876356 157.09432792663574 353
1680271876493 157.22942066192627 354
1680271877175 157.912944316864 355
1680271877312 158.04829668998718 356
1680271878047 158.77730226516724 357
1680271878200 158.93007922172546 358
1680271878944 159.68128490447998 359
1680271879087 159.8190085887909 360
1680271879781 160.5179374217987 361
1680271880028 160.75628352165222 362
1680271880736 161.47425150871277 363
1680271880876 161.6109790802002 364
1680271881602 162.32137370109558 365
1680271881756 162.48802089691162 366
1680271882449 163.18020629882812 367
1680271882598 163.32652401924133 368
1680271883320 164.0474214553833 369
1680271883468 164.1943473815918 370
1680271884176 164.90908479690552 371
1680271884411 165.13219714164734 372
1680271885112 165.84422731399536 373
1680271885258 165.98827648162842 374
1680271885967 166.70205283164978 375
1680271886109 166.8405303955078 376
1680271886798 167.52887654304504 377
1680271886937 167.66896057128906 378
1680271887645 168.37736344337463 379
1680271887793 168.52311325073242 380
1680271888604 169.33009696006775 381
1680271888742 169.47607493400574 382
1680271889421 170.15532803535461 383
1680271889564 170.29530119895935 384
1680271890309 171.03797936439514 385
1680271890450 171.1815037727356 386
1680271891138 171.8695409297943 387
1680271891277 172.01062083244324 388
1680271891956 172.68920135498047 389
1680271892178 172.90514636039734 390
1680271892907 173.63049721717834 391
1680271893081 173.79650449752808 392
1680271893828 174.56100606918335 393
1680271893969 174.70004272460938 394
1680271894668 175.39129877090454 395
1680271895004 175.55108070373535 396
1680271895688 176.41683650016785 397
1680271895853 176.57784414291382 398
1680271896544 177.27703857421875 399
1680271896680 177.41603255271912 400
1680271896797 177.5293848514557 401
