1680271723365 4.1390159130096436 1
1680271723496 4.251193046569824 2
1680271724250 5.009239673614502 3
1680271724382 5.142210245132446 4
1680271725083 5.845282077789307 5
1680271725203 5.96182656288147 6
1680271725901 6.657203435897827 7
1680271726023 6.7795891761779785 8
1680271726745 7.501164436340332 9
1680271726874 7.623180389404297 10
1680271727585 8.34418249130249 11
1680271727707 8.463183164596558 12
1680271728467 9.226929903030396 13
1680271728599 9.357094049453735 14
1680271729270 10.028720140457153 15
1680271729384 10.14271330833435 16
1680271730062 10.817302227020264 17
1680271730210 10.95205807685852 18
1680271730940 11.699144124984741 19
1680271731062 11.820317506790161 20
1680271731863 12.597020864486694 21
1680271731999 12.752022743225098 22
1680271732750 13.502834796905518 23
1680271732889 13.64198637008667 24
1680271733603 14.357883214950562 25
1680271733740 14.49103832244873 26
1680271734503 15.246280670166016 27
1680271734639 15.3870689868927 28
1680271735419 16.16311502456665 29
1680271735563 16.31023359298706 30
1680271736390 17.143369674682617 31
1680271736527 17.274422645568848 32
1680271737262 18.018099069595337 33
1680271737382 18.137994527816772 34
1680271738082 18.83292865753174 35
1680271738206 18.96121835708618 36
1680271738933 19.688894271850586 37
1680271739058 19.815226554870605 38
1680271739850 20.606053590774536 39
1680271739969 20.72718048095703 40
1680271740700 21.452232837677002 41
1680271740823 21.576324462890625 42
1680271741585 22.339385986328125 43
1680271741710 22.46408700942993 44
1680271742413 23.164907932281494 45
1680271742556 23.292768955230713 46
1680271743304 24.06120467185974 47
1680271743422 24.179269552230835 48
1680271744192 24.945162296295166 49
1680271744324 25.07750415802002 50
1680271745024 25.77705693244934 51
1680271745147 25.896859645843506 52
1680271745824 26.577205657958984 53
1680271745959 26.698242664337158 54
1680271746655 27.413278579711914 55
1680271746776 27.529197692871094 56
1680271747533 28.28323006629944 57
1680271747652 28.408490896224976 58
1680271748308 29.063018798828125 59
1680271748437 29.18822956085205 60
1680271749134 29.890766382217407 61
1680271749255 30.009942531585693 62
1680271749995 30.74644446372986 63
1680271750128 30.869248628616333 64
1680271750940 31.687575578689575 65
1680271751068 31.81829833984375 66
1680271751841 32.59402561187744 67
1680271751965 32.71433091163635 68
1680271752658 33.40838646888733 69
1680271752792 33.53821277618408 70
1680271753543 34.290828704833984 71
1680271753664 34.41964292526245 72
1680271754382 35.13047647476196 73
1680271754517 35.263100385665894 74
1680271755195 35.980382204055786 75
1680271755428 36.17171382904053 76
1680271756144 36.89706373214722 77
1680271756271 37.02444291114807 78
1680271756989 37.740243911743164 79
1680271757119 37.87102127075195 80
1680271757928 38.67442011833191 81
1680271758063 38.813966035842896 82
1680271758827 39.580031633377075 83
1680271758944 39.69980549812317 84
1680271759647 40.39657521247864 85
1680271759862 40.60958194732666 86
1680271760507 41.2942099571228 87
1680271760627 41.381179332733154 88
1680271761396 42.147876262664795 89
1680271761523 42.269362688064575 90
1680271762166 42.92157506942749 91
1680271762317 43.045172929763794 92
1680271763006 43.74947166442871 93
1680271763140 43.89015293121338 94
1680271763904 44.652588844299316 95
1680271764050 44.79610729217529 96
1680271764730 45.48530602455139 97
1680271764855 45.60845351219177 98
1680271765542 46.29436445236206 99
1680271765668 46.41590595245361 100
1680271766363 47.11339044570923 101
1680271766489 47.242435693740845 102
1680271767224 47.97677779197693 103
1680271767430 48.1803925037384 104
1680271768134 48.88490104675293 105
1680271768257 49.01045322418213 106
1680271768915 49.669270515441895 107
1680271769050 49.79715347290039 108
1680271769734 50.4862596988678 109
1680271769862 50.61225390434265 110
1680271770641 51.3774094581604 111
1680271770798 51.52638530731201 112
1680271771779 52.52409863471985 113
1680271771944 52.6820969581604 114
1680271772715 53.44691300392151 115
1680271772890 53.6262903213501 116
1680271773578 54.32534623146057 117
1680271773700 54.453298807144165 118
1680271774414 55.16760015487671 119
1680271774569 55.29713010787964 120
1680271775263 56.045124769210815 121
1680271775405 56.144198179244995 122
1680271776236 56.98745560646057 123
1680271776380 57.117087602615356 124
1680271777172 57.912302017211914 125
1680271777321 58.06412124633789 126
1680271778059 58.796502351760864 127
1680271778207 58.946908950805664 128
1680271778914 59.66234016418457 129
1680271779079 59.81286835670471 130
1680271779854 60.59028077125549 131
1680271780002 60.74044632911682 132
1680271780832 61.57646942138672 133
1680271780986 61.72443151473999 134
1680271781759 62.51111459732056 135
1680271781884 62.63511633872986 136
1680271782629 63.37511920928955 137
1680271782755 63.502482891082764 138
1680271783463 64.21136426925659 139
1680271783609 64.35107731819153 140
1680271784362 65.10627627372742 141
1680271784583 65.32942867279053 142
1680271785285 66.03000736236572 143
1680271785419 66.16447877883911 144
1680271786149 66.89748430252075 145
1680271786315 67.04814100265503 146
1680271787027 67.77519202232361 147
1680271787159 67.91200566291809 148
1680271787856 68.6059513092041 149
1680271787981 68.73191690444946 150
1680271788764 69.50900292396545 151
1680271788910 69.65338158607483 152
1680271789661 70.39985132217407 153
1680271789800 70.54421997070312 154
1680271790554 71.2921040058136 155
1680271790680 71.42789149284363 156
1680271791366 72.11655235290527 157
1680271791502 72.24833607673645 158
1680271792167 72.91813683509827 159
1680271792296 73.04527688026428 160
1680271793055 73.80434346199036 161
1680271793183 73.93273115158081 162
1680271793853 74.60231018066406 163
1680271793982 74.73231410980225 164
1680271794693 75.42623329162598 165
1680271794823 75.56814002990723 166
1680271795568 76.31408500671387 167
1680271795695 76.4442548751831 168
1680271796374 77.12402486801147 169
1680271796597 77.33957242965698 170
1680271797284 78.0332498550415 171
1680271797410 78.16097378730774 172
1680271798104 78.8525984287262 173
1680271798229 78.97931575775146 174
1680271798928 79.6760847568512 175
1680271799054 79.80233383178711 176
1680271799772 80.51604294776917 177
1680271799903 80.65294694900513 178
1680271800711 81.4517617225647 179
1680271800864 81.5926525592804 180
1680271801664 82.41227865219116 181
1680271801796 82.5413703918457 182
1680271802481 83.22235870361328 183
1680271802615 83.35715913772583 184
1680271803304 84.05156755447388 185
1680271803436 84.1783401966095 186
1680271804141 84.88809752464294 187
1680271804285 85.02428603172302 188
1680271805043 85.82431697845459 189
1680271805187 85.9343490600586 190
1680271805867 86.61507821083069 191
1680271806008 86.75023484230042 192
1680271806653 87.40518856048584 193
1680271806778 87.52879095077515 194
1680271807491 88.22668528556824 195
1680271807644 88.37922763824463 196
1680271808331 89.07335782051086 197
1680271808557 89.30402946472168 198
1680271809249 89.99570727348328 199
1680271809392 90.12650442123413 200
1680271810114 90.85413527488708 201
1680271810247 90.98741221427917 202
1680271810920 91.67186427116394 203
1680271811051 91.79191064834595 204
1680271811734 92.4740629196167 205
1680271811869 92.61001014709473 206
1680271812556 93.29828596115112 207
1680271812767 93.51424980163574 208
1680271813472 94.20815372467041 209
1680271813620 94.35310864448547 210
1680271814310 95.05766725540161 211
1680271814443 95.18809533119202 212
1680271815148 95.8941330909729 213
1680271815274 96.02055621147156 214
1680271815913 96.69651222229004 215
1680271816057 96.79033923149109 216
1680271816805 97.54525709152222 217
1680271816913 97.68514037132263 218
1680271817597 98.34720206260681 219
1680271817729 98.4741895198822 220
1680271818427 99.21030473709106 221
1680271818555 99.3021981716156 222
1680271819236 99.98757195472717 223
1680271819361 100.1105010509491 224
1680271820056 100.81756114959717 225
1680271820192 100.93718433380127 226
1680271821117 101.85199332237244 227
1680271821266 102.00330448150635 228
1680271822014 102.76123833656311 229
1680271822161 102.89525556564331 230
1680271822887 103.62673497200012 231
1680271823015 103.76296162605286 232
1680271823695 104.44125747680664 233
1680271823826 104.5731155872345 234
1680271824608 105.34803986549377 235
1680271824749 105.49197220802307 236
1680271825475 106.22111678123474 237
1680271825610 106.35424542427063 238
1680271826315 107.05926251411438 239
1680271826448 107.19320845603943 240
1680271827146 107.88858580589294 241
1680271827290 108.02869582176208 242
1680271827979 108.72230529785156 243
1680271828130 108.8700180053711 244
1680271828885 109.62938690185547 245
1680271829013 109.75918054580688 246
1680271829681 110.42748713493347 247
1680271829819 110.5614640712738 248
1680271830529 111.26495051383972 249
1680271830674 111.41445660591125 250
1680271831357 112.09924626350403 251
1680271831486 112.23287773132324 252
1680271832267 113.01135635375977 253
1680271832409 113.15267705917358 254
1680271833108 113.84944605827332 255
1680271833252 113.98864793777466 256
1680271833938 114.68217158317566 257
1680271834072 114.81510901451111 258
1680271834754 115.49943256378174 259
1680271834892 115.63202452659607 260
1680271835583 116.32700443267822 261
1680271835727 116.45951867103577 262
1680271836522 117.25121116638184 263
1680271836679 117.40899634361267 264
1680271837383 118.11605596542358 265
1680271837546 118.27021741867065 266
1680271838326 119.05224919319153 267
1680271838473 119.20208621025085 268
1680271839178 119.90027213096619 269
1680271839325 120.05450510978699 270
1680271840113 120.84826445579529 271
1680271840256 120.98875617980957 272
1680271840986 121.71419167518616 273
1680271841140 121.86495304107666 274
1680271841881 122.6071093082428 275
1680271842038 122.76287174224854 276
1680271842737 123.47048878669739 277
1680271842893 123.62425827980042 278
1680271843621 124.35029911994934 279
1680271843765 124.50032043457031 280
1680271844539 125.27098727226257 281
1680271844687 125.41532135009766 282
1680271845387 126.11907863616943 283
1680271845544 126.27167820930481 284
1680271846296 127.02995109558105 285
1680271846439 127.17517566680908 286
1680271847152 127.88803100585938 287
1680271847296 128.02696442604065 288
1680271848088 128.8151113986969 289
1680271848240 128.9725148677826 290
1680271848965 129.70514702796936 291
1680271849102 129.84117889404297 292
1680271849791 130.5342574119568 293
1680271849929 130.6752963066101 294
1680271850644 131.38810110092163 295
1680271850784 131.52505898475647 296
1680271851515 132.25675654411316 297
1680271851664 132.40121030807495 298
1680271852476 133.20689797401428 299
1680271852629 133.36034488677979 300
1680271853328 134.0738513469696 301
1680271853467 134.20852136611938 302
1680271854162 134.90495133399963 303
1680271854294 135.03520584106445 304
1680271855012 135.74829983711243 305
1680271855155 135.8922779560089 306
1680271855942 136.68266439437866 307
1680271856093 136.82449650764465 308
1680271856817 137.55723524093628 309
1680271856954 137.69419264793396 310
1680271857741 138.48320031166077 311
1680271857871 138.6131887435913 312
1680271858554 139.29719424247742 313
1680271858729 139.4410433769226 314
1680271859624 140.34219098091125 315
1680271859893 140.604154586792 316
1680271860689 141.43043875694275 317
1680271860822 141.56313920021057 318
1680271861550 142.29410076141357 319
1680271861712 142.44114065170288 320
1680271862422 143.16273164749146 321
1680271862553 143.2951717376709 322
1680271863241 143.9763355255127 323
1680271863375 144.11833572387695 324
1680271864153 144.8921399116516 325
1680271864306 145.03899812698364 326
1680271865012 145.7464680671692 327
1680271865157 145.89620900154114 328
1680271865869 146.6122546195984 329
1680271866003 146.74408626556396 330
1680271866687 147.4312081336975 331
1680271866827 147.56757354736328 332
1680271867570 148.29853916168213 333
1680271867710 148.452378988266 334
1680271868484 149.22425413131714 335
1680271868621 149.36204409599304 336
1680271869331 150.07526683807373 337
1680271869477 150.2112979888916 338
1680271870220 150.96209454536438 339
1680271870358 151.09796738624573 340
1680271871042 151.78177857398987 341
1680271871181 151.91709923744202 342
1680271871957 152.69314527511597 343
1680271872096 152.83414816856384 344
1680271872842 153.57524394989014 345
1680271872983 153.7193899154663 346
1680271873710 154.4526424407959 347
1680271873854 154.58669066429138 348
1680271874566 155.30884766578674 349
1680271874709 155.44682669639587 350
1680271875419 156.16226649284363 351
1680271875554 156.297536611557 352
1680271876353 157.09432792663574 353
1680271876490 157.22942066192627 354
1680271877172 157.912944316864 355
1680271877309 158.04829668998718 356
1680271878043 158.77730226516724 357
1680271878196 158.93007922172546 358
1680271878942 159.68128490447998 359
1680271879084 159.8190085887909 360
1680271879778 160.5179374217987 361
1680271880024 160.75628352165222 362
1680271880733 161.47425150871277 363
1680271880872 161.6109790802002 364
1680271881598 162.32137370109558 365
1680271881752 162.48802089691162 366
1680271882446 163.18020629882812 367
1680271882595 163.32652401924133 368
1680271883316 164.0474214553833 369
1680271883464 164.1943473815918 370
1680271884173 164.90908479690552 371
1680271884408 165.13219714164734 372
1680271885109 165.84422731399536 373
1680271885255 165.98827648162842 374
1680271885964 166.70205283164978 375
1680271886106 166.8405303955078 376
1680271886795 167.52887654304504 377
1680271886934 167.66896057128906 378
1680271887642 168.37736344337463 379
1680271887790 168.52311325073242 380
1680271888601 169.33009696006775 381
1680271888739 169.47607493400574 382
1680271889418 170.15532803535461 383
1680271889561 170.29530119895935 384
1680271890306 171.03797936439514 385
1680271890447 171.1815037727356 386
1680271891135 171.8695409297943 387
1680271891274 172.01062083244324 388
1680271891953 172.68920135498047 389
1680271892174 172.90514636039734 390
1680271892904 173.63049721717834 391
1680271893077 173.79650449752808 392
1680271893825 174.56100606918335 393
1680271893966 174.70004272460938 394
1680271894663 175.39129877090454 395
1680271895000 175.55108070373535 396
1680271895684 176.41683650016785 397
1680271895849 176.57784414291382 398
1680271896541 177.27703857421875 399
1680271896676 177.41603255271912 400
1680271896794 177.5293848514557 401
