1680271723370 0.0 1
1680271723503 0.0 2
1680271724255 0.0 3
1680271724389 0.0 4
1680271725088 0.0 5
1680271725208 0.0 6
1680271725906 0.0 7
1680271726028 0.0 8
1680271726751 0.0 9
1680271726879 0.0 10
1680271727590 0.0 11
1680271727712 0.0 12
1680271728472 0.0 13
1680271728603 0.0 14
1680271729275 0.0 15
1680271729389 0.0 16
1680271730068 0.0 17
1680271730218 0.0 18
1680271730944 0.0 19
1680271731068 0.0 20
1680271731868 0.0 21
1680271732006 0.0 22
1680271732756 0.0 23
1680271732894 0.0 24
1680271733608 0.0 25
1680271733747 0.0 26
1680271734508 0.0 27
1680271734645 0.0 28
1680271735425 0.0 29
1680271735570 0.0 30
1680271736395 0.0 31
1680271736533 0.0 32
1680271737267 0.0 33
1680271737386 0.0 34
1680271738089 0.0 35
1680271738210 0.0 36
1680271738938 0.0 37
1680271739062 0.0 38
1680271739855 0.0 39
1680271739973 0.0 40
1680271740706 0.0 41
1680271740828 0.0 42
1680271741590 0.0 43
1680271741716 0.0 44
1680271742418 0.0 45
1680271742561 0.0 46
1680271743308 0.0 47
1680271743427 0.0 48
1680271744197 0.0 49
1680271744329 0.0 50
1680271745028 0.0 51
1680271745151 0.0 52
1680271745828 0.0 53
1680271745964 0.0 54
1680271746660 0.0 55
1680271746780 0.0 56
1680271747538 0.0 57
1680271747657 0.0 58
1680271748313 0.0 59
1680271748442 0.0 60
1680271749139 0.0 61
1680271749260 0.0 62
1680271750001 0.0 63
1680271750134 0.0 64
1680271750945 0.0 65
1680271751073 0.0 66
1680271751845 0.0 67
1680271751970 0.0 68
1680271752662 0.0 69
1680271752797 0.0 70
1680271753548 0.0 71
1680271753669 0.0 72
1680271754386 0.0 73
1680271754523 0.0 74
1680271755200 0.0 75
1680271755433 0.0 76
1680271756149 0.0 77
1680271756277 0.0 78
1680271756994 0.0 79
1680271757124 0.0 80
1680271757935 0.0 81
1680271758069 0.0 82
1680271758831 0.0 83
1680271758949 0.0 84
1680271759652 0.0 85
1680271759867 0.0 86
1680271760512 0.0 87
1680271760633 0.0 88
1680271761401 0.0 89
1680271761528 0.0 90
1680271762171 0.0 91
1680271762323 0.0 92
1680271763011 0.0 93
1680271763145 0.0 94
1680271763909 0.0 95
1680271764056 0.0 96
1680271764735 0.0 97
1680271764861 0.0 98
1680271765547 0.0 99
1680271765673 0.0 100
1680271766369 0.0 101
1680271766494 0.0 102
1680271767228 0.0 103
1680271767435 0.0 104
1680271768139 0.0 105
1680271768262 0.0 106
1680271768923 0.0 107
1680271769055 0.0 108
1680271769739 0.0 109
1680271769867 0.0 110
1680271770648 0.0 111
1680271770805 0.0 112
1680271771784 0.0 113
1680271771949 0.0 114
1680271772726 0.0 115
1680271772895 0.0 116
1680271773583 0.0 117
1680271773704 0.0 118
1680271774420 0.0 119
1680271774574 0.0 120
1680271775267 0.0 121
1680271775410 0.0 122
1680271776241 0.0 123
1680271776388 0.0 124
1680271777177 0.0 125
1680271777328 0.0 126
1680271778064 0.0 127
1680271778212 0.0 128
1680271778927 0.0 129
1680271779084 0.0 130
1680271779859 0.0 131
1680271780007 0.0 132
1680271780836 0.0 133
1680271780991 0.0 134
1680271781765 0.0 135
1680271781889 0.0 136
1680271782634 0.0 137
1680271782760 0.0 138
1680271783467 0.0 139
1680271783615 0.0 140
1680271784366 0.0 141
1680271784588 0.0 142
1680271785290 0.0 143
1680271785426 0.0 144
1680271786154 0.0 145
1680271786322 0.0 146
1680271787033 0.0 147
1680271787165 0.0 148
1680271787861 0.0 149
1680271787987 0.0 150
1680271788770 0.0 151
1680271788915 0.0 152
1680271789665 0.0 153
1680271789805 0.0 154
1680271790559 0.0 155
1680271790685 0.0 156
1680271791371 0.0 157
1680271791507 0.0 158
1680271792172 0.0 159
1680271792300 0.0 160
1680271793059 0.0 161
1680271793187 0.0 162
1680271793858 0.0 163
1680271793987 0.0 164
1680271794698 0.0 165
1680271794828 0.0 166
1680271795573 0.0 167
1680271795700 0.0 168
1680271796379 0.0 169
1680271796602 0.0 170
1680271797289 0.0 171
1680271797414 0.0 172
1680271798108 0.0 173
1680271798234 0.0 174
1680271798932 0.0 175
1680271799059 0.0 176
1680271799777 0.0 177
1680271799907 0.0 178
1680271800716 0.0 179
1680271800871 0.0 180
1680271801669 0.0 181
1680271801801 0.0 182
1680271802486 0.0 183
1680271802620 0.0 184
1680271803308 0.0 185
1680271803442 0.0 186
1680271804146 0.0 187
1680271804291 0.0 188
1680271805048 0.0 189
1680271805192 0.0 190
1680271805872 0.0 191
1680271806013 0.0 192
1680271806658 0.0 193
1680271806782 0.0 194
1680271807496 0.0 195
1680271807649 0.0 196
1680271808339 0.0 197
1680271808562 0.0 198
1680271809254 0.0 199
1680271809398 0.0 200
1680271810120 0.0 201
1680271810252 0.0 202
1680271810926 0.0 203
1680271811056 0.0 204
1680271811740 0.0 205
1680271811874 0.0 206
1680271812561 0.0 207
1680271812771 0.0 208
1680271813479 0.0 209
1680271813626 0.0 210
1680271814315 0.0 211
1680271814448 0.0 212
1680271815152 0.0 213
1680271815279 0.0 214
1680271815919 0.0 215
1680271816062 0.0 216
1680271816810 0.0 217
1680271816919 0.0 218
1680271817603 0.0 219
1680271817735 0.0 220
1680271818431 0.0 221
1680271818560 0.0 222
1680271819241 0.0 223
1680271819367 0.0 224
1680271820062 0.0 225
1680271820196 0.0 226
1680271821122 0.0 227
1680271821271 0.0 228
1680271822019 0.0 229
1680271822166 0.0 230
1680271822892 0.0 231
1680271823020 0.0 232
1680271823700 0.0 233
1680271823831 0.0 234
1680271824612 0.0 235
1680271824754 0.0 236
1680271825480 0.0 237
1680271825614 0.0 238
1680271826320 0.0 239
1680271826453 0.0 240
1680271827151 0.0 241
1680271827296 0.0 242
1680271827984 0.0 243
1680271828136 0.0 244
1680271828889 0.0 245
1680271829018 0.0 246
1680271829685 0.0 247
1680271829823 0.0 248
1680271830535 0.0 249
1680271830679 0.0 250
1680271831362 0.0 251
1680271831491 0.0 252
1680271832272 0.0 253
1680271832414 0.0 254
1680271833113 0.0 255
1680271833257 0.0 256
1680271833942 0.0 257
1680271834077 0.0 258
1680271834759 0.0 259
1680271834897 0.0 260
1680271835589 0.0 261
1680271835731 0.0 262
1680271836526 0.0 263
1680271836684 0.0 264
1680271837388 0.0 265
1680271837552 0.0 266
1680271838330 0.0 267
1680271838480 0.0 268
1680271839182 0.0 269
1680271839330 0.0 270
1680271840118 0.0 271
1680271840267 0.0 272
1680271840992 0.0 273
1680271841147 0.0 274
1680271841887 0.0 275
1680271842043 0.0 276
1680271842742 0.0 277
1680271842897 0.0 278
1680271843626 0.0 279
1680271843770 0.0 280
1680271844544 0.0 281
1680271844691 0.0 282
1680271845392 0.0 283
1680271845548 0.0 284
1680271846299 0.0 285
1680271846444 0.0 286
1680271847159 0.0 287
1680271847300 0.0 288
1680271848092 0.0 289
1680271848245 0.0 290
1680271848969 0.0 291
1680271849107 0.0 292
1680271849796 0.0 293
1680271849934 0.0 294
1680271850649 0.0 295
1680271850790 0.0 296
1680271851521 0.0 297
1680271851670 0.0 298
1680271852481 0.0 299
1680271852634 0.0 300
1680271853332 0.0 301
1680271853472 0.0 302
1680271854168 0.0 303
1680271854299 0.0 304
1680271855017 0.0 305
1680271855160 0.0 306
1680271855947 0.0 307
1680271856098 0.0 308
1680271856824 0.0 309
1680271856958 0.0 310
1680271857746 0.0 311
1680271857877 0.0 312
1680271858559 0.0 313
1680271858735 0.0 314
1680271859630 0.0 315
1680271859900 0.0 316
1680271860694 0.0 317
1680271860827 0.0 318
1680271861555 0.0 319
1680271861717 0.0 320
1680271862426 0.0 321
1680271862558 0.0 322
1680271863246 0.0 323
1680271863380 0.0 324
1680271864158 0.0 325
1680271864311 0.0 326
1680271865018 0.0 327
1680271865163 0.0 328
1680271865873 0.0 329
1680271866007 0.0 330
1680271866692 0.0 331
1680271866833 0.0 332
1680271867574 0.0 333
1680271867715 0.0 334
1680271868489 0.0 335
1680271868626 0.0 336
1680271869336 0.0 337
1680271869483 0.0 338
1680271870225 0.0 339
1680271870363 0.0 340
1680271871046 0.0 341
1680271871186 0.0 342
1680271871962 0.0 343
1680271872102 0.0 344
1680271872847 0.0 345
1680271872988 0.0 346
1680271873715 0.0 347
1680271873859 0.0 348
1680271874571 0.0 349
1680271874714 0.0 350
1680271875424 0.0 351
1680271875559 0.0 352
1680271876357 0.0 353
1680271876495 0.0 354
1680271877177 0.0 355
1680271877314 0.0 356
1680271878049 0.0 357
1680271878202 0.0 358
1680271878946 0.0 359
1680271879089 0.0 360
1680271879783 0.0 361
1680271880030 0.0 362
1680271880739 0.0 363
1680271880878 0.0 364
1680271881603 0.0 365
1680271881758 0.0 366
1680271882450 0.0 367
1680271882600 0.0 368
1680271883321 0.0 369
1680271883470 0.0 370
1680271884178 0.0 371
1680271884413 0.0 372
1680271885114 0.0 373
1680271885260 0.0 374
1680271885969 0.0 375
1680271886111 0.0 376
1680271886799 0.0 377
1680271886938 0.0 378
1680271887646 0.0 379
1680271887795 0.0 380
1680271888605 0.0 381
1680271888744 0.0 382
1680271889422 0.0 383
1680271889565 0.0 384
1680271890310 0.0 385
1680271890452 0.0 386
1680271891139 0.0 387
1680271891278 0.0 388
1680271891958 0.0 389
1680271892179 0.0 390
1680271892909 0.0 391
1680271893083 0.0 392
1680271893830 0.0 393
1680271893972 0.0 394
1680271894671 0.0 395
1680271895005 0.0 396
1680271895689 0.0 397
1680271895855 0.0 398
1680271896545 0.0 399
1680271896681 0.0 400
1680271896798 0.0 401
