1680271723358 4.1390159130096436 1
1680271723487 0.11217713356018066 2
1680271724244 0.7580466270446777 3
1680271724375 0.13297057151794434 4
1680271725076 0.7030718326568604 5
1680271725196 0.11654448509216309 6
1680271725893 0.6953768730163574 7
1680271726016 0.12238574028015137 8
1680271726739 0.7215752601623535 9
1680271726868 0.12201595306396484 10
1680271727578 0.7210021018981934 11
1680271727700 0.11900067329406738 12
1680271728460 0.7637467384338379 13
1680271728592 0.13016414642333984 14
1680271729264 0.671626091003418 15
1680271729376 0.11399316787719727 16
1680271730053 0.6745889186859131 17
1680271730200 0.13475584983825684 18
1680271730934 0.7470860481262207 19
1680271731056 0.12117338180541992 20
1680271731846 0.7767033576965332 21
1680271731992 0.15500187873840332 22
1680271732743 0.7508120536804199 23
1680271732882 0.13915157318115234 24
1680271733595 0.7158968448638916 25
1680271733733 0.13315510749816895 26
1680271734489 0.7552423477172852 27
1680271734631 0.14078831672668457 28
1680271735411 0.7760460376739502 29
1680271735556 0.14711856842041016 30
1680271736383 0.8331360816955566 31
1680271736520 0.13105297088623047 32
1680271737255 0.7436764240264893 33
1680271737374 0.11989545822143555 34
1680271738074 0.6949341297149658 35
1680271738199 0.12828969955444336 36
1680271738927 0.7276759147644043 37
1680271739051 0.12633228302001953 38
1680271739844 0.7908270359039307 39
1680271739962 0.12112689018249512 40
1680271740692 0.7250523567199707 41
1680271740816 0.12409162521362305 42
1680271741579 0.7630615234375 43
1680271741702 0.12470102310180664 44
1680271742405 0.7008209228515625 45
1680271742548 0.12786102294921875 46
1680271743297 0.7684357166290283 47
1680271743415 0.11806488037109375 48
1680271744185 0.765892744064331 49
1680271744319 0.13234186172485352 50
1680271745016 0.6995527744293213 51
1680271745140 0.11980271339416504 52
1680271745817 0.6803460121154785 53
1680271745952 0.12103700637817383 54
1680271746649 0.7150359153747559 55
1680271746769 0.11591911315917969 56
1680271747525 0.7540323734283447 57
1680271747646 0.1252608299255371 58
1680271748302 0.6545279026031494 59
1680271748431 0.12521076202392578 60
1680271749127 0.7025368213653564 61
1680271749249 0.11917614936828613 62
1680271749989 0.736501932144165 63
1680271750122 0.12280416488647461 64
1680271750933 0.8183269500732422 65
1680271751060 0.1307227611541748 66
1680271751834 0.7757272720336914 67
1680271751958 0.12030529975891113 68
1680271752650 0.6940555572509766 69
1680271752784 0.12982630729675293 70
1680271753536 0.7526159286499023 71
1680271753657 0.1288142204284668 72
1680271754375 0.7108335494995117 73
1680271754509 0.13262391090393066 74
1680271755188 0.7172818183898926 75
1680271755421 0.1913316249847412 76
1680271756138 0.7253499031066895 77
1680271756265 0.1273791790008545 78
1680271756980 0.7158010005950928 79
1680271757112 0.13077735900878906 80
1680271757921 0.803398847579956 81
1680271758055 0.13954591751098633 82
1680271758820 0.7660655975341797 83
1680271758938 0.11977386474609375 84
1680271759640 0.6967697143554688 85
1680271759853 0.21300673484802246 86
1680271760501 0.6846280097961426 87
1680271760621 0.08696937561035156 88
1680271761390 0.7666969299316406 89
1680271761517 0.12148642539978027 90
1680271762160 0.652212381362915 91
1680271762308 0.12359786033630371 92
1680271762999 0.704298734664917 93
1680271763132 0.14068126678466797 94
1680271763897 0.7624359130859375 95
1680271764044 0.14351844787597656 96
1680271764723 0.6891987323760986 97
1680271764848 0.12314748764038086 98
1680271765533 0.6859109401702881 99
1680271765661 0.12154150009155273 100
1680271766356 0.6974844932556152 101
1680271766482 0.1290452480316162 102
1680271767216 0.734342098236084 103
1680271767423 0.2036147117614746 104
1680271768126 0.7045085430145264 105
1680271768251 0.12555217742919922 106
1680271768907 0.6588172912597656 107
1680271769044 0.1278829574584961 108
1680271769728 0.6891062259674072 109
1680271769855 0.12599420547485352 110
1680271770630 0.765155553817749 111
1680271770790 0.14897584915161133 112
1680271771772 0.9977133274078369 113
1680271771937 0.15799832344055176 114
1680271772706 0.7648160457611084 115
1680271772881 0.17937731742858887 116
1680271773571 0.6990559101104736 117
1680271773693 0.12795257568359375 118
1680271774408 0.714301347732544 119
1680271774561 0.1295299530029297 120
1680271775256 0.7479946613311768 121
1680271775398 0.09907341003417969 122
1680271776229 0.8432574272155762 123
1680271776373 0.12963199615478516 124
1680271777165 0.7952144145965576 125
1680271777314 0.15181922912597656 126
1680271778052 0.7323811054229736 127
1680271778199 0.1504065990447998 128
1680271778906 0.7154312133789062 129
1680271779070 0.1505281925201416 130
1680271779846 0.7774124145507812 131
1680271779995 0.15016555786132812 132
1680271780825 0.8360230922698975 133
1680271780978 0.14796209335327148 134
1680271781753 0.7866830825805664 135
1680271781877 0.12400174140930176 136
1680271782622 0.7400028705596924 137
1680271782747 0.1273636817932129 138
1680271783456 0.7088813781738281 139
1680271783602 0.13971304893493652 140
1680271784355 0.7551989555358887 141
1680271784574 0.22315239906311035 142
1680271785278 0.7005786895751953 143
1680271785411 0.13447141647338867 144
1680271786142 0.7330055236816406 145
1680271786308 0.15065670013427734 146
1680271787020 0.7270510196685791 147
1680271787155 0.13681364059448242 148
1680271787850 0.6939456462860107 149
1680271787975 0.12596559524536133 150
1680271788757 0.7770860195159912 151
1680271788902 0.144378662109375 152
1680271789653 0.7464697360992432 153
1680271789793 0.14436864852905273 154
1680271790547 0.7478840351104736 155
1680271790674 0.1357874870300293 156
1680271791360 0.6886608600616455 157
1680271791494 0.13178372383117676 158
1680271792161 0.6698007583618164 159
1680271792288 0.12714004516601562 160
1680271793048 0.7590665817260742 161
1680271793177 0.1283876895904541 162
1680271793847 0.669579029083252 163
1680271793976 0.1300039291381836 164
1680271794684 0.6939191818237305 165
1680271794815 0.14190673828125 166
1680271795561 0.7459449768066406 167
1680271795689 0.13016986846923828 168
1680271796368 0.6797699928283691 169
1680271796588 0.2155475616455078 170
1680271797278 0.6936774253845215 171
1680271797404 0.12772393226623535 172
1680271798097 0.691624641418457 173
1680271798222 0.12671732902526855 174
1680271798920 0.6967689990997314 175
1680271799047 0.12624907493591309 176
1680271799764 0.7137091159820557 177
1680271799896 0.13690400123596191 178
1680271800704 0.7988147735595703 179
1680271800855 0.14089083671569824 180
1680271801657 0.8196260929107666 181
1680271801788 0.12909173965454102 182
1680271802475 0.6809883117675781 183
1680271802609 0.13480043411254883 184
1680271803298 0.6944084167480469 185
1680271803429 0.12677264213562012 186
1680271804134 0.7097573280334473 187
1680271804278 0.13618850708007812 188
1680271805035 0.8000309467315674 189
1680271805180 0.1100320816040039 190
1680271805860 0.6807291507720947 191
1680271806000 0.13515663146972656 192
1680271806647 0.6549537181854248 193
1680271806771 0.12360239028930664 194
1680271807483 0.6978943347930908 195
1680271807638 0.1525423526763916 196
1680271808324 0.6941301822662354 197
1680271808551 0.23067164421081543 198
1680271809243 0.6916778087615967 199
1680271809382 0.1307971477508545 200
1680271810105 0.7276308536529541 201
1680271810241 0.13327693939208984 202
1680271810914 0.6844520568847656 203
1680271811043 0.12004637718200684 204
1680271811726 0.682152271270752 205
1680271811862 0.13594722747802734 206
1680271812550 0.6882758140563965 207
1680271812760 0.21596384048461914 208
1680271813463 0.693903923034668 209
1680271813613 0.14495491981506348 210
1680271814304 0.7045586109161377 211
1680271814437 0.13042807579040527 212
1680271815142 0.7060377597808838 213
1680271815267 0.12642312049865723 214
1680271815907 0.6759560108184814 215
1680271816050 0.0938270092010498 216
1680271816798 0.7549178600311279 217
1680271816905 0.13988327980041504 218
1680271817591 0.6620616912841797 219
1680271817722 0.12698745727539062 220
1680271818420 0.7361152172088623 221
1680271818548 0.09189343452453613 222
1680271819230 0.6853737831115723 223
1680271819355 0.12292909622192383 224
1680271820050 0.7070600986480713 225
1680271820185 0.11962318420410156 226
1680271821110 0.914808988571167 227
1680271821259 0.15131115913391113 228
1680271822008 0.7579338550567627 229
1680271822151 0.1340172290802002 230
1680271822881 0.7314794063568115 231
1680271823009 0.13622665405273438 232
1680271823688 0.6782958507537842 233
1680271823820 0.13185811042785645 234
1680271824601 0.7749242782592773 235
1680271824743 0.14393234252929688 236
1680271825468 0.7291445732116699 237
1680271825604 0.13312864303588867 238
1680271826309 0.70501708984375 239
1680271826441 0.13394594192504883 240
1680271827139 0.6953773498535156 241
1680271827282 0.14011001586914062 242
1680271827973 0.6936094760894775 243
1680271828123 0.14771270751953125 244
1680271828878 0.759368896484375 245
1680271829007 0.12979364395141602 246
1680271829674 0.6683065891265869 247
1680271829812 0.13397693634033203 248
1680271830522 0.703486442565918 249
1680271830667 0.1495060920715332 250
1680271831351 0.6847896575927734 251
1680271831480 0.13363146781921387 252
1680271832261 0.7784786224365234 253
1680271832402 0.14132070541381836 254
1680271833101 0.6967689990997314 255
1680271833245 0.13920187950134277 256
1680271833931 0.693523645401001 257
1680271834065 0.13293743133544922 258
1680271834748 0.6843235492706299 259
1680271834885 0.13259196281433105 260
1680271835577 0.6949799060821533 261
1680271835720 0.13251423835754395 262
1680271836515 0.7916924953460693 263
1680271836672 0.15778517723083496 264
1680271837377 0.7070596218109131 265
1680271837538 0.1541614532470703 266
1680271838317 0.782031774520874 267
1680271838465 0.14983701705932617 268
1680271839170 0.698185920715332 269
1680271839316 0.15423297882080078 270
1680271840106 0.7937593460083008 271
1680271840250 0.14049172401428223 272
1680271840979 0.7254354953765869 273
1680271841134 0.15076136589050293 274
1680271841874 0.7421562671661377 275
1680271842031 0.1557624340057373 276
1680271842728 0.7076170444488525 277
1680271842886 0.15376949310302734 278
1680271843614 0.7260408401489258 279
1680271843759 0.15002131462097168 280
1680271844533 0.7706668376922607 281
1680271844680 0.144334077835083 282
1680271845380 0.7037572860717773 283
1680271845537 0.15259957313537598 284
1680271846289 0.7582728862762451 285
1680271846433 0.14522457122802734 286
1680271847145 0.712855339050293 287
1680271847289 0.13893342018127441 288
1680271848081 0.78814697265625 289
1680271848234 0.15740346908569336 290
1680271848957 0.7326321601867676 291
1680271849096 0.1360318660736084 292
1680271849785 0.6930785179138184 293
1680271849923 0.1410388946533203 294
1680271850637 0.7128047943115234 295
1680271850776 0.13695788383483887 296
1680271851509 0.7316975593566895 297
1680271851655 0.144453763961792 298
1680271852469 0.805687665939331 299
1680271852622 0.15344691276550293 300
1680271853321 0.7135064601898193 301
1680271853460 0.13467001914978027 302
1680271854157 0.696429967880249 303
1680271854288 0.13025450706481934 304
1680271855004 0.7130939960479736 305
1680271855148 0.14397811889648438 306
1680271855935 0.790386438369751 307
1680271856082 0.1418321132659912 308
1680271856811 0.732738733291626 309
1680271856946 0.13695740699768066 310
1680271857734 0.7890076637268066 311
1680271857865 0.129988431930542 312
1680271858547 0.6840054988861084 313
1680271858717 0.14384913444519043 314
1680271859617 0.9011476039886475 315
1680271859882 0.2619636058807373 316
1680271860682 0.8262841701507568 317
1680271860815 0.13270044326782227 318
1680271861543 0.7309615612030029 319
1680271861705 0.14703989028930664 320
1680271862414 0.7215909957885742 321
1680271862547 0.13244009017944336 322
1680271863233 0.6811637878417969 323
1680271863369 0.1420001983642578 324
1680271864146 0.7738041877746582 325
1680271864300 0.14685821533203125 326
1680271865003 0.7074699401855469 327
1680271865151 0.14974093437194824 328
1680271865862 0.716045618057251 329
1680271865996 0.13183164596557617 330
1680271866681 0.6871218681335449 331
1680271866819 0.13636541366577148 332
1680271867561 0.7309656143188477 333
1680271867704 0.1538398265838623 334
1680271868477 0.7718751430511475 335
1680271868614 0.13778996467590332 336
1680271869325 0.7132227420806885 337
1680271869468 0.1360311508178711 338
1680271870214 0.7507965564727783 339
1680271870352 0.13587284088134766 340
1680271871036 0.6838111877441406 341
1680271871174 0.13532066345214844 342
1680271871950 0.7760460376739502 343
1680271872089 0.14100289344787598 344
1680271872830 0.741095781326294 345
1680271872976 0.14414596557617188 346
1680271873704 0.7332525253295898 347
1680271873846 0.1340482234954834 348
1680271874560 0.7221570014953613 349
1680271874703 0.13797903060913086 350
1680271875413 0.7154397964477539 351
1680271875547 0.1352701187133789 352
1680271876346 0.7967913150787354 353
1680271876484 0.13509273529052734 354
1680271877166 0.6835236549377441 355
1680271877302 0.13535237312316895 356
1680271878036 0.7290055751800537 357
1680271878190 0.15277695655822754 358
1680271878934 0.7512056827545166 359
1680271879077 0.13772368431091309 360
1680271879772 0.6989288330078125 361
1680271880018 0.23834609985351562 362
1680271880727 0.7179679870605469 363
1680271880865 0.13672757148742676 364
1680271881591 0.7103946208953857 365
1680271881746 0.16664719581604004 366
1680271882439 0.6921854019165039 367
1680271882588 0.146317720413208 368
1680271883309 0.7208974361419678 369
1680271883457 0.1469259262084961 370
1680271884166 0.7147374153137207 371
1680271884400 0.2231123447418213 372
1680271885103 0.7120301723480225 373
1680271885247 0.14404916763305664 374
1680271885958 0.7137763500213623 375
1680271886099 0.13847756385803223 376
1680271886788 0.6883461475372314 377
1680271886927 0.14008402824401855 378
1680271887635 0.7084028720855713 379
1680271887782 0.14574980735778809 380
1680271888595 0.8069837093353271 381
1680271888733 0.14597797393798828 382
1680271889411 0.679253101348877 383
1680271889555 0.13997316360473633 384
1680271890300 0.742678165435791 385
1680271890440 0.1435244083404541 386
1680271891129 0.6880371570587158 387
1680271891266 0.14107990264892578 388
1680271891946 0.6785805225372314 389
1680271892166 0.21594500541687012 390
1680271892895 0.7253508567810059 391
1680271893068 0.16600728034973145 392
1680271893819 0.7645015716552734 393
1680271893960 0.1390366554260254 394
1680271894657 0.691256046295166 395
1680271894993 0.15978193283081055 396
1680271895675 0.8657557964324951 397
1680271895841 0.16100764274597168 398
1680271896535 0.6991944313049316 399
1680271896670 0.1389939785003662 400
1680271896787 0.11335229873657227 401
