1680271723361 1.0 1
1680271723491 2.0 2
1680271724247 3.0 3
1680271724378 4.0 4
1680271725079 5.0 5
1680271725199 6.0 6
1680271725897 7.0 7
1680271726020 8.0 8
1680271726742 9.0 9
1680271726871 10.0 10
1680271727581 11.0 11
1680271727704 12.0 12
1680271728463 13.0 13
1680271728595 14.0 14
1680271729267 15.0 15
1680271729380 16.0 16
1680271730059 17.0 17
1680271730205 18.0 18
1680271730937 19.0 19
1680271731059 20.0 20
1680271731850 21.0 21
1680271731997 22.0 22
1680271732747 23.0 23
1680271732886 24.0 24
1680271733600 25.0 25
1680271733736 26.0 26
1680271734492 27.0 27
1680271734635 28.0 28
1680271735415 29.0 29
1680271735560 30.0 30
1680271736387 31.0 31
1680271736524 32.0 32
1680271737258 33.0 33
1680271737379 34.0 34
1680271738078 35.0 35
1680271738202 36.0 36
1680271738930 37.0 37
1680271739055 38.0 38
1680271739847 39.0 39
1680271739966 40.0 40
1680271740696 41.0 41
1680271740820 42.0 42
1680271741582 43.0 43
1680271741707 44.0 44
1680271742408 45.0 45
1680271742552 46.0 46
1680271743301 47.0 47
1680271743419 48.0 48
1680271744188 49.0 49
1680271744321 50.0 50
1680271745020 51.0 51
1680271745144 52.0 52
1680271745820 53.0 53
1680271745956 54.0 54
1680271746652 55.0 55
1680271746772 56.0 56
1680271747529 57.0 57
1680271747649 58.0 58
1680271748305 59.0 59
1680271748434 60.0 60
1680271749131 61.0 61
1680271749252 62.0 62
1680271749992 63.0 63
1680271750125 64.0 64
1680271750936 65.0 65
1680271751063 66.0 66
1680271751838 67.0 67
1680271751961 68.0 68
1680271752655 69.0 69
1680271752787 70.0 70
1680271753539 71.0 71
1680271753660 72.0 72
1680271754378 73.0 73
1680271754513 74.0 74
1680271755191 75.0 75
1680271755424 76.0 76
1680271756142 77.0 77
1680271756268 78.0 78
1680271756985 79.0 79
1680271757116 80.0 80
1680271757925 81.0 81
1680271758059 82.0 82
1680271758824 83.0 83
1680271758941 84.0 84
1680271759644 85.0 85
1680271759857 86.0 86
1680271760504 87.0 87
1680271760624 88.0 88
1680271761393 89.0 89
1680271761520 90.0 90
1680271762163 91.0 91
1680271762312 92.0 92
1680271763003 93.0 93
1680271763136 94.0 94
1680271763901 95.0 95
1680271764047 96.0 96
1680271764727 97.0 97
1680271764852 98.0 98
1680271765537 99.0 99
1680271765664 100.0 100
1680271766359 101.0 101
1680271766486 102.0 102
1680271767221 103.0 103
1680271767427 104.0 104
1680271768129 105.0 105
1680271768254 106.0 106
1680271768911 107.0 107
1680271769047 108.0 108
1680271769731 109.0 109
1680271769858 110.0 110
1680271770635 111.0 111
1680271770794 112.0 112
1680271771776 113.0 113
1680271771940 114.0 114
1680271772709 115.0 115
1680271772886 116.0 116
1680271773575 117.0 117
1680271773697 118.0 118
1680271774411 119.0 119
1680271774565 120.0 120
1680271775260 121.0 121
1680271775401 122.0 122
1680271776232 123.0 123
1680271776377 124.0 124
1680271777168 125.0 125
1680271777318 126.0 126
1680271778056 127.0 127
1680271778203 128.0 128
1680271778910 129.0 129
1680271779076 130.0 130
1680271779849 131.0 131
1680271779999 132.0 132
1680271780828 133.0 133
1680271780982 134.0 134
1680271781756 135.0 135
1680271781881 136.0 136
1680271782625 137.0 137
1680271782752 138.0 138
1680271783459 139.0 139
1680271783606 140.0 140
1680271784358 141.0 141
1680271784579 142.0 142
1680271785282 143.0 143
1680271785414 144.0 144
1680271786146 145.0 145
1680271786312 146.0 146
1680271787024 147.0 147
1680271787157 148.0 148
1680271787852 149.0 149
1680271787978 150.0 150
1680271788761 151.0 151
1680271788906 152.0 152
1680271789657 153.0 153
1680271789797 154.0 154
1680271790550 155.0 155
1680271790677 156.0 156
1680271791363 157.0 157
1680271791499 158.0 158
1680271792164 159.0 159
1680271792292 160.0 160
1680271793051 161.0 161
1680271793180 162.0 162
1680271793850 163.0 163
1680271793979 164.0 164
1680271794689 165.0 165
1680271794818 166.0 166
1680271795564 167.0 167
1680271795692 168.0 168
1680271796371 169.0 169
1680271796593 170.0 170
1680271797281 171.0 171
1680271797407 172.0 172
1680271798100 173.0 173
1680271798226 174.0 174
1680271798924 175.0 175
1680271799051 176.0 176
1680271799768 177.0 177
1680271799900 178.0 178
1680271800707 179.0 179
1680271800859 180.0 180
1680271801661 181.0 181
1680271801792 182.0 182
1680271802478 183.0 183
1680271802612 184.0 184
1680271803301 185.0 185
1680271803432 186.0 186
1680271804137 187.0 187
1680271804282 188.0 188
1680271805039 189.0 189
1680271805184 190.0 190
1680271805864 191.0 191
1680271806005 192.0 192
1680271806651 193.0 193
1680271806774 194.0 194
1680271807488 195.0 195
1680271807641 196.0 196
1680271808328 197.0 197
1680271808554 198.0 198
1680271809246 199.0 199
1680271809387 200.0 200
1680271810109 201.0 201
1680271810244 202.0 202
1680271810917 203.0 203
1680271811046 204.0 204
1680271811730 205.0 205
1680271811865 206.0 206
1680271812553 207.0 207
1680271812764 208.0 208
1680271813466 209.0 209
1680271813617 210.0 210
1680271814307 211.0 211
1680271814440 212.0 212
1680271815145 213.0 213
1680271815271 214.0 214
1680271815909 215.0 215
1680271816053 216.0 216
1680271816802 217.0 217
1680271816909 218.0 218
1680271817594 219.0 219
1680271817725 220.0 220
1680271818424 221.0 221
1680271818551 222.0 222
1680271819233 223.0 223
1680271819358 224.0 224
1680271820053 225.0 225
1680271820188 226.0 226
1680271821114 227.0 227
1680271821263 228.0 228
1680271822011 229.0 229
1680271822157 230.0 230
1680271822884 231.0 231
1680271823012 232.0 232
1680271823691 233.0 233
1680271823823 234.0 234
1680271824605 235.0 235
1680271824746 236.0 236
1680271825472 237.0 237
1680271825607 238.0 238
1680271826312 239.0 239
1680271826444 240.0 240
1680271827143 241.0 241
1680271827286 242.0 242
1680271827976 243.0 243
1680271828126 244.0 244
1680271828881 245.0 245
1680271829010 246.0 246
1680271829677 247.0 247
1680271829816 248.0 248
1680271830526 249.0 249
1680271830671 250.0 250
1680271831354 251.0 251
1680271831483 252.0 252
1680271832264 253.0 253
1680271832406 254.0 254
1680271833105 255.0 255
1680271833249 256.0 256
1680271833935 257.0 257
1680271834069 258.0 258
1680271834751 259.0 259
1680271834889 260.0 260
1680271835580 261.0 261
1680271835723 262.0 262
1680271836519 263.0 263
1680271836675 264.0 264
1680271837380 265.0 265
1680271837542 266.0 266
1680271838323 267.0 267
1680271838468 268.0 268
1680271839174 269.0 269
1680271839320 270.0 270
1680271840110 271.0 271
1680271840253 272.0 272
1680271840982 273.0 273
1680271841137 274.0 274
1680271841878 275.0 275
1680271842035 276.0 276
1680271842732 277.0 277
1680271842889 278.0 278
1680271843617 279.0 279
1680271843763 280.0 280
1680271844536 281.0 281
1680271844683 282.0 282
1680271845382 283.0 283
1680271845541 284.0 284
1680271846292 285.0 285
1680271846437 286.0 286
1680271847148 287.0 287
1680271847292 288.0 288
1680271848085 289.0 289
1680271848238 290.0 290
1680271848961 291.0 291
1680271849099 292.0 292
1680271849788 293.0 293
1680271849926 294.0 294
1680271850641 295.0 295
1680271850780 296.0 296
1680271851512 297.0 297
1680271851659 298.0 298
1680271852472 299.0 299
1680271852626 300.0 300
1680271853324 301.0 301
1680271853463 302.0 302
1680271854160 303.0 303
1680271854291 304.0 304
1680271855008 305.0 305
1680271855151 306.0 306
1680271855939 307.0 307
1680271856088 308.0 308
1680271856814 309.0 309
1680271856950 310.0 310
1680271857738 311.0 311
1680271857869 312.0 312
1680271858550 313.0 313
1680271858724 314.0 314
1680271859622 315.0 315
1680271859887 316.0 316
1680271860686 317.0 317
1680271860818 318.0 318
1680271861547 319.0 319
1680271861709 320.0 320
1680271862418 321.0 321
1680271862550 322.0 322
1680271863238 323.0 323
1680271863372 324.0 324
1680271864150 325.0 325
1680271864303 326.0 326
1680271865008 327.0 327
1680271865154 328.0 328
1680271865865 329.0 329
1680271865999 330.0 330
1680271866684 331.0 331
1680271866823 332.0 332
1680271867566 333.0 333
1680271867708 334.0 334
1680271868481 335.0 335
1680271868618 336.0 336
1680271869328 337.0 337
1680271869472 338.0 338
1680271870217 339.0 339
1680271870355 340.0 340
1680271871039 341.0 341
1680271871178 342.0 342
1680271871954 343.0 343
1680271872093 344.0 344
1680271872840 345.0 345
1680271872979 346.0 346
1680271873707 347.0 347
1680271873850 348.0 348
1680271874563 349.0 349
1680271874706 350.0 350
1680271875416 351.0 351
1680271875549 352.0 352
1680271876350 353.0 353
1680271876487 354.0 354
1680271877169 355.0 355
1680271877306 356.0 356
1680271878039 357.0 357
1680271878193 358.0 358
1680271878938 359.0 359
1680271879080 360.0 360
1680271879775 361.0 361
1680271880021 362.0 362
1680271880730 363.0 363
1680271880869 364.0 364
1680271881594 365.0 365
1680271881749 366.0 366
1680271882442 367.0 367
1680271882592 368.0 368
1680271883313 369.0 369
1680271883461 370.0 370
1680271884170 371.0 371
1680271884405 372.0 372
1680271885106 373.0 373
1680271885251 374.0 374
1680271885961 375.0 375
1680271886102 376.0 376
1680271886791 377.0 377
1680271886930 378.0 378
1680271887639 379.0 379
1680271887787 380.0 380
1680271888598 381.0 381
1680271888736 382.0 382
1680271889415 383.0 383
1680271889558 384.0 384
1680271890302 385.0 385
1680271890443 386.0 386
1680271891132 387.0 387
1680271891271 388.0 388
1680271891949 389.0 389
1680271892171 390.0 390
1680271892899 391.0 391
1680271893072 392.0 392
1680271893822 393.0 393
1680271893963 394.0 394
1680271894660 395.0 395
1680271894996 396.0 396
1680271895679 397.0 397
1680271895844 398.0 398
1680271896538 399.0 399
1680271896673 400.0 400
1680271896790 401.0 401
