1680271723373 0.003435373306274414 1
1680271723506 0.003435373306274414 2
1680271724259 0.003435373306274414 3
1680271724392 0.003435373306274414 4
1680271725091 0.003435373306274414 5
1680271725212 0.003435373306274414 6
1680271725909 0.003435373306274414 7
1680271726032 0.003435373306274414 8
1680271726754 0.003435373306274414 9
1680271726882 0.003435373306274414 10
1680271727593 0.003435373306274414 11
1680271727715 0.003435373306274414 12
1680271728476 0.003435373306274414 13
1680271728607 0.003435373306274414 14
1680271729278 0.003435373306274414 15
1680271729391 0.003435373306274414 16
1680271730072 0.003435373306274414 17
1680271730223 0.003435373306274414 18
1680271730947 0.003435373306274414 19
1680271731072 0.003435373306274414 20
1680271731872 0.003435373306274414 21
1680271732010 0.003435373306274414 22
1680271732761 0.003435373306274414 23
1680271732897 0.003435373306274414 24
1680271733611 0.003435373306274414 25
1680271733752 0.003435373306274414 26
1680271734511 0.003435373306274414 27
1680271734648 0.003435373306274414 28
1680271735428 0.003435373306274414 29
1680271735575 0.003435373306274414 30
1680271736398 0.003435373306274414 31
1680271736537 0.003435373306274414 32
1680271737270 0.003435373306274414 33
1680271737390 0.003435373306274414 34
1680271738091 0.003435373306274414 35
1680271738214 0.003435373306274414 36
1680271738942 0.003435373306274414 37
1680271739066 0.003435373306274414 38
1680271739858 0.003435373306274414 39
1680271739977 0.003435373306274414 40
1680271740709 0.003435373306274414 41
1680271740831 0.003435373306274414 42
1680271741593 0.003435373306274414 43
1680271741719 0.003435373306274414 44
1680271742421 0.003435373306274414 45
1680271742566 0.003435373306274414 46
1680271743312 0.003435373306274414 47
1680271743430 0.003435373306274414 48
1680271744200 0.003435373306274414 49
1680271744332 0.003435373306274414 50
1680271745032 0.003435373306274414 51
1680271745154 0.003435373306274414 52
1680271745831 0.003435373306274414 53
1680271745967 0.003435373306274414 54
1680271746663 0.003435373306274414 55
1680271746784 0.003435373306274414 56
1680271747540 0.003435373306274414 57
1680271747660 0.003435373306274414 58
1680271748318 0.003435373306274414 59
1680271748445 0.003435373306274414 60
1680271749142 0.003435373306274414 61
1680271749263 0.003435373306274414 62
1680271750004 0.003435373306274414 63
1680271750138 0.003435373306274414 64
1680271750948 0.003435373306274414 65
1680271751076 0.003435373306274414 66
1680271751848 0.003435373306274414 67
1680271751972 0.003435373306274414 68
1680271752665 0.003435373306274414 69
1680271752800 0.003435373306274414 70
1680271753550 0.003435373306274414 71
1680271753672 0.003435373306274414 72
1680271754391 0.003435373306274414 73
1680271754526 0.003435373306274414 74
1680271755204 0.003435373306274414 75
1680271755438 0.003435373306274414 76
1680271756153 0.003435373306274414 77
1680271756280 0.003435373306274414 78
1680271756997 0.003435373306274414 79
1680271757127 0.003435373306274414 80
1680271757938 0.003435373306274414 81
1680271758073 0.003435373306274414 82
1680271758834 0.003435373306274414 83
1680271758952 0.003435373306274414 84
1680271759656 0.003435373306274414 85
1680271759872 0.003435373306274414 86
1680271760516 0.003435373306274414 87
1680271760635 0.003435373306274414 88
1680271761404 0.003435373306274414 89
1680271761531 0.003435373306274414 90
1680271762174 0.003435373306274414 91
1680271762327 0.003435373306274414 92
1680271763014 0.003435373306274414 93
1680271763148 0.003435373306274414 94
1680271763912 0.003435373306274414 95
1680271764059 0.003435373306274414 96
1680271764738 0.003435373306274414 97
1680271764864 0.003435373306274414 98
1680271765550 0.003435373306274414 99
1680271765676 0.003435373306274414 100
1680271766372 0.003435373306274414 101
1680271766497 0.003435373306274414 102
1680271767231 0.003435373306274414 103
1680271767438 0.003435373306274414 104
1680271768142 0.003435373306274414 105
1680271768265 0.003435373306274414 106
1680271768927 0.003435373306274414 107
1680271769058 0.003435373306274414 108
1680271769742 0.003435373306274414 109
1680271769870 0.003435373306274414 110
1680271770653 0.003435373306274414 111
1680271770809 0.003435373306274414 112
1680271771789 0.003435373306274414 113
1680271771952 0.003435373306274414 114
1680271772734 0.003435373306274414 115
1680271772899 0.003435373306274414 116
1680271773585 0.003435373306274414 117
1680271773707 0.003435373306274414 118
1680271774423 0.003435373306274414 119
1680271774578 0.003435373306274414 120
1680271775271 0.003435373306274414 121
1680271775413 0.003435373306274414 122
1680271776244 0.003435373306274414 123
1680271776393 0.003435373306274414 124
1680271777182 0.003435373306274414 125
1680271777333 0.003435373306274414 126
1680271778068 0.003435373306274414 127
1680271778215 0.003435373306274414 128
1680271778931 0.003435373306274414 129
1680271779088 0.003435373306274414 130
1680271779862 0.003435373306274414 131
1680271780009 0.003435373306274414 132
1680271780840 0.003435373306274414 133
1680271780995 0.003435373306274414 134
1680271781768 0.003435373306274414 135
1680271781892 0.003435373306274414 136
1680271782637 0.003435373306274414 137
1680271782763 0.003435373306274414 138
1680271783471 0.003435373306274414 139
1680271783619 0.003435373306274414 140
1680271784377 0.003435373306274414 141
1680271784591 0.003435373306274414 142
1680271785293 0.003435373306274414 143
1680271785430 0.003435373306274414 144
1680271786157 0.003435373306274414 145
1680271786325 0.003435373306274414 146
1680271787036 0.003435373306274414 147
1680271787168 0.003435373306274414 148
1680271787864 0.003435373306274414 149
1680271787991 0.003435373306274414 150
1680271788774 0.003435373306274414 151
1680271788919 0.003435373306274414 152
1680271789669 0.003435373306274414 153
1680271789809 0.003435373306274414 154
1680271790562 0.003435373306274414 155
1680271790688 0.003435373306274414 156
1680271791374 0.003435373306274414 157
1680271791511 0.003435373306274414 158
1680271792174 0.003435373306274414 159
1680271792304 0.003435373306274414 160
1680271793062 0.003435373306274414 161
1680271793191 0.003435373306274414 162
1680271793861 0.003435373306274414 163
1680271793992 0.003435373306274414 164
1680271794702 0.003435373306274414 165
1680271794831 0.003435373306274414 166
1680271795576 0.003435373306274414 167
1680271795703 0.003435373306274414 168
1680271796382 0.003435373306274414 169
1680271796605 0.003435373306274414 170
1680271797292 0.003435373306274414 171
1680271797418 0.003435373306274414 172
1680271798112 0.003435373306274414 173
1680271798238 0.003435373306274414 174
1680271798935 0.003435373306274414 175
1680271799062 0.003435373306274414 176
1680271799780 0.003435373306274414 177
1680271799910 0.003435373306274414 178
1680271800719 0.003435373306274414 179
1680271800875 0.003435373306274414 180
1680271801672 0.003435373306274414 181
1680271801804 0.003435373306274414 182
1680271802490 0.003435373306274414 183
1680271802623 0.003435373306274414 184
1680271803312 0.003435373306274414 185
1680271803445 0.003435373306274414 186
1680271804149 0.003435373306274414 187
1680271804295 0.003435373306274414 188
1680271805052 0.003435373306274414 189
1680271805195 0.003435373306274414 190
1680271805875 0.003435373306274414 191
1680271806016 0.003435373306274414 192
1680271806662 0.003435373306274414 193
1680271806785 0.003435373306274414 194
1680271807500 0.003435373306274414 195
1680271807653 0.003435373306274414 196
1680271808343 0.003435373306274414 197
1680271808565 0.003435373306274414 198
1680271809257 0.003435373306274414 199
1680271809402 0.003435373306274414 200
1680271810124 0.003435373306274414 201
1680271810255 0.003435373306274414 202
1680271810929 0.003435373306274414 203
1680271811059 0.003435373306274414 204
1680271811743 0.003435373306274414 205
1680271811877 0.003435373306274414 206
1680271812564 0.003435373306274414 207
1680271812774 0.003435373306274414 208
1680271813483 0.003435373306274414 209
1680271813629 0.003435373306274414 210
1680271814319 0.003435373306274414 211
1680271814452 0.003435373306274414 212
1680271815156 0.003435373306274414 213
1680271815282 0.003435373306274414 214
1680271815923 0.003435373306274414 215
1680271816065 0.003435373306274414 216
1680271816812 0.003435373306274414 217
1680271816921 0.003435373306274414 218
1680271817607 0.003435373306274414 219
1680271817738 0.003435373306274414 220
1680271818435 0.003435373306274414 221
1680271818562 0.003435373306274414 222
1680271819244 0.003435373306274414 223
1680271819370 0.003435373306274414 224
1680271820065 0.003435373306274414 225
1680271820199 0.003435373306274414 226
1680271821126 0.003435373306274414 227
1680271821274 0.003435373306274414 228
1680271822022 0.003435373306274414 229
1680271822170 0.003435373306274414 230
1680271822895 0.003435373306274414 231
1680271823023 0.003435373306274414 232
1680271823703 0.003435373306274414 233
1680271823835 0.003435373306274414 234
1680271824616 0.003435373306274414 235
1680271824757 0.003435373306274414 236
1680271825483 0.003435373306274414 237
1680271825618 0.003435373306274414 238
1680271826323 0.003435373306274414 239
1680271826456 0.003435373306274414 240
1680271827154 0.003435373306274414 241
1680271827300 0.003435373306274414 242
1680271827987 0.003435373306274414 243
1680271828138 0.003435373306274414 244
1680271828892 0.003435373306274414 245
1680271829021 0.003435373306274414 246
1680271829688 0.003435373306274414 247
1680271829826 0.003435373306274414 248
1680271830538 0.003435373306274414 249
1680271830682 0.003435373306274414 250
1680271831365 0.003435373306274414 251
1680271831494 0.003435373306274414 252
1680271832275 0.003435373306274414 253
1680271832417 0.003435373306274414 254
1680271833117 0.003435373306274414 255
1680271833260 0.003435373306274414 256
1680271833946 0.003435373306274414 257
1680271834080 0.003435373306274414 258
1680271834762 0.003435373306274414 259
1680271834903 0.003435373306274414 260
1680271835592 0.003435373306274414 261
1680271835735 0.003435373306274414 262
1680271836529 0.003435373306274414 263
1680271836688 0.003435373306274414 264
1680271837391 0.003435373306274414 265
1680271837555 0.003435373306274414 266
1680271838334 0.003435373306274414 267
1680271838483 0.003435373306274414 268
1680271839186 0.003435373306274414 269
1680271839334 0.003435373306274414 270
1680271840120 0.003435373306274414 271
1680271840271 0.003435373306274414 272
1680271840995 0.003435373306274414 273
1680271841151 0.003435373306274414 274
1680271841891 0.003435373306274414 275
1680271842046 0.003435373306274414 276
1680271842746 0.003435373306274414 277
1680271842901 0.003435373306274414 278
1680271843628 0.003435373306274414 279
1680271843774 0.003435373306274414 280
1680271844547 0.003435373306274414 281
1680271844694 0.003435373306274414 282
1680271845395 0.003435373306274414 283
1680271845554 0.003435373306274414 284
1680271846304 0.003435373306274414 285
1680271846447 0.003435373306274414 286
1680271847162 0.003435373306274414 287
1680271847304 0.003435373306274414 288
1680271848096 0.003435373306274414 289
1680271848248 0.003435373306274414 290
1680271848972 0.003435373306274414 291
1680271849110 0.003435373306274414 292
1680271849799 0.003435373306274414 293
1680271849938 0.003435373306274414 294
1680271850653 0.003435373306274414 295
1680271850793 0.003435373306274414 296
1680271851525 0.003435373306274414 297
1680271851674 0.003435373306274414 298
1680271852484 0.003435373306274414 299
1680271852637 0.003435373306274414 300
1680271853336 0.003435373306274414 301
1680271853477 0.003435373306274414 302
1680271854171 0.003435373306274414 303
1680271854302 0.003435373306274414 304
1680271855020 0.003435373306274414 305
1680271855165 0.003435373306274414 306
1680271855950 0.003435373306274414 307
1680271856102 0.003435373306274414 308
1680271856827 0.003435373306274414 309
1680271856962 0.003435373306274414 310
1680271857749 0.003435373306274414 311
1680271857879 0.003435373306274414 312
1680271858562 0.003435373306274414 313
1680271858739 0.003435373306274414 314
1680271859634 0.003435373306274414 315
1680271859904 0.003435373306274414 316
1680271860698 0.003435373306274414 317
1680271860830 0.003435373306274414 318
1680271861558 0.003435373306274414 319
1680271861721 0.003435373306274414 320
1680271862430 0.003435373306274414 321
1680271862561 0.003435373306274414 322
1680271863250 0.003435373306274414 323
1680271863383 0.003435373306274414 324
1680271864161 0.003435373306274414 325
1680271864314 0.003435373306274414 326
1680271865022 0.003435373306274414 327
1680271865166 0.003435373306274414 328
1680271865877 0.003435373306274414 329
1680271866010 0.003435373306274414 330
1680271866695 0.003435373306274414 331
1680271866837 0.003435373306274414 332
1680271867577 0.003435373306274414 333
1680271867719 0.003435373306274414 334
1680271868492 0.003435373306274414 335
1680271868629 0.003435373306274414 336
1680271869339 0.003435373306274414 337
1680271869486 0.003435373306274414 338
1680271870228 0.003435373306274414 339
1680271870366 0.003435373306274414 340
1680271871049 0.003435373306274414 341
1680271871189 0.003435373306274414 342
1680271871965 0.003435373306274414 343
1680271872105 0.003435373306274414 344
1680271872850 0.003435373306274414 345
1680271872991 0.003435373306274414 346
1680271873718 0.003435373306274414 347
1680271873863 0.003435373306274414 348
1680271874574 0.003435373306274414 349
1680271874718 0.003435373306274414 350
1680271875427 0.003435373306274414 351
1680271875562 0.003435373306274414 352
1680271876360 0.003435373306274414 353
1680271876498 0.003435373306274414 354
1680271877179 0.003435373306274414 355
1680271877318 0.003435373306274414 356
1680271878052 0.003435373306274414 357
1680271878205 0.003435373306274414 358
1680271878951 0.003435373306274414 359
1680271879092 0.003435373306274414 360
1680271879786 0.003435373306274414 361
1680271880032 0.003435373306274414 362
1680271880742 0.003435373306274414 363
1680271880881 0.003435373306274414 364
1680271881607 0.003435373306274414 365
1680271881761 0.003435373306274414 366
1680271882454 0.003435373306274414 367
1680271882603 0.003435373306274414 368
1680271883324 0.003435373306274414 369
1680271883474 0.003435373306274414 370
1680271884181 0.003435373306274414 371
1680271884416 0.003435373306274414 372
1680271885117 0.003435373306274414 373
1680271885263 0.003435373306274414 374
1680271885972 0.003435373306274414 375
1680271886113 0.003435373306274414 376
1680271886802 0.003435373306274414 377
1680271886942 0.003435373306274414 378
1680271887650 0.003435373306274414 379
1680271887798 0.003435373306274414 380
1680271888609 0.003435373306274414 381
1680271888747 0.003435373306274414 382
1680271889425 0.003435373306274414 383
1680271889569 0.003435373306274414 384
1680271890314 0.003435373306274414 385
1680271890455 0.003435373306274414 386
1680271891142 0.003435373306274414 387
1680271891282 0.003435373306274414 388
1680271891961 0.003435373306274414 389
1680271892182 0.003435373306274414 390
1680271892912 0.003435373306274414 391
1680271893086 0.003435373306274414 392
1680271893833 0.003435373306274414 393
1680271893975 0.003435373306274414 394
1680271894676 0.003435373306274414 395
1680271895009 0.003435373306274414 396
1680271895693 0.003435373306274414 397
1680271895859 0.003435373306274414 398
1680271896549 0.003435373306274414 399
1680271896684 0.003435373306274414 400
1680271896801 0.003435373306274414 401
