1679699650135 17.568675994873047 1
1679699650321 17.7439181804657 2
1679699651476 18.89996576309204 3
1679699651653 19.075605630874634 4
1679699652724 20.147796630859375 5
1679699652896 20.320757627487183 6
1679699653945 21.36703324317932 7
1679699654119 21.542900800704956 8
1679699655248 22.67062997817993 9
1679699655469 22.886109352111816 10
1679699656542 23.965058088302612 11
1679699656713 24.13419222831726 12
1679699657735 25.158788442611694 13
1679699657908 25.329052448272705 14
1679699658985 26.408992290496826 15
1679699659239 26.66088891029358 16
1679699660328 27.743860244750977 17
1679699660505 27.928931713104248 18
1679699661565 28.98897385597229 19
1679699661736 29.156493663787842 20
1679699662821 30.24458408355713 21
1679699663073 30.496513605117798 22
1679699664128 31.55015254020691 23
1679699664314 31.728238105773926 24
1679699665329 32.75024056434631 25
1679699665499 32.92001008987427 26
1679699666562 33.98454546928406 27
1679699666737 34.15798330307007 28
1679699667831 35.25386142730713 29
1679699668001 35.425048828125 30
1679699669069 36.488986015319824 31
1679699669244 36.66698598861694 32
1679699670295 37.71400856971741 33
1679699670521 37.92622137069702 34
1679699671691 39.10621166229248 35
1679699671863 39.28555369377136 36
1679699672911 40.331707239151 37
1679699673089 40.511449098587036 38
1679699674171 41.59137439727783 39
1679699674340 41.76136898994446 40
1679699675479 42.89942717552185 41
1679699675672 43.08488655090332 42
1679699676750 44.168758153915405 43
1679699676923 44.34183120727539 44
1679699677983 45.404946088790894 45
1679699678155 45.57508873939514 46
1679699679214 46.63527774810791 47
1679699679386 46.80798053741455 48
1679699680490 47.91168570518494 49
1679699680666 48.08387851715088 50
1679699681721 49.14040946960449 51
1679699681958 49.376033306121826 52
1679699683005 50.42597246170044 53
1679699683175 50.595009326934814 54
1679699684333 51.75383687019348 55
1679699684507 51.927955627441406 56
1679699685557 52.97801351547241 57
1679699685735 53.15645432472229 58
1679699686818 54.240387201309204 59
1679699687045 54.436206102371216 60
1679699688104 55.52135920524597 61
1679699688355 55.77498769760132 62
1679699689401 56.81988048553467 63
1679699689576 56.9954936504364 64
1679699690618 58.03650236129761 65
1679699690802 58.219910860061646 66
1679699691880 59.301355600357056 67
1679699692143 59.55984330177307 68
1679699693159 60.579081296920776 69
1679699693333 60.749855279922485 70
1679699694423 61.84081149101257 71
1679699694595 62.01498627662659 72
1679699695655 63.07039761543274 73
1679699695837 63.25180268287659 74
1679699697008 64.42616057395935 75
1679699697193 64.61177396774292 76
1679699698261 65.67996835708618 77
1679699698441 65.85887002944946 78
1679699699513 66.92791724205017 79
1679699699693 67.11076211929321 80
1679699700847 68.26381826400757 81
1679699701038 68.45282411575317 82
1679699702102 69.52179455757141 83
1679699702290 69.70809936523438 84
1679699703326 70.74505686759949 85
1679699703516 70.9277229309082 86
1679699704687 72.09168696403503 87
1679699704864 72.28181624412537 88
1679699705912 73.3308687210083 89
1679699706097 73.51496028900146 90
1679699707147 74.56594562530518 91
1679699707331 74.75002956390381 92
1679699708396 75.81497383117676 93
1679699708584 75.99876189231873 94
1679699709728 77.14614510536194 95
1679699709904 77.32308554649353 96
1679699710955 78.3728461265564 97
1679699711140 78.55884003639221 98
1679699712193 79.61165595054626 99
1679699712375 79.79496240615845 100
1679699713529 80.94375109672546 101
1679699713714 81.13287377357483 102
1679699714759 82.17599129676819 103
1679699714933 82.3507833480835 104
1679699715980 83.39100313186646 105
1679699716164 83.58177495002747 106
1679699717208 84.6198525428772 107
1679699717508 84.92774653434753 108
1679699718582 85.99786710739136 109
1679699718768 86.18642616271973 110
1679699719823 87.23982810974121 111
1679699720005 87.4212875366211 112
1679699721088 88.50389003753662 113
1679699721290 88.69837045669556 114
1679699722441 89.85793137550354 115
1679699722624 90.04180908203125 116
1679699723696 91.10619187355042 117
1679699723879 91.29592227935791 118
1679699724935 92.34799885749817 119
1679699725118 92.53197455406189 120
1679699726282 93.69668626785278 121
1679699726538 93.93089818954468 122
1679699727591 95.0038251876831 123
1679699727778 95.19493913650513 124
1679699728857 96.27373170852661 125
1679699729038 96.45174098014832 126
1679699730162 97.57791805267334 127
1679699730356 97.76122689247131 128
1679699731447 98.86180233955383 129
1679699731627 99.0417070388794 130
1679699732704 100.11276698112488 131
1679699732888 100.30272650718689 132
1679699733957 101.37184834480286 133
1679699734164 101.57832884788513 134
1679699735310 102.72371435165405 135
1679699735486 102.9015486240387 136
1679699736552 103.96600723266602 137
1679699736740 104.15538501739502 138
1679699737778 105.19372200965881 139
1679699737963 105.37686562538147 140
1679699739143 106.5514600276947 141
1679699739338 106.75069642066956 142
1679699740416 107.83087873458862 143
1679699740590 108.00494813919067 144
1679699741640 109.05193161964417 145
1679699741862 109.26465630531311 146
1679699743004 110.408855676651 147
1679699743286 110.69882893562317 148
1679699744403 111.81483197212219 149
1679699744584 111.99667811393738 150
1679699745654 113.06564116477966 151
1679699745845 113.25693130493164 152
1679699747017 114.42595100402832 153
1679699747226 114.63486433029175 154
1679699748384 115.79403114318848 155
1679699748638 116.0482337474823 156
1679699749694 117.10673308372498 157
1679699749872 117.28584837913513 158
1679699750895 118.30811381340027 159
1679699751102 118.50571870803833 160
1679699752229 119.64176988601685 161
1679699752420 119.83071994781494 162
1679699753465 120.87700414657593 163
1679699753667 121.07989859580994 164
1679699754720 122.13389945030212 165
1679699754902 122.31470680236816 166
1679699756027 123.43861389160156 167
1679699756212 123.62500071525574 168
1679699757260 124.67389464378357 169
1679699757444 124.85359311103821 170
1679699758515 125.92900013923645 171
1679699758716 126.12789487838745 172
1679699759822 127.23045110702515 173
1679699760100 127.50985884666443 174
1679699761217 128.62075233459473 175
1679699761426 128.82985591888428 176
1679699762536 129.9470407962799 177
1679699762728 130.141672372818 178
1679699763808 131.22278261184692 179
1679699764037 131.4363489151001 180
1679699765186 132.59782147407532 181
1679699765370 132.78268384933472 182
1679699766496 133.90988874435425 183
1679699766680 134.09363770484924 184
1679699767748 135.1595389842987 185
1679699767939 135.35055589675903 186
1679699769129 136.54052662849426 187
1679699769323 136.73577976226807 188
1679699770386 137.7976016998291 189
1679699770567 137.9797224998474 190
1679699771659 139.07388472557068 191
1679699771839 139.25165367126465 192
1679699772930 140.34152483940125 193
1679699773216 140.62606763839722 194
1679699774320 141.7336938381195 195
1679699774561 141.96260261535645 196
1679699775622 143.0298855304718 197
1679699775806 143.21585035324097 198
1679699776877 144.2897162437439 199
1679699777065 144.47724390029907 200
1679699778187 145.5916702747345 201
1679699778381 145.79387211799622 202
1679699779465 146.87779331207275 203
1679699779659 147.07301497459412 204
1679699780720 148.13152360916138 205
1679699780907 148.31528544425964 206
1679699782128 149.53275275230408 207
1679699782336 149.74163818359375 208
1679699783419 150.82702445983887 209
1679699783626 151.0337691307068 210
1679699784711 152.12261629104614 211
1679699784916 152.3245940208435 212
1679699786051 153.4614942073822 213
1679699786243 153.65178394317627 214
1679699787311 154.71969962120056 215
1679699787497 154.90891194343567 216
1679699788601 155.99873089790344 217
1679699788860 156.2528190612793 218
1679699789937 157.3496732711792 219
1679699790128 157.5396556854248 220
1679699791308 158.71985459327698 221
1679699791488 158.8997926712036 222
1679699792563 159.9739384651184 223
1679699792747 160.16163110733032 224
1679699793862 161.27627897262573 225
1679699794052 161.46541929244995 226
1679699795180 162.5939474105835 227
1679699795406 162.81167912483215 228
1679699796486 163.89684391021729 229
1679699796672 164.08266973495483 230
1679699797711 165.12262654304504 231
1679699797893 165.30359888076782 232
1679699798940 166.35168385505676 233
1679699799208 166.61964058876038 234
1679699800232 167.64362406730652 235
1679699800429 167.83916020393372 236
1679699801532 168.93967390060425 237
1679699801713 169.12475180625916 238
1679699802773 170.18196034431458 239
1679699803042 170.45371079444885 240
1679699804138 171.55062222480774 241
1679699804330 171.73970341682434 242
1679699805408 172.81473779678345 243
1679699805658 173.0507504940033 244
1679699806762 174.17059183120728 245
1679699806946 174.35523962974548 246
1679699808102 175.51137566566467 247
1679699808292 175.69972801208496 248
1679699809383 176.7907314300537 249
1679699809581 176.99157309532166 250
1679699810652 178.05969905853271 251
1679699810855 178.25793027877808 252
1679699812048 179.45570373535156 253
1679699812236 179.64669060707092 254
1679699813344 180.75155806541443 255
1679699813557 180.9591383934021 256
1679699814653 182.06353569030762 257
1679699814885 182.2758686542511 258
1679699816047 183.4536497592926 259
1679699816263 183.6674633026123 260
1679699817411 184.81865406036377 261
1679699817612 185.01764965057373 262
1679699818706 186.10848116874695 263
1679699818902 186.3086495399475 264
1679699819998 187.40572237968445 265
1679699820185 187.5966100692749 266
1679699821345 188.7488181591034 267
1679699821534 188.94666481018066 268
1679699822572 189.98283433914185 269
1679699822758 190.16864895820618 270
1679699823837 191.24668645858765 271
1679699824028 191.4317343235016 272
1679699825132 192.54057216644287 273
1679699825372 192.74674201011658 274
1679699826460 193.8646912574768 275
1679699826661 194.06163096427917 276
1679699827716 195.12361073493958 277
1679699827904 195.3086221218109 278
1679699828983 196.39366507530212 279
1679699829247 196.65772557258606 280
1679699830310 197.7202274799347 281
1679699830493 197.9046664237976 282
1679699831570 198.98134326934814 283
1679699831758 199.16572999954224 284
1679699832818 200.22868132591248 285
1679699833082 200.4896068572998 286
1679699834151 201.55984377861023 287
1679699834343 201.75447487831116 288
1679699835368 202.78055691719055 289
1679699835557 202.96845817565918 290
1679699836617 204.02254581451416 291
1679699836811 204.2203984260559 292
1679699837984 205.39499521255493 293
1679699838166 205.5758466720581 294
1679699839262 206.6712827682495 295
1679699839444 206.85486960411072 296
1679699840499 207.90956926345825 297
1679699840690 208.09848594665527 298
1679699841879 209.28763604164124 299
1679699842085 209.48641657829285 300
1679699842210 209.6185019016266 301
