1679699650139 0.0 1
1679699650326 0.0 2
1679699651480 0.0 3
1679699651656 0.0 4
1679699652729 0.0 5
1679699652900 0.0 6
1679699653950 0.0 7
1679699654122 0.0 8
1679699655251 0.0 9
1679699655473 0.0 10
1679699656545 0.0 11
1679699656717 0.0 12
1679699657739 0.0 13
1679699657911 0.0 14
1679699658989 0.0 15
1679699659243 0.0 16
1679699660332 0.0 17
1679699660510 0.0 18
1679699661568 0.0 19
1679699661741 0.0 20
1679699662825 0.0 21
1679699663077 0.0 22
1679699664133 0.0 23
1679699664319 0.0 24
1679699665333 0.0 25
1679699665502 0.0 26
1679699666566 0.0 27
1679699666741 0.0 28
1679699667836 0.0 29
1679699668004 0.0 30
1679699669073 0.0 31
1679699669248 0.0 32
1679699670299 0.0 33
1679699670525 0.0 34
1679699671694 0.0 35
1679699671867 0.0 36
1679699672916 0.0 37
1679699673093 0.0 38
1679699674174 0.0 39
1679699674344 0.0 40
1679699675483 0.0 41
1679699675676 0.0 42
1679699676755 0.0 43
1679699676927 0.0 44
1679699677986 0.0 45
1679699678159 0.0 46
1679699679218 0.0 47
1679699679389 0.0 48
1679699680494 0.0 49
1679699680669 0.0 50
1679699681724 0.0 51
1679699681962 0.0 52
1679699683010 0.0 53
1679699683179 0.0 54
1679699684336 0.0 55
1679699684510 0.0 56
1679699685561 0.0 57
1679699685740 0.0 58
1679699686822 0.0 59
1679699687050 0.0 60
1679699688107 0.0 61
1679699688358 0.0 62
1679699689404 0.0 63
1679699689579 0.0 64
1679699690622 0.0 65
1679699690805 0.0 66
1679699691885 0.0 67
1679699692147 0.0 68
1679699693162 0.0 69
1679699693338 0.0 70
1679699694426 0.0 71
1679699694600 0.0 72
1679699695658 0.0 73
1679699695842 0.0 74
1679699697010 0.0 75
1679699697197 0.0 76
1679699698265 0.0 77
1679699698445 0.0 78
1679699699517 0.0 79
1679699699697 0.0 80
1679699700850 0.0 81
1679699701040 0.0 82
1679699702105 0.0 83
1679699702295 0.0 84
1679699703330 0.0 85
1679699703520 0.0 86
1679699704690 0.0 87
1679699704866 0.0 88
1679699705916 0.0 89
1679699706101 0.0 90
1679699707151 0.0 91
1679699707335 0.0 92
1679699708402 0.0 93
1679699708587 0.0 94
1679699709732 0.0 95
1679699709908 0.0 96
1679699710957 0.0 97
1679699711143 0.0 98
1679699712197 0.0 99
1679699712378 0.0 100
1679699713533 0.0 101
1679699713718 0.0 102
1679699714763 0.0 103
1679699714937 0.0 104
1679699715984 0.0 105
1679699716168 0.0 106
1679699717212 0.0 107
1679699717512 0.0 108
1679699718586 0.0 109
1679699718773 0.0 110
1679699719827 0.0 111
1679699720009 0.0 112
1679699721092 0.0 113
1679699721295 0.0 114
1679699722445 0.0 115
1679699722628 0.0 116
1679699723698 0.0 117
1679699723883 0.0 118
1679699724938 0.0 119
1679699725122 0.0 120
1679699726285 0.0 121
1679699726543 0.0 122
1679699727595 0.0 123
1679699727783 0.0 124
1679699728862 0.0 125
1679699729043 0.0 126
1679699730166 0.0 127
1679699730359 0.0 128
1679699731451 0.0 129
1679699731630 0.0 130
1679699732707 0.0 131
1679699732892 0.0 132
1679699733960 0.0 133
1679699734168 0.0 134
1679699735313 0.0 135
1679699735491 0.0 136
1679699736554 0.0 137
1679699736744 0.0 138
1679699737782 0.0 139
1679699737966 0.0 140
1679699739148 0.0 141
1679699739342 0.0 142
1679699740420 0.0 143
1679699740593 0.0 144
1679699741643 0.0 145
1679699741866 0.0 146
1679699743009 0.0 147
1679699743289 0.0 148
1679699744406 0.0 149
1679699744588 0.0 150
1679699745656 0.0 151
1679699745848 0.0 152
1679699747020 0.0 153
1679699747230 0.0 154
1679699748387 0.0 155
1679699748642 0.0 156
1679699749696 0.0 157
1679699749877 0.0 158
1679699750898 0.0 159
1679699751106 0.0 160
1679699752234 0.0 161
1679699752425 0.0 162
1679699753468 0.0 163
1679699753670 0.0 164
1679699754724 0.0 165
1679699754905 0.0 166
1679699756031 0.0 167
1679699756216 0.0 168
1679699757265 0.0 169
1679699757449 0.0 170
1679699758518 0.0 171
1679699758720 0.0 172
1679699759825 0.0 173
1679699760104 0.0 174
1679699761222 0.0 175
1679699761430 0.0 176
1679699762539 0.0 177
1679699762732 0.0 178
1679699763813 0.0 179
1679699764040 0.0 180
1679699765190 0.0 181
1679699765374 0.0 182
1679699766500 0.0 183
1679699766685 0.0 184
1679699767751 0.0 185
1679699767944 0.0 186
1679699769133 0.0 187
1679699769327 0.0 188
1679699770390 0.0 189
1679699770570 0.0 190
1679699771664 0.0 191
1679699771843 0.0 192
1679699772934 0.0 193
1679699773219 0.0 194
1679699774324 0.0 195
1679699774565 0.0 196
1679699775625 0.0 197
1679699775810 0.0 198
1679699776880 0.0 199
1679699777069 0.0 200
1679699778190 0.0 201
1679699778385 0.0 202
1679699779470 0.0 203
1679699779663 0.0 204
1679699780724 0.0 205
1679699780912 0.0 206
1679699782131 0.0 207
1679699782340 0.0 208
1679699783422 0.0 209
1679699783629 0.0 210
1679699784714 0.0 211
1679699784918 0.0 212
1679699786055 0.0 213
1679699786247 0.0 214
1679699787315 0.0 215
1679699787500 0.0 216
1679699788606 0.0 217
1679699788863 0.0 218
1679699789940 0.0 219
1679699790131 0.0 220
1679699791312 0.0 221
1679699791491 0.0 222
1679699792567 0.0 223
1679699792751 0.0 224
1679699793866 0.0 225
1679699794055 0.0 226
1679699795184 0.0 227
1679699795411 0.0 228
1679699796489 0.0 229
1679699796675 0.0 230
1679699797714 0.0 231
1679699797897 0.0 232
1679699798943 0.0 233
1679699799211 0.0 234
1679699800236 0.0 235
1679699800433 0.0 236
1679699801534 0.0 237
1679699801717 0.0 238
1679699802777 0.0 239
1679699803046 0.0 240
1679699804143 0.0 241
1679699804333 0.0 242
1679699805412 0.0 243
1679699805661 0.0 244
1679699806766 0.0 245
1679699806950 0.0 246
1679699808105 0.0 247
1679699808295 0.0 248
1679699809386 0.0 249
1679699809585 0.0 250
1679699810656 0.0 251
1679699810858 0.0 252
1679699812053 0.0 253
1679699812239 0.0 254
1679699813348 0.0 255
1679699813560 0.0 256
1679699814657 0.0 257
1679699814889 0.0 258
1679699816051 0.0 259
1679699816267 0.0 260
1679699817415 0.0 261
1679699817617 0.0 262
1679699818710 0.0 263
1679699818907 0.0 264
1679699820002 0.0 265
1679699820188 0.0 266
1679699821349 0.0 267
1679699821538 0.0 268
1679699822576 0.0 269
1679699822762 0.0 270
1679699823842 0.0 271
1679699824031 0.0 272
1679699825136 0.0 273
1679699825376 0.0 274
1679699826463 0.0 275
1679699826665 0.0 276
1679699827719 0.0 277
1679699827908 0.0 278
1679699828986 0.0 279
1679699829251 0.0 280
1679699830314 0.0 281
1679699830497 0.0 282
1679699831574 0.0 283
1679699831762 0.0 284
1679699832821 0.0 285
1679699833085 0.0 286
1679699834156 0.0 287
1679699834347 0.0 288
1679699835373 0.0 289
1679699835560 0.0 290
1679699836620 0.0 291
1679699836815 0.0 292
1679699837987 0.0 293
1679699838169 0.0 294
1679699839265 0.0 295
1679699839448 0.0 296
1679699840503 0.0 297
1679699840694 0.0 298
1679699841884 0.0 299
1679699842088 0.0 300
1679699842214 0.0 301
