1679920252613 0.0 1
1679920252919 0.0 2
1679920253623 0.0 3
1679920253799 0.0 4
1679920254501 0.0 5
1679920254747 0.0 6
1679920255456 0.0 7
1679920255627 0.0 8
1679920256370 0.0 9
1679920256520 0.0 10
1679920257162 0.0 11
1679920257315 0.0 12
1679920258009 0.0 13
1679920258178 0.0 14
1679920258860 0.0 15
1679920259095 0.0 16
1679920259710 0.0 17
1679920259856 0.0 18
1679920260562 0.0 19
1679920260709 0.0 20
1679920261343 0.0 21
1679920261487 0.0 22
1679920262226 0.0 23
1679920262375 0.0 24
1679920262997 0.0 25
1679920263144 0.0 26
1679920263809 0.0 27
1679920264035 0.0 28
1679920264673 0.0 29
1679920264832 0.0 30
1679920265539 0.0 31
1679920265688 0.0 32
1679920266323 0.0 33
1679920266475 0.0 34
1679920267173 0.0 35
1679920267343 0.0 36
1679920267979 0.0 37
1679920268132 0.0 38
1679920268871 0.0 39
1679920269043 0.0 40
1679920269693 0.0 41
1679920269841 0.0 42
1679920270462 0.0 43
1679920270694 0.0 44
1679920271345 0.0 45
1679920271497 0.0 46
1679920272195 0.0 47
1679920272353 0.0 48
1679920273013 0.0 49
1679920273166 0.0 50
1679920273897 0.0 51
1679920274071 0.0 52
1679920274736 0.0 53
1679920274888 0.0 54
1679920275575 0.0 55
1679920275719 0.0 56
1679920276364 0.0 57
1679920276511 0.0 58
1679920277145 0.0 59
1679920277382 0.0 60
1679920278045 0.0 61
1679920278213 0.0 62
1679920278934 0.0 63
1679920279102 0.0 64
1679920279738 0.0 65
1679920279885 0.0 66
1679920280609 0.0 67
1679920280753 0.0 68
1679920281414 0.0 69
1679920281554 0.0 70
1679920282255 0.0 71
1679920282406 0.0 72
1679920283091 0.0 73
1679920283247 0.0 74
1679920283906 0.0 75
1679920284173 0.0 76
1679920284827 0.0 77
1679920284979 0.0 78
1679920285716 0.0 79
1679920285881 0.0 80
1679920286574 0.0 81
1679920286731 0.0 82
1679920287432 0.0 83
1679920287592 0.0 84
1679920288220 0.0 85
1679920288374 0.0 86
1679920289171 0.0 87
1679920289359 0.0 88
1679920290083 0.0 89
1679920290264 0.0 90
1679920290947 0.0 91
1679920291189 0.0 92
1679920291815 0.0 93
1679920291963 0.0 94
1679920292644 0.0 95
1679920292801 0.0 96
1679920293420 0.0 97
1679920293579 0.0 98
1679920294365 0.0 99
1679920294532 0.0 100
1679920295173 0.0 101
1679920295342 0.0 102
1679920296245 0.0 103
1679920296406 0.0 104
1679920297092 0.0 105
1679920297243 0.0 106
1679920297866 0.0 107
1679920298104 0.0 108
1679920298800 0.0 109
1679920298958 0.0 110
1679920299691 0.0 111
1679920299846 0.0 112
1679920300524 0.0 113
1679920300706 0.0 114
1679920301466 0.0 115
1679920301615 0.0 116
1679920302250 0.0 117
1679920302400 0.0 118
1679920303121 0.0 119
1679920303298 0.0 120
1679920303954 0.0 121
1679920304110 0.0 122
1679920304715 0.0 123
1679920304963 0.0 124
1679920305565 0.0 125
1679920305711 0.0 126
1679920306433 0.0 127
1679920306579 0.0 128
1679920307197 0.0 129
1679920307352 0.0 130
1679920308084 0.0 131
1679920308249 0.0 132
1679920308897 0.0 133
1679920309042 0.0 134
1679920309744 0.0 135
1679920309903 0.0 136
1679920310540 0.0 137
1679920310697 0.0 138
1679920311339 0.0 139
1679920311573 0.0 140
1679920312184 0.0 141
1679920312332 0.0 142
1679920313013 0.0 143
1679920313168 0.0 144
1679920313796 0.0 145
1679920313951 0.0 146
1679920314661 0.0 147
1679920314823 0.0 148
1679920315446 0.0 149
1679920315593 0.0 150
1679920316304 0.0 151
1679920316464 0.0 152
1679920317071 0.0 153
1679920317223 0.0 154
1679920317840 0.0 155
1679920318090 0.0 156
1679920318731 0.0 157
1679920318891 0.0 158
1679920319605 0.0 159
1679920319757 0.0 160
1679920320385 0.0 161
1679920320547 0.0 162
1679920321300 0.0 163
1679920321454 0.0 164
1679920322073 0.0 165
1679920322226 0.0 166
1679920322911 0.0 167
1679920323066 0.0 168
1679920323776 0.0 169
1679920323956 0.0 170
1679920324623 0.0 171
1679920324876 0.0 172
1679920325522 0.0 173
1679920325684 0.0 174
1679920326441 0.0 175
1679920326598 0.0 176
1679920327231 0.0 177
1679920327385 0.0 178
1679920328102 0.0 179
1679920328263 0.0 180
1679920328950 0.0 181
1679920329103 0.0 182
1679920329844 0.0 183
1679920330000 0.0 184
1679920330650 0.0 185
1679920330822 0.0 186
1679920331575 0.0 187
1679920331849 0.0 188
1679920332541 0.0 189
1679920332702 0.0 190
1679920333427 0.0 191
1679920333587 0.0 192
1679920334228 0.0 193
1679920334393 0.0 194
1679920335131 0.0 195
1679920335296 0.0 196
1679920335943 0.0 197
1679920336124 0.0 198
1679920336884 0.0 199
1679920337046 0.0 200
1679920337725 0.0 201
1679920337888 0.0 202
1679920338537 0.0 203
1679920338778 0.0 204
1679920339428 0.0 205
1679920339606 0.0 206
1679920340350 0.0 207
1679920340514 0.0 208
1679920341190 0.0 209
1679920341359 0.0 210
1679920342107 0.0 211
1679920342274 0.0 212
1679920342928 0.0 213
1679920343089 0.0 214
1679920343790 0.0 215
1679920343945 0.0 216
1679920344579 0.0 217
1679920344757 0.0 218
1679920345416 0.0 219
1679920345653 0.0 220
1679920346290 0.0 221
1679920346460 0.0 222
1679920347219 0.0 223
1679920347390 0.0 224
1679920348026 0.0 225
1679920348194 0.0 226
1679920348910 0.0 227
1679920349080 0.0 228
1679920349711 0.0 229
1679920349879 0.0 230
1679920350599 0.0 231
1679920350760 0.0 232
1679920351392 0.0 233
1679920351567 0.0 234
1679920352224 0.0 235
1679920352478 0.0 236
1679920353124 0.0 237
1679920353296 0.0 238
1679920354030 0.0 239
1679920354205 0.0 240
1679920354912 0.0 241
1679920355089 0.0 242
1679920355815 0.0 243
1679920355986 0.0 244
1679920356627 0.0 245
1679920356791 0.0 246
1679920357545 0.0 247
1679920357707 0.0 248
1679920358340 0.0 249
1679920358498 0.0 250
1679920359131 0.0 251
1679920359372 0.0 252
1679920360023 0.0 253
1679920360192 0.0 254
1679920360911 0.0 255
1679920361077 0.0 256
1679920361707 0.0 257
1679920361879 0.0 258
1679920362613 0.0 259
1679920362773 0.0 260
1679920363419 0.0 261
1679920363578 0.0 262
1679920364282 0.0 263
1679920364447 0.0 264
1679920365094 0.0 265
1679920365257 0.0 266
1679920365884 0.0 267
1679920366122 0.0 268
1679920366740 0.0 269
1679920366899 0.0 270
1679920367620 0.0 271
1679920367776 0.0 272
1679920368398 0.0 273
1679920368556 0.0 274
1679920369248 0.0 275
1679920369412 0.0 276
1679920370045 0.0 277
1679920370211 0.0 278
1679920370958 0.0 279
1679920371113 0.0 280
1679920371739 0.0 281
1679920371900 0.0 282
1679920372549 0.0 283
1679920372778 0.0 284
1679920373382 0.0 285
1679920373535 0.0 286
1679920374304 0.0 287
1679920374511 0.0 288
1679920375188 0.0 289
1679920375347 0.0 290
1679920376106 0.0 291
1679920376266 0.0 292
1679920376909 0.0 293
1679920377075 0.0 294
1679920377852 0.0 295
1679920378010 0.0 296
1679920378643 0.0 297
1679920378807 0.0 298
1679920379443 0.0 299
1679920379692 0.0 300
1679920379831 0.0 301
