1679920252605 2.946957588195801 1
1679920252912 3.201892375946045 2
1679920253616 3.934710741043091 3
1679920253792 4.095889568328857 4
1679920254495 4.805891513824463 5
1679920254741 5.049713134765625 6
1679920255450 5.751914739608765 7
1679920255619 5.923789024353027 8
1679920256365 6.678943872451782 9
1679920256514 6.827807664871216 10
1679920257156 7.473787307739258 11
1679920257306 7.614904165267944 12
1679920258002 8.315860509872437 13
1679920258171 8.483779668807983 14
1679920258854 9.166837930679321 15
1679920259087 9.39389705657959 16
1679920259704 10.012836456298828 17
1679920259850 10.164960861206055 18
1679920260555 10.865880489349365 19
1679920260703 11.014965772628784 20
1679920261337 11.64978814125061 21
1679920261482 11.794824600219727 22
1679920262220 12.530696630477905 23
1679920262369 12.68087387084961 24
1679920262990 13.303827047348022 25
1679920263138 13.451553344726562 26
1679920263803 14.112036943435669 27
1679920264030 14.341923952102661 28
1679920264660 14.971825122833252 29
1679920264826 15.13510513305664 30
1679920265533 15.843837022781372 31
1679920265683 15.995555639266968 32
1679920266317 16.630971908569336 33
1679920266469 16.77899670600891 34
1679920267167 17.47774577140808 35
1679920267336 17.642831802368164 36
1679920267973 18.28277039527893 37
1679920268127 18.43375253677368 38
1679920268862 19.172837734222412 39
1679920269037 19.342019081115723 40
1679920269687 19.993977308273315 41
1679920269835 20.14710545539856 42
1679920270456 20.76865863800049 43
1679920270688 20.99675726890564 44
1679920271339 21.64892053604126 45
1679920271490 21.800861358642578 46
1679920272189 22.49681568145752 47
1679920272347 22.65538716316223 48
1679920273006 23.31576943397522 49
1679920273160 23.469861030578613 50
1679920273892 24.200013875961304 51
1679920274060 24.364995002746582 52
1679920274730 25.03865623474121 53
1679920274882 25.19472336769104 54
1679920275570 25.87914276123047 55
1679920275714 26.02521252632141 56
1679920276358 26.670877933502197 57
1679920276505 26.815794467926025 58
1679920277137 27.448195695877075 59
1679920277374 27.67674422264099 60
1679920278038 28.34883189201355 61
1679920278207 28.514719009399414 62
1679920278928 29.23884105682373 63
1679920279096 29.395742177963257 64
1679920279732 30.044878482818604 65
1679920279878 30.189185857772827 66
1679920280603 30.91089653968811 67
1679920280747 31.059749603271484 68
1679920281407 31.718708992004395 69
1679920281550 31.861817836761475 70
1679920282249 32.55981159210205 71
1679920282400 32.709855794906616 72
1679920283084 33.42081356048584 73
1679920283241 33.5518012046814 74
1679920283899 34.19233012199402 75
1679920284167 34.463818311691284 76
1679920284821 35.13273620605469 77
1679920284973 35.27580785751343 78
1679920285710 36.01202845573425 79
1679920285875 36.17888164520264 80
1679920286569 36.87869215011597 81
1679920286725 37.03079533576965 82
1679920287426 37.732728481292725 83
1679920287585 37.891785621643066 84
1679920288214 38.518964767456055 85
1679920288367 38.67462730407715 86
1679920289165 39.45911741256714 87
1679920289350 39.639819383621216 88
1679920290076 40.37174320220947 89
1679920290258 40.55683875083923 90
1679920290940 41.27781963348389 91
1679920291182 41.49082565307617 92
1679920291809 42.11887216567993 93
1679920291958 42.267756938934326 94
1679920292638 42.94872975349426 95
1679920292796 43.101285219192505 96
1679920293414 43.72473454475403 97
1679920293571 43.87893342971802 98
1679920294358 44.66669511795044 99
1679920294525 44.82883048057556 100
1679920295166 45.4668493270874 101
1679920295332 45.628910779953 102
1679920296239 46.53684186935425 103
1679920296399 46.70772314071655 104
1679920297085 47.38904881477356 105
1679920297237 47.54573583602905 106
1679920297860 48.1667058467865 107
1679920298098 48.39670372009277 108
1679920298794 49.10091423988342 109
1679920298951 49.254658222198486 110
1679920299685 49.99082136154175 111
1679920299839 50.14764094352722 112
1679920300517 50.82082223892212 113
1679920300698 50.98991799354553 114
1679920301460 51.76977515220642 115
1679920301609 51.91466164588928 116
1679920302243 52.54783606529236 117
1679920302394 52.69985055923462 118
1679920303114 53.414448738098145 119
1679920303290 53.58767557144165 120
1679920303948 54.257909536361694 121
1679920304104 54.40771269798279 122
1679920304709 55.01772880554199 123
1679920304957 55.262900829315186 124
1679920305559 55.869062662124634 125
1679920305705 56.01551294326782 126
1679920306428 56.734630823135376 127
1679920306573 56.88193368911743 128
1679920307191 57.496906042099 129
1679920307346 57.650630712509155 130
1679920308076 58.377131938934326 131
1679920308243 58.54661154747009 132
1679920308891 59.19465446472168 133
1679920309036 59.34560799598694 134
1679920309738 60.044708251953125 135
1679920309896 60.20107936859131 136
1679920310535 60.842992305755615 137
1679920310689 60.99179196357727 138
1679920311332 61.64012670516968 139
1679920311567 61.87072968482971 140
1679920312178 62.48474049568176 141
1679920312325 62.63365721702576 142
1679920313007 63.31475281715393 143
1679920313162 63.4677369594574 144
1679920313791 64.09580659866333 145
1679920313945 64.25072383880615 146
1679920314654 64.95370173454285 147
1679920314817 65.11829781532288 148
1679920315440 65.74419283866882 149
1679920315587 65.89396739006042 150
1679920316297 66.6037073135376 151
1679920316458 66.76469373703003 152
1679920317064 67.36788415908813 153
1679920317217 67.52468729019165 154
1679920317834 68.14106249809265 155
1679920318083 68.38377070426941 156
1679920318725 69.02760815620422 157
1679920318884 69.19099187850952 158
1679920319598 69.89770817756653 159
1679920319752 70.05895566940308 160
1679920320378 70.68520712852478 161
1679920320541 70.8429183959961 162
1679920321294 71.59779071807861 163
1679920321448 71.75294160842896 164
1679920322067 72.36992383003235 165
1679920322220 72.52469372749329 166
1679920322904 73.21099424362183 167
1679920323057 73.36366367340088 168
1679920323767 74.05445671081543 169
1679920323950 74.25094604492188 170
1679920324617 74.91573810577393 171
1679920324870 75.1716697216034 172
1679920325517 75.82021975517273 173
1679920325678 75.97972202301025 174
1679920326435 76.74078702926636 175
1679920326592 76.89669823646545 176
1679920327225 77.52460551261902 177
1679920327378 77.68381524085999 178
1679920328096 78.39415502548218 179
1679920328257 78.56072092056274 180
1679920328943 79.2397038936615 181
1679920329098 79.40077352523804 182
1679920329837 80.12416958808899 183
1679920329994 80.2989194393158 184
1679920330644 80.94276738166809 185
1679920330816 81.11469554901123 186
1679920331569 81.85881161689758 187
1679920331841 82.13274812698364 188
1679920332535 82.83516263961792 189
1679920332696 82.99478697776794 190
1679920333421 83.72367978096008 191
1679920333582 83.88184523582458 192
1679920334222 84.52673625946045 193
1679920334386 84.68574857711792 194
1679920335124 85.42165565490723 195
1679920335290 85.59091138839722 196
1679920335937 86.23757219314575 197
1679920336117 86.4076497554779 198
1679920336878 87.1766722202301 199
1679920337040 87.34255385398865 200
1679920337719 88.02238726615906 201
1679920337882 88.18029260635376 202
1679920338531 88.83671975135803 203
1679920338772 89.07462477684021 204
1679920339422 89.72417902946472 205
1679920339599 89.89578199386597 206
1679920340342 90.64086079597473 207
1679920340508 90.80875205993652 208
1679920341184 91.48566746711731 209
1679920341352 91.65367650985718 210
1679920342100 92.39267802238464 211
1679920342267 92.56762623786926 212
1679920342923 93.22678065299988 213
1679920343083 93.38169574737549 214
1679920343784 94.08693194389343 215
1679920343940 94.24359726905823 216
1679920344573 94.87312006950378 217
1679920344751 95.04379749298096 218
1679920345410 95.71117115020752 219
1679920345647 95.94877505302429 220
1679920346285 96.58877825737 221
1679920346453 96.75364518165588 222
1679920347212 97.50295758247375 223
1679920347383 97.67767262458801 224
1679920348021 98.31687045097351 225
1679920348187 98.48650050163269 226
1679920348904 99.19872450828552 227
1679920349074 99.3676974773407 228
1679920349704 99.99878478050232 229
1679920349872 100.16536068916321 230
1679920350593 100.88935279846191 231
1679920350754 101.04987597465515 232
1679920351386 101.6838731765747 233
1679920351561 101.85067176818848 234
1679920352218 102.51184105873108 235
1679920352473 102.7666015625 236
1679920353118 103.41069054603577 237
1679920353288 103.5806884765625 238
1679920354023 104.30976343154907 239
1679920354198 104.49055790901184 240
1679920354904 105.19686126708984 241
1679920355081 105.36762571334839 242
1679920355808 106.09980726242065 243
1679920355979 106.27111911773682 244
1679920356621 106.9155068397522 245
1679920356785 107.08457112312317 246
1679920357539 107.83887219429016 247
1679920357700 108.00044775009155 248
1679920358334 108.63414096832275 249
1679920358491 108.79466319084167 250
1679920359125 109.42856764793396 251
1679920359365 109.66773438453674 252
1679920360017 110.31760478019714 253
1679920360186 110.48269557952881 254
1679920360905 111.20127606391907 255
1679920361070 111.36694979667664 256
1679920361701 112.0015754699707 257
1679920361873 112.16965675354004 258
1679920362607 112.90464186668396 259
1679920362767 113.06751489639282 260
1679920363413 113.70971322059631 261
1679920363572 113.87175488471985 262
1679920364276 114.5736653804779 263
1679920364441 114.73877668380737 264
1679920365082 115.38262391090393 265
1679920365251 115.54663801193237 266
1679920365878 116.18120312690735 267
1679920366116 116.41129946708679 268
1679920366734 117.0367500782013 269
1679920366893 117.19263195991516 270
1679920367615 117.91653060913086 271
1679920367770 118.0702178478241 272
1679920368392 118.69573545455933 273
1679920368550 118.85061860084534 274
1679920369242 119.54107618331909 275
1679920369403 119.69566607475281 276
1679920370038 120.34163236618042 277
1679920370205 120.49693942070007 278
1679920370952 121.25254535675049 279
1679920371107 121.40753030776978 280
1679920371733 122.03564500808716 281
1679920371895 122.19459581375122 282
1679920372543 122.84777760505676 283
1679920372772 123.07553124427795 284
1679920373376 123.67966890335083 285
1679920373529 123.83214783668518 286
1679920374296 124.5844898223877 287
1679920374503 124.78275299072266 288
1679920375182 125.47265720367432 289
1679920375341 125.64247703552246 290
1679920376099 126.38510322570801 291
1679920376260 126.55962824821472 292
1679920376902 127.20062041282654 293
1679920377065 127.39455318450928 294
1679920377846 128.14456701278687 295
1679920378005 128.30523371696472 296
1679920378637 128.9391520023346 297
1679920378801 129.10087275505066 298
1679920379437 129.7382688522339 299
1679920379686 129.98468804359436 300
1679920379825 130.11557483673096 301
