1679920252601 1.0 1
1679920252907 2.0 2
1679920253613 3.0 3
1679920253786 4.0 4
1679920254490 5.0 5
1679920254736 6.0 6
1679920255445 7.0 7
1679920255615 8.0 8
1679920256360 9.0 9
1679920256510 10.0 10
1679920257152 11.0 11
1679920257303 12.0 12
1679920257997 13.0 13
1679920258167 14.0 14
1679920258850 15.0 15
1679920259082 16.0 16
1679920259701 17.0 17
1679920259846 18.0 18
1679920260552 19.0 19
1679920260699 20.0 20
1679920261334 21.0 21
1679920261478 22.0 22
1679920262216 23.0 23
1679920262365 24.0 24
1679920262985 25.0 25
1679920263134 26.0 26
1679920263796 27.0 27
1679920264025 28.0 28
1679920264656 29.0 29
1679920264822 30.0 30
1679920265529 31.0 31
1679920265679 32.0 32
1679920266313 33.0 33
1679920266466 34.0 34
1679920267163 35.0 35
1679920267331 36.0 36
1679920267968 37.0 37
1679920268123 38.0 38
1679920268857 39.0 39
1679920269032 40.0 40
1679920269682 41.0 41
1679920269831 42.0 42
1679920270452 43.0 43
1679920270684 44.0 44
1679920271335 45.0 45
1679920271486 46.0 46
1679920272185 47.0 47
1679920272343 48.0 48
1679920273003 49.0 49
1679920273156 50.0 50
1679920273887 51.0 51
1679920274055 52.0 52
1679920274726 53.0 53
1679920274878 54.0 54
1679920275564 55.0 55
1679920275709 56.0 56
1679920276354 57.0 57
1679920276501 58.0 58
1679920277134 59.0 59
1679920277370 60.0 60
1679920278034 61.0 61
1679920278203 62.0 62
1679920278925 63.0 63
1679920279091 64.0 64
1679920279728 65.0 65
1679920279874 66.0 66
1679920280599 67.0 67
1679920280743 68.0 68
1679920281404 69.0 69
1679920281545 70.0 70
1679920282245 71.0 71
1679920282396 72.0 72
1679920283080 73.0 73
1679920283236 74.0 74
1679920283894 75.0 75
1679920284163 76.0 76
1679920284817 77.0 77
1679920284969 78.0 78
1679920285705 79.0 79
1679920285870 80.0 80
1679920286565 81.0 81
1679920286720 82.0 82
1679920287422 83.0 83
1679920287581 84.0 84
1679920288210 85.0 85
1679920288363 86.0 86
1679920289160 87.0 87
1679920289346 88.0 88
1679920290070 89.0 89
1679920290254 90.0 90
1679920290935 91.0 91
1679920291178 92.0 92
1679920291805 93.0 93
1679920291954 94.0 94
1679920292634 95.0 95
1679920292791 96.0 96
1679920293410 97.0 97
1679920293567 98.0 98
1679920294354 99.0 99
1679920294521 100.0 100
1679920295161 101.0 101
1679920295326 102.0 102
1679920296235 103.0 103
1679920296394 104.0 104
1679920297081 105.0 105
1679920297233 106.0 106
1679920297856 107.0 107
1679920298094 108.0 108
1679920298790 109.0 109
1679920298946 110.0 110
1679920299681 111.0 111
1679920299835 112.0 112
1679920300513 113.0 113
1679920300694 114.0 114
1679920301455 115.0 115
1679920301605 116.0 116
1679920302237 117.0 117
1679920302389 118.0 118
1679920303111 119.0 119
1679920303285 120.0 120
1679920303944 121.0 121
1679920304099 122.0 122
1679920304705 123.0 123
1679920304952 124.0 124
1679920305555 125.0 125
1679920305701 126.0 126
1679920306424 127.0 127
1679920306569 128.0 128
1679920307187 129.0 129
1679920307343 130.0 130
1679920308071 131.0 131
1679920308239 132.0 132
1679920308886 133.0 133
1679920309032 134.0 134
1679920309734 135.0 135
1679920309891 136.0 136
1679920310531 137.0 137
1679920310685 138.0 138
1679920311328 139.0 139
1679920311563 140.0 140
1679920312175 141.0 141
1679920312322 142.0 142
1679920313003 143.0 143
1679920313157 144.0 144
1679920313787 145.0 145
1679920313941 146.0 146
1679920314650 147.0 147
1679920314812 148.0 148
1679920315436 149.0 149
1679920315583 150.0 150
1679920316294 151.0 151
1679920316454 152.0 152
1679920317058 153.0 153
1679920317213 154.0 154
1679920317830 155.0 155
1679920318079 156.0 156
1679920318721 157.0 157
1679920318880 158.0 158
1679920319594 159.0 159
1679920319748 160.0 160
1679920320374 161.0 161
1679920320537 162.0 162
1679920321290 163.0 163
1679920321444 164.0 164
1679920322061 165.0 165
1679920322216 166.0 166
1679920322900 167.0 167
1679920323052 168.0 168
1679920323762 169.0 169
1679920323946 170.0 170
1679920324614 171.0 171
1679920324865 172.0 172
1679920325513 173.0 173
1679920325673 174.0 174
1679920326432 175.0 175
1679920326587 176.0 176
1679920327221 177.0 177
1679920327374 178.0 178
1679920328092 179.0 179
1679920328253 180.0 180
1679920328939 181.0 181
1679920329094 182.0 182
1679920329832 183.0 183
1679920329990 184.0 184
1679920330639 185.0 185
1679920330811 186.0 186
1679920331564 187.0 187
1679920331834 188.0 188
1679920332531 189.0 189
1679920332693 190.0 190
1679920333417 191.0 191
1679920333578 192.0 192
1679920334218 193.0 193
1679920334382 194.0 194
1679920335120 195.0 195
1679920335286 196.0 196
1679920335933 197.0 197
1679920336107 198.0 198
1679920336873 199.0 199
1679920337036 200.0 200
1679920337715 201.0 201
1679920337876 202.0 202
1679920338527 203.0 203
1679920338768 204.0 204
1679920339418 205.0 205
1679920339594 206.0 206
1679920340337 207.0 207
1679920340504 208.0 208
1679920341180 209.0 209
1679920341348 210.0 210
1679920342096 211.0 211
1679920342263 212.0 212
1679920342919 213.0 213
1679920343077 214.0 214
1679920343780 215.0 215
1679920343936 216.0 216
1679920344569 217.0 217
1679920344746 218.0 218
1679920345406 219.0 219
1679920345643 220.0 220
1679920346281 221.0 221
1679920346448 222.0 222
1679920347208 223.0 223
1679920347378 224.0 224
1679920348016 225.0 225
1679920348183 226.0 226
1679920348899 227.0 227
1679920349070 228.0 228
1679920349700 229.0 229
1679920349868 230.0 230
1679920350589 231.0 231
1679920350751 232.0 232
1679920351382 233.0 233
1679920351556 234.0 234
1679920352214 235.0 235
1679920352468 236.0 236
1679920353114 237.0 237
1679920353283 238.0 238
1679920354018 239.0 239
1679920354193 240.0 240
1679920354900 241.0 241
1679920355075 242.0 242
1679920355804 243.0 243
1679920355975 244.0 244
1679920356616 245.0 245
1679920356781 246.0 246
1679920357534 247.0 247
1679920357696 248.0 248
1679920358330 249.0 249
1679920358487 250.0 250
1679920359121 251.0 251
1679920359361 252.0 252
1679920360013 253.0 253
1679920360182 254.0 254
1679920360901 255.0 255
1679920361066 256.0 256
1679920361697 257.0 257
1679920361869 258.0 258
1679920362603 259.0 259
1679920362764 260.0 260
1679920363409 261.0 261
1679920363568 262.0 262
1679920364272 263.0 263
1679920364437 264.0 264
1679920365078 265.0 265
1679920365246 266.0 266
1679920365875 267.0 267
1679920366111 268.0 268
1679920366730 269.0 269
1679920366888 270.0 270
1679920367610 271.0 271
1679920367766 272.0 272
1679920368389 273.0 273
1679920368546 274.0 274
1679920369238 275.0 275
1679920369397 276.0 276
1679920370035 277.0 277
1679920370201 278.0 278
1679920370949 279.0 279
1679920371103 280.0 280
1679920371729 281.0 281
1679920371890 282.0 282
1679920372540 283.0 283
1679920372768 284.0 284
1679920373371 285.0 285
1679920373525 286.0 286
1679920374291 287.0 287
1679920374498 288.0 288
1679920375178 289.0 289
1679920375337 290.0 290
1679920376093 291.0 291
1679920376256 292.0 292
1679920376898 293.0 293
1679920377060 294.0 294
1679920377842 295.0 295
1679920378001 296.0 296
1679920378633 297.0 297
1679920378797 298.0 298
1679920379433 299.0 299
1679920379682 300.0 300
1679920379821 301.0 301
