1679858099207 4.365533828735352 1
1679858099362 0.1452198028564453 2
1679858100339 0.9748096466064453 3
1679858100488 0.15103721618652344 4
1679858101512 1.0194501876831055 5
1679858101762 0.2524299621582031 6
1679858102736 0.974036693572998 7
1679858102891 0.1539468765258789 8
1679858103880 0.9890942573547363 9
1679858104053 0.1650700569152832 10
1679858105022 0.975092887878418 11
1679858105178 0.15697002410888672 12
1679858106178 0.9998302459716797 13
1679858106351 0.1687455177307129 14
1679858107354 1.0002424716949463 15
1679858107514 0.1660020351409912 16
1679858108512 0.9991388320922852 17
1679858108676 0.16230535507202148 18
1679858109743 1.0691182613372803 19
1679858109901 0.1572105884552002 20
1679858110882 0.9793016910552979 21
1679858111049 0.16886281967163086 22
1679858112057 1.006077766418457 23
1679858112212 0.1550288200378418 24
1679858113190 0.9796221256256104 25
1679858113349 0.16026663780212402 26
1679858114401 1.0513389110565186 27
1679858114562 0.1601710319519043 28
1679858115587 1.0223267078399658 29
1679858115742 0.15769290924072266 30
1679858116797 1.0534591674804688 31
1679858116959 0.1640307903289795 32
1679858118082 1.1205909252166748 33
1679858118236 0.15358424186706543 34
1679858119372 1.1372909545898438 35
1679858119531 0.15957117080688477 36
1679858120542 1.0111491680145264 37
1679858120700 0.15779876708984375 38
1679858121837 1.099524736404419 39
1679858122015 0.2096419334411621 40
1679858123138 1.1246614456176758 41
1679858123309 0.16845345497131348 42
1679858124472 1.1529159545898438 43
1679858124645 0.18233942985534668 44
1679858125799 1.1536288261413574 45
1679858125976 0.177825927734375 46
1679858127158 1.1871421337127686 47
1679858127325 0.16807913780212402 48
1679858128345 1.0204098224639893 49
1679858128521 0.17427778244018555 50
1679858129588 1.0686206817626953 51
1679858129744 0.1551811695098877 52
1679858130767 1.0239465236663818 53
1679858130926 0.1579456329345703 54
1679858131979 1.0544013977050781 55
1679858132135 0.15508008003234863 56
1679858133167 1.0328528881072998 57
1679858133341 0.17412257194519043 58
1679858134369 1.0270881652832031 59
1679858134524 0.15590119361877441 60
1679858135606 1.0807559490203857 61
1679858135769 0.15741944313049316 62
1679858136805 1.0399096012115479 63
1679858136962 0.1590886116027832 64
1679858137961 0.9944398403167725 65
1679858138128 0.1668260097503662 66
1679858139183 1.0587894916534424 67
1679858139344 0.16122102737426758 68
1679858140393 1.0494410991668701 69
1679858140572 0.17707085609436035 70
1679858141656 1.0810809135437012 71
1679858141816 0.16432595252990723 72
1679858142833 1.0171847343444824 73
1679858142989 0.15427088737487793 74
1679858144142 1.1545660495758057 75
1679858144301 0.15743160247802734 76
1679858145345 1.0443458557128906 77
1679858145505 0.1603069305419922 78
1679858146577 1.0714943408966064 79
1679858146733 0.1571495532989502 80
1679858147743 1.00825834274292 81
1679858147903 0.1595609188079834 82
1679858148948 1.046008586883545 83
1679858149112 0.16408181190490723 84
1679858150121 1.0098962783813477 85
1679858150286 0.16174888610839844 86
1679858151363 1.0773820877075195 87
1679858151603 0.24107575416564941 88
1679858152701 1.0902321338653564 89
1679858152894 0.1958942413330078 90
1679858154068 1.1726350784301758 91
1679858154242 0.1760425567626953 92
1679858155449 1.2041192054748535 93
1679858155663 0.21237730979919434 94
1679858156920 1.2624728679656982 95
1679858157103 0.18596410751342773 96
1679858158158 1.056544542312622 97
1679858158322 0.15731048583984375 98
1679858159377 1.058976173400879 99
1679858159536 0.16223835945129395 100
1679858160629 1.0909481048583984 101
1679858160794 0.1637115478515625 102
1679858161855 1.060748815536499 103
1679858162036 0.16048312187194824 104
1679858163055 1.0399956703186035 105
1679858163215 0.16111207008361816 106
1679858164285 1.0689201354980469 107
1679858164444 0.16000580787658691 108
1679858165458 1.014047622680664 109
1679858165622 0.1614689826965332 110
1679858166689 1.0689630508422852 111
1679858166873 0.1838228702545166 112
1679858167929 1.0564687252044678 113
1679858168091 0.16222667694091797 114
1679858169244 1.1537408828735352 115
1679858169406 0.15883946418762207 116
1679858170446 1.0429527759552002 117
1679858170611 0.16226863861083984 118
1679858171709 1.0991251468658447 119
1679858171873 0.16459941864013672 120
1679858172913 1.0405895709991455 121
1679858173086 0.16109323501586914 122
1679858174150 1.0765573978424072 123
1679858174310 0.15783262252807617 124
1679858175332 1.022033452987671 125
1679858175493 0.16239070892333984 126
1679858176571 1.0733799934387207 127
1679858176731 0.1641693115234375 128
1679858177826 1.0912728309631348 129
1679858177987 0.16419434547424316 130
1679858179025 1.0354809761047363 131
1679858179201 0.17760586738586426 132
1679858180249 1.04939603805542 133
1679858180413 0.16148781776428223 134
1679858181491 1.0749781131744385 135
1679858181658 0.17154574394226074 136
1679858182775 1.1105225086212158 137
1679858182961 0.18640446662902832 138
1679858184170 1.2095537185668945 139
1679858184353 0.18201589584350586 140
1679858185564 1.2076077461242676 141
1679858185751 0.18439865112304688 142
1679858187014 1.2640979290008545 143
1679858187202 0.18883109092712402 144
1679858188262 1.0694608688354492 145
1679858188439 0.1758708953857422 146
1679858189496 1.0571656227111816 147
1679858189681 0.1833193302154541 148
1679858190706 1.0282840728759766 149
1679858190870 0.1625533103942871 150
1679858191932 1.0604701042175293 151
1679858192102 0.1708519458770752 152
1679858193156 1.0541629791259766 153
1679858193324 0.16794848442077637 154
1679858194436 1.1125516891479492 155
1679858194602 0.16598963737487793 156
1679858195718 1.11647367477417 157
1679858195883 0.16588544845581055 158
1679858196954 1.0706522464752197 159
1679858197119 0.1633470058441162 160
1679858198173 1.0549540519714355 161
1679858198336 0.16506457328796387 162
1679858199410 1.0701813697814941 163
1679858199577 0.1672506332397461 164
1679858200622 1.048067569732666 165
1679858200816 0.18541216850280762 166
1679858201897 1.0850017070770264 167
1679858202060 0.167039155960083 168
1679858203070 1.0084903240203857 169
1679858203314 0.24152731895446777 170
1679858204369 1.0586063861846924 171
1679858204550 0.1804358959197998 172
1679858205572 1.0200068950653076 173
1679858205746 0.17091655731201172 174
1679858206852 1.1070067882537842 175
1679858207022 0.1730337142944336 176
1679858208073 1.0519583225250244 177
1679858208236 0.16356182098388672 178
1679858209315 1.077667474746704 179
1679858209485 0.17029285430908203 180
1679858210570 1.0864970684051514 181
1679858210743 0.17049360275268555 182
1679858211806 1.0600273609161377 183
1679858212052 0.24495387077331543 184
1679858213215 1.1599204540252686 185
1679858213405 0.1908111572265625 186
1679858214585 1.178783893585205 187
1679858214772 0.1861112117767334 188
1679858215937 1.1639139652252197 189
1679858216128 0.1905364990234375 190
1679858217304 1.1750061511993408 191
1679858217492 0.191481351852417 192
1679858218641 1.1479675769805908 193
1679858218835 0.1940321922302246 194
1679858220073 1.2379612922668457 195
1679858220258 0.1925187110900879 196
1679858221419 1.157637357711792 197
1679858221591 0.1758878231048584 198
1679858222650 1.0605454444885254 199
1679858222822 0.1695868968963623 200
1679858223875 1.0526456832885742 201
1679858224045 0.1716458797454834 202
1679858225108 1.0617196559906006 203
1679858225289 0.18022441864013672 204
1679858226316 1.0280864238739014 205
1679858226489 0.16959619522094727 206
1679858227608 1.1227948665618896 207
1679858227776 0.16862082481384277 208
1679858228857 1.0804431438446045 209
1679858229030 0.1710071563720703 210
1679858230159 1.1286053657531738 211
1679858230332 0.17618036270141602 212
1679858231368 1.0333034992218018 213
1679858231556 0.18796920776367188 214
1679858232594 1.039674997329712 215
1679858232764 0.1702878475189209 216
1679858233833 1.0662734508514404 217
1679858234014 0.18384385108947754 218
1679858235075 1.0625247955322266 219
1679858235239 0.16184425354003906 220
1679858236293 1.0506072044372559 221
1679858236467 0.17623496055603027 222
1679858237504 1.0389084815979004 223
1679858237678 0.17337608337402344 224
1679858238812 1.1328761577606201 225
1679858238986 0.1732473373413086 226
1679858240024 1.040670394897461 227
1679858240187 0.1637117862701416 228
1679858241228 1.0348920822143555 229
1679858241404 0.18145513534545898 230
1679858242522 1.1065261363983154 231
1679858242706 0.18827056884765625 232
1679858243845 1.137258529663086 233
1679858244045 0.19849419593811035 234
1679858245189 1.1499228477478027 235
1679858245367 0.17516565322875977 236
1679858246545 1.1782476902008057 237
1679858246750 0.20322942733764648 238
1679858247894 1.151341199874878 239
1679858248060 0.16705012321472168 240
1679858249166 1.101255178451538 241
1679858249338 0.1755223274230957 242
1679858250407 1.064199447631836 243
1679858250576 0.17342329025268555 244
1679858251663 1.088669776916504 245
1679858251835 0.17146086692810059 246
1679858252851 1.0134921073913574 247
1679858253031 0.16908764839172363 248
1679858254085 1.0655875205993652 249
1679858254258 0.17523765563964844 250
1679858255312 1.053131341934204 251
1679858255569 0.2524402141571045 252
1679858256635 1.0694329738616943 253
1679858256805 0.17011356353759766 254
1679858257843 1.0389132499694824 255
1679858258016 0.17246389389038086 256
1679858259135 1.1169860363006592 257
1679858259307 0.17210721969604492 258
1679858260378 1.0723979473114014 259
1679858260547 0.17011237144470215 260
1679858261615 1.066922664642334 261
1679858261784 0.16859745979309082 262
1679858262862 1.0745184421539307 263
1679858263039 0.18100500106811523 264
1679858264142 1.1018409729003906 265
1679858264386 0.2425062656402588 266
1679858265456 1.07057785987854 267
1679858265628 0.17292308807373047 268
1679858266681 1.053173303604126 269
1679858266849 0.16974949836730957 270
1679858267883 1.0322637557983398 271
1679858268056 0.17485761642456055 272
1679858269136 1.0776572227478027 273
1679858269307 0.17279314994812012 274
1679858270313 1.0035812854766846 275
1679858270510 0.19598889350891113 276
1679858271603 1.0890789031982422 277
1679858271787 0.18083572387695312 278
1679858273071 1.2859773635864258 279
1679858273266 0.19256925582885742 280
1679858274486 1.2236988544464111 281
1679858274669 0.1837785243988037 282
1679858275866 1.1924841403961182 283
1679858276060 0.19448304176330566 284
1679858277173 1.1223042011260986 285
1679858277341 0.16768670082092285 286
1679858278376 1.0360732078552246 287
1679858278569 0.19208073616027832 288
1679858279636 1.0678582191467285 289
1679858279809 0.16892766952514648 290
1679858280854 1.0474646091461182 291
1679858281026 0.17359018325805664 292
1679858282147 1.1196815967559814 293
1679858282316 0.1698160171508789 294
1679858283343 1.0264899730682373 295
1679858283515 0.17044758796691895 296
1679858284593 1.078662633895874 297
1679858284765 0.17251086235046387 298
1679858285822 1.0568909645080566 299
1679858285992 0.17117071151733398 300
1679858286122 0.1279590129852295 301
