1677115078135 0.0 1
1677115078394 0.0 2
1677115080336 0.0 3
1677115080585 0.0 4
1677115082597 0.0 5
1677115082820 0.0 6
1677115084774 0.0 7
1677115085019 0.0 8
1677115087071 0.0 9
1677115087303 0.0 10
1677115089208 0.0 11
1677115089437 0.0 12
1677115091464 0.0 13
1677115091701 0.0 14
1677115093654 0.0 15
1677115093885 0.0 16
1677115095862 0.0 17
1677115096093 0.0 18
1677115098043 0.0 19
1677115098295 0.0 20
1677115100313 0.0 21
1677115100572 0.0 22
1677115102794 0.0 23
1677115103059 0.0 24
1677115105223 0.0 25
1677115105484 0.0 26
1677115107384 0.0 27
1677115107619 0.0 28
1677115109538 0.0 29
1677115109783 0.0 30
1677115111727 0.0 31
1677115111954 0.0 32
1677115113951 0.0 33
1677115114180 0.0 34
1677115116153 0.0 35
1677115116399 0.0 36
1677115118395 0.0 37
1677115118645 0.0 38
1677115120587 0.0 39
1677115120826 0.0 40
1677115122777 0.0 41
1677115123024 0.0 42
1677115124957 0.0 43
1677115125189 0.0 44
1677115127170 0.0 45
1677115127403 0.0 46
1677115129455 0.0 47
1677115129708 0.0 48
1677115131861 0.0 49
1677115132125 0.0 50
1677115134308 0.0 51
1677115134557 0.0 52
1677115136615 0.0 53
1677115136851 0.0 54
1677115138858 0.0 55
1677115139090 0.0 56
1677115141094 0.0 57
1677115141333 0.0 58
1677115143290 0.0 59
1677115143530 0.0 60
1677115145460 0.0 61
1677115145717 0.0 62
1677115147709 0.0 63
1677115147986 0.0 64
1677115149899 0.0 65
1677115150135 0.0 66
1677115152218 0.0 67
1677115152454 0.0 68
1677115154420 0.0 69
1677115154656 0.0 70
1677115156695 0.0 71
1677115156926 0.0 72
1677115158937 0.0 73
1677115159166 0.0 74
1677115161269 0.0 75
1677115161541 0.0 76
1677115163763 0.0 77
1677115164009 0.0 78
1677115166176 0.0 79
1677115166422 0.0 80
1677115168442 0.0 81
1677115168674 0.0 82
1677115170614 0.0 83
1677115170867 0.0 84
1677115172779 0.0 85
1677115173032 0.0 86
1677115175005 0.0 87
1677115175241 0.0 88
1677115177313 0.0 89
1677115177570 0.0 90
1677115179621 0.0 91
1677115179860 0.0 92
1677115181842 0.0 93
1677115182079 0.0 94
1677115184065 0.0 95
1677115184291 0.0 96
1677115186282 0.0 97
1677115186535 0.0 98
1677115188533 0.0 99
1677115188773 0.0 100
1677115190840 0.0 101
1677115191121 0.0 102
1677115193379 0.0 103
1677115193654 0.0 104
1677115195913 0.0 105
1677115196193 0.0 106
1677115198165 0.0 107
1677115198414 0.0 108
1677115200397 0.0 109
1677115200661 0.0 110
1677115202653 0.0 111
1677115202891 0.0 112
1677115204938 0.0 113
1677115205182 0.0 114
1677115207218 0.0 115
1677115207455 0.0 116
1677115209410 0.0 117
1677115209648 0.0 118
1677115211629 0.0 119
1677115211885 0.0 120
1677115213859 0.0 121
1677115214099 0.0 122
1677115216042 0.0 123
1677115216279 0.0 124
1677115218261 0.0 125
1677115218515 0.0 126
1677115220484 0.0 127
1677115220749 0.0 128
1677115222974 0.0 129
1677115223237 0.0 130
1677115225450 0.0 131
1677115225720 0.0 132
1677115227741 0.0 133
1677115227987 0.0 134
1677115229991 0.0 135
1677115230229 0.0 136
1677115232194 0.0 137
1677115232437 0.0 138
1677115234371 0.0 139
1677115234608 0.0 140
1677115236579 0.0 141
1677115236814 0.0 142
1677115238842 0.0 143
1677115239082 0.0 144
1677115241037 0.0 145
1677115241275 0.0 146
1677115243314 0.0 147
1677115243557 0.0 148
1677115245469 0.0 149
1677115245725 0.0 150
1677115247688 0.0 151
1677115247974 0.0 152
1677115249959 0.0 153
1677115250227 0.0 154
1677115252434 0.0 155
1677115252700 0.0 156
1677115254930 0.0 157
1677115255192 0.0 158
1677115257271 0.0 159
1677115257514 0.0 160
1677115259497 0.0 161
1677115259739 0.0 162
1677115261743 0.0 163
1677115261989 0.0 164
1677115263976 0.0 165
1677115264216 0.0 166
1677115266174 0.0 167
1677115266413 0.0 168
1677115268390 0.0 169
1677115268625 0.0 170
1677115270582 0.0 171
1677115270840 0.0 172
1677115272883 0.0 173
1677115273138 0.0 174
1677115275103 0.0 175
1677115275341 0.0 176
1677115277307 0.0 177
1677115277567 0.0 178
1677115279567 0.0 179
1677115279801 0.0 180
1677115282024 0.0 181
1677115282286 0.0 182
1677115284484 0.0 183
1677115284750 0.0 184
1677115286793 0.0 185
1677115287035 0.0 186
1677115288972 0.0 187
1677115289218 0.0 188
1677115291211 0.0 189
1677115291466 0.0 190
1677115293452 0.0 191
1677115293694 0.0 192
1677115295763 0.0 193
1677115296022 0.0 194
1677115297965 0.0 195
1677115298246 0.0 196
1677115300168 0.0 197
1677115300461 0.0 198
1677115302457 0.0 199
1677115302699 0.0 200
1677115304652 0.0 201
1677115304894 0.0 202
1677115306895 0.0 203
1677115307141 0.0 204
1677115309165 0.0 205
1677115309408 0.0 206
1677115311581 0.0 207
1677115311854 0.0 208
1677115314100 0.0 209
1677115314358 0.0 210
1677115316442 0.0 211
1677115316673 0.0 212
1677115318601 0.0 213
1677115318841 0.0 214
1677115320818 0.0 215
1677115321064 0.0 216
1677115322984 0.0 217
1677115323247 0.0 218
1677115325254 0.0 219
1677115325502 0.0 220
1677115327467 0.0 221
1677115327707 0.0 222
1677115329769 0.0 223
1677115330027 0.0 224
1677115331997 0.0 225
1677115332243 0.0 226
1677115334207 0.0 227
1677115334455 0.0 228
1677115336508 0.0 229
1677115336763 0.0 230
1677115338784 0.0 231
1677115339026 0.0 232
1677115341075 0.0 233
1677115341362 0.0 234
1677115343597 0.0 235
1677115343902 0.0 236
1677115346117 0.0 237
1677115346360 0.0 238
1677115348288 0.0 239
1677115348561 0.0 240
1677115350570 0.0 241
1677115350832 0.0 242
1677115352840 0.0 243
1677115353085 0.0 244
1677115355107 0.0 245
1677115355353 0.0 246
1677115357334 0.0 247
1677115357596 0.0 248
1677115359606 0.0 249
1677115359845 0.0 250
1677115361851 0.0 251
1677115362094 0.0 252
1677115364121 0.0 253
1677115364369 0.0 254
1677115366354 0.0 255
1677115366606 0.0 256
1677115368609 0.0 257
1677115368857 0.0 258
1677115370888 0.0 259
1677115371172 0.0 260
1677115373465 0.0 261
1677115373730 0.0 262
1677115375946 0.0 263
1677115376198 0.0 264
1677115378176 0.0 265
1677115378441 0.0 266
1677115380438 0.0 267
1677115380684 0.0 268
1677115382643 0.0 269
1677115382890 0.0 270
1677115384903 0.0 271
1677115385147 0.0 272
1677115387142 0.0 273
1677115387385 0.0 274
1677115389434 0.0 275
1677115389715 0.0 276
1677115391757 0.0 277
1677115392006 0.0 278
1677115393987 0.0 279
1677115394244 0.0 280
1677115396238 0.0 281
1677115396484 0.0 282
1677115398483 0.0 283
1677115398768 0.0 284
1677115400780 0.0 285
1677115401055 0.0 286
1677115403285 0.0 287
1677115403562 0.0 288
1677115405801 0.0 289
1677115406064 0.0 290
1677115407982 0.0 291
1677115408244 0.0 292
1677115410219 0.0 293
1677115410461 0.0 294
1677115412441 0.0 295
1677115412683 0.0 296
1677115414683 0.0 297
1677115414930 0.0 298
1677115416873 0.0 299
1677115417122 0.0 300
1677115417364 0.0 301
