1677115078149 12444.0 1
1677115078400 12444.0 2
1677115080343 12444.0 3
1677115080591 12444.0 4
1677115082603 12444.0 5
1677115082825 12444.0 6
1677115084781 12444.0 7
1677115085024 12444.0 8
1677115087076 12444.0 9
1677115087309 12444.0 10
1677115089214 12444.0 11
1677115089442 12444.0 12
1677115091474 12444.0 13
1677115091707 12444.0 14
1677115093660 12444.0 15
1677115093892 12444.0 16
1677115095867 12444.0 17
1677115096099 12444.0 18
1677115098049 12444.0 19
1677115098301 12444.0 20
1677115100321 12444.0 21
1677115100579 12444.0 22
1677115102800 12444.0 23
1677115103065 12444.0 24
1677115105231 12444.0 25
1677115105490 12444.0 26
1677115107396 12444.0 27
1677115107625 12444.0 28
1677115109544 12444.0 29
1677115109788 12444.0 30
1677115111732 12444.0 31
1677115111959 12444.0 32
1677115113957 12444.0 33
1677115114185 12444.0 34
1677115116158 12444.0 35
1677115116405 12444.0 36
1677115118402 12444.0 37
1677115118650 12444.0 38
1677115120594 12444.0 39
1677115120832 12444.0 40
1677115122785 12444.0 41
1677115123030 12444.0 42
1677115124964 12444.0 43
1677115125195 12444.0 44
1677115127176 12444.0 45
1677115127409 12444.0 46
1677115129461 12444.0 47
1677115129713 12444.0 48
1677115131867 12444.0 49
1677115132132 12444.0 50
1677115134313 12444.0 51
1677115134563 12444.0 52
1677115136621 12444.0 53
1677115136856 12444.0 54
1677115138864 12444.0 55
1677115139095 12444.0 56
1677115141100 12444.0 57
1677115141339 12444.0 58
1677115143296 12444.0 59
1677115143536 12444.0 60
1677115145466 12444.0 61
1677115145724 12444.0 62
1677115147714 12444.0 63
1677115147992 12444.0 64
1677115149905 12444.0 65
1677115150141 12444.0 66
1677115152225 12444.0 67
1677115152459 12444.0 68
1677115154426 12444.0 69
1677115154664 12444.0 70
1677115156700 12444.0 71
1677115156932 12444.0 72
1677115158944 12444.0 73
1677115159172 12444.0 74
1677115161275 12444.0 75
1677115161547 12444.0 76
1677115163770 12444.0 77
1677115164016 12444.0 78
1677115166182 12444.0 79
1677115166427 12444.0 80
1677115168448 12444.0 81
1677115168680 12444.0 82
1677115170621 12444.0 83
1677115170875 12444.0 84
1677115172784 12444.0 85
1677115173038 12444.0 86
1677115175011 12444.0 87
1677115175247 12444.0 88
1677115177321 12444.0 89
1677115177577 12444.0 90
1677115179626 12444.0 91
1677115179866 12444.0 92
1677115181847 12444.0 93
1677115182084 12444.0 94
1677115184070 12444.0 95
1677115184295 12444.0 96
1677115186287 12444.0 97
1677115186541 12444.0 98
1677115188538 12444.0 99
1677115188778 12444.0 100
1677115190847 12444.0 101
1677115191126 12444.0 102
1677115193384 12444.0 103
1677115193661 12444.0 104
1677115195921 12444.0 105
1677115196197 12444.0 106
1677115198172 12444.0 107
1677115198420 12444.0 108
1677115200404 12444.0 109
1677115200666 12444.0 110
1677115202659 12444.0 111
1677115202897 12444.0 112
1677115204944 12444.0 113
1677115205187 12444.0 114
1677115207224 12444.0 115
1677115207460 12444.0 116
1677115209414 12444.0 117
1677115209654 12444.0 118
1677115211635 12444.0 119
1677115211891 12444.0 120
1677115213864 12444.0 121
1677115214105 12444.0 122
1677115216048 12444.0 123
1677115216285 12444.0 124
1677115218267 12444.0 125
1677115218522 12444.0 126
1677115220491 12444.0 127
1677115220755 12444.0 128
1677115222979 12444.0 129
1677115223244 12444.0 130
1677115225458 12444.0 131
1677115225727 12444.0 132
1677115227745 12444.0 133
1677115227993 12444.0 134
1677115229996 12444.0 135
1677115230234 12444.0 136
1677115232201 12444.0 137
1677115232442 12444.0 138
1677115234377 12444.0 139
1677115234614 12444.0 140
1677115236583 12444.0 141
1677115236819 12444.0 142
1677115238848 12444.0 143
1677115239089 12444.0 144
1677115241043 12444.0 145
1677115241280 12444.0 146
1677115243319 12444.0 147
1677115243563 12444.0 148
1677115245475 12444.0 149
1677115245731 12444.0 150
1677115247694 12444.0 151
1677115247980 12444.0 152
1677115249965 12444.0 153
1677115250234 12444.0 154
1677115252441 12444.0 155
1677115252706 12444.0 156
1677115254937 12444.0 157
1677115255199 12444.0 158
1677115257277 12444.0 159
1677115257520 12444.0 160
1677115259503 12444.0 161
1677115259744 12444.0 162
1677115261749 12444.0 163
1677115261995 12444.0 164
1677115263981 12444.0 165
1677115264221 12444.0 166
1677115266180 12444.0 167
1677115266419 12444.0 168
1677115268396 12444.0 169
1677115268629 12444.0 170
1677115270588 12444.0 171
1677115270846 12444.0 172
1677115272889 12444.0 173
1677115273144 12444.0 174
1677115275109 12444.0 175
1677115275346 12444.0 176
1677115277314 12444.0 177
1677115277574 12444.0 178
1677115279574 12444.0 179
1677115279807 12444.0 180
1677115282030 12444.0 181
1677115282292 12444.0 182
1677115284490 12444.0 183
1677115284757 12444.0 184
1677115286799 12444.0 185
1677115287041 12444.0 186
1677115288977 12444.0 187
1677115289224 12444.0 188
1677115291217 12444.0 189
1677115291473 12444.0 190
1677115293459 12444.0 191
1677115293699 12444.0 192
1677115295769 12444.0 193
1677115296030 12444.0 194
1677115297972 12444.0 195
1677115298252 12444.0 196
1677115300173 12444.0 197
1677115300467 12444.0 198
1677115302463 12444.0 199
1677115302714 12444.0 200
1677115304658 12444.0 201
1677115304902 12444.0 202
1677115306903 12444.0 203
1677115307148 12444.0 204
1677115309172 12444.0 205
1677115309414 12444.0 206
1677115311587 12444.0 207
1677115311862 12444.0 208
1677115314107 12444.0 209
1677115314364 12444.0 210
1677115316447 12444.0 211
1677115316680 12444.0 212
1677115318607 12444.0 213
1677115318847 12444.0 214
1677115320823 12444.0 215
1677115321070 12444.0 216
1677115322991 12444.0 217
1677115323252 12444.0 218
1677115325259 12444.0 219
1677115325507 12444.0 220
1677115327472 12444.0 221
1677115327713 12444.0 222
1677115329775 12444.0 223
1677115330033 12444.0 224
1677115332003 12444.0 225
1677115332248 12444.0 226
1677115334213 12444.0 227
1677115334460 12444.0 228
1677115336515 12444.0 229
1677115336768 12444.0 230
1677115338789 12444.0 231
1677115339031 12444.0 232
1677115341082 12444.0 233
1677115341368 12444.0 234
1677115343604 12444.0 235
1677115343907 12444.0 236
1677115346123 12444.0 237
1677115346368 12444.0 238
1677115348295 12444.0 239
1677115348567 12444.0 240
1677115350575 12444.0 241
1677115350838 12444.0 242
1677115352845 12444.0 243
1677115353091 12444.0 244
1677115355113 12444.0 245
1677115355362 12444.0 246
1677115357340 12444.0 247
1677115357603 12444.0 248
1677115359612 12444.0 249
1677115359850 12444.0 250
1677115361856 12444.0 251
1677115362099 12444.0 252
1677115364127 12444.0 253
1677115364376 12444.0 254
1677115366360 12444.0 255
1677115366614 12444.0 256
1677115368615 12444.0 257
1677115368862 12444.0 258
1677115370895 12444.0 259
1677115371178 12444.0 260
1677115373473 12444.0 261
1677115373736 12444.0 262
1677115375951 12444.0 263
1677115376205 12444.0 264
1677115378181 12444.0 265
1677115378446 12444.0 266
1677115380444 12444.0 267
1677115380691 12444.0 268
1677115382649 12444.0 269
1677115382896 12444.0 270
1677115384909 12444.0 271
1677115385153 12444.0 272
1677115387146 12444.0 273
1677115387391 12444.0 274
1677115389440 12444.0 275
1677115389721 12444.0 276
1677115391763 12444.0 277
1677115392012 12444.0 278
1677115393992 12444.0 279
1677115394250 12444.0 280
1677115396243 12444.0 281
1677115396491 12444.0 282
1677115398487 12444.0 283
1677115398775 12444.0 284
1677115400786 12444.0 285
1677115401062 12444.0 286
1677115403291 12444.0 287
1677115403570 12444.0 288
1677115405809 12444.0 289
1677115406072 12444.0 290
1677115407989 12444.0 291
1677115408251 12444.0 292
1677115410224 12444.0 293
1677115410467 12444.0 294
1677115412446 12444.0 295
1677115412690 12444.0 296
1677115414690 12444.0 297
1677115414936 12444.0 298
1677115416879 12444.0 299
1677115417129 12444.0 300
1677115417372 12444.0 301
