1677115078146 1677115078.0 1
1677115078397 1677115078.0 2
1677115080340 1677115080.0 3
1677115080589 1677115080.0 4
1677115082600 1677115082.0 5
1677115082823 1677115082.0 6
1677115084778 1677115084.0 7
1677115085022 1677115084.0 8
1677115087074 1677115087.0 9
1677115087305 1677115087.0 10
1677115089211 1677115089.0 11
1677115089439 1677115089.0 12
1677115091467 1677115091.0 13
1677115091705 1677115091.0 14
1677115093657 1677115093.0 15
1677115093890 1677115093.0 16
1677115095865 1677115095.0 17
1677115096096 1677115096.0 18
1677115098046 1677115097.0 19
1677115098298 1677115098.0 20
1677115100317 1677115100.0 21
1677115100575 1677115100.0 22
1677115102797 1677115102.0 23
1677115103062 1677115103.0 24
1677115105227 1677115105.0 25
1677115105487 1677115105.0 26
1677115107394 1677115107.0 27
1677115107622 1677115107.0 28
1677115109541 1677115109.0 29
1677115109786 1677115109.0 30
1677115111730 1677115111.0 31
1677115111957 1677115111.0 32
1677115113954 1677115113.0 33
1677115114183 1677115114.0 34
1677115116156 1677115116.0 35
1677115116402 1677115116.0 36
1677115118399 1677115118.0 37
1677115118648 1677115118.0 38
1677115120591 1677115120.0 39
1677115120829 1677115120.0 40
1677115122781 1677115122.0 41
1677115123027 1677115122.0 42
1677115124961 1677115124.0 43
1677115125192 1677115125.0 44
1677115127173 1677115127.0 45
1677115127406 1677115127.0 46
1677115129459 1677115129.0 47
1677115129711 1677115129.0 48
1677115131864 1677115131.0 49
1677115132129 1677115132.0 50
1677115134310 1677115134.0 51
1677115134560 1677115134.0 52
1677115136619 1677115136.0 53
1677115136854 1677115136.0 54
1677115138861 1677115138.0 55
1677115139092 1677115139.0 56
1677115141096 1677115141.0 57
1677115141336 1677115141.0 58
1677115143293 1677115143.0 59
1677115143533 1677115143.0 60
1677115145463 1677115145.0 61
1677115145721 1677115145.0 62
1677115147712 1677115147.0 63
1677115147989 1677115147.0 64
1677115149902 1677115149.0 65
1677115150138 1677115150.0 66
1677115152222 1677115152.0 67
1677115152456 1677115152.0 68
1677115154423 1677115154.0 69
1677115154660 1677115154.0 70
1677115156697 1677115156.0 71
1677115156929 1677115156.0 72
1677115158941 1677115158.0 73
1677115159170 1677115159.0 74
1677115161272 1677115161.0 75
1677115161544 1677115161.0 76
1677115163766 1677115163.0 77
1677115164013 1677115163.0 78
1677115166179 1677115166.0 79
1677115166425 1677115166.0 80
1677115168444 1677115168.0 81
1677115168676 1677115168.0 82
1677115170617 1677115170.0 83
1677115170872 1677115170.0 84
1677115172782 1677115172.0 85
1677115173035 1677115172.0 86
1677115175008 1677115174.0 87
1677115175244 1677115175.0 88
1677115177317 1677115177.0 89
1677115177574 1677115177.0 90
1677115179624 1677115179.0 91
1677115179863 1677115179.0 92
1677115181845 1677115181.0 93
1677115182081 1677115182.0 94
1677115184067 1677115184.0 95
1677115184294 1677115184.0 96
1677115186284 1677115186.0 97
1677115186538 1677115186.0 98
1677115188535 1677115188.0 99
1677115188775 1677115188.0 100
1677115190843 1677115190.0 101
1677115191124 1677115191.0 102
1677115193381 1677115193.0 103
1677115193657 1677115193.0 104
1677115195915 1677115195.0 105
1677115196195 1677115196.0 106
1677115198169 1677115198.0 107
1677115198417 1677115198.0 108
1677115200401 1677115200.0 109
1677115200664 1677115200.0 110
1677115202655 1677115202.0 111
1677115202894 1677115202.0 112
1677115204941 1677115204.0 113
1677115205185 1677115205.0 114
1677115207221 1677115207.0 115
1677115207457 1677115207.0 116
1677115209412 1677115209.0 117
1677115209651 1677115209.0 118
1677115211632 1677115211.0 119
1677115211888 1677115211.0 120
1677115213861 1677115213.0 121
1677115214102 1677115214.0 122
1677115216046 1677115215.0 123
1677115216282 1677115216.0 124
1677115218264 1677115218.0 125
1677115218519 1677115218.0 126
1677115220487 1677115220.0 127
1677115220751 1677115220.0 128
1677115222976 1677115222.0 129
1677115223241 1677115223.0 130
1677115225455 1677115225.0 131
1677115225724 1677115225.0 132
1677115227743 1677115227.0 133
1677115227990 1677115227.0 134
1677115229994 1677115229.0 135
1677115230231 1677115230.0 136
1677115232197 1677115232.0 137
1677115232440 1677115232.0 138
1677115234374 1677115234.0 139
1677115234611 1677115234.0 140
1677115236580 1677115236.0 141
1677115236816 1677115236.0 142
1677115238845 1677115238.0 143
1677115239085 1677115239.0 144
1677115241040 1677115240.0 145
1677115241277 1677115241.0 146
1677115243317 1677115243.0 147
1677115243561 1677115243.0 148
1677115245472 1677115245.0 149
1677115245729 1677115245.0 150
1677115247691 1677115247.0 151
1677115247977 1677115247.0 152
1677115249962 1677115249.0 153
1677115250232 1677115250.0 154
1677115252439 1677115252.0 155
1677115252703 1677115252.0 156
1677115254933 1677115254.0 157
1677115255195 1677115255.0 158
1677115257274 1677115257.0 159
1677115257517 1677115257.0 160
1677115259500 1677115259.0 161
1677115259741 1677115259.0 162
1677115261746 1677115261.0 163
1677115261992 1677115261.0 164
1677115263979 1677115263.0 165
1677115264218 1677115264.0 166
1677115266177 1677115266.0 167
1677115266416 1677115266.0 168
1677115268393 1677115268.0 169
1677115268627 1677115268.0 170
1677115270585 1677115270.0 171
1677115270844 1677115270.0 172
1677115272886 1677115272.0 173
1677115273141 1677115273.0 174
1677115275106 1677115275.0 175
1677115275343 1677115275.0 176
1677115277311 1677115277.0 177
1677115277570 1677115277.0 178
1677115279571 1677115279.0 179
1677115279804 1677115279.0 180
1677115282026 1677115281.0 181
1677115282289 1677115282.0 182
1677115284487 1677115284.0 183
1677115284755 1677115284.0 184
1677115286796 1677115286.0 185
1677115287037 1677115286.0 186
1677115288975 1677115288.0 187
1677115289221 1677115289.0 188
1677115291214 1677115291.0 189
1677115291469 1677115291.0 190
1677115293455 1677115293.0 191
1677115293697 1677115293.0 192
1677115295766 1677115295.0 193
1677115296026 1677115295.0 194
1677115297968 1677115297.0 195
1677115298249 1677115298.0 196
1677115300170 1677115300.0 197
1677115300464 1677115300.0 198
1677115302460 1677115302.0 199
1677115302703 1677115302.0 200
1677115304655 1677115304.0 201
1677115304897 1677115304.0 202
1677115306899 1677115306.0 203
1677115307145 1677115307.0 204
1677115309169 1677115309.0 205
1677115309411 1677115309.0 206
1677115311584 1677115311.0 207
1677115311859 1677115311.0 208
1677115314104 1677115314.0 209
1677115314361 1677115314.0 210
1677115316445 1677115316.0 211
1677115316677 1677115316.0 212
1677115318604 1677115318.0 213
1677115318844 1677115318.0 214
1677115320820 1677115320.0 215
1677115321067 1677115321.0 216
1677115322988 1677115322.0 217
1677115323249 1677115323.0 218
1677115325257 1677115325.0 219
1677115325505 1677115325.0 220
1677115327469 1677115327.0 221
1677115327710 1677115327.0 222
1677115329772 1677115329.0 223
1677115330030 1677115329.0 224
1677115332001 1677115331.0 225
1677115332245 1677115332.0 226
1677115334210 1677115334.0 227
1677115334457 1677115334.0 228
1677115336512 1677115336.0 229
1677115336766 1677115336.0 230
1677115338787 1677115338.0 231
1677115339029 1677115338.0 232
1677115341079 1677115341.0 233
1677115341365 1677115341.0 234
1677115343600 1677115343.0 235
1677115343904 1677115343.0 236
1677115346120 1677115346.0 237
1677115346364 1677115346.0 238
1677115348292 1677115348.0 239
1677115348564 1677115348.0 240
1677115350572 1677115350.0 241
1677115350835 1677115350.0 242
1677115352843 1677115352.0 243
1677115353088 1677115353.0 244
1677115355110 1677115355.0 245
1677115355357 1677115355.0 246
1677115357337 1677115357.0 247
1677115357600 1677115357.0 248
1677115359609 1677115359.0 249
1677115359847 1677115359.0 250
1677115361854 1677115361.0 251
1677115362096 1677115362.0 252
1677115364124 1677115364.0 253
1677115364373 1677115364.0 254
1677115366357 1677115366.0 255
1677115366611 1677115366.0 256
1677115368612 1677115368.0 257
1677115368860 1677115368.0 258
1677115370891 1677115370.0 259
1677115371175 1677115371.0 260
1677115373469 1677115373.0 261
1677115373733 1677115373.0 262
1677115375948 1677115375.0 263
1677115376202 1677115376.0 264
1677115378179 1677115378.0 265
1677115378444 1677115378.0 266
1677115380441 1677115380.0 267
1677115380687 1677115380.0 268
1677115382645 1677115382.0 269
1677115382894 1677115382.0 270
1677115384907 1677115384.0 271
1677115385150 1677115385.0 272
1677115387144 1677115387.0 273
1677115387388 1677115387.0 274
1677115389437 1677115389.0 275
1677115389717 1677115389.0 276
1677115391760 1677115391.0 277
1677115392010 1677115391.0 278
1677115393989 1677115393.0 279
1677115394247 1677115394.0 280
1677115396241 1677115396.0 281
1677115396487 1677115396.0 282
1677115398485 1677115398.0 283
1677115398772 1677115398.0 284
1677115400783 1677115400.0 285
1677115401058 1677115400.0 286
1677115403288 1677115403.0 287
1677115403565 1677115403.0 288
1677115405805 1677115405.0 289
1677115406067 1677115406.0 290
1677115407986 1677115407.0 291
1677115408247 1677115408.0 292
1677115410221 1677115410.0 293
1677115410464 1677115410.0 294
1677115412444 1677115412.0 295
1677115412686 1677115412.0 296
1677115414686 1677115414.0 297
1677115414933 1677115414.0 298
1677115416876 1677115416.0 299
1677115417125 1677115417.0 300
1677115417367 1677115417.0 301
