1677115078133 18.41916060447693 1
1677115078393 0.24455881118774414 2
1677115080334 1.9453051090240479 3
1677115080583 0.24460053443908691 4
1677115082595 2.0092828273773193 5
1677115082820 0.23105907440185547 6
1677115084773 1.941974401473999 7
1677115085016 0.24865055084228516 8
1677115087069 2.0553691387176514 9
1677115087301 0.23604345321655273 10
1677115089207 1.9009857177734375 11
1677115089435 0.22912192344665527 12
1677115091462 2.0161774158477783 13
1677115091700 0.2509145736694336 14
1677115093653 1.9511256217956543 15
1677115093883 0.2309281826019287 16
1677115095852 1.9649417400360107 17
1677115096092 0.24498987197875977 18
1677115098041 1.9439265727996826 19
1677115098294 0.2559480667114258 20
1677115100311 2.010859489440918 21
1677115100570 0.26115918159484863 22
1677115102792 2.21913743019104 23
1677115103057 0.268632173538208 24
1677115105222 2.1644716262817383 25
1677115105482 0.26192355155944824 26
1677115107383 1.9019510746002197 27
1677115107617 0.23605132102966309 28
1677115109536 1.9156949520111084 29
1677115109782 0.2492656707763672 30
1677115111725 1.9426028728485107 31
1677115111952 0.2261509895324707 32
1677115113950 1.9939022064208984 33
1677115114179 0.23410582542419434 34
1677115116151 1.9639835357666016 35
1677115116397 0.2497551441192627 36
1677115118393 1.9952905178070068 37
1677115118643 0.24211335182189941 38
1677115120586 1.9420299530029297 39
1677115120825 0.2518916130065918 40
1677115122776 1.9487099647521973 41
1677115123022 0.24436354637145996 42
1677115124956 1.9370107650756836 43
1677115125187 0.23080062866210938 44
1677115127169 1.9829211235046387 45
1677115127401 0.2273256778717041 46
1677115129453 2.0566089153289795 47
1677115129707 0.24332499504089355 48
1677115131859 2.157228469848633 49
1677115132124 0.2555661201477051 50
1677115134306 2.1881372928619385 51
1677115134556 0.2508420944213867 52
1677115136613 2.0628788471221924 53
1677115136849 0.23504161834716797 54
1677115138857 2.007312297821045 55
1677115139088 0.23302865028381348 56
1677115141093 2.0028600692749023 57
1677115141331 0.24195003509521484 58
1677115143288 1.9527382850646973 59
1677115143529 0.239105224609375 60
1677115145460 1.9299399852752686 61
1677115145715 0.2556173801422119 62
1677115147707 1.9973952770233154 63
1677115147984 0.2730545997619629 64
1677115149896 1.9152727127075195 65
1677115150134 0.23578214645385742 66
1677115152217 2.0800538063049316 67
1677115152452 0.23867487907409668 68
1677115154419 1.968531608581543 69
1677115154654 0.23519515991210938 70
1677115156693 2.0356225967407227 71
1677115156925 0.23386454582214355 72
1677115158936 2.0124125480651855 73
1677115159165 0.22751235961914062 74
1677115161266 2.091418504714966 75
1677115161539 0.27602195739746094 76
1677115163762 2.22463059425354 77
1677115164008 0.24837708473205566 78
1677115166174 2.1718878746032715 79
1677115166420 0.2392275333404541 80
1677115168440 2.0226078033447266 81
1677115168672 0.2333226203918457 82
1677115170613 1.936699628829956 83
1677115170865 0.2520632743835449 84
1677115172777 1.913893699645996 85
1677115173030 0.2533607482910156 86
1677115175004 1.9688975811004639 87
1677115175239 0.2381134033203125 88
1677115177312 2.0738351345062256 89
1677115177568 0.2419278621673584 90
1677115179620 2.067796468734741 91
1677115179859 0.2371196746826172 92
1677115181840 1.978330373764038 93
1677115182077 0.23968005180358887 94
1677115184063 1.9875214099884033 95
1677115184289 0.2277052402496338 96
1677115186280 1.9859404563903809 97
1677115186534 0.25643229484558105 98
1677115188531 1.987663984298706 99
1677115188772 0.24965357780456543 100
1677115190839 2.0631940364837646 101
1677115191119 0.26822996139526367 102
1677115193376 2.265594959259033 103
1677115193652 0.27823972702026367 104
1677115195911 2.2597427368164062 105
1677115196192 0.27880263328552246 106
1677115198163 1.977332353591919 107
1677115198412 0.24600553512573242 108
1677115200395 1.9840178489685059 109
1677115200659 0.24982714653015137 110
1677115202651 2.001236915588379 111
1677115202889 0.24474644660949707 112
1677115204937 2.0481772422790527 113
1677115205180 0.24400806427001953 114
1677115207216 2.036766767501831 115
1677115207453 0.23402786254882812 116
1677115209407 1.9563286304473877 117
1677115209647 0.2365856170654297 118
1677115211628 1.982957363128662 119
1677115211884 0.24570655822753906 120
1677115213856 1.9857826232910156 121
1677115214098 0.23695063591003418 122
1677115216040 1.9411022663116455 123
1677115216278 0.240980863571167 124
1677115218259 1.9717388153076172 125
1677115218514 0.2620854377746582 126
1677115220482 1.9657764434814453 127
1677115220747 0.2614610195159912 128
1677115222972 2.224980592727661 129
1677115223236 0.2657914161682129 130
1677115225448 2.214007616043091 131
1677115225718 0.2667865753173828 132
1677115227739 2.027095079421997 133
1677115227985 0.24427390098571777 134
1677115229990 2.0027318000793457 135
1677115230227 0.23993611335754395 136
1677115232192 1.962141990661621 137
1677115232436 0.24607014656066895 138
1677115234370 1.9357619285583496 139
1677115234607 0.23418521881103516 140
1677115236576 1.9720561504364014 141
1677115236812 0.23012542724609375 142
1677115238841 2.0340664386749268 143
1677115239080 0.23885488510131836 144
1677115241035 1.95084547996521 145
1677115241273 0.2389392852783203 146
1677115243312 2.0412580966949463 147
1677115243555 0.24566912651062012 148
1677115245467 1.9062221050262451 149
1677115245723 0.25795674324035645 150
1677115247687 1.9669358730316162 151
1677115247972 0.2732269763946533 152
1677115249956 1.9917449951171875 153
1677115250226 0.2563774585723877 154
1677115252433 2.214409112930298 155
1677115252698 0.26932239532470703 156
1677115254928 2.227267265319824 157
1677115255191 0.26589250564575195 158
1677115257269 2.078998565673828 159
1677115257513 0.24479007720947266 160
1677115259496 1.9792559146881104 161
1677115259737 0.24490737915039062 162
1677115261742 2.007556200027466 163
1677115261988 0.24631261825561523 164
1677115263975 1.985825777053833 165
1677115264214 0.2383270263671875 166
1677115266173 1.9596285820007324 167
1677115266412 0.23704910278320312 168
1677115268389 1.9789495468139648 169
1677115268623 0.23510432243347168 170
1677115270581 1.9541141986846924 171
1677115270838 0.25797104835510254 172
1677115272881 2.041250467300415 173
1677115273137 0.25355958938598633 174
1677115275101 1.96651029586792 175
1677115275340 0.23747682571411133 176
1677115277306 1.968094825744629 177
1677115277566 0.25927281379699707 178
1677115279566 2.000389814376831 179
1677115279799 0.23445367813110352 180
1677115282022 2.2193260192871094 181
1677115282284 0.25858116149902344 182
1677115284482 2.202285051345825 183
1677115284749 0.2692131996154785 184
1677115286792 2.0451719760894775 185
1677115287033 0.24024343490600586 186
1677115288970 1.936650276184082 187
1677115289217 0.24540996551513672 188
1677115291210 1.9962472915649414 189
1677115291465 0.25260090827941895 190
1677115293451 1.9863402843475342 191
1677115293692 0.2398841381072998 192
1677115295761 2.070011854171753 193
1677115296020 0.25303149223327637 194
1677115297964 1.9467344284057617 195
1677115298244 0.2839522361755371 196
1677115300165 1.9213078022003174 197
1677115300459 0.27390289306640625 198
1677115302456 2.0170514583587646 199
1677115302697 0.24411773681640625 200
1677115304651 1.950803279876709 201
1677115304893 0.24303412437438965 202
1677115306893 2.000978469848633 203
1677115307140 0.2399888038635254 204
1677115309163 2.023516893386841 205
1677115309406 0.2426927089691162 206
1677115311579 2.1719062328338623 207
1677115311853 0.2710227966308594 208
1677115314099 2.250931978225708 209
1677115314356 0.25704479217529297 210
1677115316440 2.0868115425109863 211
1677115316672 0.23702716827392578 212
1677115318600 1.9178364276885986 213
1677115318840 0.24605107307434082 214
1677115320817 1.9700853824615479 215
1677115321062 0.25306200981140137 216
1677115322983 1.913996696472168 217
1677115323245 0.26512765884399414 218
1677115325252 2.006382465362549 219
1677115325500 0.2486581802368164 220
1677115327465 1.964796543121338 221
1677115327706 0.239271879196167 222
1677115329767 2.062833547592163 223
1677115330026 0.25997376441955566 224
1677115331996 1.9721944332122803 225
1677115332240 0.2396996021270752 226
1677115334205 1.9678146839141846 227
1677115334453 0.24737834930419922 228
1677115336507 2.049239158630371 229
1677115336761 0.25765180587768555 230
1677115338783 2.0220978260040283 231
1677115339025 0.24393796920776367 232
1677115341073 2.038095474243164 233
1677115341360 0.2842066287994385 234
1677115343596 2.240659236907959 235
1677115343900 0.3051109313964844 236
1677115346115 2.2192323207855225 237
1677115346357 0.24105358123779297 238
1677115348286 1.9306399822235107 239
1677115348560 0.2653465270996094 240
1677115350569 2.013681173324585 241
1677115350830 0.26195192337036133 242
1677115352838 2.0098726749420166 243
1677115353083 0.2443382740020752 244
1677115355105 2.021895170211792 245
1677115355351 0.24486398696899414 246
1677115357332 1.9847805500030518 247
1677115357595 0.2592737674713135 248
1677115359604 2.012320041656494 249
1677115359844 0.23984694480895996 250
1677115361850 2.00502872467041 251
1677115362092 0.24581575393676758 252
1677115364120 2.0262608528137207 253
1677115364367 0.24558186531066895 254
1677115366353 1.9854931831359863 255
1677115366604 0.24807262420654297 256
1677115368607 2.0046133995056152 257
1677115368855 0.2469005584716797 258
1677115370887 2.027038335800171 259
1677115371170 0.2813127040863037 260
1677115373464 2.29473614692688 261
1677115373729 0.2670726776123047 262
1677115375944 2.2169175148010254 263
1677115376197 0.25605058670043945 264
1677115378175 1.9749388694763184 265
1677115378439 0.2607407569885254 266
1677115380436 2.00667667388916 267
1677115380682 0.2427842617034912 268
1677115382641 1.9607505798339844 269
1677115382890 0.24517560005187988 270
1677115384902 2.0109670162200928 271
1677115385146 0.24966025352478027 272
1677115387140 1.989490032196045 273
1677115387384 0.24808979034423828 274
1677115389432 2.0457332134246826 275
1677115389713 0.2824232578277588 276
1677115391757 2.038961887359619 277
1677115392005 0.24878454208374023 278
1677115393984 1.9830126762390137 279
1677115394242 0.25699520111083984 280
1677115396235 1.9926743507385254 281
1677115396483 0.2513916492462158 282
1677115398481 1.9919283390045166 283
1677115398767 0.28929615020751953 284
1677115400777 2.0075464248657227 285
1677115401053 0.2709794044494629 286
1677115403284 2.231837272644043 287
1677115403560 0.2785472869873047 288
1677115405800 2.236828565597534 289
1677115406063 0.2707381248474121 290
1677115407981 1.9200236797332764 291
1677115408243 0.25102782249450684 292
1677115410217 1.9872047901153564 293
1677115410460 0.23991799354553223 294
1677115412439 1.9798686504364014 295
1677115412681 0.24318265914916992 296
1677115414681 1.9988319873809814 297
1677115414929 0.24462580680847168 298
1677115416871 1.9464187622070312 299
1677115417120 0.24604177474975586 300
1677115417362 0.23991751670837402 301
