1677115078131 26.78589903090718 1
1677115080333 9.107219072052711 3
1677115082593 7.178288604583129 5
1677115084771 5.25096540623449 7
1677115087067 4.937358692622956 9
1677115089205 4.707524917896472 11
1677115091459 4.773743432679191 13
1677115093651 4.0381912505952124 15
1677115095850 4.322965813949712 17
1677115098040 3.925273977015083 19
1677115100310 3.7703296368449055 21
1677115102791 3.6990889752012945 23
1677115105220 3.71750834636069 25
1677115107381 3.436037327575523 27
1677115109535 3.9643592825928087 29
1677115111724 3.2629914931631747 31
1677115113948 3.4867656010338437 33
1677115116149 2.948478234006492 35
1677115118391 3.4204033022498863 37
1677115120584 3.4098173209006712 39
1677115122774 3.7414186030729963 41
1677115124954 3.8670978163898813 43
1677115127167 3.4586253507981453 45
1677115129451 3.479230620756257 47
1677115131858 3.2632033401964535 49
1677115134304 3.01344605056129 51
1677115136611 3.4162174498078643 53
1677115138855 2.972706729699528 55
1677115141091 2.947439422782837 57
1677115143286 3.1666325569605194 59
1677115145457 2.9368290294771064 61
1677115147706 3.271630613623171 63
1677115149895 3.133614601639836 65
1677115152215 3.3195982630767773 67
1677115154417 3.03504367490155 69
1677115156692 2.7705922128277884 71
1677115158934 3.229166357751213 73
1677115161264 2.6842303529194838 75
1677115163760 2.6601757335988916 77
1677115166173 2.9743009988005324 79
1677115168439 3.292417042886443 81
1677115170611 2.7344434973348415 83
1677115172775 3.041971971937913 85
1677115175002 2.7879995118582777 87
1677115177310 2.9364823326492027 89
1677115179618 3.4163936464404787 91
1677115181839 3.177449087505033 93
1677115184061 2.7181279329300128 95
1677115186278 2.5939472333088407 97
1677115188529 2.9200832651527735 99
1677115190836 2.7775342398163794 101
1677115193375 2.694273615355887 103
1677115195910 2.8996323496872924 105
1677115198161 2.910891806135643 107
1677115200394 2.948706880431727 109
1677115202650 2.600076493089036 111
1677115204935 2.9742001543510472 113
1677115207215 2.611720165883928 115
1677115209406 2.7051029889767295 117
1677115211627 2.8719357652396287 119
1677115213855 2.557930416888453 121
1677115216038 2.599253440408708 123
1677115218258 2.4253594090994612 125
1677115220481 2.757290164122808 127
1677115222970 2.689130703415523 129
1677115225447 2.7124643030766755 131
1677115227737 2.284370227572261 133
1677115229988 1.9702656466603794 135
1677115232190 1.9687607989674865 137
1677115234369 1.625340879962431 139
1677115236575 1.5372758159977225 141
1677115238839 1.3587591689568093 143
1677115241033 1.4276178508660835 145
1677115243311 1.2629310253159796 147
1677115245465 1.2533425572512336 149
1677115247685 1.2238725001453612 151
1677115249955 1.0402821515305622 153
1677115252431 0.9570483063399962 155
1677115254927 1.0099859500353539 157
1677115257267 0.903626372179116 159
1677115259494 0.8799126161417695 161
1677115261740 0.8475217228570602 163
1677115263973 0.8430904611301954 165
1677115266171 0.759041858505396 167
1677115268387 0.8073317607537052 169
1677115270579 0.8126254989397944 171
1677115272880 0.8011307356304045 173
1677115275098 0.8677056216396948 175
1677115277304 0.7962650378938846 177
1677115279564 0.743278864287747 179
1677115282020 0.7100871825847734 181
1677115284480 0.6584812574464755 183
1677115286790 0.6817315034540823 185
1677115288967 0.7181215154693666 187
1677115291208 0.7886017102944884 189
1677115293448 0.7422101909422932 191
1677115295760 0.6813559996242379 193
1677115297962 0.7308029718292618 195
1677115300165 0.7427861547651037 197
1677115302454 0.7832892220779504 199
1677115304649 0.669589769630396 201
1677115306893 0.7215323105267533 203
1677115309162 0.6800186393307951 205
1677115311577 0.7562565174622494 207
1677115314098 0.6546378278834081 209
1677115316437 0.6863336222458529 211
1677115318599 0.6995064377395197 213
1677115320815 0.7523509167394712 215
1677115322981 0.7211189353391897 217
1677115325250 0.6902796540959462 219
1677115327463 0.7071315787848047 221
1677115329766 0.687449475557721 223
1677115331994 0.710393977684179 225
1677115334204 0.7170059372391856 227
1677115336504 0.7453652443553728 229
1677115338781 0.7033173136984044 231
1677115341070 0.7187085626178613 233
1677115343593 0.6928231581139266 235
1677115346114 0.681739182134593 237
1677115348285 0.6841592637155862 239
1677115350566 0.7218980670785758 241
1677115352836 0.64782609690589 243
1677115355103 0.6884787417763689 245
1677115357330 0.6958794348406016 247
1677115359603 0.703968075928377 249
1677115361847 0.7192431525396474 251
1677115364118 0.6482532172794367 253
1677115366351 0.6794010902498449 255
1677115368606 0.7061672712812387 257
1677115370885 0.679737132598279 259
1677115373462 0.6864461036681928 261
1677115375943 0.6541999920258673 263
1677115378173 0.6750865276685766 265
1677115380434 0.7559464485869966 267
1677115382639 0.6920393600614623 269
1677115384900 0.7085697087030761 271
1677115387139 0.667431335036692 273
1677115389431 0.6899147487967136 275
1677115391754 0.6744486217166044 277
1677115393983 0.6937917542555592 279
1677115396234 0.6612200484494961 281
1677115398480 0.7048521627487165 283
1677115400776 0.707196924034783 285
1677115403282 0.6711389182226366 287
1677115405798 0.6942397950006458 289
1677115407979 0.6790090730346844 291
1677115410216 0.7901487306987095 293
1677115412438 0.6182420354372233 295
1677115414679 0.6737147087956349 297
1677115416870 0.6418889666980822 299
