1677115078155 0.004153251647949219 1
1677115078408 0.004153251647949219 2
1677115080348 0.004153251647949219 3
1677115080597 0.004153251647949219 4
1677115082609 0.004153251647949219 5
1677115082831 0.004153251647949219 6
1677115084789 0.004153251647949219 7
1677115085032 0.004153251647949219 8
1677115087082 0.004153251647949219 9
1677115087315 0.004153251647949219 10
1677115089221 0.004153251647949219 11
1677115089447 0.004153251647949219 12
1677115091480 0.004153251647949219 13
1677115091713 0.004153251647949219 14
1677115093665 0.004153251647949219 15
1677115093897 0.004153251647949219 16
1677115095874 0.004153251647949219 17
1677115096104 0.004153251647949219 18
1677115098056 0.004153251647949219 19
1677115098307 0.004153251647949219 20
1677115100327 0.004153251647949219 21
1677115100585 0.004153251647949219 22
1677115102805 0.004153251647949219 23
1677115103071 0.004153251647949219 24
1677115105238 0.004153251647949219 25
1677115105495 0.004153251647949219 26
1677115107402 0.004153251647949219 27
1677115107631 0.004153251647949219 28
1677115109557 0.004153251647949219 29
1677115109794 0.004153251647949219 30
1677115111739 0.004153251647949219 31
1677115111965 0.004153251647949219 32
1677115113963 0.004153251647949219 33
1677115114191 0.004153251647949219 34
1677115116165 0.004153251647949219 35
1677115116410 0.004153251647949219 36
1677115118407 0.004153251647949219 37
1677115118656 0.004153251647949219 38
1677115120599 0.004153251647949219 39
1677115120839 0.004153251647949219 40
1677115122790 0.004153251647949219 41
1677115123035 0.004153251647949219 42
1677115124971 0.004153251647949219 43
1677115125202 0.004153251647949219 44
1677115127181 0.004153251647949219 45
1677115127415 0.004153251647949219 46
1677115129466 0.004153251647949219 47
1677115129720 0.004153251647949219 48
1677115131873 0.004153251647949219 49
1677115132139 0.004153251647949219 50
1677115134321 0.004153251647949219 51
1677115134569 0.004153251647949219 52
1677115136627 0.004153251647949219 53
1677115136862 0.004153251647949219 54
1677115138870 0.004153251647949219 55
1677115139101 0.004153251647949219 56
1677115141106 0.004153251647949219 57
1677115141345 0.004153251647949219 58
1677115143302 0.004153251647949219 59
1677115143543 0.004153251647949219 60
1677115145472 0.004153251647949219 61
1677115145731 0.004153251647949219 62
1677115147721 0.004153251647949219 63
1677115147998 0.004153251647949219 64
1677115149911 0.004153251647949219 65
1677115150147 0.004153251647949219 66
1677115152231 0.004153251647949219 67
1677115152466 0.004153251647949219 68
1677115154431 0.004153251647949219 69
1677115154668 0.004153251647949219 70
1677115156706 0.004153251647949219 71
1677115156938 0.004153251647949219 72
1677115158949 0.004153251647949219 73
1677115159178 0.004153251647949219 74
1677115161280 0.004153251647949219 75
1677115161552 0.004153251647949219 76
1677115163775 0.004153251647949219 77
1677115164024 0.004153251647949219 78
1677115166189 0.004153251647949219 79
1677115166433 0.004153251647949219 80
1677115168453 0.004153251647949219 81
1677115168685 0.004153251647949219 82
1677115170627 0.004153251647949219 83
1677115170882 0.004153251647949219 84
1677115172790 0.004153251647949219 85
1677115173044 0.004153251647949219 86
1677115175016 0.004153251647949219 87
1677115175252 0.004153251647949219 88
1677115177326 0.004153251647949219 89
1677115177583 0.004153251647949219 90
1677115179632 0.004153251647949219 91
1677115179870 0.004153251647949219 92
1677115181853 0.004153251647949219 93
1677115182090 0.004153251647949219 94
1677115184075 0.004153251647949219 95
1677115184302 0.004153251647949219 96
1677115186293 0.004153251647949219 97
1677115186547 0.004153251647949219 98
1677115188544 0.004153251647949219 99
1677115188785 0.004153251647949219 100
1677115190853 0.004153251647949219 101
1677115191132 0.004153251647949219 102
1677115193392 0.004153251647949219 103
1677115193668 0.004153251647949219 104
1677115195927 0.004153251647949219 105
1677115196204 0.004153251647949219 106
1677115198177 0.004153251647949219 107
1677115198427 0.004153251647949219 108
1677115200410 0.004153251647949219 109
1677115200673 0.004153251647949219 110
1677115202664 0.004153251647949219 111
1677115202903 0.004153251647949219 112
1677115204950 0.004153251647949219 113
1677115205193 0.004153251647949219 114
1677115207230 0.004153251647949219 115
1677115207466 0.004153251647949219 116
1677115209421 0.004153251647949219 117
1677115209661 0.004153251647949219 118
1677115211643 0.004153251647949219 119
1677115211897 0.004153251647949219 120
1677115213872 0.004153251647949219 121
1677115214109 0.004153251647949219 122
1677115216054 0.004153251647949219 123
1677115216292 0.004153251647949219 124
1677115218274 0.004153251647949219 125
1677115218527 0.004153251647949219 126
1677115220497 0.004153251647949219 127
1677115220762 0.004153251647949219 128
1677115222985 0.004153251647949219 129
1677115223250 0.004153251647949219 130
1677115225464 0.004153251647949219 131
1677115225732 0.004153251647949219 132
1677115227754 0.004153251647949219 133
1677115227999 0.004153251647949219 134
1677115230002 0.004153251647949219 135
1677115230240 0.004153251647949219 136
1677115232208 0.004153251647949219 137
1677115232447 0.004153251647949219 138
1677115234382 0.004153251647949219 139
1677115234620 0.004153251647949219 140
1677115236590 0.004153251647949219 141
1677115236825 0.004153251647949219 142
1677115238854 0.004153251647949219 143
1677115239093 0.004153251647949219 144
1677115241047 0.004153251647949219 145
1677115241287 0.004153251647949219 146
1677115243325 0.004153251647949219 147
1677115243569 0.004153251647949219 148
1677115245480 0.004153251647949219 149
1677115245737 0.004153251647949219 150
1677115247699 0.004153251647949219 151
1677115247987 0.004153251647949219 152
1677115249972 0.004153251647949219 153
1677115250243 0.004153251647949219 154
1677115252447 0.004153251647949219 155
1677115252713 0.004153251647949219 156
1677115254941 0.004153251647949219 157
1677115255206 0.004153251647949219 158
1677115257282 0.004153251647949219 159
1677115257526 0.004153251647949219 160
1677115259508 0.004153251647949219 161
1677115259750 0.004153251647949219 162
1677115261755 0.004153251647949219 163
1677115262001 0.004153251647949219 164
1677115263987 0.004153251647949219 165
1677115264226 0.004153251647949219 166
1677115266186 0.004153251647949219 167
1677115266425 0.004153251647949219 168
1677115268402 0.004153251647949219 169
1677115268635 0.004153251647949219 170
1677115270594 0.004153251647949219 171
1677115270853 0.004153251647949219 172
1677115272895 0.004153251647949219 173
1677115273150 0.004153251647949219 174
1677115275114 0.004153251647949219 175
1677115275352 0.004153251647949219 176
1677115277320 0.004153251647949219 177
1677115277580 0.004153251647949219 178
1677115279581 0.004153251647949219 179
1677115279813 0.004153251647949219 180
1677115282035 0.004153251647949219 181
1677115282298 0.004153251647949219 182
1677115284495 0.004153251647949219 183
1677115284763 0.004153251647949219 184
1677115286805 0.004153251647949219 185
1677115287047 0.004153251647949219 186
1677115288985 0.004153251647949219 187
1677115289230 0.004153251647949219 188
1677115291225 0.004153251647949219 189
1677115291477 0.004153251647949219 190
1677115293465 0.004153251647949219 191
1677115293706 0.004153251647949219 192
1677115295775 0.004153251647949219 193
1677115296035 0.004153251647949219 194
1677115297978 0.004153251647949219 195
1677115298257 0.004153251647949219 196
1677115300179 0.004153251647949219 197
1677115300474 0.004153251647949219 198
1677115302470 0.004153251647949219 199
1677115302721 0.004153251647949219 200
1677115304663 0.004153251647949219 201
1677115304906 0.004153251647949219 202
1677115306907 0.004153251647949219 203
1677115307155 0.004153251647949219 204
1677115309178 0.004153251647949219 205
1677115309420 0.004153251647949219 206
1677115311592 0.004153251647949219 207
1677115311869 0.004153251647949219 208
1677115314114 0.004153251647949219 209
1677115314370 0.004153251647949219 210
1677115316453 0.004153251647949219 211
1677115316686 0.004153251647949219 212
1677115318613 0.004153251647949219 213
1677115318853 0.004153251647949219 214
1677115320829 0.004153251647949219 215
1677115321075 0.004153251647949219 216
1677115322999 0.004153251647949219 217
1677115323258 0.004153251647949219 218
1677115325265 0.004153251647949219 219
1677115325512 0.004153251647949219 220
1677115327477 0.004153251647949219 221
1677115327719 0.004153251647949219 222
1677115329782 0.004153251647949219 223
1677115330039 0.004153251647949219 224
1677115332010 0.004153251647949219 225
1677115332255 0.004153251647949219 226
1677115334221 0.004153251647949219 227
1677115334466 0.004153251647949219 228
1677115336522 0.004153251647949219 229
1677115336774 0.004153251647949219 230
1677115338795 0.004153251647949219 231
1677115339037 0.004153251647949219 232
1677115341088 0.004153251647949219 233
1677115341375 0.004153251647949219 234
1677115343611 0.004153251647949219 235
1677115343914 0.004153251647949219 236
1677115346129 0.004153251647949219 237
1677115346373 0.004153251647949219 238
1677115348303 0.004153251647949219 239
1677115348573 0.004153251647949219 240
1677115350581 0.004153251647949219 241
1677115350844 0.004153251647949219 242
1677115352851 0.004153251647949219 243
1677115353097 0.004153251647949219 244
1677115355120 0.004153251647949219 245
1677115355368 0.004153251647949219 246
1677115357347 0.004153251647949219 247
1677115357608 0.004153251647949219 248
1677115359616 0.004153251647949219 249
1677115359855 0.004153251647949219 250
1677115361863 0.004153251647949219 251
1677115362104 0.004153251647949219 252
1677115364133 0.004153251647949219 253
1677115364381 0.004153251647949219 254
1677115366368 0.004153251647949219 255
1677115366620 0.004153251647949219 256
1677115368621 0.004153251647949219 257
1677115368867 0.004153251647949219 258
1677115370900 0.004153251647949219 259
1677115371184 0.004153251647949219 260
1677115373479 0.004153251647949219 261
1677115373742 0.004153251647949219 262
1677115375957 0.004153251647949219 263
1677115376210 0.004153251647949219 264
1677115378186 0.004153251647949219 265
1677115378453 0.004153251647949219 266
1677115380449 0.004153251647949219 267
1677115380696 0.004153251647949219 268
1677115382654 0.004153251647949219 269
1677115382903 0.004153251647949219 270
1677115384915 0.004153251647949219 271
1677115385159 0.004153251647949219 272
1677115387153 0.004153251647949219 273
1677115387396 0.004153251647949219 274
1677115389447 0.004153251647949219 275
1677115389726 0.004153251647949219 276
1677115391769 0.004153251647949219 277
1677115392017 0.004153251647949219 278
1677115393999 0.004153251647949219 279
1677115394255 0.004153251647949219 280
1677115396250 0.004153251647949219 281
1677115396496 0.004153251647949219 282
1677115398494 0.004153251647949219 283
1677115398781 0.004153251647949219 284
1677115400791 0.004153251647949219 285
1677115401068 0.004153251647949219 286
1677115403296 0.004153251647949219 287
1677115403575 0.004153251647949219 288
1677115405815 0.004153251647949219 289
1677115406078 0.004153251647949219 290
1677115407995 0.004153251647949219 291
1677115408257 0.004153251647949219 292
1677115410229 0.004153251647949219 293
1677115410474 0.004153251647949219 294
1677115412452 0.004153251647949219 295
1677115412694 0.004153251647949219 296
1677115414696 0.004153251647949219 297
1677115414943 0.004153251647949219 298
1677115416884 0.004153251647949219 299
1677115417134 0.004153251647949219 300
1677115417378 0.004153251647949219 301
