1679937183358 0.0 1
1679937183620 0.0 2
1679937184530 0.0 3
1679937184700 0.0 4
1679937185623 0.0 5
1679937185790 0.0 6
1679937186680 0.0 7
1679937186936 0.0 8
1679937187936 0.0 9
1679937188111 0.0 10
1679937189014 0.0 11
1679937189201 0.0 12
1679937190136 0.0 13
1679937190382 0.0 14
1679937191311 0.0 15
1679937191487 0.0 16
1679937192426 0.0 17
1679937192605 0.0 18
1679937193643 0.0 19
1679937193899 0.0 20
1679937194827 0.0 21
1679937195014 0.0 22
1679937195986 0.0 23
1679937196164 0.0 24
1679937197113 0.0 25
1679937197367 0.0 26
1679937198322 0.0 27
1679937198508 0.0 28
1679937199483 0.0 29
1679937199654 0.0 30
1679937200620 0.0 31
1679937200913 0.0 32
1679937202031 0.0 33
1679937202258 0.0 34
1679937203330 0.0 35
1679937203530 0.0 36
1679937204614 0.0 37
1679937204902 0.0 38
1679937205978 0.0 39
1679937206214 0.0 40
1679937207234 0.0 41
1679937207420 0.0 42
1679937208415 0.0 43
1679937208686 0.0 44
1679937209754 0.0 45
1679937209932 0.0 46
1679937210944 0.0 47
1679937211120 0.0 48
1679937212118 0.0 49
1679937212377 0.0 50
1679937213407 0.0 51
1679937213600 0.0 52
1679937214633 0.0 53
1679937214830 0.0 54
1679937215962 0.0 55
1679937216248 0.0 56
1679937217300 0.0 57
1679937217491 0.0 58
1679937218515 0.0 59
1679937218698 0.0 60
1679937219715 0.0 61
1679937220053 0.0 62
1679937221056 0.0 63
1679937221233 0.0 64
1679937222236 0.0 65
1679937222416 0.0 66
1679937223436 0.0 67
1679937223696 0.0 68
1679937224617 0.0 69
1679937224797 0.0 70
1679937225851 0.0 71
1679937226063 0.0 72
1679937227073 0.0 73
1679937227336 0.0 74
1679937228327 0.0 75
1679937228496 0.0 76
1679937229479 0.0 77
1679937229670 0.0 78
1679937230696 0.0 79
1679937230969 0.0 80
1679937231982 0.0 81
1679937232180 0.0 82
1679937233225 0.0 83
1679937233433 0.0 84
1679937234448 0.0 85
1679937234745 0.0 86
1679937235848 0.0 87
1679937236059 0.0 88
1679937237093 0.0 89
1679937237266 0.0 90
1679937238220 0.0 91
1679937238485 0.0 92
1679937239486 0.0 93
1679937239669 0.0 94
1679937240626 0.0 95
1679937240821 0.0 96
1679937241810 0.0 97
1679937242072 0.0 98
1679937243053 0.0 99
1679937243240 0.0 100
1679937244176 0.0 101
1679937244360 0.0 102
1679937245332 0.0 103
1679937245617 0.0 104
1679937246576 0.0 105
1679937246765 0.0 106
1679937247767 0.0 107
1679937247975 0.0 108
1679937248997 0.0 109
1679937249262 0.0 110
1679937250204 0.0 111
1679937250392 0.0 112
1679937251419 0.0 113
1679937251607 0.0 114
1679937252628 0.0 115
1679937252906 0.0 116
1679937253877 0.0 117
1679937254064 0.0 118
1679937254992 0.0 119
1679937255197 0.0 120
1679937256184 0.0 121
1679937256463 0.0 122
1679937257450 0.0 123
1679937257658 0.0 124
1679937258735 0.0 125
1679937258932 0.0 126
1679937259905 0.0 127
1679937260188 0.0 128
1679937261313 0.0 129
1679937261501 0.0 130
1679937262591 0.0 131
1679937262845 0.0 132
1679937263938 0.0 133
1679937264240 0.0 134
1679937265326 0.0 135
1679937265549 0.0 136
1679937266668 0.0 137
1679937266893 0.0 138
1679937267872 0.0 139
1679937268168 0.0 140
1679937269216 0.0 141
1679937269402 0.0 142
1679937270369 0.0 143
1679937270573 0.0 144
1679937271556 0.0 145
1679937271825 0.0 146
1679937272766 0.0 147
1679937272964 0.0 148
1679937273980 0.0 149
1679937274181 0.0 150
1679937275141 0.0 151
1679937275427 0.0 152
1679937276403 0.0 153
1679937276600 0.0 154
1679937277554 0.0 155
1679937277771 0.0 156
1679937278746 0.0 157
1679937279038 0.0 158
1679937280064 0.0 159
1679937280252 0.0 160
1679937281264 0.0 161
1679937281466 0.0 162
1679937282453 0.0 163
1679937282737 0.0 164
1679937283727 0.0 165
1679937283920 0.0 166
1679937284876 0.0 167
1679937285062 0.0 168
1679937286052 0.0 169
1679937286325 0.0 170
1679937287335 0.0 171
1679937287528 0.0 172
1679937288510 0.0 173
1679937288708 0.0 174
1679937289660 0.0 175
1679937289948 0.0 176
1679937290981 0.0 177
1679937291194 0.0 178
1679937292284 0.0 179
1679937292506 0.0 180
1679937293654 0.0 181
1679937293988 0.0 182
1679937295188 0.0 183
1679937295436 0.0 184
1679937296597 0.0 185
1679937296802 0.0 186
1679937297805 0.0 187
1679937298118 0.0 188
1679937299281 0.0 189
1679937299523 0.0 190
1679937300628 0.0 191
1679937300824 0.0 192
1679937301796 0.0 193
1679937302082 0.0 194
1679937303003 0.0 195
1679937303249 0.0 196
1679937304247 0.0 197
1679937304418 0.0 198
1679937305281 0.0 199
1679937305563 0.0 200
1679937306533 0.0 201
1679937306740 0.0 202
1679937307651 0.0 203
1679937307844 0.0 204
1679937308756 0.0 205
1679937309056 0.0 206
1679937310019 0.0 207
1679937310231 0.0 208
1679937311137 0.0 209
1679937311331 0.0 210
1679937312187 0.0 211
1679937312473 0.0 212
1679937313396 0.0 213
1679937313587 0.0 214
1679937314458 0.0 215
1679937314679 0.0 216
1679937315630 0.0 217
1679937315881 0.0 218
1679937316753 0.0 219
1679937316925 0.0 220
1679937317824 0.0 221
1679937318036 0.0 222
1679937318959 0.0 223
1679937319207 0.0 224
1679937320170 0.0 225
1679937320381 0.0 226
1679937321386 0.0 227
1679937321587 0.0 228
1679937322578 0.0 229
1679937322873 0.0 230
1679937323920 0.0 231
1679937324147 0.0 232
1679937325167 0.0 233
1679937325365 0.0 234
1679937326428 0.0 235
1679937326679 0.0 236
1679937327579 0.0 237
1679937327765 0.0 238
1679937328694 0.0 239
1679937328918 0.0 240
1679937329892 0.0 241
1679937330143 0.0 242
1679937331063 0.0 243
1679937331265 0.0 244
1679937332219 0.0 245
1679937332402 0.0 246
1679937333329 0.0 247
1679937333584 0.0 248
1679937334539 0.0 249
1679937334756 0.0 250
1679937335729 0.0 251
1679937335915 0.0 252
1679937336849 0.0 253
1679937337172 0.0 254
1679937338142 0.0 255
1679937338322 0.0 256
1679937339267 0.0 257
1679937339450 0.0 258
1679937340390 0.0 259
1679937340690 0.0 260
1679937341676 0.0 261
1679937341867 0.0 262
1679937342872 0.0 263
1679937343070 0.0 264
1679937344023 0.0 265
1679937344290 0.0 266
1679937345232 0.0 267
1679937345428 0.0 268
1679937346445 0.0 269
1679937346634 0.0 270
1679937347669 0.0 271
1679937348003 0.0 272
1679937349038 0.0 273
1679937349242 0.0 274
1679937350230 0.0 275
1679937350438 0.0 276
1679937351479 0.0 277
1679937351754 0.0 278
1679937352768 0.0 279
1679937353016 0.0 280
1679937354033 0.0 281
1679937354235 0.0 282
1679937355270 0.0 283
1679937355559 0.0 284
1679937356643 0.0 285
1679937356840 0.0 286
1679937357778 0.0 287
1679937357999 0.0 288
1679937358995 0.0 289
1679937359268 0.0 290
1679937360199 0.0 291
1679937360376 0.0 292
1679937361306 0.0 293
1679937361518 0.0 294
1679937362505 0.0 295
1679937362766 0.0 296
1679937363715 0.0 297
1679937363921 0.0 298
1679937364906 0.0 299
1679937365089 0.0 300
1679937365217 0.0 301
