1679937183366 3.6330339908599854 1
1679937183629 3.8819656372070312 2
1679937184537 4.792137622833252 3
1679937184707 4.963932991027832 4
1679937185631 5.885058403015137 5
1679937185798 6.051965236663818 6
1679937186686 6.944044351577759 7
1679937186945 7.192178010940552 8
1679937187943 8.196103811264038 9
1679937188117 8.370903015136719 10
1679937189022 9.274293661117554 11
1679937189208 9.456595420837402 12
1679937190144 10.398178100585938 13
1679937190388 10.638116836547852 14
1679937191319 11.562957525253296 15
1679937191494 11.74274468421936 16
1679937192434 12.684133529663086 17
1679937192613 12.86391568183899 18
1679937193650 13.902987003326416 19
1679937193906 14.155579805374146 20
1679937194837 15.084193229675293 21
1679937195021 15.26725721359253 22
1679937195993 16.245084762573242 23
1679937196173 16.41731286048889 24
1679937197120 17.36805820465088 25
1679937197374 17.62490725517273 26
1679937198329 18.578796863555908 27
1679937198515 18.758150577545166 28
1679937199490 19.73927640914917 29
1679937199660 19.913088083267212 30
1679937200628 20.866302490234375 31
1679937200921 21.16394019126892 32
1679937202040 22.27204203605652 33
1679937202275 22.50303292274475 34
1679937203337 23.569846153259277 35
1679937203537 23.77610421180725 36
1679937204623 24.857023239135742 37
1679937204908 25.151943683624268 38
1679937205988 26.22496461868286 39
1679937206225 26.454307556152344 40
1679937207241 27.49094867706299 41
1679937207428 27.668026208877563 42
1679937208422 28.668196439743042 43
1679937208693 28.93895649909973 44
1679937209760 30.004881143569946 45
1679937209939 30.187198162078857 46
1679937210952 31.197052240371704 47
1679937211126 31.37604260444641 48
1679937212126 32.3748619556427 49
1679937212385 32.63220238685608 50
1679937213416 33.64626979827881 51
1679937213608 33.84993100166321 52
1679937214639 34.88490557670593 53
1679937214838 35.081387996673584 54
1679937215969 36.21426796913147 55
1679937216256 36.50045371055603 56
1679937217309 37.5506317615509 57
1679937217498 37.73896551132202 58
1679937218524 38.76088213920593 59
1679937218707 38.94774413108826 60
1679937219725 39.95852541923523 61
1679937220064 40.294002532958984 62
1679937221063 41.3128764629364 63
1679937221238 41.484946966171265 64
1679937222243 42.49090266227722 65
1679937222423 42.67002034187317 66
1679937223444 43.6889808177948 67
1679937223703 43.94710063934326 68
1679937224624 44.87210178375244 69
1679937224806 45.048951864242554 70
1679937225861 46.09298801422119 71
1679937226072 46.30089807510376 72
1679937227082 47.328989028930664 73
1679937227345 47.58796238899231 74
1679937228334 48.58235192298889 75
1679937228504 48.753811836242676 76
1679937229486 49.736974477767944 77
1679937229677 49.921836376190186 78
1679937230704 50.94391202926636 79
1679937230976 51.21794414520264 80
1679937231989 52.22901153564453 81
1679937232187 52.42694687843323 82
1679937233233 53.474101066589355 83
1679937233440 53.67612814903259 84
1679937234456 54.69132089614868 85
1679937234753 54.99003553390503 86
1679937235856 56.090896129608154 87
1679937236069 56.30243253707886 88
1679937237100 57.3428099155426 89
1679937237273 57.522796869277954 90
1679937238228 58.47645306587219 91
1679937238492 58.73989820480347 92
1679937239493 59.7381546497345 93
1679937239676 59.9227659702301 94
1679937240634 60.870845317840576 95
1679937240830 61.06719708442688 96
1679937241816 62.06386089324951 97
1679937242079 62.3248233795166 98
1679937243060 63.30010390281677 99
1679937243246 63.48891568183899 100
1679937244183 64.42613506317139 101
1679937244367 64.60841059684753 102
1679937245339 65.58105111122131 103
1679937245625 65.86379027366638 104
1679937246585 66.83011245727539 105
1679937246772 67.01190161705017 106
1679937247775 68.0128583908081 107
1679937247982 68.20921492576599 108
1679937249005 69.24399423599243 109
1679937249268 69.51121878623962 110
1679937250210 70.4517080783844 111
1679937250402 70.63377070426941 112
1679937251427 71.65546703338623 113
1679937251616 71.8508231639862 114
1679937252636 72.87429237365723 115
1679937252914 73.15200352668762 116
1679937253884 74.12276601791382 117
1679937254071 74.30680751800537 118
1679937255000 75.24239182472229 119
1679937255204 75.43385004997253 120
1679937256190 76.4311203956604 121
1679937256470 76.70275449752808 122
1679937257457 77.68594169616699 123
1679937257668 77.89074945449829 124
1679937258742 78.9757490158081 125
1679937258938 79.17280316352844 126
1679937259913 80.14709544181824 127
1679937260195 80.42807531356812 128
1679937261319 81.5539972782135 129
1679937261508 81.74280619621277 130
1679937262599 82.81781935691833 131
1679937262854 83.06591320037842 132
1679937263946 84.1671552658081 133
1679937264252 84.47395062446594 134
1679937265333 85.55850076675415 135
1679937265557 85.77888083457947 136
1679937266675 86.90179181098938 137
1679937266902 87.11885166168213 138
1679937267881 88.11140131950378 139
1679937268176 88.40293836593628 140
1679937269224 89.45881032943726 141
1679937269408 89.64572858810425 142
1679937270377 90.60580849647522 143
1679937270580 90.80816149711609 144
1679937271563 91.79734873771667 145
1679937271832 92.06402111053467 146
1679937272774 93.00480604171753 147
1679937272972 93.20258069038391 148
1679937273987 94.2180597782135 149
1679937274188 94.42173552513123 150
1679937275150 95.38172793388367 151
1679937275434 95.65980792045593 152
1679937276411 96.64599227905273 153
1679937276607 96.83805823326111 154
1679937277562 97.79047083854675 155
1679937277779 97.9959716796875 156
1679937278753 98.98223233222961 157
1679937279052 99.26588535308838 158
1679937280072 100.3048906326294 159
1679937280258 100.49471187591553 160
1679937281272 101.50381326675415 161
1679937281473 101.70380973815918 162
1679937282460 102.69272446632385 163
1679937282745 102.97979044914246 164
1679937283734 103.96962451934814 165
1679937283927 104.16075849533081 166
1679937284884 105.11489081382751 167
1679937285069 105.30172228813171 168
1679937286059 106.29189991950989 169
1679937286332 106.56475639343262 170
1679937287344 107.57638883590698 171
1679937287535 107.76782631874084 172
1679937288520 108.74507594108582 173
1679937288715 108.94964551925659 174
1679937289667 109.90265488624573 175
1679937289956 110.18269753456116 176
1679937290989 111.21253538131714 177
1679937291202 111.42588186264038 178
1679937292293 112.51681995391846 179
1679937292514 112.73400688171387 180
1679937293664 113.87973642349243 181
1679937293997 114.2037844657898 182
1679937295198 115.40978288650513 183
1679937295445 115.6648862361908 184
1679937296604 116.83602285385132 185
1679937296809 117.03466439247131 186
1679937297814 118.04004263877869 187
1679937298126 118.34594345092773 188
1679937299288 119.51508593559265 189
1679937299534 119.7396388053894 190
1679937300635 120.8659918308258 191
1679937300832 121.06394958496094 192
1679937301803 122.04816436767578 193
1679937302091 122.32186508178711 194
1679937303011 123.24379587173462 195
1679937303257 123.46399784088135 196
1679937304253 124.49597549438477 197
1679937304424 124.66493606567383 198
1679937305288 125.53076767921448 199
1679937305570 125.7967050075531 200
1679937306539 126.77973556518555 201
1679937306747 126.97474908828735 202
1679937307659 127.90071368217468 203
1679937307854 128.07393288612366 204
1679937308762 128.99793100357056 205
1679937309064 129.28663206100464 206
1679937310025 130.26500749588013 207
1679937310237 130.46764206886292 208
1679937311145 131.37663435935974 209
1679937311338 131.57125282287598 210
1679937312193 132.43773412704468 211
1679937312480 132.71382522583008 212
1679937313402 133.64400792121887 213
1679937313595 133.82364749908447 214
1679937314467 134.6987669467926 215
1679937314686 134.9095401763916 216
1679937315639 135.8767054080963 217
1679937315887 136.12695384025574 218
1679937316760 137.00588274002075 219
1679937316932 137.1697292327881 220
1679937317831 138.0769956111908 221
1679937318043 138.2726686000824 222
1679937318965 139.21096277236938 223
1679937319215 139.45364665985107 224
1679937320177 140.4225616455078 225
1679937320388 140.62244033813477 226
1679937321394 141.6278259754181 227
1679937321597 141.8208315372467 228
1679937322588 142.816059589386 229
1679937322881 143.11070203781128 230
1679937323928 144.15601658821106 231
1679937324155 144.3738718032837 232
1679937325172 145.40967345237732 233
1679937325372 145.60390329360962 234
1679937326435 146.67285132408142 235
1679937326685 146.92469143867493 236
1679937327586 147.82668566703796 237
1679937327773 148.00259637832642 238
1679937328700 148.93875908851624 239
1679937328926 149.1549813747406 240
1679937329899 150.14212703704834 241
1679937330150 150.39160180091858 242
1679937331069 151.31229376792908 243
1679937331272 151.49406623840332 244
1679937332231 152.46968626976013 245
1679937332410 152.6467146873474 246
1679937333335 153.58004760742188 247
1679937333590 153.8279538154602 248
1679937334546 154.78951597213745 249
1679937334764 154.98223185539246 250
1679937335735 155.97269701957703 251
1679937335920 156.16265630722046 252
1679937336855 157.08884572982788 253
1679937337180 157.3928554058075 254
1679937338149 158.38886642456055 255
1679937338330 158.5668020248413 256
1679937339275 159.5106179714203 257
1679937339457 159.69163346290588 258
1679937340397 160.62962865829468 259
1679937340697 160.9246153831482 260
1679937341683 161.91258835792542 261
1679937341873 162.103666305542 262
1679937342878 163.11387944221497 263
1679937343078 163.3016414642334 264
1679937344030 164.26268362998962 265
1679937344297 164.5315682888031 266
1679937345239 165.47384428977966 267
1679937345435 165.66776633262634 268
1679937346454 166.68781328201294 269
1679937346642 166.8698570728302 270
1679937347676 167.90389370918274 271
1679937348011 168.22557973861694 272
1679937349045 169.2686779499054 273
1679937349251 169.4737033843994 274
1679937350239 170.46588587760925 275
1679937350445 170.669695854187 276
1679937351485 171.71576762199402 277
1679937351761 171.9946563243866 278
1679937352775 173.0016930103302 279
1679937353026 173.22592568397522 280
1679937354040 174.26702165603638 281
1679937354242 174.46991276741028 282
1679937355277 175.4887228012085 283
1679937355566 175.79392194747925 284
1679937356649 176.87583231925964 285
1679937356847 177.07539105415344 286
1679937357785 178.0199761390686 287
1679937358011 178.2166771888733 288
1679937359001 179.23982048034668 289
1679937359275 179.51446771621704 290
1679937360207 180.44567346572876 291
1679937360383 180.62252378463745 292
1679937361313 181.55397367477417 293
1679937361525 181.74781250953674 294
1679937362511 182.7435486316681 295
1679937362773 183.01066613197327 296
1679937363722 183.95959568023682 297
1679937363931 184.1497402191162 298
1679937364912 185.14842700958252 299
1679937365096 185.33455157279968 300
1679937365224 185.46250820159912 301
