1679937183364 1679937183.0 1
1679937183627 1679937183.0 2
1679937184535 1679937184.0 3
1679937184705 1679937184.0 4
1679937185629 1679937185.0 5
1679937185796 1679937185.0 6
1679937186684 1679937186.0 7
1679937186940 1679937186.0 8
1679937187941 1679937187.0 9
1679937188115 1679937188.0 10
1679937189019 1679937188.0 11
1679937189206 1679937189.0 12
1679937190140 1679937190.0 13
1679937190386 1679937190.0 14
1679937191315 1679937191.0 15
1679937191492 1679937191.0 16
1679937192430 1679937192.0 17
1679937192611 1679937192.0 18
1679937193647 1679937193.0 19
1679937193904 1679937193.0 20
1679937194833 1679937194.0 21
1679937195019 1679937194.0 22
1679937195990 1679937195.0 23
1679937196170 1679937196.0 24
1679937197118 1679937197.0 25
1679937197372 1679937197.0 26
1679937198327 1679937198.0 27
1679937198512 1679937198.0 28
1679937199488 1679937199.0 29
1679937199657 1679937199.0 30
1679937200625 1679937200.0 31
1679937200918 1679937200.0 32
1679937202036 1679937201.0 33
1679937202271 1679937202.0 34
1679937203334 1679937203.0 35
1679937203534 1679937203.0 36
1679937204619 1679937204.0 37
1679937204906 1679937204.0 38
1679937205985 1679937205.0 39
1679937206222 1679937206.0 40
1679937207238 1679937207.0 41
1679937207426 1679937207.0 42
1679937208419 1679937208.0 43
1679937208690 1679937208.0 44
1679937209758 1679937209.0 45
1679937209937 1679937209.0 46
1679937210948 1679937210.0 47
1679937211124 1679937211.0 48
1679937212125 1679937212.0 49
1679937212383 1679937212.0 50
1679937213413 1679937213.0 51
1679937213605 1679937213.0 52
1679937214637 1679937214.0 53
1679937214836 1679937214.0 54
1679937215967 1679937215.0 55
1679937216254 1679937216.0 56
1679937217306 1679937217.0 57
1679937217496 1679937217.0 58
1679937218520 1679937218.0 59
1679937218703 1679937218.0 60
1679937219722 1679937219.0 61
1679937220061 1679937219.0 62
1679937221061 1679937221.0 63
1679937221236 1679937221.0 64
1679937222239 1679937222.0 65
1679937222419 1679937222.0 66
1679937223442 1679937223.0 67
1679937223700 1679937223.0 68
1679937224622 1679937224.0 69
1679937224803 1679937224.0 70
1679937225858 1679937225.0 71
1679937226068 1679937225.0 72
1679937227079 1679937227.0 73
1679937227343 1679937227.0 74
1679937228332 1679937228.0 75
1679937228502 1679937228.0 76
1679937229484 1679937229.0 77
1679937229675 1679937229.0 78
1679937230701 1679937230.0 79
1679937230974 1679937230.0 80
1679937231986 1679937231.0 81
1679937232185 1679937232.0 82
1679937233230 1679937233.0 83
1679937233437 1679937233.0 84
1679937234453 1679937234.0 85
1679937234750 1679937234.0 86
1679937235855 1679937235.0 87
1679937236066 1679937235.0 88
1679937237098 1679937237.0 89
1679937237270 1679937237.0 90
1679937238226 1679937238.0 91
1679937238490 1679937238.0 92
1679937239490 1679937239.0 93
1679937239674 1679937239.0 94
1679937240633 1679937240.0 95
1679937240828 1679937240.0 96
1679937241814 1679937241.0 97
1679937242076 1679937242.0 98
1679937243057 1679937242.0 99
1679937243244 1679937243.0 100
1679937244180 1679937244.0 101
1679937244365 1679937244.0 102
1679937245337 1679937245.0 103
1679937245623 1679937245.0 104
1679937246582 1679937246.0 105
1679937246770 1679937246.0 106
1679937247772 1679937247.0 107
1679937247980 1679937247.0 108
1679937249002 1679937248.0 109
1679937249266 1679937249.0 110
1679937250208 1679937250.0 111
1679937250398 1679937250.0 112
1679937251424 1679937251.0 113
1679937251613 1679937251.0 114
1679937252634 1679937252.0 115
1679937252912 1679937252.0 116
1679937253882 1679937253.0 117
1679937254069 1679937254.0 118
1679937254997 1679937254.0 119
1679937255202 1679937255.0 120
1679937256188 1679937256.0 121
1679937256468 1679937256.0 122
1679937257455 1679937257.0 123
1679937257665 1679937257.0 124
1679937258740 1679937258.0 125
1679937258936 1679937258.0 126
1679937259910 1679937259.0 127
1679937260193 1679937260.0 128
1679937261317 1679937261.0 129
1679937261505 1679937261.0 130
1679937262596 1679937262.0 131
1679937262852 1679937262.0 132
1679937263944 1679937263.0 133
1679937264248 1679937264.0 134
1679937265330 1679937265.0 135
1679937265555 1679937265.0 136
1679937266672 1679937266.0 137
1679937266899 1679937266.0 138
1679937267878 1679937267.0 139
1679937268175 1679937268.0 140
1679937269220 1679937269.0 141
1679937269406 1679937269.0 142
1679937270373 1679937270.0 143
1679937270578 1679937270.0 144
1679937271561 1679937271.0 145
1679937271830 1679937271.0 146
1679937272770 1679937272.0 147
1679937272970 1679937272.0 148
1679937273985 1679937273.0 149
1679937274186 1679937274.0 150
1679937275146 1679937275.0 151
1679937275431 1679937275.0 152
1679937276408 1679937276.0 153
1679937276605 1679937276.0 154
1679937277558 1679937277.0 155
1679937277777 1679937277.0 156
1679937278751 1679937278.0 157
1679937279047 1679937278.0 158
1679937280070 1679937280.0 159
1679937280257 1679937280.0 160
1679937281270 1679937281.0 161
1679937281471 1679937281.0 162
1679937282458 1679937282.0 163
1679937282743 1679937282.0 164
1679937283732 1679937283.0 165
1679937283925 1679937283.0 166
1679937284882 1679937284.0 167
1679937285066 1679937284.0 168
1679937286057 1679937285.0 169
1679937286330 1679937286.0 170
1679937287341 1679937287.0 171
1679937287533 1679937287.0 172
1679937288517 1679937288.0 173
1679937288714 1679937288.0 174
1679937289665 1679937289.0 175
1679937289953 1679937289.0 176
1679937290987 1679937290.0 177
1679937291200 1679937291.0 178
1679937292290 1679937292.0 179
1679937292513 1679937292.0 180
1679937293662 1679937293.0 181
1679937293994 1679937293.0 182
1679937295195 1679937295.0 183
1679937295442 1679937295.0 184
1679937296601 1679937296.0 185
1679937296807 1679937296.0 186
1679937297810 1679937297.0 187
1679937298124 1679937298.0 188
1679937299286 1679937299.0 189
1679937299531 1679937299.0 190
1679937300633 1679937300.0 191
1679937300829 1679937300.0 192
1679937301801 1679937301.0 193
1679937302088 1679937302.0 194
1679937303008 1679937302.0 195
1679937303254 1679937303.0 196
1679937304251 1679937304.0 197
1679937304422 1679937304.0 198
1679937305286 1679937305.0 199
1679937305567 1679937305.0 200
1679937306537 1679937306.0 201
1679937306745 1679937306.0 202
1679937307656 1679937307.0 203
1679937307851 1679937307.0 204
1679937308760 1679937308.0 205
1679937309061 1679937308.0 206
1679937310023 1679937309.0 207
1679937310235 1679937310.0 208
1679937311143 1679937311.0 209
1679937311336 1679937311.0 210
1679937312191 1679937312.0 211
1679937312478 1679937312.0 212
1679937313400 1679937313.0 213
1679937313592 1679937313.0 214
1679937314465 1679937314.0 215
1679937314684 1679937314.0 216
1679937315636 1679937315.0 217
1679937315885 1679937315.0 218
1679937316757 1679937316.0 219
1679937316930 1679937316.0 220
1679937317828 1679937317.0 221
1679937318041 1679937317.0 222
1679937318963 1679937318.0 223
1679937319212 1679937319.0 224
1679937320174 1679937320.0 225
1679937320386 1679937320.0 226
1679937321391 1679937321.0 227
1679937321594 1679937321.0 228
1679937322585 1679937322.0 229
1679937322878 1679937322.0 230
1679937323925 1679937323.0 231
1679937324153 1679937324.0 232
1679937325170 1679937325.0 233
1679937325368 1679937325.0 234
1679937326432 1679937326.0 235
1679937326683 1679937326.0 236
1679937327583 1679937327.0 237
1679937327769 1679937327.0 238
1679937328698 1679937328.0 239
1679937328923 1679937328.0 240
1679937329897 1679937329.0 241
1679937330148 1679937330.0 242
1679937331067 1679937331.0 243
1679937331270 1679937331.0 244
1679937332229 1679937332.0 245
1679937332407 1679937332.0 246
1679937333333 1679937333.0 247
1679937333588 1679937333.0 248
1679937334544 1679937334.0 249
1679937334761 1679937334.0 250
1679937335733 1679937335.0 251
1679937335919 1679937335.0 252
1679937336853 1679937336.0 253
1679937337178 1679937337.0 254
1679937338147 1679937338.0 255
1679937338327 1679937338.0 256
1679937339272 1679937339.0 257
1679937339455 1679937339.0 258
1679937340394 1679937340.0 259
1679937340694 1679937340.0 260
1679937341680 1679937341.0 261
1679937341871 1679937341.0 262
1679937342876 1679937342.0 263
1679937343075 1679937342.0 264
1679937344028 1679937343.0 265
1679937344295 1679937344.0 266
1679937345237 1679937345.0 267
1679937345433 1679937345.0 268
1679937346450 1679937346.0 269
1679937346640 1679937346.0 270
1679937347674 1679937347.0 271
1679937348008 1679937347.0 272
1679937349043 1679937348.0 273
1679937349248 1679937349.0 274
1679937350237 1679937350.0 275
1679937350444 1679937350.0 276
1679937351484 1679937351.0 277
1679937351759 1679937351.0 278
1679937352773 1679937352.0 279
1679937353023 1679937352.0 280
1679937354038 1679937353.0 281
1679937354240 1679937354.0 282
1679937355275 1679937355.0 283
1679937355563 1679937355.0 284
1679937356648 1679937356.0 285
1679937356845 1679937356.0 286
1679937357783 1679937357.0 287
1679937358007 1679937357.0 288
1679937358999 1679937358.0 289
1679937359273 1679937359.0 290
1679937360204 1679937360.0 291
1679937360381 1679937360.0 292
1679937361311 1679937361.0 293
1679937361523 1679937361.0 294
1679937362509 1679937362.0 295
1679937362771 1679937362.0 296
1679937363720 1679937363.0 297
1679937363928 1679937363.0 298
1679937364910 1679937364.0 299
1679937365094 1679937365.0 300
1679937365222 1679937365.0 301
