1679937183351 58.99169008708951 1
1679937184525 57.324163763894475 3
1679937185618 57.35386289680366 5
1679937186675 57.42516201152433 7
1679937187930 57.38857614570427 9
1679937189010 57.352672838973525 11
1679937190131 57.3251214277646 13
1679937191304 57.409012310321515 15
1679937192423 57.30235809426139 17
1679937193638 57.31244048960233 19
1679937194822 57.40015922812679 21
1679937195982 57.32287816946404 23
1679937197107 57.32577275270044 25
1679937198317 57.32351671488396 27
1679937199478 57.30483291606156 29
1679937200615 57.291993660551405 31
1679937202025 57.31337854602331 33
1679937203318 57.30718578414891 35
1679937204608 57.3348099512393 37
1679937205973 57.31984086648012 39
1679937207228 57.301470207508224 41
1679937208410 57.295618810236796 43
1679937209749 57.29366199631725 45
1679937210937 57.29937469023952 47
1679937212112 57.28673958678737 49
1679937213402 57.31537614092239 51
1679937214626 57.29632643015926 53
1679937215957 57.29964135632223 55
1679937217295 57.29133457014497 57
1679937218509 57.2947376919536 59
1679937219709 57.29568750115824 61
1679937221052 57.28842978163465 63
1679937222230 57.29217489309988 65
1679937223431 57.28750436546492 67
1679937224612 57.29125778166356 69
1679937225845 57.29013341155871 71
1679937227067 57.29239405958744 73
1679937228322 57.2860371431846 75
1679937229475 57.28661521671183 77
1679937230688 57.28680273047628 79
1679937231976 57.28690745820033 81
1679937233220 57.290397099480174 83
1679937234442 57.287131666051835 85
1679937235842 57.28634535258306 87
1679937237088 57.2868298804519 89
1679937238216 57.28748862149014 91
1679937239481 57.288040694061486 93
1679937240620 57.28704856261552 95
1679937241804 57.28534646382725 97
1679937243047 57.28612645673951 99
1679937244171 57.285554402617564 101
1679937245326 57.28542971230221 103
1679937246571 57.28575283555975 105
1679937247762 57.28570844485883 107
1679937248992 57.285715417313625 109
1679937250199 57.2856202712749 111
1679937251412 57.285340735102515 113
1679937252624 57.28543786592138 115
1679937253872 57.28514765221615 117
1679937254987 57.28533731044975 119
1679937256179 57.28500653797659 121
1679937257444 57.285264835941526 123
1679937258729 57.285088039782984 125
1679937259899 57.285349707849605 127
1679937261308 57.28490260843906 129
1679937262586 57.285232965272655 131
1679937263932 57.28504491771774 133
1679937265320 57.28492265264153 135
1679937266663 57.284806855271846 137
1679937267866 57.28486214925054 139
1679937269212 57.284819077125825 141
1679937270365 57.28491571991508 143
1679937271550 57.28478498864979 145
1679937272760 57.28481579078977 147
1679937273976 57.28479870734047 149
1679937275137 57.28479265320521 151
1679937276398 57.284832533402565 153
1679937277549 57.28482420639198 155
1679937278741 57.284817219286815 157
1679937280060 57.28480279772319 159
1679937281259 57.28481650693422 161
1679937282449 57.28477610759677 163
1679937283723 57.284778644609595 165
1679937284871 57.28478762830137 167
1679937286046 57.284773236986446 169
1679937287331 57.284767842548625 171
1679937288505 57.284762157516454 173
1679937289655 57.28477221844116 175
1679937290977 57.28476809039838 177
1679937292279 57.284762085988184 179
1679937293647 57.28476443582102 181
1679937295182 57.28476679780504 183
1679937296592 57.28475722094572 185
1679937297800 57.284761814180776 187
1679937299275 57.284758438736006 189
1679937300624 57.284763736955384 191
1679937301791 57.284757990607105 193
1679937302998 57.28475826189745 195
1679937304242 57.28475630521155 197
1679937305277 57.284756086921064 199
1679937306528 57.28475548022348 201
1679937307647 57.284756994985344 203
1679937308751 57.28475805489637 205
1679937310014 57.28475704729577 207
1679937311133 57.28475532708404 209
1679937312182 57.284755186181975 211
1679937313391 57.28475561638572 213
1679937314454 57.28475574892846 215
1679937315625 57.284754835262575 217
1679937316749 57.28475565835472 219
1679937317820 57.28475491876967 221
1679937318954 57.284754126529485 223
1679937320166 57.284754995037765 225
1679937321381 57.28475465549394 227
1679937322571 57.28475428604614 229
1679937323915 57.284754286304675 231
1679937325162 57.28475505346688 233
1679937326422 57.28475540137003 235
1679937327574 57.284754092488924 237
1679937328689 57.28475488231611 239
1679937329888 57.28475384058878 241
1679937331059 57.284754840433294 243
1679937332215 57.28475295484477 245
1679937333325 57.28475404793457 247
1679937334535 57.28475490498109 249
1679937335724 57.28475540628221 251
1679937336844 57.28475530416053 253
1679937338138 57.284752722851884 255
1679937339262 57.28475308566394 257
1679937340385 57.284754257693365 259
1679937341670 57.284753174083214 261
1679937342867 57.28475364892749 263
1679937344018 57.28475354568549 265
1679937345227 57.284754646100474 267
1679937346440 57.28475391435769 269
1679937347664 57.28475518402751 271
1679937349031 57.28475523202901 273
1679937350226 57.284754327756595 275
1679937351474 57.284754551562514 277
1679937352763 57.28475405207114 279
1679937354028 57.284753630312906 281
1679937355266 57.28475340297367 283
1679937356638 57.28475394417549 285
1679937357773 57.28475199490096 287
1679937358989 57.28475322897901 289
1679937360194 57.28475387790412 291
1679937361302 57.28475345881742 293
1679937362500 57.28475435283458 295
1679937363710 57.28475337979162 297
1679937364900 57.28475350242381 299
