1679937183378 0.003907203674316406 1
1679937183640 0.003907203674316406 2
1679937184548 0.003907203674316406 3
1679937184718 0.003907203674316406 4
1679937185642 0.003907203674316406 5
1679937185809 0.003907203674316406 6
1679937186698 0.003907203674316406 7
1679937186956 0.003907203674316406 8
1679937187957 0.003907203674316406 9
1679937188128 0.003907203674316406 10
1679937189032 0.003907203674316406 11
1679937189221 0.003907203674316406 12
1679937190154 0.003907203674316406 13
1679937190400 0.003907203674316406 14
1679937191330 0.003907203674316406 15
1679937191505 0.003907203674316406 16
1679937192445 0.003907203674316406 17
1679937192625 0.003907203674316406 18
1679937193660 0.003907203674316406 19
1679937193918 0.003907203674316406 20
1679937194848 0.003907203674316406 21
1679937195034 0.003907203674316406 22
1679937196006 0.003907203674316406 23
1679937196183 0.003907203674316406 24
1679937197132 0.003907203674316406 25
1679937197387 0.003907203674316406 26
1679937198342 0.003907203674316406 27
1679937198526 0.003907203674316406 28
1679937199502 0.003907203674316406 29
1679937199672 0.003907203674316406 30
1679937200648 0.003907203674316406 31
1679937200936 0.003907203674316406 32
1679937202056 0.003907203674316406 33
1679937202287 0.003907203674316406 34
1679937203351 0.003907203674316406 35
1679937203550 0.003907203674316406 36
1679937204638 0.003907203674316406 37
1679937204920 0.003907203674316406 38
1679937206003 0.003907203674316406 39
1679937206244 0.003907203674316406 40
1679937207253 0.003907203674316406 41
1679937207441 0.003907203674316406 42
1679937208433 0.003907203674316406 43
1679937208705 0.003907203674316406 44
1679937209773 0.003907203674316406 45
1679937209950 0.003907203674316406 46
1679937210965 0.003907203674316406 47
1679937211138 0.003907203674316406 48
1679937212139 0.003907203674316406 49
1679937212398 0.003907203674316406 50
1679937213429 0.003907203674316406 51
1679937213619 0.003907203674316406 52
1679937214654 0.003907203674316406 53
1679937214852 0.003907203674316406 54
1679937215981 0.003907203674316406 55
1679937216269 0.003907203674316406 56
1679937217319 0.003907203674316406 57
1679937217510 0.003907203674316406 58
1679937218535 0.003907203674316406 59
1679937218719 0.003907203674316406 60
1679937219740 0.003907203674316406 61
1679937220083 0.003907203674316406 62
1679937221075 0.003907203674316406 63
1679937221251 0.003907203674316406 64
1679937222253 0.003907203674316406 65
1679937222433 0.003907203674316406 66
1679937223454 0.003907203674316406 67
1679937223714 0.003907203674316406 68
1679937224637 0.003907203674316406 69
1679937224817 0.003907203674316406 70
1679937225874 0.003907203674316406 71
1679937226086 0.003907203674316406 72
1679937227094 0.003907203674316406 73
1679937227356 0.003907203674316406 74
1679937228345 0.003907203674316406 75
1679937228516 0.003907203674316406 76
1679937229498 0.003907203674316406 77
1679937229688 0.003907203674316406 78
1679937230714 0.003907203674316406 79
1679937230987 0.003907203674316406 80
1679937232004 0.003907203674316406 81
1679937232202 0.003907203674316406 82
1679937233246 0.003907203674316406 83
1679937233453 0.003907203674316406 84
1679937234470 0.003907203674316406 85
1679937234767 0.003907203674316406 86
1679937235868 0.003907203674316406 87
1679937236082 0.003907203674316406 88
1679937237112 0.003907203674316406 89
1679937237285 0.003907203674316406 90
1679937238238 0.003907203674316406 91
1679937238503 0.003907203674316406 92
1679937239506 0.003907203674316406 93
1679937239688 0.003907203674316406 94
1679937240647 0.003907203674316406 95
1679937240843 0.003907203674316406 96
1679937241828 0.003907203674316406 97
1679937242092 0.003907203674316406 98
1679937243073 0.003907203674316406 99
1679937243257 0.003907203674316406 100
1679937244193 0.003907203674316406 101
1679937244380 0.003907203674316406 102
1679937245353 0.003907203674316406 103
1679937245639 0.003907203674316406 104
1679937246596 0.003907203674316406 105
1679937246782 0.003907203674316406 106
1679937247786 0.003907203674316406 107
1679937247997 0.003907203674316406 108
1679937249017 0.003907203674316406 109
1679937249279 0.003907203674316406 110
1679937250221 0.003907203674316406 111
1679937250414 0.003907203674316406 112
1679937251438 0.003907203674316406 113
1679937251628 0.003907203674316406 114
1679937252648 0.003907203674316406 115
1679937252925 0.003907203674316406 116
1679937253896 0.003907203674316406 117
1679937254084 0.003907203674316406 118
1679937255014 0.003907203674316406 119
1679937255220 0.003907203674316406 120
1679937256200 0.003907203674316406 121
1679937256483 0.003907203674316406 122
1679937257470 0.003907203674316406 123
1679937257679 0.003907203674316406 124
1679937258755 0.003907203674316406 125
1679937258951 0.003907203674316406 126
1679937259926 0.003907203674316406 127
1679937260208 0.003907203674316406 128
1679937261332 0.003907203674316406 129
1679937261523 0.003907203674316406 130
1679937262613 0.003907203674316406 131
1679937262868 0.003907203674316406 132
1679937263962 0.003907203674316406 133
1679937264267 0.003907203674316406 134
1679937265347 0.003907203674316406 135
1679937265572 0.003907203674316406 136
1679937266688 0.003907203674316406 137
1679937266914 0.003907203674316406 138
1679937267895 0.003907203674316406 139
1679937268189 0.003907203674316406 140
1679937269236 0.003907203674316406 141
1679937269421 0.003907203674316406 142
1679937270388 0.003907203674316406 143
1679937270592 0.003907203674316406 144
1679937271574 0.003907203674316406 145
1679937271843 0.003907203674316406 146
1679937272788 0.003907203674316406 147
1679937272983 0.003907203674316406 148
1679937273998 0.003907203674316406 149
1679937274200 0.003907203674316406 150
1679937275160 0.003907203674316406 151
1679937275445 0.003907203674316406 152
1679937276422 0.003907203674316406 153
1679937276618 0.003907203674316406 154
1679937277572 0.003907203674316406 155
1679937277790 0.003907203674316406 156
1679937278764 0.003907203674316406 157
1679937279079 0.003907203674316406 158
1679937280084 0.003907203674316406 159
1679937280271 0.003907203674316406 160
1679937281285 0.003907203674316406 161
1679937281486 0.003907203674316406 162
1679937282471 0.003907203674316406 163
1679937282756 0.003907203674316406 164
1679937283748 0.003907203674316406 165
1679937283939 0.003907203674316406 166
1679937284895 0.003907203674316406 167
1679937285082 0.003907203674316406 168
1679937286071 0.003907203674316406 169
1679937286344 0.003907203674316406 170
1679937287354 0.003907203674316406 171
1679937287547 0.003907203674316406 172
1679937288532 0.003907203674316406 173
1679937288727 0.003907203674316406 174
1679937289678 0.003907203674316406 175
1679937289968 0.003907203674316406 176
1679937291003 0.003907203674316406 177
1679937291215 0.003907203674316406 178
1679937292306 0.003907203674316406 179
1679937292528 0.003907203674316406 180
1679937293679 0.003907203674316406 181
1679937294014 0.003907203674316406 182
1679937295214 0.003907203674316406 183
1679937295457 0.003907203674316406 184
1679937296617 0.003907203674316406 185
1679937296820 0.003907203674316406 186
1679937297827 0.003907203674316406 187
1679937298147 0.003907203674316406 188
1679937299305 0.003907203674316406 189
1679937299553 0.003907203674316406 190
1679937300647 0.003907203674316406 191
1679937300844 0.003907203674316406 192
1679937301816 0.003907203674316406 193
1679937302103 0.003907203674316406 194
1679937303024 0.003907203674316406 195
1679937303271 0.003907203674316406 196
1679937304263 0.003907203674316406 197
1679937304436 0.003907203674316406 198
1679937305299 0.003907203674316406 199
1679937305586 0.003907203674316406 200
1679937306550 0.003907203674316406 201
1679937306758 0.003907203674316406 202
1679937307671 0.003907203674316406 203
1679937307868 0.003907203674316406 204
1679937308772 0.003907203674316406 205
1679937309077 0.003907203674316406 206
1679937310037 0.003907203674316406 207
1679937310248 0.003907203674316406 208
1679937311156 0.003907203674316406 209
1679937311353 0.003907203674316406 210
1679937312204 0.003907203674316406 211
1679937312492 0.003907203674316406 212
1679937313413 0.003907203674316406 213
1679937313606 0.003907203674316406 214
1679937314478 0.003907203674316406 215
1679937314698 0.003907203674316406 216
1679937315650 0.003907203674316406 217
1679937315898 0.003907203674316406 218
1679937316770 0.003907203674316406 219
1679937316943 0.003907203674316406 220
1679937317841 0.003907203674316406 221
1679937318053 0.003907203674316406 222
1679937318975 0.003907203674316406 223
1679937319227 0.003907203674316406 224
1679937320188 0.003907203674316406 225
1679937320400 0.003907203674316406 226
1679937321405 0.003907203674316406 227
1679937321608 0.003907203674316406 228
1679937322600 0.003907203674316406 229
1679937322893 0.003907203674316406 230
1679937323944 0.003907203674316406 231
1679937324169 0.003907203674316406 232
1679937325185 0.003907203674316406 233
1679937325383 0.003907203674316406 234
1679937326445 0.003907203674316406 235
1679937326697 0.003907203674316406 236
1679937327596 0.003907203674316406 237
1679937327783 0.003907203674316406 238
1679937328711 0.003907203674316406 239
1679937328937 0.003907203674316406 240
1679937329909 0.003907203674316406 241
1679937330160 0.003907203674316406 242
1679937331081 0.003907203674316406 243
1679937331283 0.003907203674316406 244
1679937332243 0.003907203674316406 245
1679937332423 0.003907203674316406 246
1679937333346 0.003907203674316406 247
1679937333603 0.003907203674316406 248
1679937334557 0.003907203674316406 249
1679937334777 0.003907203674316406 250
1679937335746 0.003907203674316406 251
1679937335933 0.003907203674316406 252
1679937336867 0.003907203674316406 253
1679937337194 0.003907203674316406 254
1679937338161 0.003907203674316406 255
1679937338340 0.003907203674316406 256
1679937339286 0.003907203674316406 257
1679937339470 0.003907203674316406 258
1679937340415 0.003907203674316406 259
1679937340708 0.003907203674316406 260
1679937341693 0.003907203674316406 261
1679937341885 0.003907203674316406 262
1679937342889 0.003907203674316406 263
1679937343088 0.003907203674316406 264
1679937344042 0.003907203674316406 265
1679937344308 0.003907203674316406 266
1679937345250 0.003907203674316406 267
1679937345447 0.003907203674316406 268
1679937346464 0.003907203674316406 269
1679937346654 0.003907203674316406 270
1679937347689 0.003907203674316406 271
1679937348026 0.003907203674316406 272
1679937349056 0.003907203674316406 273
1679937349262 0.003907203674316406 274
1679937350252 0.003907203674316406 275
1679937350456 0.003907203674316406 276
1679937351497 0.003907203674316406 277
1679937351774 0.003907203674316406 278
1679937352788 0.003907203674316406 279
1679937353039 0.003907203674316406 280
1679937354051 0.003907203674316406 281
1679937354255 0.003907203674316406 282
1679937355290 0.003907203674316406 283
1679937355577 0.003907203674316406 284
1679937356663 0.003907203674316406 285
1679937356858 0.003907203674316406 286
1679937357796 0.003907203674316406 287
1679937358028 0.003907203674316406 288
1679937359015 0.003907203674316406 289
1679937359285 0.003907203674316406 290
1679937360217 0.003907203674316406 291
1679937360394 0.003907203674316406 292
1679937361325 0.003907203674316406 293
1679937361537 0.003907203674316406 294
1679937362525 0.003907203674316406 295
1679937362785 0.003907203674316406 296
1679937363734 0.003907203674316406 297
1679937363946 0.003907203674316406 298
1679937364923 0.003907203674316406 299
1679937365107 0.003907203674316406 300
1679937365238 0.003907203674316406 301
