1677119853138 3.074129581451416 1
1677119853332 3.2571349143981934 2
1677119854237 4.158107757568359 3
1677119854431 4.352369070053101 4
1677119855417 5.335375785827637 5
1677119855604 5.526224374771118 6
1677119856522 6.4410459995269775 7
1677119856694 6.640323638916016 8
1677119857699 7.617177963256836 9
1677119857894 7.813504457473755 10
1677119858867 8.778971195220947 11
1677119859072 8.991598844528198 12
1677119859990 9.908468246459961 13
1677119860180 10.101924180984497 14
1677119861104 11.024816751480103 15
1677119861376 11.292262554168701 16
1677119862321 12.232352018356323 17
1677119862511 12.430908203125 18
1677119863430 13.348031997680664 19
1677119863627 13.545358657836914 20
1677119864542 14.461141586303711 21
1677119864738 14.657208442687988 22
1677119865666 15.575446367263794 23
1677119865855 15.775843858718872 24
1677119866806 16.725472688674927 25
1677119866999 16.919252395629883 26
1677119867996 17.90703511238098 27
1677119868188 18.107306003570557 28
1677119869108 19.016093492507935 29
1677119869306 19.221882104873657 30
1677119870220 20.135146141052246 31
1677119870430 20.34894847869873 32
1677119871359 21.275492906570435 33
1677119871549 21.466531991958618 34
1677119872455 22.393125534057617 35
1677119872654 22.56989359855652 36
1677119873574 23.491316318511963 37
1677119873845 23.761874437332153 38
1677119874767 24.685068130493164 39
1677119874962 24.882132530212402 40
1677119875904 25.820653676986694 41
1677119876110 26.020182371139526 42
1677119877029 26.946836471557617 43
1677119877222 27.139025688171387 44
1677119878147 28.06341552734375 45
1677119878340 28.25897240638733 46
1677119879257 29.17409086227417 47
1677119879457 29.371177911758423 48
1677119880448 30.365206718444824 49
1677119880656 30.573355436325073 50
1677119881576 31.493176221847534 51
1677119881771 31.6906955242157 52
1677119882690 32.60820126533508 53
1677119882883 32.800965547561646 54
1677119883801 33.71622180938721 55
1677119883993 33.91116428375244 56
1677119884897 34.81504440307617 57
1677119885090 35.00601553916931 58
1677119885996 35.913058042526245 59
1677119886217 36.13456606864929 60
1677119887176 37.12218761444092 61
1677119887374 37.28908586502075 62
1677119888277 38.192917346954346 63
1677119888472 38.3909637928009 64
1677119889408 39.323184967041016 65
1677119889601 39.519113540649414 66
1677119890509 40.42529296875 67
1677119890706 40.62344837188721 68
1677119891629 41.544156551361084 69
1677119891829 41.74524474143982 70
1677119892811 42.72638130187988 71
1677119893010 42.92503333091736 72
1677119893923 43.83829402923584 73
1677119894115 44.03120517730713 74
1677119895031 44.94649004936218 75
1677119895226 45.144081830978394 76
1677119896173 46.08224010467529 77
1677119896368 46.28414726257324 78
1677119897278 47.19431447982788 79
1677119897475 47.39035964012146 80
1677119898394 48.30768394470215 81
1677119898595 48.511388540267944 82
1677119899589 49.50423455238342 83
1677119899786 49.70069766044617 84
1677119900697 50.614054918289185 85
1677119900890 50.8073034286499 86
1677119901779 51.72503423690796 87
1677119901973 51.88993954658508 88
1677119902877 52.7911331653595 89
1677119903072 52.98637008666992 90
1677119903974 53.89111256599426 91
1677119904175 54.089006662368774 92
1677119905157 55.072102546691895 93
1677119905348 55.265488386154175 94
1677119906253 56.16730284690857 95
1677119906448 56.364105463027954 96
1677119907391 57.280341386795044 97
1677119907590 57.504201889038086 98
1677119908502 58.41651129722595 99
1677119908702 58.61838912963867 100
1677119909626 59.53923439979553 101
1677119909828 59.74224781990051 102
1677119910742 60.65718603134155 103
1677119910938 60.85401487350464 104
1677119911931 61.84624695777893 105
1677119912128 62.04130935668945 106
1677119913054 62.964075326919556 107
1677119913255 63.16798257827759 108
1677119914179 64.09234595298767 109
1677119914381 64.29617404937744 110
1677119915305 65.21830773353577 111
1677119915512 65.425222158432 112
1677119916454 66.36702013015747 113
1677119916641 66.56970310211182 114
1677119917632 67.54442596435547 115
1677119917829 67.74131798744202 116
1677119918740 68.6541359424591 117
1677119918939 68.85043430328369 118
1677119919870 69.78209686279297 119
1677119920066 69.97909712791443 120
1677119920979 70.89191126823425 121
1677119921182 71.09310030937195 122
1677119922100 72.01069712638855 123
1677119922299 72.21096658706665 124
1677119923230 73.1431052684784 125
1677119923427 73.34004163742065 126
1677119924430 74.34413146972656 127
1677119924631 74.54429388046265 128
1677119925568 75.48123168945312 129
1677119925786 75.699378490448 130
1677119926704 76.61697316169739 131
1677119926910 76.8230710029602 132
1677119927833 77.7434356212616 133
1677119928032 77.94316935539246 134
1677119928953 78.86614346504211 135
1677119929154 79.06875801086426 136
1677119930070 79.98299431800842 137
1677119930342 80.25408601760864 138
1677119931252 81.16407108306885 139
1677119931451 81.36406636238098 140
1677119932359 82.30181360244751 141
1677119932571 82.48265147209167 142
1677119933489 83.40207004547119 143
1677119933685 83.59731817245483 144
1677119934638 84.54936933517456 145
1677119934834 84.74801564216614 146
1677119935753 85.66524815559387 147
1677119935954 85.8664972782135 148
1677119936936 86.84822607040405 149
1677119937135 87.04727125167847 150
1677119938047 87.95824766159058 151
1677119938249 88.16121292114258 152
1677119939164 89.07717180252075 153
1677119939363 89.27545881271362 154
1677119940298 90.21009302139282 155
1677119940498 90.40840744972229 156
1677119941421 91.33192157745361 157
1677119941619 91.53099012374878 158
1677119942538 92.44927310943604 159
1677119942813 92.72320508956909 160
1677119943728 93.63920593261719 161
1677119943953 93.86408233642578 162
1677119944873 94.7832612991333 163
1677119945073 94.986159324646 164
1677119945997 95.90846705436707 165
1677119946198 96.11010479927063 166
1677119947093 97.03548121452332 167
1677119947294 97.2053656578064 168
1677119948226 98.13400650024414 169
1677119948429 98.33896279335022 170
1677119949429 99.33931875228882 171
1677119949638 99.54538035392761 172
1677119950596 100.50632405281067 173
1677119950795 100.7061333656311 174
1677119951710 101.62127089500427 175
1677119951909 101.82103395462036 176
1677119952817 102.72908043861389 177
1677119953019 102.92970609664917 178
1677119953952 103.86220860481262 179
1677119954159 104.06802010536194 180
1677119955088 104.98832154273987 181
1677119955364 105.27631211280823 182
1677119956286 106.1980881690979 183
1677119956488 106.39568710327148 184
1677119957413 107.3216302394867 185
1677119957618 107.52723741531372 186
1677119958539 108.4501371383667 187
1677119958740 108.64915037155151 188
1677119959669 109.57900738716125 189
1677119959878 109.7853901386261 190
1677119960796 110.70533180236816 191
1677119961009 110.91755819320679 192
1677119962014 111.95709180831909 193
1677119962213 112.12402629852295 194
1677119963134 113.04195666313171 195
1677119963335 113.24575567245483 196
1677119964253 114.16115736961365 197
1677119964456 114.36502766609192 198
1677119965372 115.27962374687195 199
1677119965574 115.4841513633728 200
1677119966495 116.40478253364563 201
1677119966701 116.60912013053894 202
1677119967627 117.53304100036621 203
1677119967830 117.73919320106506 204
1677119968810 118.71829628944397 205
1677119969009 118.91867136955261 206
1677119969924 119.83312368392944 207
1677119970131 120.03990364074707 208
1677119971060 120.96890687942505 209
1677119971262 121.17223358154297 210
1677119972189 122.09898567199707 211
1677119972401 122.31020045280457 212
1677119973361 123.26908349990845 213
1677119973565 123.47161340713501 214
1677119974570 124.47839260101318 215
1677119974770 124.67800617218018 216
1677119975692 125.59811663627625 217
1677119975893 125.80218267440796 218
1677119976789 126.73218727111816 219
1677119976991 126.89810228347778 220
1677119977913 127.8220534324646 221
1677119978123 128.0322391986847 222
1677119979051 128.96030735969543 223
1677119979252 129.15987968444824 224
1677119980206 130.11437368392944 225
1677119980412 130.32403564453125 226
1677119981420 131.32495641708374 227
1677119981624 131.53204917907715 228
1677119982577 132.48606657981873 229
1677119982780 132.68985652923584 230
1677119983712 133.61962294578552 231
1677119983923 133.83056044578552 232
1677119984849 134.7563362121582 233
1677119985054 134.96180486679077 234
1677119985980 135.88818359375 235
1677119986179 136.08920860290527 236
1677119987176 137.08403611183167 237
1677119987381 137.28795981407166 238
1677119988311 138.21894645690918 239
1677119988510 138.42062783241272 240
1677119989430 139.33870196342468 241
1677119989638 139.54438543319702 242
1677119990562 140.47007989883423 243
1677119990790 140.6973090171814 244
1677119991690 141.6300241947174 245
1677119991898 141.80600118637085 246
1677119992826 142.73344731330872 247
1677119993034 142.94007754325867 248
1677119994020 143.92412161827087 249
1677119994228 144.13409972190857 250
1677119995158 145.06305408477783 251
1677119995368 145.27413177490234 252
1677119996305 146.21020817756653 253
1677119996511 146.41809129714966 254
1677119997441 147.34719276428223 255
1677119997644 147.5509328842163 256
1677119998575 148.47896814346313 257
1677119998783 148.68912601470947 258
1677119999716 149.6208622455597 259
1677119999994 149.90006256103516 260
1677120000931 150.83549571037292 261
1677120001143 151.04692816734314 262
1677120002088 151.9909315109253 263
1677120002293 152.1969985961914 264
1677120003209 153.11523270606995 265
1677120003413 153.31889152526855 266
1677120004331 154.23922777175903 267
1677120004535 154.4419870376587 268
1677120005456 155.3619349002838 269
1677120005673 155.5702245235443 270
1677120006656 156.58323121070862 271
1677120006887 156.78702449798584 272
1677120007831 157.72934556007385 273
1677120008045 157.94303631782532 274
1677120008981 158.87823057174683 275
1677120009195 159.09101796150208 276
1677120010152 160.04682683944702 277
1677120010375 160.26889371871948 278
1677120011366 161.26237630844116 279
1677120011577 161.47915697097778 280
1677120012515 162.41397953033447 281
1677120012803 162.7032754421234 282
1677120013737 163.63404440879822 283
1677120013948 163.84912014007568 284
1677120014874 164.77308320999146 285
1677120015085 164.98531985282898 286
1677120016010 165.90837454795837 287
1677120016215 166.11893963813782 288
1677120017143 167.04188060760498 289
1677120017351 167.2539882659912 290
1677120018281 168.1772472858429 291
1677120018500 168.40100812911987 292
1677120019487 169.3857810497284 293
1677120019698 169.59505438804626 294
1677120020634 170.51413941383362 295
1677120020855 170.75401043891907 296
1677120021749 171.69104266166687 297
1677120021964 171.8608329296112 298
1677120022910 172.80625796318054 299
1677120023129 173.0272080898285 300
1677120023337 173.2376630306244 301
