1677119853135 3.074129581451416 1
1677119853330 3.2571349143981934 2
1677119854234 4.158107757568359 3
1677119854428 4.352369070053101 4
1677119855415 5.335375785827637 5
1677119855601 5.526224374771118 6
1677119856519 6.4410459995269775 7
1677119856691 6.640323638916016 8
1677119857696 7.617177963256836 9
1677119857890 7.813504457473755 10
1677119858865 8.778971195220947 11
1677119859069 8.991598844528198 12
1677119859988 9.908468246459961 13
1677119860178 10.101924180984497 14
1677119861101 11.024816751480103 15
1677119861372 11.292262554168701 16
1677119862318 12.232352018356323 17
1677119862509 12.430908203125 18
1677119863428 13.348031997680664 19
1677119863624 13.545358657836914 20
1677119864539 14.461141586303711 21
1677119864735 14.657208442687988 22
1677119865663 15.575446367263794 23
1677119865852 15.775843858718872 24
1677119866804 16.725472688674927 25
1677119866997 16.919252395629883 26
1677119867993 17.90703511238098 27
1677119868185 18.107306003570557 28
1677119869097 19.016093492507935 29
1677119869301 19.221882104873657 30
1677119870217 20.135146141052246 31
1677119870428 20.34894847869873 32
1677119871356 21.275492906570435 33
1677119871547 21.466531991958618 34
1677119872451 22.393125534057617 35
1677119872650 22.56989359855652 36
1677119873571 23.491316318511963 37
1677119873842 23.761874437332153 38
1677119874765 24.685068130493164 39
1677119874960 24.882132530212402 40
1677119875901 25.820653676986694 41
1677119876108 26.020182371139526 42
1677119877027 26.946836471557617 43
1677119877219 27.139025688171387 44
1677119878144 28.06341552734375 45
1677119878338 28.25897240638733 46
1677119879255 29.17409086227417 47
1677119879454 29.371177911758423 48
1677119880445 30.365206718444824 49
1677119880653 30.573355436325073 50
1677119881573 31.493176221847534 51
1677119881768 31.6906955242157 52
1677119882687 32.60820126533508 53
1677119882880 32.800965547561646 54
1677119883798 33.71622180938721 55
1677119883990 33.91116428375244 56
1677119884895 34.81504440307617 57
1677119885088 35.00601553916931 58
1677119885993 35.913058042526245 59
1677119886214 36.13456606864929 60
1677119887173 37.12218761444092 61
1677119887371 37.28908586502075 62
1677119888274 38.192917346954346 63
1677119888469 38.3909637928009 64
1677119889405 39.323184967041016 65
1677119889598 39.519113540649414 66
1677119890506 40.42529296875 67
1677119890703 40.62344837188721 68
1677119891626 41.544156551361084 69
1677119891826 41.74524474143982 70
1677119892808 42.72638130187988 71
1677119893007 42.92503333091736 72
1677119893920 43.83829402923584 73
1677119894112 44.03120517730713 74
1677119895029 44.94649004936218 75
1677119895223 45.144081830978394 76
1677119896170 46.08224010467529 77
1677119896365 46.28414726257324 78
1677119897275 47.19431447982788 79
1677119897472 47.39035964012146 80
1677119898391 48.30768394470215 81
1677119898592 48.511388540267944 82
1677119899587 49.50423455238342 83
1677119899783 49.70069766044617 84
1677119900694 50.614054918289185 85
1677119900888 50.8073034286499 86
1677119901776 51.72503423690796 87
1677119901970 51.88993954658508 88
1677119902874 52.7911331653595 89
1677119903069 52.98637008666992 90
1677119903971 53.89111256599426 91
1677119904172 54.089006662368774 92
1677119905154 55.072102546691895 93
1677119905346 55.265488386154175 94
1677119906250 56.16730284690857 95
1677119906445 56.364105463027954 96
1677119907388 57.280341386795044 97
1677119907588 57.504201889038086 98
1677119908500 58.41651129722595 99
1677119908700 58.61838912963867 100
1677119909623 59.53923439979553 101
1677119909826 59.74224781990051 102
1677119910740 60.65718603134155 103
1677119910936 60.85401487350464 104
1677119911929 61.84624695777893 105
1677119912125 62.04130935668945 106
1677119913051 62.964075326919556 107
1677119913252 63.16798257827759 108
1677119914176 64.09234595298767 109
1677119914379 64.29617404937744 110
1677119915302 65.21830773353577 111
1677119915509 65.425222158432 112
1677119916451 66.36702013015747 113
1677119916638 66.56970310211182 114
1677119917629 67.54442596435547 115
1677119917826 67.74131798744202 116
1677119918738 68.6541359424591 117
1677119918936 68.85043430328369 118
1677119919867 69.78209686279297 119
1677119920063 69.97909712791443 120
1677119920977 70.89191126823425 121
1677119921179 71.09310030937195 122
1677119922096 72.01069712638855 123
1677119922296 72.21096658706665 124
1677119923227 73.1431052684784 125
1677119923424 73.34004163742065 126
1677119924428 74.34413146972656 127
1677119924628 74.54429388046265 128
1677119925565 75.48123168945312 129
1677119925783 75.699378490448 130
1677119926701 76.61697316169739 131
1677119926907 76.8230710029602 132
1677119927830 77.7434356212616 133
1677119928029 77.94316935539246 134
1677119928950 78.86614346504211 135
1677119929151 79.06875801086426 136
1677119930068 79.98299431800842 137
1677119930339 80.25408601760864 138
1677119931249 81.16407108306885 139
1677119931449 81.36406636238098 140
1677119932357 82.30181360244751 141
1677119932568 82.48265147209167 142
1677119933487 83.40207004547119 143
1677119933682 83.59731817245483 144
1677119934634 84.54936933517456 145
1677119934831 84.74801564216614 146
1677119935750 85.66524815559387 147
1677119935951 85.8664972782135 148
1677119936933 86.84822607040405 149
1677119937132 87.04727125167847 150
1677119938044 87.95824766159058 151
1677119938246 88.16121292114258 152
1677119939161 89.07717180252075 153
1677119939360 89.27545881271362 154
1677119940296 90.21009302139282 155
1677119940495 90.40840744972229 156
1677119941419 91.33192157745361 157
1677119941616 91.53099012374878 158
1677119942536 92.44927310943604 159
1677119942810 92.72320508956909 160
1677119943725 93.63920593261719 161
1677119943950 93.86408233642578 162
1677119944870 94.7832612991333 163
1677119945070 94.986159324646 164
1677119945994 95.90846705436707 165
1677119946195 96.11010479927063 166
1677119947091 97.03548121452332 167
1677119947291 97.2053656578064 168
1677119948223 98.13400650024414 169
1677119948426 98.33896279335022 170
1677119949427 99.33931875228882 171
1677119949636 99.54538035392761 172
1677119950593 100.50632405281067 173
1677119950792 100.7061333656311 174
1677119951707 101.62127089500427 175
1677119951906 101.82103395462036 176
1677119952815 102.72908043861389 177
1677119953017 102.92970609664917 178
1677119953949 103.86220860481262 179
1677119954156 104.06802010536194 180
1677119955086 104.98832154273987 181
1677119955362 105.27631211280823 182
1677119956284 106.1980881690979 183
1677119956485 106.39568710327148 184
1677119957409 107.3216302394867 185
1677119957615 107.52723741531372 186
1677119958536 108.4501371383667 187
1677119958738 108.64915037155151 188
1677119959667 109.57900738716125 189
1677119959874 109.7853901386261 190
1677119960794 110.70533180236816 191
1677119961006 110.91755819320679 192
1677119962011 111.95709180831909 193
1677119962211 112.12402629852295 194
1677119963130 113.04195666313171 195
1677119963332 113.24575567245483 196
1677119964249 114.16115736961365 197
1677119964454 114.36502766609192 198
1677119965369 115.27962374687195 199
1677119965572 115.4841513633728 200
1677119966492 116.40478253364563 201
1677119966698 116.60912013053894 202
1677119967625 117.53304100036621 203
1677119967828 117.73919320106506 204
1677119968808 118.71829628944397 205
1677119969006 118.91867136955261 206
1677119969921 119.83312368392944 207
1677119970129 120.03990364074707 208
1677119971058 120.96890687942505 209
1677119971259 121.17223358154297 210
1677119972187 122.09898567199707 211
1677119972398 122.31020045280457 212
1677119973358 123.26908349990845 213
1677119973563 123.47161340713501 214
1677119974567 124.47839260101318 215
1677119974767 124.67800617218018 216
1677119975689 125.59811663627625 217
1677119975890 125.80218267440796 218
1677119976786 126.73218727111816 219
1677119976989 126.89810228347778 220
1677119977910 127.8220534324646 221
1677119978119 128.0322391986847 222
1677119979048 128.96030735969543 223
1677119979249 129.15987968444824 224
1677119980204 130.11437368392944 225
1677119980410 130.32403564453125 226
1677119981418 131.32495641708374 227
1677119981620 131.53204917907715 228
1677119982574 132.48606657981873 229
1677119982777 132.68985652923584 230
1677119983709 133.61962294578552 231
1677119983921 133.83056044578552 232
1677119984846 134.7563362121582 233
1677119985050 134.96180486679077 234
1677119985977 135.88818359375 235
1677119986177 136.08920860290527 236
1677119987174 137.08403611183167 237
1677119987378 137.28795981407166 238
1677119988308 138.21894645690918 239
1677119988507 138.42062783241272 240
1677119989428 139.33870196342468 241
1677119989635 139.54438543319702 242
1677119990559 140.47007989883423 243
1677119990788 140.6973090171814 244
1677119991687 141.6300241947174 245
1677119991896 141.80600118637085 246
1677119992824 142.73344731330872 247
1677119993031 142.94007754325867 248
1677119994018 143.92412161827087 249
1677119994225 144.13409972190857 250
1677119995155 145.06305408477783 251
1677119995365 145.27413177490234 252
1677119996302 146.21020817756653 253
1677119996508 146.41809129714966 254
1677119997439 147.34719276428223 255
1677119997641 147.5509328842163 256
1677119998572 148.47896814346313 257
1677119998780 148.68912601470947 258
1677119999713 149.6208622455597 259
1677119999992 149.90006256103516 260
1677120000929 150.83549571037292 261
1677120001140 151.04692816734314 262
1677120002085 151.9909315109253 263
1677120002289 152.1969985961914 264
1677120003206 153.11523270606995 265
1677120003410 153.31889152526855 266
1677120004329 154.23922777175903 267
1677120004532 154.4419870376587 268
1677120005453 155.3619349002838 269
1677120005670 155.5702245235443 270
1677120006653 156.58323121070862 271
1677120006884 156.78702449798584 272
1677120007829 157.72934556007385 273
1677120008043 157.94303631782532 274
1677120008979 158.87823057174683 275
1677120009193 159.09101796150208 276
1677120010149 160.04682683944702 277
1677120010371 160.26889371871948 278
1677120011363 161.26237630844116 279
1677120011575 161.47915697097778 280
1677120012511 162.41397953033447 281
1677120012800 162.7032754421234 282
1677120013735 163.63404440879822 283
1677120013945 163.84912014007568 284
1677120014872 164.77308320999146 285
1677120015082 164.98531985282898 286
1677120016007 165.90837454795837 287
1677120016213 166.11893963813782 288
1677120017140 167.04188060760498 289
1677120017348 167.2539882659912 290
1677120018277 168.1772472858429 291
1677120018497 168.40100812911987 292
1677120019484 169.3857810497284 293
1677120019695 169.59505438804626 294
1677120020631 170.51413941383362 295
1677120020852 170.75401043891907 296
1677120021746 171.69104266166687 297
1677120021961 171.8608329296112 298
1677120022908 172.80625796318054 299
1677120023126 173.0272080898285 300
1677120023335 173.2376630306244 301
