1677119853128 3.074129581451416 1
1677119853324 0.18300533294677734 2
1677119854228 0.900972843170166 3
1677119854423 0.1942613124847412 4
1677119855408 0.9830067157745361 5
1677119855595 0.19084858894348145 6
1677119856513 0.9148216247558594 7
1677119856686 0.19927763938903809 8
1677119857690 0.9768543243408203 9
1677119857885 0.19632649421691895 10
1677119858859 0.9654667377471924 11
1677119859064 0.21262764930725098 12
1677119859982 0.9168694019317627 13
1677119860172 0.19345593452453613 14
1677119861096 0.9228925704956055 15
1677119861366 0.26744580268859863 16
1677119862305 0.9400894641876221 17
1677119862503 0.19855618476867676 18
1677119863422 0.9171237945556641 19
1677119863617 0.19732666015625 20
1677119864534 0.9157829284667969 21
1677119864729 0.19606685638427734 22
1677119865658 0.9182379245758057 23
1677119865847 0.20039749145507812 24
1677119866798 0.9496288299560547 25
1677119866991 0.19377970695495605 26
1677119867979 0.9877827167510986 27
1677119868179 0.2002708911895752 28
1677119869091 0.9087874889373779 29
1677119869296 0.20578861236572266 30
1677119870211 0.9132640361785889 31
1677119870422 0.21380233764648438 32
1677119871350 0.9265444278717041 33
1677119871540 0.1910390853881836 34
1677119872447 0.926593542098999 35
1677119872645 0.17676806449890137 36
1677119873566 0.9214227199554443 37
1677119873836 0.27055811882019043 38
1677119874759 0.9231936931610107 39
1677119874954 0.19706439971923828 40
1677119875895 0.938521146774292 41
1677119876102 0.19952869415283203 42
1677119877022 0.9266541004180908 43
1677119877214 0.19218921661376953 44
1677119878139 0.9243898391723633 45
1677119878332 0.1955568790435791 46
1677119879249 0.9151184558868408 47
1677119879449 0.19708704948425293 48
1677119880439 0.9940288066864014 49
1677119880647 0.20814871788024902 50
1677119881568 0.9198207855224609 51
1677119881763 0.19751930236816406 52
1677119882682 0.9175057411193848 53
1677119882875 0.1927642822265625 54
1677119883792 0.9152562618255615 55
1677119883984 0.19494247436523438 56
1677119884889 0.9038801193237305 57
1677119885082 0.19097113609313965 58
1677119885988 0.9070425033569336 59
1677119886209 0.22150802612304688 60
1677119887168 0.987621545791626 61
1677119887365 0.16689825057983398 62
1677119888269 0.9038314819335938 63
1677119888463 0.19804644584655762 64
1677119889399 0.9322211742401123 65
1677119889592 0.19592857360839844 66
1677119890501 0.9061794281005859 67
1677119890698 0.19815540313720703 68
1677119891620 0.920708179473877 69
1677119891820 0.20108819007873535 70
1677119892802 0.9811365604400635 71
1677119893001 0.19865202903747559 72
1677119893915 0.9132606983184814 73
1677119894106 0.19291114807128906 74
1677119895022 0.9152848720550537 75
1677119895218 0.19759178161621094 76
1677119896165 0.9381582736968994 77
1677119896360 0.20190715789794922 78
1677119897270 0.9101672172546387 79
1677119897467 0.1960451602935791 80
1677119898386 0.9173243045806885 81
1677119898586 0.2037045955657959 82
1677119899580 0.9928460121154785 83
1677119899777 0.19646310806274414 84
1677119900689 0.9133572578430176 85
1677119900883 0.19324851036071777 86
1677119901771 0.9177308082580566 87
1677119901964 0.16490530967712402 88
1677119902868 0.9011936187744141 89
1677119903063 0.1952369213104248 90
1677119903966 0.9047424793243408 91
1677119904167 0.19789409637451172 92
1677119905148 0.9830958843231201 93
1677119905340 0.19338583946228027 94
1677119906245 0.9018144607543945 95
1677119906440 0.19680261611938477 96
1677119907382 0.9162359237670898 97
1677119907582 0.223860502243042 98
1677119908494 0.9123094081878662 99
1677119908694 0.20187783241271973 100
1677119909617 0.9208452701568604 101
1677119909820 0.20301342010498047 102
1677119910734 0.91493821144104 103
1677119910930 0.19682884216308594 104
1677119911924 0.992232084274292 105
1677119912120 0.19506239891052246 106
1677119913044 0.9227659702301025 107
1677119913246 0.20390725135803223 108
1677119914171 0.924363374710083 109
1677119914373 0.2038280963897705 110
1677119915296 0.9221336841583252 111
1677119915503 0.20691442489624023 112
1677119916446 0.9417979717254639 113
1677119916632 0.2026829719543457 114
1677119917624 0.9747228622436523 115
1677119917819 0.19689202308654785 116
1677119918733 0.9128179550170898 117
1677119918930 0.19629836082458496 118
1677119919862 0.9316625595092773 119
1677119920057 0.19700026512145996 120
1677119920970 0.9128141403198242 121
1677119921174 0.2011890411376953 122
1677119922090 0.9175968170166016 123
1677119922290 0.20026946067810059 124
1677119923222 0.9321386814117432 125
1677119923419 0.19693636894226074 126
1677119924423 1.0040898323059082 127
1677119924622 0.20016241073608398 128
1677119925560 0.9369378089904785 129
1677119925777 0.21814680099487305 130
1677119926695 0.9175946712493896 131
1677119926902 0.20609784126281738 132
1677119927825 0.9203646183013916 133
1677119928024 0.19973373413085938 134
1677119928945 0.9229741096496582 135
1677119929146 0.20261454582214355 136
1677119930062 0.914236307144165 137
1677119930333 0.2710916996002197 138
1677119931244 0.9099850654602051 139
1677119931442 0.1999952793121338 140
1677119932350 0.9377472400665283 141
1677119932563 0.18083786964416504 142
1677119933481 0.9194185733795166 143
1677119933676 0.19524812698364258 144
1677119934628 0.9520511627197266 145
1677119934826 0.19864630699157715 146
1677119935744 0.9172325134277344 147
1677119935945 0.2012491226196289 148
1677119936928 0.9817287921905518 149
1677119937126 0.19904518127441406 150
1677119938037 0.9109764099121094 151
1677119938241 0.20296525955200195 152
1677119939156 0.9159588813781738 153
1677119939355 0.1982870101928711 154
1677119940290 0.9346342086791992 155
1677119940490 0.19831442832946777 156
1677119941413 0.9235141277313232 157
1677119941611 0.19906854629516602 158
1677119942530 0.9182829856872559 159
1677119942805 0.27393198013305664 160
1677119943719 0.9160008430480957 161
1677119943944 0.22487640380859375 162
1677119944865 0.9191789627075195 163
1677119945064 0.2028980255126953 164
1677119945989 0.9223077297210693 165
1677119946189 0.20163774490356445 166
1677119947085 0.9253764152526855 167
1677119947285 0.16988444328308105 168
1677119948217 0.9286408424377441 169
1677119948421 0.2049562931060791 170
1677119949421 1.0003559589385986 171
1677119949629 0.20606160163879395 172
1677119950588 0.9609436988830566 173
1677119950787 0.19980931282043457 174
1677119951701 0.915137529373169 175
1677119951901 0.19976305961608887 176
1677119952809 0.9080464839935303 177
1677119953011 0.20062565803527832 178
1677119953944 0.9325025081634521 179
1677119954150 0.2058115005493164 180
1677119955080 0.9203014373779297 181
1677119955356 0.2879905700683594 182
1677119956278 0.9217760562896729 183
1677119956479 0.19759893417358398 184
1677119957403 0.92594313621521 185
1677119957609 0.20560717582702637 186
1677119958531 0.9228997230529785 187
1677119958732 0.19901323318481445 188
1677119959661 0.9298570156097412 189
1677119959869 0.20638275146484375 190
1677119960789 0.9199416637420654 191
1677119961001 0.21222639083862305 192
1677119962005 1.0395336151123047 193
1677119962206 0.16693449020385742 194
1677119963125 0.9179303646087646 195
1677119963327 0.20379900932312012 196
1677119964244 0.9154016971588135 197
1677119964448 0.20387029647827148 198
1677119965364 0.9145960807800293 199
1677119965566 0.2045276165008545 200
1677119966487 0.9206311702728271 201
1677119966693 0.20433759689331055 202
1677119967619 0.9239208698272705 203
1677119967822 0.20615220069885254 204
1677119968803 0.9791030883789062 205
1677119969001 0.20037508010864258 206
1677119969915 0.914452314376831 207
1677119970124 0.20677995681762695 208
1677119971052 0.9290032386779785 209
1677119971253 0.20332670211791992 210
1677119972181 0.9267520904541016 211
1677119972393 0.21121478080749512 212
1677119973353 0.9588830471038818 213
1677119973557 0.2025299072265625 214
1677119974561 1.0067791938781738 215
1677119974761 0.1996135711669922 216
1677119975683 0.9201104640960693 217
1677119975885 0.20406603813171387 218
1677119976781 0.9300045967102051 219
1677119976982 0.16591501235961914 220
1677119977905 0.9239511489868164 221
1677119978114 0.21018576622009277 222
1677119979042 0.9280681610107422 223
1677119979243 0.19957232475280762 224
1677119980198 0.9544939994812012 225
1677119980405 0.20966196060180664 226
1677119981411 1.0009207725524902 227
1677119981615 0.2070927619934082 228
1677119982569 0.9540174007415771 229
1677119982772 0.20378994941711426 230
1677119983703 0.9297664165496826 231
1677119983915 0.2109375 232
1677119984841 0.9257757663726807 233
1677119985046 0.20546865463256836 234
1677119985972 0.9263787269592285 235
1677119986170 0.20102500915527344 236
1677119987168 0.9948275089263916 237
1677119987372 0.20392370223999023 238
1677119988302 0.9309866428375244 239
1677119988501 0.20168137550354004 240
1677119989422 0.9180741310119629 241
1677119989629 0.20568346977233887 242
1677119990553 0.925694465637207 243
1677119990782 0.22722911834716797 244
1677119991681 0.9327151775360107 245
1677119991890 0.17597699165344238 246
1677119992819 0.9274461269378662 247
1677119993026 0.20663022994995117 248
1677119994012 0.984044075012207 249
1677119994219 0.2099781036376953 250
1677119995150 0.9289543628692627 251
1677119995360 0.21107769012451172 252
1677119996296 0.9360764026641846 253
1677119996502 0.20788311958312988 254
1677119997433 0.9291014671325684 255
1677119997636 0.20374011993408203 256
1677119998567 0.9280352592468262 257
1677119998775 0.2101578712463379 258
1677119999708 0.9317362308502197 259
1677119999987 0.27920031547546387 260
1677120000924 0.9354331493377686 261
1677120001133 0.21143245697021484 262
1677120002079 0.9440033435821533 263
1677120002284 0.20606708526611328 264
1677120003200 0.91823410987854 265
1677120003405 0.2036588191986084 266
1677120004324 0.9203362464904785 267
1677120004527 0.2027592658996582 268
1677120005448 0.9199478626251221 269
1677120005665 0.20828962326049805 270
1677120006648 1.0130066871643066 271
1677120006879 0.20379328727722168 272
1677120007823 0.9423210620880127 273
1677120008037 0.21369075775146484 274
1677120008973 0.9351942539215088 275
1677120009187 0.21278738975524902 276
1677120010143 0.9558088779449463 277
1677120010362 0.22206687927246094 278
1677120011357 0.9934825897216797 279
1677120011569 0.2167806625366211 280
1677120012506 0.9348225593566895 281
1677120012795 0.28929591178894043 282
1677120013728 0.9307689666748047 283
1677120013939 0.21507573127746582 284
1677120014866 0.9239630699157715 285
1677120015076 0.21223664283752441 286
1677120016002 0.9230546951293945 287
1677120016207 0.21056509017944336 288
1677120017135 0.9229409694671631 289
1677120017343 0.21210765838623047 290
1677120018272 0.9232590198516846 291
1677120018491 0.22376084327697754 292
1677120019479 0.9847729206085205 293
1677120019690 0.2092733383178711 294
1677120020623 0.9190850257873535 295
1677120020846 0.23987102508544922 296
1677120021741 0.9370322227478027 297
1677120021956 0.16979026794433594 298
1677120022902 0.9454250335693359 299
1677120023120 0.22095012664794922 300
1677120023329 0.21045494079589844 301
