1677119853127 43.26095042813274 1
1677119854226 17.723316241693535 3
1677119855406 10.291685703150867 5
1677119856512 7.3227167727040205 7
1677119857688 5.790188076480096 9
1677119858858 5.761403504142088 11
1677119859981 4.311667920089227 13
1677119861094 3.567871960391792 15
1677119862303 2.6897527645107564 17
1677119863420 5.8131756100653345 19
1677119864531 4.553149545739579 21
1677119865656 2.841368669596757 23
1677119866796 2.600006179849799 25
1677119867978 5.141795190870997 27
1677119869090 3.933139784632149 29
1677119870210 2.9743032624908214 31
1677119871349 2.561613772948185 33
1677119872437 2.2394933323290678 35
1677119873564 2.224428680142343 37
1677119874758 2.1786371241639166 39
1677119875894 1.989812704844554 41
1677119877019 1.8987753918640475 43
1677119878137 2.2298256048828073 45
1677119879248 1.7864390488809248 47
1677119880438 1.8321969694303015 49
1677119881566 2.0028546966036798 51
1677119882680 1.9368748957017716 53
1677119883790 1.644278839248609 55
1677119884888 1.7857097589746491 57
1677119885986 2.0965294143753193 59
1677119887166 1.8488610696830317 61
1677119888267 1.4831845967649564 63
1677119889397 1.4476552145354766 65
1677119890499 1.6012609688487054 67
1677119891619 1.590262636439391 69
1677119892800 1.508985192675783 71
1677119893913 1.1898454367218751 73
1677119895021 1.3406869570560893 75
1677119896164 1.1960932374849125 77
1677119897268 1.2931962554825034 79
1677119898384 1.4522630416212376 81
1677119899579 1.4234514565823608 83
1677119900688 1.4718394335171745 85
1677119901769 1.3794344046421991 87
1677119902867 1.3170713873611035 89
1677119903965 1.1571387908121165 91
1677119905147 1.1312430430552338 93
1677119906243 1.205592253680849 95
1677119907380 1.2015564515821355 97
1677119908492 0.9778130780289678 99
1677119909616 1.1793023722422584 101
1677119910733 0.982785158310721 103
1677119911922 1.1639660429206524 105
1677119913042 1.1996171295124278 107
1677119914169 1.0734633793467556 109
1677119915295 1.1179465806424507 111
1677119916445 0.9989398565827905 113
1677119917622 0.9536044842628637 115
1677119918730 0.9670490925022269 117
1677119919860 1.3143395319042814 119
1677119920969 1.3049329792513498 121
1677119922089 0.9665632602944086 123
1677119923220 0.9685326089715693 125
1677119924421 1.2121499284508672 127
1677119925558 1.0986180902124552 129
1677119926694 1.1485691626594277 131
1677119927824 0.9655832760320815 133
1677119928943 1.1669107530225777 135
1677119930060 1.2175335045040612 137
1677119931242 0.9488381765336937 139
1677119932349 1.0575122039738603 141
1677119933479 0.9990933685041247 143
1677119934626 1.0394446251545109 145
1677119935743 0.9513931397866234 147
1677119936926 1.0634300421213305 149
1677119938036 1.0835524059680846 151
1677119939154 1.2306437841104134 153
1677119940289 1.023869068764647 155
1677119941411 1.1410553063404707 157
1677119942528 0.9552180087569518 159
1677119943718 1.1019294018170904 161
1677119944864 0.8868423408170881 163
1677119945987 0.9409637299339532 165
1677119947083 0.8574540670899267 167
1677119948216 0.8570997436286087 169
1677119949420 1.0051586668943309 171
1677119950586 1.0763678658080862 173
1677119951699 0.9504834011931738 175
1677119952808 0.9081668543807363 177
1677119953942 0.8161841317779497 179
1677119955079 0.8373196833937645 181
1677119956277 0.8199666334524841 183
1677119957402 0.971597232049856 185
1677119958529 0.9366064467909089 187
1677119959660 0.8905878058719409 189
1677119960787 0.9331787570372063 191
1677119962004 0.9157273236472595 193
1677119963124 0.8764743595364664 195
1677119964242 1.0176753273684087 197
1677119965362 1.0452979915168146 199
1677119966485 0.9618903011688607 201
1677119967617 0.8088661358817222 203
1677119968801 0.9629443769259469 205
1677119969914 0.8985105701590351 207
1677119971050 0.8177374421403052 209
1677119972180 1.071914664824657 211
1677119973350 0.7671560980542618 213
1677119974560 0.8739946209972652 215
1677119975680 0.9565914266316268 217
1677119976780 0.8797353379053205 219
1677119977903 1.0247205500800094 221
1677119979041 0.9521632628235941 223
1677119980196 0.9177162664721705 225
1677119981409 0.9282856938488843 227
1677119982567 0.8450637841897246 229
1677119983702 0.9784467174483263 231
1677119984839 0.8688363717047357 233
1677119985970 0.9007724301217258 235
1677119987167 0.8589872347437987 237
1677119988300 0.9023904813866549 239
1677119989420 0.9177913400764174 241
1677119990552 0.8551897724668551 243
1677119991679 0.8238695255722561 245
1677119992817 0.911780865953618 247
1677119994010 1.0423836530307777 249
1677119995148 0.9288494209147304 251
1677119996294 0.937437639274479 253
1677119997431 0.8196895178974131 255
1677119998565 0.7591512451378047 257
1677119999706 0.8579863557581722 259
1677120000922 0.8014544042596835 261
1677120002077 0.8525636404006298 263
1677120003199 0.8151989026431701 265
1677120004322 0.8787617817540738 267
1677120005446 0.9156532474158781 269
1677120006646 0.8822561352792906 271
1677120007821 0.9180442209392118 273
1677120008972 0.910680842531598 275
1677120010142 0.7598876930873437 277
1677120011356 0.8744068509319858 279
1677120012504 0.9630586998022046 281
1677120013727 1.079545895992971 283
1677120014864 0.8710399451684486 285
1677120016000 0.7331429051749473 287
1677120017133 1.007698904025407 289
1677120018270 0.8253828073145845 291
1677120019477 0.9914101195090244 293
1677120020619 0.8594491751879776 295
1677120021739 0.8946279422953359 297
1677120022900 0.9619526800460624 299
