1677119853131 1.0 1
1677119853327 2.0 2
1677119854231 3.0 3
1677119854425 4.0 4
1677119855411 5.0 5
1677119855598 6.0 6
1677119856517 7.0 7
1677119856689 8.0 8
1677119857693 9.0 9
1677119857888 10.0 10
1677119858862 11.0 11
1677119859066 12.0 12
1677119859985 13.0 13
1677119860175 14.0 14
1677119861099 15.0 15
1677119861369 16.0 16
1677119862315 17.0 17
1677119862506 18.0 18
1677119863425 19.0 19
1677119863620 20.0 20
1677119864536 21.0 21
1677119864732 22.0 22
1677119865661 23.0 23
1677119865849 24.0 24
1677119866801 25.0 25
1677119866994 26.0 26
1677119867983 27.0 27
1677119868182 28.0 28
1677119869094 29.0 29
1677119869299 30.0 30
1677119870214 31.0 31
1677119870425 32.0 32
1677119871353 33.0 33
1677119871544 34.0 34
1677119872449 35.0 35
1677119872649 36.0 36
1677119873568 37.0 37
1677119873839 38.0 38
1677119874762 39.0 39
1677119874957 40.0 40
1677119875898 41.0 41
1677119876105 42.0 42
1677119877024 43.0 43
1677119877216 44.0 44
1677119878142 45.0 45
1677119878335 46.0 46
1677119879252 47.0 47
1677119879451 48.0 48
1677119880442 49.0 49
1677119880650 50.0 50
1677119881571 51.0 51
1677119881766 52.0 52
1677119882684 53.0 53
1677119882878 54.0 54
1677119883795 55.0 55
1677119883987 56.0 56
1677119884892 57.0 57
1677119885085 58.0 58
1677119885991 59.0 59
1677119886212 60.0 60
1677119887171 61.0 61
1677119887368 62.0 62
1677119888271 63.0 63
1677119888466 64.0 64
1677119889402 65.0 65
1677119889595 66.0 66
1677119890504 67.0 67
1677119890700 68.0 68
1677119891623 69.0 69
1677119891824 70.0 70
1677119892805 71.0 71
1677119893004 72.0 72
1677119893917 73.0 73
1677119894109 74.0 74
1677119895026 75.0 75
1677119895220 76.0 76
1677119896168 77.0 77
1677119896362 78.0 78
1677119897272 79.0 79
1677119897469 80.0 80
1677119898389 81.0 81
1677119898589 82.0 82
1677119899584 83.0 83
1677119899780 84.0 84
1677119900692 85.0 85
1677119900885 86.0 86
1677119901774 87.0 87
1677119901967 88.0 88
1677119902872 89.0 89
1677119903066 90.0 90
1677119903969 91.0 91
1677119904170 92.0 92
1677119905151 93.0 93
1677119905343 94.0 94
1677119906247 95.0 95
1677119906442 96.0 96
1677119907385 97.0 97
1677119907585 98.0 98
1677119908497 99.0 99
1677119908697 100.0 100
1677119909620 101.0 101
1677119909823 102.0 102
1677119910737 103.0 103
1677119910933 104.0 104
1677119911926 105.0 105
1677119912123 106.0 106
1677119913048 107.0 107
1677119913249 108.0 108
1677119914174 109.0 109
1677119914376 110.0 110
1677119915299 111.0 111
1677119915506 112.0 112
1677119916449 113.0 113
1677119916635 114.0 114
1677119917627 115.0 115
1677119917822 116.0 116
1677119918735 117.0 117
1677119918933 118.0 118
1677119919865 119.0 119
1677119920060 120.0 120
1677119920974 121.0 121
1677119921177 122.0 122
1677119922093 123.0 123
1677119922293 124.0 124
1677119923224 125.0 125
1677119923421 126.0 126
1677119924426 127.0 127
1677119924625 128.0 128
1677119925562 129.0 129
1677119925780 130.0 130
1677119926698 131.0 131
1677119926905 132.0 132
1677119927828 133.0 133
1677119928026 134.0 134
1677119928947 135.0 135
1677119929149 136.0 136
1677119930065 137.0 137
1677119930336 138.0 138
1677119931247 139.0 139
1677119931445 140.0 140
1677119932354 141.0 141
1677119932566 142.0 142
1677119933484 143.0 143
1677119933679 144.0 144
1677119934631 145.0 145
1677119934829 146.0 146
1677119935747 147.0 147
1677119935948 148.0 148
1677119936930 149.0 149
1677119937129 150.0 150
1677119938040 151.0 151
1677119938243 152.0 152
1677119939159 153.0 153
1677119939358 154.0 154
1677119940293 155.0 155
1677119940492 156.0 156
1677119941416 157.0 157
1677119941614 158.0 158
1677119942533 159.0 159
1677119942808 160.0 160
1677119943723 161.0 161
1677119943947 162.0 162
1677119944868 163.0 163
1677119945067 164.0 164
1677119945992 165.0 165
1677119946193 166.0 166
1677119947088 167.0 167
1677119947288 168.0 168
1677119948219 169.0 169
1677119948423 170.0 170
1677119949424 171.0 171
1677119949633 172.0 172
1677119950591 173.0 173
1677119950790 174.0 174
1677119951704 175.0 175
1677119951904 176.0 176
1677119952812 177.0 177
1677119953013 178.0 178
1677119953946 179.0 179
1677119954154 180.0 180
1677119955083 181.0 181
1677119955358 182.0 182
1677119956281 183.0 183
1677119956482 184.0 184
1677119957406 185.0 185
1677119957612 186.0 186
1677119958533 187.0 187
1677119958735 188.0 188
1677119959664 189.0 189
1677119959871 190.0 190
1677119960791 191.0 191
1677119961003 192.0 192
1677119962008 193.0 193
1677119962208 194.0 194
1677119963128 195.0 195
1677119963329 196.0 196
1677119964246 197.0 197
1677119964450 198.0 198
1677119965367 199.0 199
1677119965569 200.0 200
1677119966489 201.0 201
1677119966695 202.0 202
1677119967622 203.0 203
1677119967825 204.0 204
1677119968805 205.0 205
1677119969004 206.0 206
1677119969918 207.0 207
1677119970126 208.0 208
1677119971055 209.0 209
1677119971256 210.0 210
1677119972184 211.0 211
1677119972396 212.0 212
1677119973356 213.0 213
1677119973560 214.0 214
1677119974564 215.0 215
1677119974764 216.0 216
1677119975686 217.0 217
1677119975888 218.0 218
1677119976784 219.0 219
1677119976986 220.0 220
1677119977908 221.0 221
1677119978117 222.0 222
1677119979045 223.0 223
1677119979246 224.0 224
1677119980201 225.0 225
1677119980408 226.0 226
1677119981414 227.0 227
1677119981618 228.0 228
1677119982571 229.0 229
1677119982775 230.0 230
1677119983706 231.0 231
1677119983918 232.0 232
1677119984843 233.0 233
1677119985049 234.0 234
1677119985975 235.0 235
1677119986174 236.0 236
1677119987171 237.0 237
1677119987375 238.0 238
1677119988305 239.0 239
1677119988504 240.0 240
1677119989425 241.0 241
1677119989632 242.0 242
1677119990556 243.0 243
1677119990785 244.0 244
1677119991684 245.0 245
1677119991893 246.0 246
1677119992821 247.0 247
1677119993029 248.0 248
1677119994014 249.0 249
1677119994222 250.0 250
1677119995152 251.0 251
1677119995362 252.0 252
1677119996299 253.0 253
1677119996505 254.0 254
1677119997436 255.0 255
1677119997639 256.0 256
1677119998569 257.0 257
1677119998778 258.0 258
1677119999710 259.0 259
1677119999989 260.0 260
1677120000927 261.0 261
1677120001137 262.0 262
1677120002082 263.0 263
1677120002287 264.0 264
1677120003203 265.0 265
1677120003408 266.0 266
1677120004327 267.0 267
1677120004530 268.0 268
1677120005450 269.0 269
1677120005668 270.0 270
1677120006650 271.0 271
1677120006881 272.0 272
1677120007826 273.0 273
1677120008040 274.0 274
1677120008976 275.0 275
1677120009190 276.0 276
1677120010146 277.0 277
1677120010366 278.0 278
1677120011360 279.0 279
1677120011572 280.0 280
1677120012509 281.0 281
1677120012797 282.0 282
1677120013732 283.0 283
1677120013942 284.0 284
1677120014869 285.0 285
1677120015079 286.0 286
1677120016005 287.0 287
1677120016210 288.0 288
1677120017138 289.0 289
1677120017345 290.0 290
1677120018275 291.0 291
1677120018494 292.0 292
1677120019481 293.0 293
1677120019692 294.0 294
1677120020627 295.0 295
1677120020849 296.0 296
1677120021744 297.0 297
1677120021959 298.0 298
1677120022905 299.0 299
1677120023123 300.0 300
1677120023332 301.0 301
