1677120031517 0.0 1
1677120031820 0.0 2
1677120034072 0.0 3
1677120034369 0.0 4
1677120036616 0.0 5
1677120036925 0.0 6
1677120039189 0.0 7
1677120039478 0.0 8
1677120041722 0.0 9
1677120042016 0.0 10
1677120044237 0.0 11
1677120044526 0.0 12
1677120046794 0.0 13
1677120047084 0.0 14
1677120049329 0.0 15
1677120049623 0.0 16
1677120051847 0.0 17
1677120052144 0.0 18
1677120054332 0.0 19
1677120054619 0.0 20
1677120056812 0.0 21
1677120057101 0.0 22
1677120059306 0.0 23
1677120059593 0.0 24
1677120061809 0.0 25
1677120062100 0.0 26
1677120064287 0.0 27
1677120064586 0.0 28
1677120066818 0.0 29
1677120067112 0.0 30
1677120069284 0.0 31
1677120069574 0.0 32
1677120071790 0.0 33
1677120072073 0.0 34
1677120074286 0.0 35
1677120074574 0.0 36
1677120076814 0.0 37
1677120077107 0.0 38
1677120079316 0.0 39
1677120079605 0.0 40
1677120081773 0.0 41
1677120082070 0.0 42
1677120084263 0.0 43
1677120084555 0.0 44
1677120086820 0.0 45
1677120087109 0.0 46
1677120089335 0.0 47
1677120089625 0.0 48
1677120091788 0.0 49
1677120092076 0.0 50
1677120094252 0.0 51
1677120094552 0.0 52
1677120096765 0.0 53
1677120097059 0.0 54
1677120099303 0.0 55
1677120099602 0.0 56
1677120101837 0.0 57
1677120102128 0.0 58
1677120104328 0.0 59
1677120104623 0.0 60
1677120106833 0.0 61
1677120107121 0.0 62
1677120109295 0.0 63
1677120109589 0.0 64
1677120111808 0.0 65
1677120112104 0.0 66
1677120114348 0.0 67
1677120114641 0.0 68
1677120116889 0.0 69
1677120117178 0.0 70
1677120119363 0.0 71
1677120119656 0.0 72
1677120121847 0.0 73
1677120122136 0.0 74
1677120124352 0.0 75
1677120124643 0.0 76
1677120126948 0.0 77
1677120127244 0.0 78
1677120129471 0.0 79
1677120129766 0.0 80
1677120131965 0.0 81
1677120132269 0.0 82
1677120134462 0.0 83
1677120134757 0.0 84
1677120137001 0.0 85
1677120137302 0.0 86
1677120139529 0.0 87
1677120139828 0.0 88
1677120142033 0.0 89
1677120142332 0.0 90
1677120144489 0.0 91
1677120144784 0.0 92
1677120146991 0.0 93
1677120147284 0.0 94
1677120149505 0.0 95
1677120149803 0.0 96
1677120152014 0.0 97
1677120152306 0.0 98
1677120154514 0.0 99
1677120154812 0.0 100
1677120157011 0.0 101
1677120157314 0.0 102
1677120159507 0.0 103
1677120159804 0.0 104
1677120162044 0.0 105
1677120162345 0.0 106
1677120164613 0.0 107
1677120164911 0.0 108
1677120167203 0.0 109
1677120167514 0.0 110
1677120169705 0.0 111
1677120170001 0.0 112
1677120172189 0.0 113
1677120172492 0.0 114
1677120174755 0.0 115
1677120175056 0.0 116
1677120177377 0.0 117
1677120177679 0.0 118
1677120179986 0.0 119
1677120180294 0.0 120
1677120182499 0.0 121
1677120182800 0.0 122
1677120184994 0.0 123
1677120185304 0.0 124
1677120187506 0.0 125
1677120187801 0.0 126
1677120190139 0.0 127
1677120190447 0.0 128
1677120192699 0.0 129
1677120193003 0.0 130
1677120195207 0.0 131
1677120195513 0.0 132
1677120197718 0.0 133
1677120198017 0.0 134
1677120200290 0.0 135
1677120200605 0.0 136
1677120202806 0.0 137
1677120203103 0.0 138
1677120205358 0.0 139
1677120205668 0.0 140
1677120207872 0.0 141
1677120208166 0.0 142
1677120210403 0.0 143
1677120210704 0.0 144
1677120212990 0.0 145
1677120213296 0.0 146
1677120215537 0.0 147
1677120215841 0.0 148
1677120218075 0.0 149
1677120218368 0.0 150
1677120220589 0.0 151
1677120220893 0.0 152
1677120223184 0.0 153
1677120223483 0.0 154
1677120225728 0.0 155
1677120226035 0.0 156
1677120228345 0.0 157
1677120228643 0.0 158
1677120230929 0.0 159
1677120231255 0.0 160
1677120233428 0.0 161
1677120233723 0.0 162
1677120235934 0.0 163
1677120236235 0.0 164
1677120238505 0.0 165
1677120238799 0.0 166
1677120241070 0.0 167
1677120241394 0.0 168
1677120243662 0.0 169
1677120243959 0.0 170
1677120246177 0.0 171
1677120246474 0.0 172
1677120248683 0.0 173
1677120248987 0.0 174
1677120251210 0.0 175
1677120251511 0.0 176
1677120253872 0.0 177
1677120254183 0.0 178
1677120256413 0.0 179
1677120256713 0.0 180
1677120258944 0.0 181
1677120259243 0.0 182
1677120261460 0.0 183
1677120261726 0.0 184
1677120264010 0.0 185
1677120264311 0.0 186
1677120266536 0.0 187
1677120266834 0.0 188
1677120269084 0.0 189
1677120269378 0.0 190
1677120271569 0.0 191
1677120271869 0.0 192
1677120274116 0.0 193
1677120274413 0.0 194
1677120276612 0.0 195
1677120276911 0.0 196
1677120279167 0.0 197
1677120279466 0.0 198
1677120281743 0.0 199
1677120282044 0.0 200
1677120284326 0.0 201
1677120284625 0.0 202
1677120286923 0.0 203
1677120287223 0.0 204
1677120289440 0.0 205
1677120289741 0.0 206
1677120291999 0.0 207
1677120292299 0.0 208
1677120294622 0.0 209
1677120294925 0.0 210
1677120297151 0.0 211
1677120297455 0.0 212
1677120299695 0.0 213
1677120300001 0.0 214
1677120302204 0.0 215
1677120302503 0.0 216
1677120304823 0.0 217
1677120305119 0.0 218
1677120307405 0.0 219
1677120307704 0.0 220
1677120309962 0.0 221
1677120310264 0.0 222
1677120312496 0.0 223
1677120312801 0.0 224
1677120315080 0.0 225
1677120315384 0.0 226
1677120317659 0.0 227
1677120317964 0.0 228
1677120320216 0.0 229
1677120320519 0.0 230
1677120322733 0.0 231
1677120323044 0.0 232
1677120325275 0.0 233
1677120325579 0.0 234
1677120327768 0.0 235
1677120328072 0.0 236
1677120330322 0.0 237
1677120330627 0.0 238
1677120332872 0.0 239
1677120333174 0.0 240
1677120335410 0.0 241
1677120335706 0.0 242
1677120337850 0.0 243
1677120338153 0.0 244
1677120340358 0.0 245
1677120340665 0.0 246
1677120342936 0.0 247
1677120343241 0.0 248
1677120345687 0.0 249
1677120345997 0.0 250
1677120348247 0.0 251
1677120348553 0.0 252
1677120350786 0.0 253
1677120351097 0.0 254
1677120353328 0.0 255
1677120353628 0.0 256
1677120355908 0.0 257
1677120356215 0.0 258
1677120358629 0.0 259
1677120358930 0.0 260
1677120361172 0.0 261
1677120361484 0.0 262
1677120363738 0.0 263
1677120364041 0.0 264
1677120366267 0.0 265
1677120366574 0.0 266
1677120368830 0.0 267
1677120369136 0.0 268
1677120371365 0.0 269
1677120371679 0.0 270
1677120373921 0.0 271
1677120374228 0.0 272
1677120376432 0.0 273
1677120376742 0.0 274
1677120378946 0.0 275
1677120379249 0.0 276
1677120381498 0.0 277
1677120381783 0.0 278
1677120384074 0.0 279
1677120384377 0.0 280
1677120386601 0.0 281
1677120386908 0.0 282
1677120389109 0.0 283
1677120389415 0.0 284
1677120391643 0.0 285
1677120391955 0.0 286
1677120394231 0.0 287
1677120394534 0.0 288
1677120396772 0.0 289
1677120397083 0.0 290
1677120399316 0.0 291
1677120399620 0.0 292
1677120401811 0.0 293
1677120402130 0.0 294
1677120404358 0.0 295
1677120404660 0.0 296
1677120406952 0.0 297
1677120407260 0.0 298
1677120409504 0.0 299
1677120409812 0.0 300
1677120410116 0.0 301
