1677120031536 1.0 1
1677120031829 2.0 2
1677120034082 3.0 3
1677120034378 4.0 4
1677120036628 5.0 5
1677120036934 6.0 6
1677120039198 7.0 7
1677120039488 8.0 8
1677120041731 9.0 9
1677120042025 10.0 10
1677120044247 11.0 11
1677120044536 12.0 12
1677120046803 13.0 13
1677120047095 14.0 14
1677120049340 15.0 15
1677120049631 16.0 16
1677120051857 17.0 17
1677120052154 18.0 18
1677120054342 19.0 19
1677120054629 20.0 20
1677120056822 21.0 21
1677120057111 22.0 22
1677120059315 23.0 23
1677120059602 24.0 24
1677120061819 25.0 25
1677120062111 26.0 26
1677120064305 27.0 27
1677120064597 28.0 28
1677120066828 29.0 29
1677120067121 30.0 30
1677120069293 31.0 31
1677120069584 32.0 32
1677120071802 33.0 33
1677120072084 34.0 34
1677120074295 35.0 35
1677120074583 36.0 36
1677120076824 37.0 37
1677120077117 38.0 38
1677120079325 39.0 39
1677120079614 40.0 40
1677120081783 41.0 41
1677120082080 42.0 42
1677120084273 43.0 43
1677120084565 44.0 44
1677120086830 45.0 45
1677120087118 46.0 46
1677120089345 47.0 47
1677120089634 48.0 48
1677120091797 49.0 49
1677120092086 50.0 50
1677120094261 51.0 51
1677120094562 52.0 52
1677120096775 53.0 53
1677120097070 54.0 54
1677120099313 55.0 55
1677120099612 56.0 56
1677120101846 57.0 57
1677120102138 58.0 58
1677120104339 59.0 59
1677120104632 60.0 60
1677120106843 61.0 61
1677120107130 62.0 62
1677120109305 63.0 63
1677120109599 64.0 64
1677120111818 65.0 65
1677120112114 66.0 66
1677120114358 67.0 67
1677120114652 68.0 68
1677120116898 69.0 69
1677120117188 70.0 70
1677120119372 71.0 71
1677120119666 72.0 72
1677120121857 73.0 73
1677120122146 74.0 74
1677120124361 75.0 75
1677120124653 76.0 76
1677120126958 77.0 77
1677120127254 78.0 78
1677120129482 79.0 79
1677120129775 80.0 80
1677120131975 81.0 81
1677120132279 82.0 82
1677120134471 83.0 83
1677120134768 84.0 84
1677120137011 85.0 85
1677120137311 86.0 86
1677120139539 87.0 87
1677120139838 88.0 88
1677120142043 89.0 89
1677120142341 90.0 90
1677120144498 91.0 91
1677120144793 92.0 92
1677120147001 93.0 93
1677120147295 94.0 94
1677120149514 95.0 95
1677120149812 96.0 96
1677120152024 97.0 97
1677120152316 98.0 98
1677120154523 99.0 99
1677120154821 100.0 100
1677120157020 101.0 101
1677120157323 102.0 102
1677120159517 103.0 103
1677120159813 104.0 104
1677120162054 105.0 105
1677120162354 106.0 106
1677120164624 107.0 107
1677120164920 108.0 108
1677120167214 109.0 109
1677120167523 110.0 110
1677120169715 111.0 111
1677120170010 112.0 112
1677120172199 113.0 113
1677120172502 114.0 114
1677120174764 115.0 115
1677120175068 116.0 116
1677120177386 117.0 117
1677120177688 118.0 118
1677120179996 119.0 119
1677120180304 120.0 120
1677120182509 121.0 121
1677120182810 122.0 122
1677120185004 123.0 123
1677120185314 124.0 124
1677120187516 125.0 125
1677120187810 126.0 126
1677120190155 127.0 127
1677120190457 128.0 128
1677120192709 129.0 129
1677120193014 130.0 130
1677120195217 131.0 131
1677120195522 132.0 132
1677120197728 133.0 133
1677120198027 134.0 134
1677120200299 135.0 135
1677120200614 136.0 136
1677120202817 137.0 137
1677120203112 138.0 138
1677120205367 139.0 139
1677120205677 140.0 140
1677120207881 141.0 141
1677120208177 142.0 142
1677120210413 143.0 143
1677120210714 144.0 144
1677120212999 145.0 145
1677120213305 146.0 146
1677120215547 147.0 147
1677120215850 148.0 148
1677120218085 149.0 149
1677120218377 150.0 150
1677120220599 151.0 151
1677120220903 152.0 152
1677120223194 153.0 153
1677120223493 154.0 154
1677120225737 155.0 155
1677120226045 156.0 156
1677120228355 157.0 157
1677120228653 158.0 158
1677120230938 159.0 159
1677120231265 160.0 160
1677120233437 161.0 161
1677120233741 162.0 162
1677120235944 163.0 163
1677120236246 164.0 164
1677120238514 165.0 165
1677120238808 166.0 166
1677120241080 167.0 167
1677120241407 168.0 168
1677120243673 169.0 169
1677120243969 170.0 170
1677120246187 171.0 171
1677120246483 172.0 172
1677120248694 173.0 173
1677120248996 174.0 174
1677120251220 175.0 175
1677120251522 176.0 176
1677120253881 177.0 177
1677120254193 178.0 178
1677120256423 179.0 179
1677120256722 180.0 180
1677120258953 181.0 181
1677120259252 182.0 182
1677120261469 183.0 183
1677120261736 184.0 184
1677120264019 185.0 185
1677120264320 186.0 186
1677120266546 187.0 187
1677120266844 188.0 188
1677120269094 189.0 189
1677120269388 190.0 190
1677120271579 191.0 191
1677120271879 192.0 192
1677120274127 193.0 193
1677120274422 194.0 194
1677120276621 195.0 195
1677120276922 196.0 196
1677120279177 197.0 197
1677120279478 198.0 198
1677120281752 199.0 199
1677120282053 200.0 200
1677120284337 201.0 201
1677120284634 202.0 202
1677120286933 203.0 203
1677120287232 204.0 204
1677120289448 205.0 205
1677120289750 206.0 206
1677120292009 207.0 207
1677120292309 208.0 208
1677120294631 209.0 209
1677120294935 210.0 210
1677120297161 211.0 211
1677120297465 212.0 212
1677120299705 213.0 213
1677120300012 214.0 214
1677120302213 215.0 215
1677120302513 216.0 216
1677120304833 217.0 217
1677120305128 218.0 218
1677120307415 219.0 219
1677120307713 220.0 220
1677120309971 221.0 221
1677120310273 222.0 222
1677120312506 223.0 223
1677120312811 224.0 224
1677120315089 225.0 225
1677120315394 226.0 226
1677120317669 227.0 227
1677120317974 228.0 228
1677120320225 229.0 229
1677120320530 230.0 230
1677120322743 231.0 231
1677120323061 232.0 232
1677120325284 233.0 233
1677120325588 234.0 234
1677120327778 235.0 235
1677120328082 236.0 236
1677120330332 237.0 237
1677120330637 238.0 238
1677120332882 239.0 239
1677120333187 240.0 240
1677120335419 241.0 241
1677120335715 242.0 242
1677120337860 243.0 243
1677120338162 244.0 244
1677120340367 245.0 245
1677120340676 246.0 246
1677120342946 247.0 247
1677120343251 248.0 248
1677120345696 249.0 249
1677120346007 250.0 250
1677120348257 251.0 251
1677120348562 252.0 252
1677120350796 253.0 253
1677120351107 254.0 254
1677120353339 255.0 255
1677120353637 256.0 256
1677120355918 257.0 257
1677120356226 258.0 258
1677120358638 259.0 259
1677120358939 260.0 260
1677120361182 261.0 261
1677120361493 262.0 262
1677120363747 263.0 263
1677120364050 264.0 264
1677120366276 265.0 265
1677120366585 266.0 266
1677120368840 267.0 267
1677120369146 268.0 268
1677120371374 269.0 269
1677120371688 270.0 270
1677120373932 271.0 271
1677120374237 272.0 272
1677120376442 273.0 273
1677120376752 274.0 274
1677120378955 275.0 275
1677120379258 276.0 276
1677120381509 277.0 277
1677120381793 278.0 278
1677120384084 279.0 279
1677120384387 280.0 280
1677120386610 281.0 281
1677120386917 282.0 282
1677120389118 283.0 283
1677120389425 284.0 284
1677120391654 285.0 285
1677120391964 286.0 286
1677120394241 287.0 287
1677120394543 288.0 288
1677120396781 289.0 289
1677120397093 290.0 290
1677120399327 291.0 291
1677120399629 292.0 292
1677120401822 293.0 293
1677120402139 294.0 294
1677120404368 295.0 295
1677120404670 296.0 296
1677120406962 297.0 297
1677120407270 298.0 298
1677120409520 299.0 299
1677120409821 300.0 300
1677120410126 301.0 301
