1677120031531 26516.0 1
1677120031826 26516.0 2
1677120034078 26516.0 3
1677120034374 26516.0 4
1677120036623 26516.0 5
1677120036930 26516.0 6
1677120039194 26516.0 7
1677120039483 26516.0 8
1677120041728 26516.0 9
1677120042021 26516.0 10
1677120044243 26516.0 11
1677120044531 26516.0 12
1677120046799 26516.0 13
1677120047090 26516.0 14
1677120049336 26516.0 15
1677120049628 26516.0 16
1677120051853 26516.0 17
1677120052150 26516.0 18
1677120054338 26516.0 19
1677120054625 26516.0 20
1677120056818 26516.0 21
1677120057107 26516.0 22
1677120059311 26516.0 23
1677120059598 26516.0 24
1677120061815 26516.0 25
1677120062106 26516.0 26
1677120064300 26516.0 27
1677120064592 26516.0 28
1677120066824 26516.0 29
1677120067117 26516.0 30
1677120069289 26516.0 31
1677120069579 26516.0 32
1677120071797 26516.0 33
1677120072080 26516.0 34
1677120074291 26516.0 35
1677120074579 26516.0 36
1677120076820 26516.0 37
1677120077112 26516.0 38
1677120079321 26516.0 39
1677120079610 26516.0 40
1677120081779 26516.0 41
1677120082076 26516.0 42
1677120084269 26516.0 43
1677120084561 26516.0 44
1677120086826 26516.0 45
1677120087114 26516.0 46
1677120089340 26516.0 47
1677120089630 26516.0 48
1677120091793 26516.0 49
1677120092082 26516.0 50
1677120094258 26516.0 51
1677120094557 26516.0 52
1677120096771 26516.0 53
1677120097066 26516.0 54
1677120099309 26516.0 55
1677120099608 26516.0 56
1677120101842 26516.0 57
1677120102133 26516.0 58
1677120104334 26516.0 59
1677120104628 26516.0 60
1677120106839 26516.0 61
1677120107126 26516.0 62
1677120109300 26516.0 63
1677120109595 26516.0 64
1677120111814 26516.0 65
1677120112110 26516.0 66
1677120114354 26516.0 67
1677120114648 26516.0 68
1677120116894 26516.0 69
1677120117183 26516.0 70
1677120119368 26516.0 71
1677120119662 26516.0 72
1677120121853 26516.0 73
1677120122142 26516.0 74
1677120124357 26516.0 75
1677120124649 26516.0 76
1677120126954 26516.0 77
1677120127250 26516.0 78
1677120129478 26516.0 79
1677120129771 26516.0 80
1677120131971 26516.0 81
1677120132274 26516.0 82
1677120134467 26516.0 83
1677120134764 26516.0 84
1677120137007 26516.0 85
1677120137307 26516.0 86
1677120139535 26516.0 87
1677120139834 26516.0 88
1677120142039 26516.0 89
1677120142338 26516.0 90
1677120144494 26516.0 91
1677120144789 26516.0 92
1677120146996 26516.0 93
1677120147290 26516.0 94
1677120149510 26516.0 95
1677120149809 26516.0 96
1677120152020 26516.0 97
1677120152312 26516.0 98
1677120154519 26516.0 99
1677120154817 26516.0 100
1677120157016 26516.0 101
1677120157319 26516.0 102
1677120159513 26516.0 103
1677120159809 26516.0 104
1677120162049 26516.0 105
1677120162350 26516.0 106
1677120164619 26516.0 107
1677120164915 26516.0 108
1677120167209 26516.0 109
1677120167519 26516.0 110
1677120169711 26516.0 111
1677120170007 26516.0 112
1677120172195 26516.0 113
1677120172498 26516.0 114
1677120174760 26516.0 115
1677120175063 26516.0 116
1677120177382 26516.0 117
1677120177684 26516.0 118
1677120179991 26516.0 119
1677120180299 26516.0 120
1677120182505 26516.0 121
1677120182806 26516.0 122
1677120185000 26516.0 123
1677120185309 26516.0 124
1677120187512 26516.0 125
1677120187806 26516.0 126
1677120190145 26516.0 127
1677120190453 26516.0 128
1677120192705 26516.0 129
1677120193009 26516.0 130
1677120195213 26516.0 131
1677120195519 26516.0 132
1677120197724 26516.0 133
1677120198023 26516.0 134
1677120200295 26516.0 135
1677120200610 26516.0 136
1677120202813 26516.0 137
1677120203109 26516.0 138
1677120205363 26516.0 139
1677120205673 26516.0 140
1677120207877 26516.0 141
1677120208172 26516.0 142
1677120210409 26516.0 143
1677120210709 26516.0 144
1677120212996 26516.0 145
1677120213300 26516.0 146
1677120215543 26516.0 147
1677120215846 26516.0 148
1677120218081 26516.0 149
1677120218373 26516.0 150
1677120220595 26516.0 151
1677120220899 26516.0 152
1677120223190 26516.0 153
1677120223489 26516.0 154
1677120225733 26516.0 155
1677120226041 26516.0 156
1677120228351 26516.0 157
1677120228649 26516.0 158
1677120230935 26516.0 159
1677120231260 26516.0 160
1677120233433 26516.0 161
1677120233729 26516.0 162
1677120235940 26516.0 163
1677120236242 26516.0 164
1677120238510 26516.0 165
1677120238804 26516.0 166
1677120241075 26516.0 167
1677120241402 26516.0 168
1677120243669 26516.0 169
1677120243964 26516.0 170
1677120246182 26516.0 171
1677120246479 26516.0 172
1677120248689 26516.0 173
1677120248992 26516.0 174
1677120251215 26516.0 175
1677120251517 26516.0 176
1677120253877 26516.0 177
1677120254189 26516.0 178
1677120256419 26516.0 179
1677120256718 26516.0 180
1677120258949 26516.0 181
1677120259248 26516.0 182
1677120261465 26516.0 183
1677120261732 26516.0 184
1677120264015 26516.0 185
1677120264316 26516.0 186
1677120266541 26516.0 187
1677120266839 26516.0 188
1677120269089 26516.0 189
1677120269384 26516.0 190
1677120271575 26516.0 191
1677120271875 26516.0 192
1677120274122 26516.0 193
1677120274419 26516.0 194
1677120276617 26516.0 195
1677120276918 26516.0 196
1677120279172 26516.0 197
1677120279473 26516.0 198
1677120281748 26516.0 199
1677120282049 26516.0 200
1677120284333 26516.0 201
1677120284630 26516.0 202
1677120286928 26516.0 203
1677120287228 26516.0 204
1677120289446 26516.0 205
1677120289746 26516.0 206
1677120292005 26516.0 207
1677120292305 26516.0 208
1677120294627 26516.0 209
1677120294931 26516.0 210
1677120297157 26516.0 211
1677120297461 26516.0 212
1677120299701 26516.0 213
1677120300008 26516.0 214
1677120302209 26516.0 215
1677120302509 26516.0 216
1677120304829 26516.0 217
1677120305125 26516.0 218
1677120307411 26516.0 219
1677120307709 26516.0 220
1677120309967 26516.0 221
1677120310269 26516.0 222
1677120312501 26516.0 223
1677120312807 26516.0 224
1677120315085 26516.0 225
1677120315390 26516.0 226
1677120317665 26516.0 227
1677120317969 26516.0 228
1677120320221 26516.0 229
1677120320525 26516.0 230
1677120322739 26516.0 231
1677120323052 26516.0 232
1677120325280 26516.0 233
1677120325584 26516.0 234
1677120327774 26516.0 235
1677120328078 26516.0 236
1677120330328 26516.0 237
1677120330632 26516.0 238
1677120332878 26516.0 239
1677120333180 26516.0 240
1677120335415 26516.0 241
1677120335711 26516.0 242
1677120337857 26516.0 243
1677120338157 26516.0 244
1677120340363 26516.0 245
1677120340670 26516.0 246
1677120342942 26516.0 247
1677120343247 26516.0 248
1677120345692 26516.0 249
1677120346003 26516.0 250
1677120348253 26516.0 251
1677120348559 26516.0 252
1677120350792 26516.0 253
1677120351102 26516.0 254
1677120353334 26516.0 255
1677120353633 26516.0 256
1677120355914 26516.0 257
1677120356220 26516.0 258
1677120358635 26516.0 259
1677120358935 26516.0 260
1677120361178 26516.0 261
1677120361489 26516.0 262
1677120363744 26516.0 263
1677120364047 26516.0 264
1677120366272 26516.0 265
1677120366580 26516.0 266
1677120368836 26516.0 267
1677120369142 26516.0 268
1677120371370 26516.0 269
1677120371684 26516.0 270
1677120373927 26516.0 271
1677120374233 26516.0 272
1677120376438 26516.0 273
1677120376748 26516.0 274
1677120378951 26516.0 275
1677120379254 26516.0 276
1677120381505 26516.0 277
1677120381789 26516.0 278
1677120384080 26516.0 279
1677120384383 26516.0 280
1677120386606 26516.0 281
1677120386913 26516.0 282
1677120389115 26516.0 283
1677120389420 26516.0 284
1677120391649 26516.0 285
1677120391960 26516.0 286
1677120394237 26516.0 287
1677120394540 26516.0 288
1677120396778 26516.0 289
1677120397089 26516.0 290
1677120399322 26516.0 291
1677120399625 26516.0 292
1677120401817 26516.0 293
1677120402135 26516.0 294
1677120404364 26516.0 295
1677120404666 26516.0 296
1677120406957 26516.0 297
1677120407266 26516.0 298
1677120409516 26516.0 299
1677120409817 26516.0 300
1677120410122 26516.0 301
