1677120031528 1677120031.0 1
1677120031823 1677120031.0 2
1677120034075 1677120034.0 3
1677120034371 1677120034.0 4
1677120036620 1677120036.0 5
1677120036928 1677120036.0 6
1677120039192 1677120039.0 7
1677120039480 1677120039.0 8
1677120041725 1677120041.0 9
1677120042018 1677120041.0 10
1677120044240 1677120044.0 11
1677120044529 1677120044.0 12
1677120046796 1677120046.0 13
1677120047087 1677120047.0 14
1677120049332 1677120049.0 15
1677120049625 1677120049.0 16
1677120051850 1677120051.0 17
1677120052147 1677120052.0 18
1677120054334 1677120054.0 19
1677120054622 1677120054.0 20
1677120056815 1677120056.0 21
1677120057104 1677120057.0 22
1677120059309 1677120059.0 23
1677120059596 1677120059.0 24
1677120061812 1677120061.0 25
1677120062103 1677120062.0 26
1677120064298 1677120064.0 27
1677120064589 1677120064.0 28
1677120066821 1677120066.0 29
1677120067114 1677120067.0 30
1677120069287 1677120069.0 31
1677120069577 1677120069.0 32
1677120071793 1677120071.0 33
1677120072077 1677120072.0 34
1677120074289 1677120074.0 35
1677120074577 1677120074.0 36
1677120076817 1677120076.0 37
1677120077109 1677120077.0 38
1677120079318 1677120079.0 39
1677120079608 1677120079.0 40
1677120081776 1677120081.0 41
1677120082073 1677120082.0 42
1677120084266 1677120084.0 43
1677120084558 1677120084.0 44
1677120086823 1677120086.0 45
1677120087111 1677120087.0 46
1677120089338 1677120089.0 47
1677120089627 1677120089.0 48
1677120091790 1677120091.0 49
1677120092079 1677120092.0 50
1677120094255 1677120094.0 51
1677120094555 1677120094.0 52
1677120096768 1677120096.0 53
1677120097062 1677120097.0 54
1677120099306 1677120099.0 55
1677120099605 1677120099.0 56
1677120101840 1677120101.0 57
1677120102131 1677120102.0 58
1677120104331 1677120104.0 59
1677120104625 1677120104.0 60
1677120106836 1677120106.0 61
1677120107123 1677120107.0 62
1677120109297 1677120109.0 63
1677120109592 1677120109.0 64
1677120111811 1677120111.0 65
1677120112107 1677120112.0 66
1677120114351 1677120114.0 67
1677120114645 1677120114.0 68
1677120116891 1677120116.0 69
1677120117181 1677120117.0 70
1677120119365 1677120119.0 71
1677120119659 1677120119.0 72
1677120121850 1677120121.0 73
1677120122139 1677120122.0 74
1677120124355 1677120124.0 75
1677120124646 1677120124.0 76
1677120126951 1677120126.0 77
1677120127247 1677120127.0 78
1677120129475 1677120129.0 79
1677120129769 1677120129.0 80
1677120131968 1677120131.0 81
1677120132272 1677120132.0 82
1677120134464 1677120134.0 83
1677120134761 1677120134.0 84
1677120137004 1677120136.0 85
1677120137305 1677120137.0 86
1677120139532 1677120139.0 87
1677120139831 1677120139.0 88
1677120142036 1677120142.0 89
1677120142335 1677120142.0 90
1677120144491 1677120144.0 91
1677120144787 1677120144.0 92
1677120146994 1677120146.0 93
1677120147287 1677120147.0 94
1677120149508 1677120149.0 95
1677120149806 1677120149.0 96
1677120152017 1677120151.0 97
1677120152309 1677120152.0 98
1677120154516 1677120154.0 99
1677120154814 1677120154.0 100
1677120157014 1677120157.0 101
1677120157316 1677120157.0 102
1677120159510 1677120159.0 103
1677120159806 1677120159.0 104
1677120162047 1677120161.0 105
1677120162347 1677120162.0 106
1677120164616 1677120164.0 107
1677120164913 1677120164.0 108
1677120167206 1677120167.0 109
1677120167516 1677120167.0 110
1677120169708 1677120169.0 111
1677120170004 1677120169.0 112
1677120172192 1677120172.0 113
1677120172495 1677120172.0 114
1677120174757 1677120174.0 115
1677120175059 1677120175.0 116
1677120177380 1677120177.0 117
1677120177681 1677120177.0 118
1677120179989 1677120179.0 119
1677120180297 1677120180.0 120
1677120182502 1677120182.0 121
1677120182803 1677120182.0 122
1677120184997 1677120184.0 123
1677120185307 1677120185.0 124
1677120187509 1677120187.0 125
1677120187804 1677120187.0 126
1677120190142 1677120190.0 127
1677120190450 1677120190.0 128
1677120192702 1677120192.0 129
1677120193006 1677120192.0 130
1677120195210 1677120195.0 131
1677120195516 1677120195.0 132
1677120197721 1677120197.0 133
1677120198021 1677120197.0 134
1677120200292 1677120200.0 135
1677120200607 1677120200.0 136
1677120202810 1677120202.0 137
1677120203106 1677120203.0 138
1677120205360 1677120205.0 139
1677120205671 1677120205.0 140
1677120207874 1677120207.0 141
1677120208169 1677120208.0 142
1677120210406 1677120210.0 143
1677120210707 1677120210.0 144
1677120212993 1677120212.0 145
1677120213298 1677120213.0 146
1677120215540 1677120215.0 147
1677120215843 1677120215.0 148
1677120218078 1677120218.0 149
1677120218370 1677120218.0 150
1677120220592 1677120220.0 151
1677120220896 1677120220.0 152
1677120223187 1677120223.0 153
1677120223486 1677120223.0 154
1677120225730 1677120225.0 155
1677120226038 1677120225.0 156
1677120228348 1677120228.0 157
1677120228646 1677120228.0 158
1677120230933 1677120230.0 159
1677120231258 1677120231.0 160
1677120233430 1677120233.0 161
1677120233726 1677120233.0 162
1677120235937 1677120235.0 163
1677120236238 1677120236.0 164
1677120238508 1677120238.0 165
1677120238801 1677120238.0 166
1677120241072 1677120241.0 167
1677120241399 1677120241.0 168
1677120243666 1677120243.0 169
1677120243962 1677120243.0 170
1677120246180 1677120246.0 171
1677120246477 1677120246.0 172
1677120248686 1677120248.0 173
1677120248989 1677120248.0 174
1677120251213 1677120251.0 175
1677120251514 1677120251.0 176
1677120253874 1677120253.0 177
1677120254186 1677120254.0 178
1677120256416 1677120256.0 179
1677120256715 1677120256.0 180
1677120258946 1677120258.0 181
1677120259245 1677120259.0 182
1677120261462 1677120261.0 183
1677120261729 1677120261.0 184
1677120264012 1677120263.0 185
1677120264313 1677120264.0 186
1677120266539 1677120266.0 187
1677120266837 1677120266.0 188
1677120269087 1677120269.0 189
1677120269380 1677120269.0 190
1677120271572 1677120271.0 191
1677120271872 1677120271.0 192
1677120274119 1677120274.0 193
1677120274416 1677120274.0 194
1677120276614 1677120276.0 195
1677120276915 1677120276.0 196
1677120279170 1677120279.0 197
1677120279470 1677120279.0 198
1677120281746 1677120281.0 199
1677120282047 1677120281.0 200
1677120284329 1677120284.0 201
1677120284628 1677120284.0 202
1677120286926 1677120286.0 203
1677120287226 1677120287.0 204
1677120289443 1677120289.0 205
1677120289744 1677120289.0 206
1677120292002 1677120291.0 207
1677120292301 1677120292.0 208
1677120294624 1677120294.0 209
1677120294928 1677120294.0 210
1677120297154 1677120297.0 211
1677120297458 1677120297.0 212
1677120299698 1677120299.0 213
1677120300005 1677120299.0 214
1677120302207 1677120302.0 215
1677120302506 1677120302.0 216
1677120304826 1677120304.0 217
1677120305123 1677120305.0 218
1677120307408 1677120307.0 219
1677120307707 1677120307.0 220
1677120309965 1677120309.0 221
1677120310266 1677120310.0 222
1677120312499 1677120312.0 223
1677120312804 1677120312.0 224
1677120315082 1677120315.0 225
1677120315387 1677120315.0 226
1677120317661 1677120317.0 227
1677120317967 1677120317.0 228
1677120320219 1677120320.0 229
1677120320522 1677120320.0 230
1677120322736 1677120322.0 231
1677120323048 1677120322.0 232
1677120325278 1677120325.0 233
1677120325582 1677120325.0 234
1677120327772 1677120327.0 235
1677120328075 1677120328.0 236
1677120330325 1677120330.0 237
1677120330630 1677120330.0 238
1677120332875 1677120332.0 239
1677120333177 1677120333.0 240
1677120335413 1677120335.0 241
1677120335709 1677120335.0 242
1677120337853 1677120337.0 243
1677120338156 1677120338.0 244
1677120340360 1677120340.0 245
1677120340668 1677120340.0 246
1677120342939 1677120342.0 247
1677120343244 1677120343.0 248
1677120345689 1677120345.0 249
1677120346000 1677120345.0 250
1677120348249 1677120348.0 251
1677120348556 1677120348.0 252
1677120350789 1677120350.0 253
1677120351100 1677120351.0 254
1677120353331 1677120353.0 255
1677120353630 1677120353.0 256
1677120355911 1677120355.0 257
1677120356218 1677120356.0 258
1677120358632 1677120358.0 259
1677120358932 1677120358.0 260
1677120361175 1677120361.0 261
1677120361487 1677120361.0 262
1677120363740 1677120363.0 263
1677120364044 1677120363.0 264
1677120366269 1677120366.0 265
1677120366577 1677120366.0 266
1677120368833 1677120368.0 267
1677120369139 1677120369.0 268
1677120371367 1677120371.0 269
1677120371682 1677120371.0 270
1677120373924 1677120373.0 271
1677120374231 1677120374.0 272
1677120376435 1677120376.0 273
1677120376745 1677120376.0 274
1677120378948 1677120378.0 275
1677120379251 1677120379.0 276
1677120381502 1677120381.0 277
1677120381786 1677120381.0 278
1677120384077 1677120384.0 279
1677120384380 1677120384.0 280
1677120386603 1677120386.0 281
1677120386910 1677120386.0 282
1677120389112 1677120389.0 283
1677120389418 1677120389.0 284
1677120391646 1677120391.0 285
1677120391957 1677120391.0 286
1677120394234 1677120394.0 287
1677120394537 1677120394.0 288
1677120396775 1677120396.0 289
1677120397086 1677120397.0 290
1677120399319 1677120399.0 291
1677120399623 1677120399.0 292
1677120401814 1677120401.0 293
1677120402132 1677120402.0 294
1677120404360 1677120404.0 295
1677120404663 1677120404.0 296
1677120406955 1677120406.0 297
1677120407263 1677120407.0 298
1677120409507 1677120409.0 299
1677120409814 1677120409.0 300
1677120410119 1677120410.0 301
