1677120031534 0.0 1
1677120031827 0.0 2
1677120034081 0.0 3
1677120034377 0.0 4
1677120036627 0.0 5
1677120036933 0.0 6
1677120039197 0.0 7
1677120039486 0.0 8
1677120041730 0.0 9
1677120042024 0.0 10
1677120044245 0.0 11
1677120044534 0.0 12
1677120046802 0.0 13
1677120047093 0.0 14
1677120049339 0.0 15
1677120049630 0.0 16
1677120051856 0.0 17
1677120052153 0.0 18
1677120054341 0.0 19
1677120054627 0.0 20
1677120056821 0.0 21
1677120057110 0.0 22
1677120059314 0.0 23
1677120059601 0.0 24
1677120061817 0.0 25
1677120062109 0.0 26
1677120064304 0.0 27
1677120064594 0.0 28
1677120066827 0.0 29
1677120067120 0.0 30
1677120069292 0.0 31
1677120069583 0.0 32
1677120071799 0.0 33
1677120072082 0.0 34
1677120074294 0.0 35
1677120074582 0.0 36
1677120076823 0.0 37
1677120077115 0.0 38
1677120079323 0.0 39
1677120079613 0.0 40
1677120081782 0.0 41
1677120082079 0.0 42
1677120084271 0.0 43
1677120084563 0.0 44
1677120086829 0.0 45
1677120087117 0.0 46
1677120089343 0.0 47
1677120089633 0.0 48
1677120091796 0.0 49
1677120092085 0.0 50
1677120094260 0.0 51
1677120094560 0.0 52
1677120096774 0.0 53
1677120097069 0.0 54
1677120099311 0.0 55
1677120099611 0.0 56
1677120101845 0.0 57
1677120102136 0.0 58
1677120104337 0.0 59
1677120104631 0.0 60
1677120106842 0.0 61
1677120107129 0.0 62
1677120109303 0.0 63
1677120109598 0.0 64
1677120111817 0.0 65
1677120112113 0.0 66
1677120114356 0.0 67
1677120114650 0.0 68
1677120116897 0.0 69
1677120117186 0.0 70
1677120119371 0.0 71
1677120119664 0.0 72
1677120121856 0.0 73
1677120122145 0.0 74
1677120124360 0.0 75
1677120124652 0.0 76
1677120126957 0.0 77
1677120127253 0.0 78
1677120129481 0.0 79
1677120129774 0.0 80
1677120131974 0.0 81
1677120132277 0.0 82
1677120134470 0.0 83
1677120134767 0.0 84
1677120137010 0.0 85
1677120137310 0.0 86
1677120139538 0.0 87
1677120139837 0.0 88
1677120142042 0.0 89
1677120142340 0.0 90
1677120144496 0.0 91
1677120144792 0.0 92
1677120146999 0.0 93
1677120147293 0.0 94
1677120149513 0.0 95
1677120149811 0.0 96
1677120152022 0.0 97
1677120152314 0.0 98
1677120154522 0.0 99
1677120154819 0.0 100
1677120157019 0.0 101
1677120157322 0.0 102
1677120159516 0.0 103
1677120159811 0.0 104
1677120162052 0.0 105
1677120162353 0.0 106
1677120164622 0.0 107
1677120164918 0.0 108
1677120167212 0.0 109
1677120167522 0.0 110
1677120169713 0.0 111
1677120170009 0.0 112
1677120172198 0.0 113
1677120172501 0.0 114
1677120174763 0.0 115
1677120175066 0.0 116
1677120177385 0.0 117
1677120177687 0.0 118
1677120179994 0.0 119
1677120180302 0.0 120
1677120182507 0.0 121
1677120182809 0.0 122
1677120185003 0.0 123
1677120185312 0.0 124
1677120187515 0.0 125
1677120187809 0.0 126
1677120190154 0.0 127
1677120190456 0.0 128
1677120192707 0.0 129
1677120193012 0.0 130
1677120195215 0.0 131
1677120195521 0.0 132
1677120197726 0.0 133
1677120198026 0.0 134
1677120200298 0.0 135
1677120200613 0.0 136
1677120202816 0.0 137
1677120203111 0.0 138
1677120205366 0.0 139
1677120205676 0.0 140
1677120207879 0.0 141
1677120208175 0.0 142
1677120210411 0.0 143
1677120210712 0.0 144
1677120212998 0.0 145
1677120213304 0.0 146
1677120215545 0.0 147
1677120215849 0.0 148
1677120218083 0.0 149
1677120218376 0.0 150
1677120220597 0.0 151
1677120220901 0.0 152
1677120223192 0.0 153
1677120223492 0.0 154
1677120225736 0.0 155
1677120226044 0.0 156
1677120228354 0.0 157
1677120228652 0.0 158
1677120230938 0.0 159
1677120231263 0.0 160
1677120233436 0.0 161
1677120233739 0.0 162
1677120235942 0.0 163
1677120236244 0.0 164
1677120238513 0.0 165
1677120238807 0.0 166
1677120241078 0.0 167
1677120241405 0.0 168
1677120243671 0.0 169
1677120243967 0.0 170
1677120246185 0.0 171
1677120246482 0.0 172
1677120248692 0.0 173
1677120248995 0.0 174
1677120251218 0.0 175
1677120251521 0.0 176
1677120253880 0.0 177
1677120254191 0.0 178
1677120256421 0.0 179
1677120256720 0.0 180
1677120258952 0.0 181
1677120259250 0.0 182
1677120261468 0.0 183
1677120261734 0.0 184
1677120264018 0.0 185
1677120264319 0.0 186
1677120266544 0.0 187
1677120266842 0.0 188
1677120269092 0.0 189
1677120269387 0.0 190
1677120271578 0.0 191
1677120271877 0.0 192
1677120274125 0.0 193
1677120274421 0.0 194
1677120276619 0.0 195
1677120276921 0.0 196
1677120279175 0.0 197
1677120279476 0.0 198
1677120281751 0.0 199
1677120282052 0.0 200
1677120284336 0.0 201
1677120284633 0.0 202
1677120286931 0.0 203
1677120287231 0.0 204
1677120289448 0.0 205
1677120289749 0.0 206
1677120292008 0.0 207
1677120292307 0.0 208
1677120294630 0.0 209
1677120294934 0.0 210
1677120297159 0.0 211
1677120297464 0.0 212
1677120299704 0.0 213
1677120300011 0.0 214
1677120302212 0.0 215
1677120302512 0.0 216
1677120304832 0.0 217
1677120305128 0.0 218
1677120307414 0.0 219
1677120307712 0.0 220
1677120309970 0.0 221
1677120310272 0.0 222
1677120312504 0.0 223
1677120312810 0.0 224
1677120315088 0.0 225
1677120315393 0.0 226
1677120317667 0.0 227
1677120317973 0.0 228
1677120320224 0.0 229
1677120320528 0.0 230
1677120322741 0.0 231
1677120323059 0.0 232
1677120325283 0.0 233
1677120325586 0.0 234
1677120327777 0.0 235
1677120328081 0.0 236
1677120330331 0.0 237
1677120330635 0.0 238
1677120332880 0.0 239
1677120333185 0.0 240
1677120335418 0.0 241
1677120335714 0.0 242
1677120337858 0.0 243
1677120338160 0.0 244
1677120340366 0.0 245
1677120340674 0.0 246
1677120342945 0.0 247
1677120343249 0.0 248
1677120345695 0.0 249
1677120346006 0.0 250
1677120348255 0.0 251
1677120348561 0.0 252
1677120350795 0.0 253
1677120351105 0.0 254
1677120353337 0.0 255
1677120353636 0.0 256
1677120355916 0.0 257
1677120356224 0.0 258
1677120358637 0.0 259
1677120358938 0.0 260
1677120361180 0.0 261
1677120361491 0.0 262
1677120363745 0.0 263
1677120364049 0.0 264
1677120366275 0.0 265
1677120366583 0.0 266
1677120368839 0.0 267
1677120369145 0.0 268
1677120371372 0.0 269
1677120371687 0.0 270
1677120373930 0.0 271
1677120374236 0.0 272
1677120376440 0.0 273
1677120376750 0.0 274
1677120378954 0.0 275
1677120379257 0.0 276
1677120381508 0.0 277
1677120381791 0.0 278
1677120384083 0.0 279
1677120384386 0.0 280
1677120386609 0.0 281
1677120386916 0.0 282
1677120389117 0.0 283
1677120389423 0.0 284
1677120391652 0.0 285
1677120391963 0.0 286
1677120394240 0.0 287
1677120394542 0.0 288
1677120396780 0.0 289
1677120397091 0.0 290
1677120399325 0.0 291
1677120399628 0.0 292
1677120401821 0.0 293
1677120402138 0.0 294
1677120404366 0.0 295
1677120404669 0.0 296
1677120406960 0.0 297
1677120407268 0.0 298
1677120409519 0.0 299
1677120409820 0.0 300
1677120410124 0.0 301
