1677119247404 0.0 1
1677119247666 0.0 2
1677119248958 0.0 3
1677119249216 0.0 4
1677119250594 0.0 5
1677119250855 0.0 6
1677119252158 0.0 7
1677119252411 0.0 8
1677119253700 0.0 9
1677119253965 0.0 10
1677119255283 0.0 11
1677119255543 0.0 12
1677119256807 0.0 13
1677119257063 0.0 14
1677119258358 0.0 15
1677119258682 0.0 16
1677119259981 0.0 17
1677119260248 0.0 18
1677119261537 0.0 19
1677119261791 0.0 20
1677119263059 0.0 21
1677119263322 0.0 22
1677119264607 0.0 23
1677119264861 0.0 24
1677119266174 0.0 25
1677119266450 0.0 26
1677119267824 0.0 27
1677119268079 0.0 28
1677119269366 0.0 29
1677119269630 0.0 30
1677119270914 0.0 31
1677119271168 0.0 32
1677119272441 0.0 33
1677119272709 0.0 34
1677119274008 0.0 35
1677119274269 0.0 36
1677119275584 0.0 37
1677119275915 0.0 38
1677119277183 0.0 39
1677119277436 0.0 40
1677119278702 0.0 41
1677119278975 0.0 42
1677119280251 0.0 43
1677119280509 0.0 44
1677119281794 0.0 45
1677119282052 0.0 46
1677119283328 0.0 47
1677119283585 0.0 48
1677119284937 0.0 49
1677119285203 0.0 50
1677119286494 0.0 51
1677119286738 0.0 52
1677119288021 0.0 53
1677119288285 0.0 54
1677119289593 0.0 55
1677119289856 0.0 56
1677119291137 0.0 57
1677119291405 0.0 58
1677119292680 0.0 59
1677119292936 0.0 60
1677119294285 0.0 61
1677119294541 0.0 62
1677119295828 0.0 63
1677119296088 0.0 64
1677119297371 0.0 65
1677119297643 0.0 66
1677119298935 0.0 67
1677119299198 0.0 68
1677119300493 0.0 69
1677119300779 0.0 70
1677119302096 0.0 71
1677119302358 0.0 72
1677119303639 0.0 73
1677119303910 0.0 74
1677119305188 0.0 75
1677119305446 0.0 76
1677119306734 0.0 77
1677119307000 0.0 78
1677119308287 0.0 79
1677119308545 0.0 80
1677119309829 0.0 81
1677119310097 0.0 82
1677119311495 0.0 83
1677119311761 0.0 84
1677119313039 0.0 85
1677119313302 0.0 86
1677119314596 0.0 87
1677119314856 0.0 88
1677119316145 0.0 89
1677119316406 0.0 90
1677119317667 0.0 91
1677119317931 0.0 92
1677119319293 0.0 93
1677119319577 0.0 94
1677119320854 0.0 95
1677119321122 0.0 96
1677119322389 0.0 97
1677119322651 0.0 98
1677119323925 0.0 99
1677119324187 0.0 100
1677119325460 0.0 101
1677119325724 0.0 102
1677119326986 0.0 103
1677119327253 0.0 104
1677119328592 0.0 105
1677119328853 0.0 106
1677119330125 0.0 107
1677119330388 0.0 108
1677119331646 0.0 109
1677119331911 0.0 110
1677119333191 0.0 111
1677119333498 0.0 112
1677119334779 0.0 113
1677119335040 0.0 114
1677119336407 0.0 115
1677119336676 0.0 116
1677119337964 0.0 117
1677119338227 0.0 118
1677119339516 0.0 119
1677119339778 0.0 120
1677119341059 0.0 121
1677119341322 0.0 122
1677119342608 0.0 123
1677119342894 0.0 124
1677119344164 0.0 125
1677119344434 0.0 126
1677119345779 0.0 127
1677119346041 0.0 128
1677119347309 0.0 129
1677119347580 0.0 130
1677119348866 0.0 131
1677119349129 0.0 132
1677119350411 0.0 133
1677119350677 0.0 134
1677119351989 0.0 135
1677119352251 0.0 136
1677119353614 0.0 137
1677119353877 0.0 138
1677119355161 0.0 139
1677119355424 0.0 140
1677119356726 0.0 141
1677119356991 0.0 142
1677119358273 0.0 143
1677119358534 0.0 144
1677119359816 0.0 145
1677119360075 0.0 146
1677119361382 0.0 147
1677119361625 0.0 148
1677119362976 0.0 149
1677119363241 0.0 150
1677119364515 0.0 151
1677119364777 0.0 152
1677119366058 0.0 153
1677119366318 0.0 154
1677119367592 0.0 155
1677119367864 0.0 156
1677119369157 0.0 157
1677119369422 0.0 158
1677119370715 0.0 159
1677119371056 0.0 160
1677119372375 0.0 161
1677119372640 0.0 162
1677119373922 0.0 163
1677119374182 0.0 164
1677119375458 0.0 165
1677119375718 0.0 166
1677119376964 0.0 167
1677119377223 0.0 168
1677119378506 0.0 169
1677119378782 0.0 170
1677119380156 0.0 171
1677119380427 0.0 172
1677119381749 0.0 173
1677119382019 0.0 174
1677119383301 0.0 175
1677119383564 0.0 176
1677119384858 0.0 177
1677119385122 0.0 178
1677119386410 0.0 179
1677119386679 0.0 180
1677119387953 0.0 181
1677119388295 0.0 182
1677119389585 0.0 183
1677119389884 0.0 184
1677119391169 0.0 185
1677119391433 0.0 186
1677119392681 0.0 187
1677119392944 0.0 188
1677119394235 0.0 189
1677119394500 0.0 190
1677119395780 0.0 191
1677119396058 0.0 192
1677119397427 0.0 193
1677119397695 0.0 194
1677119399011 0.0 195
1677119399283 0.0 196
1677119400583 0.0 197
1677119400858 0.0 198
1677119402165 0.0 199
1677119402436 0.0 200
1677119403748 0.0 201
1677119404018 0.0 202
1677119405316 0.0 203
1677119405662 0.0 204
1677119406918 0.0 205
1677119407190 0.0 206
1677119408493 0.0 207
1677119408761 0.0 208
1677119410036 0.0 209
1677119410301 0.0 210
1677119411581 0.0 211
1677119411844 0.0 212
1677119413129 0.0 213
1677119413403 0.0 214
1677119414777 0.0 215
1677119415040 0.0 216
1677119416329 0.0 217
1677119416598 0.0 218
1677119417898 0.0 219
1677119418165 0.0 220
1677119419494 0.0 221
1677119419768 0.0 222
1677119421057 0.0 223
1677119421328 0.0 224
1677119422605 0.0 225
1677119422875 0.0 226
1677119424239 0.0 227
1677119424512 0.0 228
1677119425794 0.0 229
1677119426064 0.0 230
1677119427352 0.0 231
1677119427626 0.0 232
1677119428951 0.0 233
1677119429225 0.0 234
1677119430504 0.0 235
1677119430779 0.0 236
1677119432133 0.0 237
1677119432406 0.0 238
1677119433712 0.0 239
1677119433986 0.0 240
1677119435279 0.0 241
1677119435547 0.0 242
1677119436820 0.0 243
1677119437091 0.0 244
1677119438417 0.0 245
1677119438689 0.0 246
1677119439972 0.0 247
1677119440241 0.0 248
1677119441587 0.0 249
1677119441868 0.0 250
1677119443155 0.0 251
1677119443424 0.0 252
1677119444716 0.0 253
1677119444981 0.0 254
1677119446272 0.0 255
1677119446541 0.0 256
1677119447822 0.0 257
1677119448098 0.0 258
1677119449491 0.0 259
1677119449765 0.0 260
1677119451054 0.0 261
1677119451322 0.0 262
1677119452587 0.0 263
1677119452857 0.0 264
1677119454147 0.0 265
1677119454417 0.0 266
1677119455697 0.0 267
1677119455964 0.0 268
1677119457248 0.0 269
1677119457519 0.0 270
1677119458863 0.0 271
1677119459166 0.0 272
1677119460465 0.0 273
1677119460739 0.0 274
1677119462041 0.0 275
1677119462313 0.0 276
1677119463613 0.0 277
1677119463880 0.0 278
1677119465186 0.0 279
1677119465457 0.0 280
1677119466728 0.0 281
1677119467075 0.0 282
1677119468382 0.0 283
1677119468655 0.0 284
1677119469947 0.0 285
1677119470223 0.0 286
1677119471516 0.0 287
1677119471791 0.0 288
1677119473089 0.0 289
1677119473358 0.0 290
1677119474637 0.0 291
1677119474905 0.0 292
1677119476257 0.0 293
1677119476542 0.0 294
1677119477858 0.0 295
1677119478134 0.0 296
1677119479435 0.0 297
1677119479706 0.0 298
1677119480998 0.0 299
1677119481273 0.0 300
1677119481555 0.0 301
