1677102165506 0.0 1
1677102165687 0.0 2
1677102166611 0.0 3
1677102166787 0.0 4
1677102167627 0.0 5
1677102167799 0.0 6
1677102168646 0.0 7
1677102168822 0.0 8
1677102169681 0.0 9
1677102169854 0.0 10
1677102170706 0.0 11
1677102170892 0.0 12
1677102171773 0.0 13
1677102171950 0.0 14
1677102172864 0.0 15
1677102173036 0.0 16
1677102173904 0.0 17
1677102174083 0.0 18
1677102174957 0.0 19
1677102175133 0.0 20
1677102175973 0.0 21
1677102176155 0.0 22
1677102177049 0.0 23
1677102177227 0.0 24
1677102178086 0.0 25
1677102178345 0.0 26
1677102179234 0.0 27
1677102179409 0.0 28
1677102180260 0.0 29
1677102180449 0.0 30
1677102181306 0.0 31
1677102181486 0.0 32
1677102182321 0.0 33
1677102182497 0.0 34
1677102183401 0.0 35
1677102183580 0.0 36
1677102184528 0.0 37
1677102184703 0.0 38
1677102185572 0.0 39
1677102185750 0.0 40
1677102186622 0.0 41
1677102186815 0.0 42
1677102187717 0.0 43
1677102187925 0.0 44
1677102188861 0.0 45
1677102189047 0.0 46
1677102189921 0.0 47
1677102190109 0.0 48
1677102191084 0.0 49
1677102191263 0.0 50
1677102192189 0.0 51
1677102192389 0.0 52
1677102193288 0.0 53
1677102193496 0.0 54
1677102194444 0.0 55
1677102194631 0.0 56
1677102195499 0.0 57
1677102195678 0.0 58
1677102196523 0.0 59
1677102196702 0.0 60
1677102197662 0.0 61
1677102197843 0.0 62
1677102198739 0.0 63
1677102198918 0.0 64
1677102199801 0.0 65
1677102199982 0.0 66
1677102200843 0.0 67
1677102201034 0.0 68
1677102201969 0.0 69
1677102202147 0.0 70
1677102203082 0.0 71
1677102203267 0.0 72
1677102204146 0.0 73
1677102204326 0.0 74
1677102205172 0.0 75
1677102205357 0.0 76
1677102206306 0.0 77
1677102206495 0.0 78
1677102207355 0.0 79
1677102207535 0.0 80
1677102208378 0.0 81
1677102208566 0.0 82
1677102209494 0.0 83
1677102209674 0.0 84
1677102210527 0.0 85
1677102210710 0.0 86
1677102211574 0.0 87
1677102211753 0.0 88
1677102212622 0.0 89
1677102212800 0.0 90
1677102213662 0.0 91
1677102213857 0.0 92
1677102214716 0.0 93
1677102214902 0.0 94
1677102215856 0.0 95
1677102216037 0.0 96
1677102216899 0.0 97
1677102217080 0.0 98
1677102217947 0.0 99
1677102218124 0.0 100
1677102218990 0.0 101
1677102219212 0.0 102
1677102220095 0.0 103
1677102220277 0.0 104
1677102221131 0.0 105
1677102221390 0.0 106
1677102222222 0.0 107
1677102222404 0.0 108
1677102223244 0.0 109
1677102223419 0.0 110
1677102224305 0.0 111
1677102224509 0.0 112
1677102225353 0.0 113
1677102225535 0.0 114
1677102226402 0.0 115
1677102226585 0.0 116
1677102227515 0.0 117
1677102227695 0.0 118
1677102228591 0.0 119
1677102228782 0.0 120
1677102229705 0.0 121
1677102229894 0.0 122
1677102230785 0.0 123
1677102230967 0.0 124
1677102231832 0.0 125
1677102232016 0.0 126
1677102232882 0.0 127
1677102233074 0.0 128
1677102234054 0.0 129
1677102234235 0.0 130
1677102235090 0.0 131
1677102235274 0.0 132
1677102236116 0.0 133
1677102236295 0.0 134
1677102237126 0.0 135
1677102237312 0.0 136
1677102238257 0.0 137
1677102238509 0.0 138
1677102239373 0.0 139
1677102239556 0.0 140
1677102240563 0.0 141
1677102240764 0.0 142
1677102241651 0.0 143
1677102241843 0.0 144
1677102242844 0.0 145
1677102243027 0.0 146
1677102243966 0.0 147
1677102244158 0.0 148
1677102245031 0.0 149
1677102245220 0.0 150
1677102246066 0.0 151
1677102246343 0.0 152
1677102247242 0.0 153
1677102247425 0.0 154
1677102248337 0.0 155
1677102248522 0.0 156
1677102249389 0.0 157
1677102249573 0.0 158
1677102250434 0.0 159
1677102250619 0.0 160
1677102251522 0.0 161
1677102251708 0.0 162
1677102252632 0.0 163
1677102252811 0.0 164
1677102253673 0.0 165
1677102253857 0.0 166
1677102254711 0.0 167
1677102254897 0.0 168
1677102255817 0.0 169
1677102255996 0.0 170
1677102256855 0.0 171
1677102257047 0.0 172
1677102257898 0.0 173
1677102258079 0.0 174
1677102259039 0.0 175
1677102259223 0.0 176
1677102260123 0.0 177
1677102260309 0.0 178
1677102261173 0.0 179
1677102261371 0.0 180
1677102262224 0.0 181
1677102262415 0.0 182
1677102263319 0.0 183
1677102263525 0.0 184
1677102264437 0.0 185
1677102264620 0.0 186
1677102265571 0.0 187
1677102265755 0.0 188
1677102266642 0.0 189
1677102266829 0.0 190
1677102267684 0.0 191
1677102267872 0.0 192
1677102268770 0.0 193
1677102268950 0.0 194
1677102269873 0.0 195
1677102270059 0.0 196
1677102270903 0.0 197
1677102271163 0.0 198
1677102272008 0.0 199
1677102272189 0.0 200
1677102273062 0.0 201
1677102273256 0.0 202
1677102274116 0.0 203
1677102274298 0.0 204
1677102275139 0.0 205
1677102275320 0.0 206
1677102276170 0.0 207
1677102276352 0.0 208
1677102277317 0.0 209
1677102277509 0.0 210
1677102278362 0.0 211
1677102278552 0.0 212
1677102279396 0.0 213
1677102279578 0.0 214
1677102280430 0.0 215
1677102280614 0.0 216
1677102281465 0.0 217
1677102281657 0.0 218
1677102282535 0.0 219
1677102282717 0.0 220
1677102283706 0.0 221
1677102283901 0.0 222
1677102284771 0.0 223
1677102284955 0.0 224
1677102285849 0.0 225
1677102286036 0.0 226
1677102286920 0.0 227
1677102287113 0.0 228
1677102287967 0.0 229
1677102288155 0.0 230
1677102289017 0.0 231
1677102289293 0.0 232
1677102290147 0.0 233
1677102290342 0.0 234
1677102291311 0.0 235
1677102291503 0.0 236
1677102292382 0.0 237
1677102292573 0.0 238
1677102293484 0.0 239
1677102293678 0.0 240
1677102294603 0.0 241
1677102294800 0.0 242
1677102295815 0.0 243
1677102295995 0.0 244
1677102296876 0.0 245
1677102297067 0.0 246
1677102297933 0.0 247
1677102298119 0.0 248
1677102298992 0.0 249
1677102299175 0.0 250
1677102300079 0.0 251
1677102300287 0.0 252
1677102301177 0.0 253
1677102301369 0.0 254
1677102302405 0.0 255
1677102302606 0.0 256
1677102303556 0.0 257
1677102303769 0.0 258
1677102304769 0.0 259
1677102304958 0.0 260
1677102305913 0.0 261
1677102306145 0.0 262
1677102307064 0.0 263
1677102307270 0.0 264
1677102308188 0.0 265
1677102308384 0.0 266
1677102309537 0.0 267
1677102309750 0.0 268
1677102310674 0.0 269
1677102310863 0.0 270
1677102311719 0.0 271
1677102311913 0.0 272
1677102312843 0.0 273
1677102313047 0.0 274
1677102314119 0.0 275
1677102314360 0.0 276
1677102315402 0.0 277
1677102315684 0.0 278
1677102316660 0.0 279
1677102316857 0.0 280
1677102317760 0.0 281
1677102317958 0.0 282
1677102318931 0.0 283
1677102319122 0.0 284
1677102320193 0.0 285
1677102320475 0.0 286
1677102321528 0.0 287
1677102321723 0.0 288
1677102322724 0.0 289
1677102322942 0.0 290
1677102323871 0.0 291
1677102324071 0.0 292
1677102324969 0.0 293
1677102325162 0.0 294
1677102326048 0.0 295
1677102326256 0.0 296
1677102327193 0.0 297
1677102327405 0.0 298
1677102328329 0.0 299
1677102328576 0.0 300
1677102328766 0.0 301
