1677102165514 27464.0 1
1677102165692 27464.0 2
1677102166616 27464.0 3
1677102166792 27464.0 4
1677102167633 27464.0 5
1677102167804 27464.0 6
1677102168651 27464.0 7
1677102168827 27464.0 8
1677102169685 27464.0 9
1677102169860 27464.0 10
1677102170712 27464.0 11
1677102170897 27464.0 12
1677102171779 27464.0 13
1677102171955 27464.0 14
1677102172869 27464.0 15
1677102173040 27464.0 16
1677102173910 27464.0 17
1677102174088 27464.0 18
1677102174962 27464.0 19
1677102175139 27464.0 20
1677102175979 27464.0 21
1677102176160 27464.0 22
1677102177054 27464.0 23
1677102177232 27464.0 24
1677102178091 27464.0 25
1677102178351 27464.0 26
1677102179239 27464.0 27
1677102179413 27464.0 28
1677102180265 27464.0 29
1677102180454 27464.0 30
1677102181310 27464.0 31
1677102181491 27464.0 32
1677102182326 27464.0 33
1677102182503 27464.0 34
1677102183405 27464.0 35
1677102183585 27464.0 36
1677102184533 27464.0 37
1677102184708 27464.0 38
1677102185578 27464.0 39
1677102185757 27464.0 40
1677102186627 27464.0 41
1677102186822 27464.0 42
1677102187722 27464.0 43
1677102187932 27464.0 44
1677102188867 27464.0 45
1677102189052 27464.0 46
1677102189927 27464.0 47
1677102190114 27464.0 48
1677102191090 27464.0 49
1677102191270 27464.0 50
1677102192194 27464.0 51
1677102192394 27464.0 52
1677102193293 27464.0 53
1677102193501 27464.0 54
1677102194449 27464.0 55
1677102194635 27464.0 56
1677102195504 27464.0 57
1677102195683 27464.0 58
1677102196528 27464.0 59
1677102196707 27464.0 60
1677102197667 27464.0 61
1677102197849 27464.0 62
1677102198744 27464.0 63
1677102198924 27464.0 64
1677102199806 27464.0 65
1677102199988 27464.0 66
1677102200848 27464.0 67
1677102201040 27464.0 68
1677102201975 27464.0 69
1677102202152 27464.0 70
1677102203087 27464.0 71
1677102203272 27464.0 72
1677102204150 27464.0 73
1677102204331 27464.0 74
1677102205177 27464.0 75
1677102205362 27464.0 76
1677102206312 27464.0 77
1677102206500 27464.0 78
1677102207360 27464.0 79
1677102207540 27464.0 80
1677102208383 27464.0 81
1677102208571 27464.0 82
1677102209500 27464.0 83
1677102209679 27464.0 84
1677102210534 27464.0 85
1677102210716 27464.0 86
1677102211580 27464.0 87
1677102211757 27464.0 88
1677102212627 27464.0 89
1677102212805 27464.0 90
1677102213667 27464.0 91
1677102213862 27464.0 92
1677102214723 27464.0 93
1677102214907 27464.0 94
1677102215861 27464.0 95
1677102216041 27464.0 96
1677102216904 27464.0 97
1677102217085 27464.0 98
1677102217952 27464.0 99
1677102218130 27464.0 100
1677102218995 27464.0 101
1677102219216 27464.0 102
1677102220100 27464.0 103
1677102220283 27464.0 104
1677102221135 27464.0 105
1677102221394 27464.0 106
1677102222226 27464.0 107
1677102222409 27464.0 108
1677102223248 27464.0 109
1677102223423 27464.0 110
1677102224310 27464.0 111
1677102224514 27464.0 112
1677102225357 27464.0 113
1677102225540 27464.0 114
1677102226407 27464.0 115
1677102226590 27464.0 116
1677102227521 27464.0 117
1677102227700 27464.0 118
1677102228597 27464.0 119
1677102228788 27464.0 120
1677102229710 27464.0 121
1677102229898 27464.0 122
1677102230791 27464.0 123
1677102230972 27464.0 124
1677102231837 27464.0 125
1677102232022 27464.0 126
1677102232888 27464.0 127
1677102233079 27464.0 128
1677102234061 27464.0 129
1677102234240 27464.0 130
1677102235095 27464.0 131
1677102235279 27464.0 132
1677102236121 27464.0 133
1677102236300 27464.0 134
1677102237131 27464.0 135
1677102237319 27464.0 136
1677102238262 27464.0 137
1677102238514 27464.0 138
1677102239378 27464.0 139
1677102239561 27464.0 140
1677102240568 27464.0 141
1677102240769 27464.0 142
1677102241656 27464.0 143
1677102241848 27464.0 144
1677102242850 27464.0 145
1677102243032 27464.0 146
1677102243971 27464.0 147
1677102244163 27464.0 148
1677102245037 27464.0 149
1677102245225 27464.0 150
1677102246072 27464.0 151
1677102246347 27464.0 152
1677102247247 27464.0 153
1677102247430 27464.0 154
1677102248343 27464.0 155
1677102248528 27464.0 156
1677102249394 27464.0 157
1677102249577 27464.0 158
1677102250438 27464.0 159
1677102250624 27464.0 160
1677102251527 27464.0 161
1677102251713 27464.0 162
1677102252637 27464.0 163
1677102252815 27464.0 164
1677102253677 27464.0 165
1677102253863 27464.0 166
1677102254716 27464.0 167
1677102254902 27464.0 168
1677102255821 27464.0 169
1677102256002 27464.0 170
1677102256860 27464.0 171
1677102257052 27464.0 172
1677102257903 27464.0 173
1677102258084 27464.0 174
1677102259044 27464.0 175
1677102259228 27464.0 176
1677102260129 27464.0 177
1677102260314 27464.0 178
1677102261179 27464.0 179
1677102261376 27464.0 180
1677102262227 27464.0 181
1677102262420 27464.0 182
1677102263326 27464.0 183
1677102263530 27464.0 184
1677102264443 27464.0 185
1677102264625 27464.0 186
1677102265576 27464.0 187
1677102265760 27464.0 188
1677102266647 27464.0 189
1677102266833 27464.0 190
1677102267688 27464.0 191
1677102267877 27464.0 192
1677102268775 27464.0 193
1677102268957 27464.0 194
1677102269880 27464.0 195
1677102270064 27464.0 196
1677102270909 27464.0 197
1677102271168 27464.0 198
1677102272013 27464.0 199
1677102272194 27464.0 200
1677102273069 27464.0 201
1677102273261 27464.0 202
1677102274121 27464.0 203
1677102274303 27464.0 204
1677102275144 27464.0 205
1677102275325 27464.0 206
1677102276175 27464.0 207
1677102276357 27464.0 208
1677102277322 27464.0 209
1677102277514 27464.0 210
1677102278367 27464.0 211
1677102278557 27464.0 212
1677102279401 27464.0 213
1677102279583 27464.0 214
1677102280435 27464.0 215
1677102280619 27464.0 216
1677102281470 27464.0 217
1677102281661 27464.0 218
1677102282541 27464.0 219
1677102282721 27464.0 220
1677102283711 27464.0 221
1677102283905 27464.0 222
1677102284775 27464.0 223
1677102284961 27464.0 224
1677102285854 27464.0 225
1677102286041 27464.0 226
1677102286924 27464.0 227
1677102287119 27464.0 228
1677102287973 27464.0 229
1677102288160 27464.0 230
1677102289022 27464.0 231
1677102289297 27464.0 232
1677102290151 27464.0 233
1677102290349 27464.0 234
1677102291315 27464.0 235
1677102291507 27464.0 236
1677102292387 27464.0 237
1677102292577 27464.0 238
1677102293489 27464.0 239
1677102293682 27464.0 240
1677102294609 27464.0 241
1677102294805 27464.0 242
1677102295820 27464.0 243
1677102296000 27464.0 244
1677102296882 27464.0 245
1677102297072 27464.0 246
1677102297938 27464.0 247
1677102298124 27464.0 248
1677102298997 27464.0 249
1677102299180 27464.0 250
1677102300084 27464.0 251
1677102300293 27464.0 252
1677102301182 27464.0 253
1677102301374 27464.0 254
1677102302415 27464.0 255
1677102302611 27464.0 256
1677102303561 27464.0 257
1677102303774 27464.0 258
1677102304774 27464.0 259
1677102304963 27464.0 260
1677102305919 27464.0 261
1677102306150 27464.0 262
1677102307071 27464.0 263
1677102307277 27464.0 264
1677102308194 27464.0 265
1677102308389 27464.0 266
1677102309542 27464.0 267
1677102309757 27464.0 268
1677102310679 27464.0 269
1677102310869 27464.0 270
1677102311724 27464.0 271
1677102311917 27464.0 272
1677102312850 27464.0 273
1677102313052 27464.0 274
1677102314124 27464.0 275
1677102314367 27464.0 276
1677102315407 27464.0 277
1677102315689 27464.0 278
1677102316665 27464.0 279
1677102316863 27464.0 280
1677102317765 27464.0 281
1677102317962 27464.0 282
1677102318935 27464.0 283
1677102319128 27464.0 284
1677102320201 27464.0 285
1677102320483 27464.0 286
1677102321535 27464.0 287
1677102321727 27464.0 288
1677102322729 27464.0 289
1677102322947 27464.0 290
1677102323876 27464.0 291
1677102324077 27464.0 292
1677102324975 27464.0 293
1677102325167 27464.0 294
1677102326054 27464.0 295
1677102326261 27464.0 296
1677102327199 27464.0 297
1677102327411 27464.0 298
1677102328334 27464.0 299
1677102328580 27464.0 300
1677102328773 27464.0 301
