1677102165505 16.71312427520752 1
1677102165685 0.16718196868896484 2
1677102166609 0.9236786365509033 3
1677102166786 0.1770308017730713 4
1677102167626 0.8401107788085938 5
1677102167798 0.16994786262512207 6
1677102168645 0.8442318439483643 7
1677102168821 0.17580747604370117 8
1677102169679 0.8608601093292236 9
1677102169853 0.17223834991455078 10
1677102170705 0.8541700839996338 11
1677102170891 0.1856987476348877 12
1677102171772 0.8800103664398193 13
1677102171949 0.17661285400390625 14
1677102172863 0.9135499000549316 15
1677102173034 0.17135024070739746 16
1677102173903 0.8634195327758789 17
1677102174081 0.18311548233032227 18
1677102174956 0.8697469234466553 19
1677102175132 0.18238329887390137 20
1677102175971 0.8369579315185547 21
1677102176153 0.18420100212097168 22
1677102177048 0.8927855491638184 23
1677102177226 0.17692279815673828 24
1677102178085 0.8612630367279053 25
1677102178344 0.2539246082305908 26
1677102179233 0.8930087089538574 27
1677102179407 0.17494630813598633 28
1677102180259 0.850226640701294 29
1677102180448 0.18988347053527832 30
1677102181304 0.8549818992614746 31
1677102181484 0.18283367156982422 32
1677102182319 0.8308608531951904 33
1677102182496 0.18112897872924805 34
1677102183399 0.8939757347106934 35
1677102183579 0.18886852264404297 36
1677102184527 0.945481538772583 37
1677102184702 0.1758420467376709 38
1677102185570 0.8597264289855957 39
1677102185749 0.18802261352539062 40
1677102186621 0.8692753314971924 41
1677102186814 0.19302153587341309 42
1677102187715 0.8977036476135254 43
1677102187925 0.210496187210083 44
1677102188860 0.9377610683441162 45
1677102189047 0.18926429748535156 46
1677102189919 0.8678531646728516 47
1677102190108 0.19087719917297363 48
1677102191083 0.973705530166626 49
1677102191261 0.17807221412658691 50
1677102192187 0.9258363246917725 51
1677102192388 0.20450830459594727 52
1677102193286 0.8924272060394287 53
1677102193495 0.20038056373596191 54
1677102194442 0.9629719257354736 55
1677102194629 0.18013882637023926 56
1677102195498 0.8734030723571777 57
1677102195677 0.17357182502746582 58
1677102196522 0.8469212055206299 59
1677102196701 0.17746996879577637 60
1677102197660 0.9644782543182373 61
1677102197842 0.1818079948425293 62
1677102198738 0.8910565376281738 63
1677102198917 0.18299007415771484 64
1677102199800 0.8812539577484131 65
1677102199980 0.1807870864868164 66
1677102200842 0.8630526065826416 67
1677102201033 0.18610596656799316 68
1677102201968 0.9392147064208984 69
1677102202146 0.17677879333496094 70
1677102203080 0.925879955291748 71
1677102203265 0.19399404525756836 72
1677102204144 0.8779640197753906 73
1677102204325 0.17826485633850098 74
1677102205171 0.848729133605957 75
1677102205356 0.18335866928100586 76
1677102206305 0.9496786594390869 77
1677102206494 0.18624377250671387 78
1677102207353 0.8620162010192871 79
1677102207533 0.17996811866760254 80
1677102208377 0.8461859226226807 81
1677102208565 0.18547677993774414 82
1677102209493 0.9299843311309814 83
1677102209672 0.17736196517944336 84
1677102210526 0.852778434753418 85
1677102210709 0.1831657886505127 86
1677102211572 0.8648130893707275 87
1677102211751 0.1799623966217041 88
1677102212621 0.8684279918670654 89
1677102212798 0.1768960952758789 90
1677102213661 0.8654172420501709 91
1677102213855 0.19335269927978516 92
1677102214715 0.8530359268188477 93
1677102214900 0.18816280364990234 94
1677102215854 0.9590904712677002 95
1677102216035 0.17871379852294922 96
1677102216897 0.8598270416259766 97
1677102217079 0.18430233001708984 98
1677102217946 0.8611342906951904 99
1677102218123 0.18168163299560547 100
1677102218987 0.8641269207000732 101
1677102219210 0.22217583656311035 102
1677102220094 0.8857243061065674 103
1677102220276 0.18083500862121582 104
1677102221129 0.8543620109558105 105
1677102221389 0.2594726085662842 106
1677102222220 0.8295176029205322 107
1677102222403 0.1830439567565918 108
1677102223242 0.838702917098999 109
1677102223417 0.17631864547729492 110
1677102224304 0.8827934265136719 111
1677102224508 0.2081587314605713 112
1677102225351 0.8399975299835205 113
1677102225534 0.18588685989379883 114
1677102226401 0.8637988567352295 115
1677102226584 0.18516969680786133 116
1677102227515 0.9272415637969971 117
1677102227693 0.18289852142333984 118
1677102228589 0.8897724151611328 119
1677102228781 0.19321584701538086 120
1677102229704 0.9209945201873779 121
1677102229893 0.194901704788208 122
1677102230784 0.8872661590576172 123
1677102230966 0.18559718132019043 124
1677102231832 0.8631908893585205 125
1677102232015 0.1822352409362793 126
1677102232881 0.8645098209381104 127
1677102233072 0.19306087493896484 128
1677102234053 0.977841854095459 129
1677102234234 0.1853482723236084 130
1677102235088 0.8538031578063965 131
1677102235272 0.18720412254333496 132
1677102236115 0.8405749797821045 133
1677102236294 0.17652058601379395 134
1677102237125 0.8327426910400391 135
1677102237311 0.18512678146362305 136
1677102238255 0.9428772926330566 137
1677102238509 0.256183385848999 138
1677102239372 0.8640749454498291 139
1677102239554 0.18214178085327148 140
1677102240562 1.0078046321868896 141
1677102240763 0.20118331909179688 142
1677102241649 0.8809413909912109 143
1677102241842 0.19252490997314453 144
1677102242843 1.0044441223144531 145
1677102243026 0.1829826831817627 146
1677102243965 0.93874192237854 147
1677102244157 0.19089889526367188 148
1677102245030 0.8742983341217041 149
1677102245219 0.1888129711151123 150
1677102246065 0.8453512191772461 151
1677102246341 0.27488112449645996 152
1677102247241 0.902721643447876 153
1677102247424 0.1811063289642334 154
1677102248336 0.9069335460662842 155
1677102248521 0.19111871719360352 156
1677102249387 0.868119478225708 157
1677102249571 0.18061256408691406 158
1677102250432 0.8613913059234619 159
1677102250618 0.18314361572265625 160
1677102251520 0.9036662578582764 161
1677102251706 0.1909036636352539 162
1677102252630 0.9222469329833984 163
1677102252810 0.178696870803833 164
1677102253672 0.8614926338195801 165
1677102253856 0.18393182754516602 166
1677102254710 0.8543343544006348 167
1677102254896 0.18741679191589355 168
1677102255816 0.9170117378234863 169
1677102255995 0.18465495109558105 170
1677102256854 0.8552336692810059 171
1677102257046 0.19530892372131348 172
1677102257896 0.8477733135223389 173
1677102258078 0.18019676208496094 174
1677102259037 0.9586544036865234 175
1677102259222 0.18828177452087402 176
1677102260122 0.8956766128540039 177
1677102260308 0.1882178783416748 178
1677102261171 0.8637275695800781 179
1677102261369 0.19037222862243652 180
1677102262222 0.8597431182861328 181
1677102262413 0.18999838829040527 182
1677102263318 0.900174617767334 183
1677102263524 0.2049398422241211 184
1677102264436 0.9160592555999756 185
1677102264619 0.18813490867614746 186
1677102265570 0.9410271644592285 187
1677102265754 0.19371962547302246 188
1677102266641 0.8821208477020264 189
1677102266828 0.18621373176574707 190
1677102267683 0.8554823398590088 191
1677102267870 0.19244384765625 192
1677102268769 0.8920567035675049 193
1677102268949 0.185591459274292 194
1677102269872 0.9203166961669922 195
1677102270058 0.18414974212646484 196
1677102270901 0.8444290161132812 197
1677102271162 0.26107263565063477 198
1677102272007 0.8451833724975586 199
1677102272186 0.18217754364013672 200
1677102273060 0.8645813465118408 201
1677102273255 0.2022690773010254 202
1677102274114 0.8545691967010498 203
1677102274297 0.18317914009094238 204
1677102275138 0.8423552513122559 205
1677102275318 0.18492579460144043 206
1677102276169 0.8508331775665283 207
1677102276351 0.18013525009155273 208
1677102277315 0.9621052742004395 209
1677102277507 0.18967294692993164 210
1677102278360 0.8554537296295166 211
1677102278551 0.19211554527282715 212
1677102279395 0.8425021171569824 213
1677102279577 0.1825098991394043 214
1677102280430 0.8524379730224609 215
1677102280612 0.18631529808044434 216
1677102281464 0.8488879203796387 217
1677102281655 0.18804287910461426 218
1677102282534 0.8843188285827637 219
1677102282716 0.1806039810180664 220
1677102283705 0.9858875274658203 221
1677102283899 0.19809436798095703 222
1677102284769 0.8711967468261719 223
1677102284954 0.17957067489624023 224
1677102285847 0.8891336917877197 225
1677102286035 0.19141244888305664 226
1677102286917 0.8859407901763916 227
1677102287111 0.1889498233795166 228
1677102287966 0.8577265739440918 229
1677102288153 0.18657994270324707 230
1677102289017 0.860457181930542 231
1677102289292 0.27787160873413086 232
1677102290145 0.8518829345703125 233
1677102290340 0.19401097297668457 234
1677102291309 0.9721553325653076 235
1677102291501 0.1890852451324463 236
1677102292382 0.8839237689971924 237
1677102292571 0.19098377227783203 238
1677102293483 0.9097700119018555 239
1677102293676 0.19234633445739746 240
1677102294602 0.9180355072021484 241
1677102294799 0.2062392234802246 242
1677102295814 1.0135858058929443 243
1677102295994 0.18324613571166992 244
1677102296875 0.8770911693572998 245
1677102297065 0.18994569778442383 246
1677102297932 0.8689937591552734 247
1677102298119 0.18601250648498535 248
1677102298991 0.8677129745483398 249
1677102299174 0.19118309020996094 250
1677102300078 0.8957095146179199 251
1677102300286 0.2084505558013916 252
1677102301176 0.8950717449188232 253
1677102301368 0.1909468173980713 254
1677102302404 1.0271193981170654 255
1677102302605 0.20872759819030762 256
1677102303555 0.9459347724914551 257
1677102303767 0.21115446090698242 258
1677102304767 0.9977676868438721 259
1677102304957 0.19936203956604004 260
1677102305911 0.9426636695861816 261
1677102306143 0.23408937454223633 262
1677102307062 0.9601829051971436 263
1677102307269 0.1709766387939453 264
1677102308185 0.917311429977417 265
1677102308382 0.1978001594543457 266
1677102309535 1.1427953243255615 267
1677102309749 0.22191834449768066 268
1677102310673 0.9279186725616455 269
1677102310862 0.18729114532470703 270
1677102311717 0.8526535034179688 271
1677102311912 0.19783949851989746 272
1677102312841 0.9154658317565918 273
1677102313046 0.21870088577270508 274
1677102314116 1.066467523574829 275
1677102314359 0.2311539649963379 276
1677102315400 1.0507051944732666 277
1677102315683 0.28611040115356445 278
1677102316659 0.9685080051422119 279
1677102316856 0.20724868774414062 280
1677102317759 0.8950488567352295 281
1677102317956 0.19993090629577637 282
1677102318930 0.9741799831390381 283
1677102319121 0.19464516639709473 284
1677102320191 1.0231373310089111 285
1677102320473 0.311265230178833 286
1677102321527 1.1010479927062988 287
1677102321722 0.16554570198059082 288
1677102322722 0.994168758392334 289
1677102322940 0.2162764072418213 290
1677102323871 0.9366614818572998 291
1677102324070 0.19822001457214355 292
1677102324968 0.8969554901123047 293
1677102325161 0.19668912887573242 294
1677102326047 0.8854529857635498 295
1677102326255 0.20415139198303223 296
1677102327192 0.9355690479278564 297
1677102327404 0.20912718772888184 298
1677102328328 0.9296605587005615 299
1677102328574 0.2485184669494629 300
1677102328765 0.1889328956604004 301
