1677102337073 1677102337.0 1
1677102337286 1677102337.0 2
1677102338290 1677102338.0 3
1677102338497 1677102338.0 4
1677102339561 1677102339.0 5
1677102339752 1677102339.0 6
1677102340771 1677102340.0 7
1677102341025 1677102340.0 8
1677102342080 1677102342.0 9
1677102342271 1677102342.0 10
1677102343251 1677102343.0 11
1677102343446 1677102343.0 12
1677102344399 1677102344.0 13
1677102344591 1677102344.0 14
1677102345582 1677102345.0 15
1677102345778 1677102345.0 16
1677102346793 1677102346.0 17
1677102346982 1677102346.0 18
1677102347954 1677102347.0 19
1677102348148 1677102348.0 20
1677102349076 1677102349.0 21
1677102349273 1677102349.0 22
1677102350254 1677102350.0 23
1677102350460 1677102350.0 24
1677102351603 1677102351.0 25
1677102351813 1677102351.0 26
1677102352950 1677102352.0 27
1677102353143 1677102353.0 28
1677102354239 1677102354.0 29
1677102354451 1677102354.0 30
1677102355475 1677102355.0 31
1677102355681 1677102355.0 32
1677102356699 1677102356.0 33
1677102356911 1677102356.0 34
1677102357872 1677102357.0 35
1677102358063 1677102358.0 36
1677102359044 1677102358.0 37
1677102359276 1677102359.0 38
1677102360317 1677102360.0 39
1677102360509 1677102360.0 40
1677102361456 1677102361.0 41
1677102361663 1677102361.0 42
1677102362607 1677102362.0 43
1677102362807 1677102362.0 44
1677102363912 1677102363.0 45
1677102364130 1677102364.0 46
1677102365135 1677102365.0 47
1677102365353 1677102365.0 48
1677102366414 1677102366.0 49
1677102366643 1677102366.0 50
1677102367633 1677102367.0 51
1677102367854 1677102367.0 52
1677102368945 1677102368.0 53
1677102369151 1677102369.0 54
1677102370240 1677102370.0 55
1677102370439 1677102370.0 56
1677102371535 1677102371.0 57
1677102371751 1677102371.0 58
1677102372848 1677102372.0 59
1677102373062 1677102373.0 60
1677102374157 1677102374.0 61
1677102374355 1677102374.0 62
1677102375336 1677102375.0 63
1677102375537 1677102375.0 64
1677102376537 1677102376.0 65
1677102376746 1677102376.0 66
1677102377784 1677102377.0 67
1677102377995 1677102377.0 68
1677102379017 1677102378.0 69
1677102379216 1677102379.0 70
1677102380300 1677102380.0 71
1677102380499 1677102380.0 72
1677102381501 1677102381.0 73
1677102381724 1677102381.0 74
1677102382705 1677102382.0 75
1677102382904 1677102382.0 76
1677102383854 1677102383.0 77
1677102384053 1677102384.0 78
1677102385023 1677102384.0 79
1677102385225 1677102385.0 80
1677102386256 1677102386.0 81
1677102386584 1677102386.0 82
1677102387599 1677102387.0 83
1677102387812 1677102387.0 84
1677102388822 1677102388.0 85
1677102389030 1677102388.0 86
1677102390038 1677102389.0 87
1677102390258 1677102390.0 88
1677102391307 1677102391.0 89
1677102391512 1677102391.0 90
1677102392535 1677102392.0 91
1677102392752 1677102392.0 92
1677102393867 1677102393.0 93
1677102394080 1677102394.0 94
1677102395078 1677102395.0 95
1677102395291 1677102395.0 96
1677102396280 1677102396.0 97
1677102396480 1677102396.0 98
1677102397431 1677102397.0 99
1677102397643 1677102397.0 100
1677102398724 1677102398.0 101
1677102398931 1677102398.0 102
1677102399977 1677102399.0 103
1677102400191 1677102400.0 104
1677102401229 1677102401.0 105
1677102401440 1677102401.0 106
1677102402472 1677102402.0 107
1677102402678 1677102402.0 108
1677102403713 1677102403.0 109
1677102403929 1677102403.0 110
1677102405054 1677102405.0 111
1677102405339 1677102405.0 112
1677102406361 1677102406.0 113
1677102406561 1677102406.0 114
1677102407543 1677102407.0 115
1677102407749 1677102407.0 116
1677102408745 1677102408.0 117
1677102408983 1677102408.0 118
1677102410085 1677102410.0 119
1677102410284 1677102410.0 120
1677102411597 1677102411.0 121
1677102411837 1677102411.0 122
1677102413016 1677102412.0 123
1677102413242 1677102413.0 124
1677102414481 1677102414.0 125
1677102414687 1677102414.0 126
1677102415771 1677102415.0 127
1677102415980 1677102415.0 128
1677102417060 1677102417.0 129
1677102417266 1677102417.0 130
1677102418350 1677102418.0 131
1677102418627 1677102418.0 132
1677102419727 1677102419.0 133
1677102420036 1677102419.0 134
1677102421091 1677102421.0 135
1677102421314 1677102421.0 136
1677102422415 1677102422.0 137
1677102422647 1677102422.0 138
1677102423752 1677102423.0 139
1677102423967 1677102423.0 140
1677102424989 1677102424.0 141
1677102425209 1677102425.0 142
1677102426208 1677102426.0 143
1677102426417 1677102426.0 144
1677102427525 1677102427.0 145
1677102427742 1677102427.0 146
1677102428742 1677102428.0 147
1677102428944 1677102428.0 148
1677102429983 1677102429.0 149
1677102430202 1677102430.0 150
1677102431222 1677102431.0 151
1677102431437 1677102431.0 152
1677102432465 1677102432.0 153
1677102432696 1677102432.0 154
1677102433864 1677102433.0 155
1677102434097 1677102434.0 156
1677102435204 1677102435.0 157
1677102435419 1677102435.0 158
1677102436383 1677102436.0 159
1677102436586 1677102436.0 160
1677102437565 1677102437.0 161
1677102437770 1677102437.0 162
1677102438777 1677102438.0 163
1677102438986 1677102438.0 164
1677102439963 1677102439.0 165
1677102440170 1677102440.0 166
1677102441298 1677102441.0 167
1677102441516 1677102441.0 168
1677102442502 1677102442.0 169
1677102442715 1677102442.0 170
1677102443717 1677102443.0 171
1677102443921 1677102443.0 172
1677102444928 1677102444.0 173
1677102445137 1677102445.0 174
1677102446182 1677102446.0 175
1677102446413 1677102446.0 176
1677102447495 1677102447.0 177
1677102447701 1677102447.0 178
1677102448658 1677102448.0 179
1677102448865 1677102448.0 180
1677102449917 1677102449.0 181
1677102450150 1677102450.0 182
1677102451159 1677102451.0 183
1677102451371 1677102451.0 184
1677102452335 1677102452.0 185
1677102452544 1677102452.0 186
1677102453533 1677102453.0 187
1677102453740 1677102453.0 188
1677102454768 1677102454.0 189
1677102454977 1677102454.0 190
1677102455942 1677102455.0 191
1677102456159 1677102456.0 192
1677102457185 1677102457.0 193
1677102457403 1677102457.0 194
1677102458357 1677102458.0 195
1677102458565 1677102458.0 196
1677102459541 1677102459.0 197
1677102459752 1677102459.0 198
1677102460810 1677102460.0 199
1677102461014 1677102460.0 200
1677102461973 1677102461.0 201
1677102462182 1677102462.0 202
1677102463130 1677102463.0 203
1677102463350 1677102463.0 204
1677102464361 1677102464.0 205
1677102464561 1677102464.0 206
1677102465648 1677102465.0 207
1677102465869 1677102465.0 208
1677102466967 1677102466.0 209
1677102467198 1677102467.0 210
1677102468209 1677102468.0 211
1677102468410 1677102468.0 212
1677102469473 1677102469.0 213
1677102469699 1677102469.0 214
1677102470824 1677102470.0 215
1677102471047 1677102470.0 216
1677102472070 1677102472.0 217
