1677102337079 0.0 1
1677102337291 0.0 2
1677102338294 0.0 3
1677102338504 0.0 4
1677102339567 0.0 5
1677102339757 0.0 6
1677102340776 0.0 7
1677102341031 0.0 8
1677102342085 0.0 9
1677102342277 0.0 10
1677102343256 0.0 11
1677102343452 0.0 12
1677102344402 0.0 13
1677102344597 0.0 14
1677102345587 0.0 15
1677102345783 0.0 16
1677102346798 0.0 17
1677102346988 0.0 18
1677102347959 0.0 19
1677102348153 0.0 20
1677102349083 0.0 21
1677102349278 0.0 22
1677102350259 0.0 23
1677102350465 0.0 24
1677102351610 0.0 25
1677102351818 0.0 26
1677102352955 0.0 27
1677102353149 0.0 28
1677102354245 0.0 29
1677102354457 0.0 30
1677102355480 0.0 31
1677102355687 0.0 32
1677102356704 0.0 33
1677102356916 0.0 34
1677102357877 0.0 35
1677102358068 0.0 36
1677102359048 0.0 37
1677102359282 0.0 38
1677102360322 0.0 39
1677102360514 0.0 40
1677102361461 0.0 41
1677102361667 0.0 42
1677102362612 0.0 43
1677102362812 0.0 44
1677102363917 0.0 45
1677102364135 0.0 46
1677102365140 0.0 47
1677102365357 0.0 48
1677102366420 0.0 49
1677102366648 0.0 50
1677102367638 0.0 51
1677102367858 0.0 52
1677102368950 0.0 53
1677102369159 0.0 54
1677102370245 0.0 55
1677102370444 0.0 56
1677102371541 0.0 57
1677102371756 0.0 58
1677102372853 0.0 59
1677102373069 0.0 60
1677102374163 0.0 61
1677102374360 0.0 62
1677102375342 0.0 63
1677102375542 0.0 64
1677102376543 0.0 65
1677102376751 0.0 66
1677102377791 0.0 67
1677102377999 0.0 68
1677102379023 0.0 69
1677102379222 0.0 70
1677102380305 0.0 71
1677102380504 0.0 72
1677102381508 0.0 73
1677102381729 0.0 74
1677102382710 0.0 75
1677102382910 0.0 76
1677102383859 0.0 77
1677102384058 0.0 78
1677102385029 0.0 79
1677102385230 0.0 80
1677102386262 0.0 81
1677102386590 0.0 82
1677102387605 0.0 83
1677102387817 0.0 84
1677102388827 0.0 85
1677102389035 0.0 86
1677102390044 0.0 87
1677102390266 0.0 88
1677102391313 0.0 89
1677102391517 0.0 90
1677102392542 0.0 91
1677102392758 0.0 92
1677102393874 0.0 93
1677102394084 0.0 94
1677102395083 0.0 95
1677102395295 0.0 96
1677102396286 0.0 97
1677102396485 0.0 98
1677102397435 0.0 99
1677102397648 0.0 100
1677102398729 0.0 101
1677102398935 0.0 102
1677102399982 0.0 103
1677102400195 0.0 104
1677102401233 0.0 105
1677102401445 0.0 106
1677102402476 0.0 107
1677102402683 0.0 108
1677102403718 0.0 109
1677102403934 0.0 110
1677102405059 0.0 111
1677102405344 0.0 112
1677102406365 0.0 113
1677102406566 0.0 114
1677102407548 0.0 115
1677102407754 0.0 116
1677102408751 0.0 117
1677102408990 0.0 118
1677102410090 0.0 119
1677102410288 0.0 120
1677102411605 0.0 121
1677102411842 0.0 122
1677102413021 0.0 123
1677102413250 0.0 124
1677102414486 0.0 125
1677102414692 0.0 126
1677102415776 0.0 127
1677102415985 0.0 128
1677102417065 0.0 129
1677102417272 0.0 130
1677102418356 0.0 131
1677102418632 0.0 132
1677102419733 0.0 133
1677102420042 0.0 134
1677102421099 0.0 135
1677102421320 0.0 136
1677102422420 0.0 137
1677102422652 0.0 138
1677102423759 0.0 139
1677102423973 0.0 140
1677102424994 0.0 141
1677102425214 0.0 142
1677102426213 0.0 143
1677102426422 0.0 144
1677102427530 0.0 145
1677102427747 0.0 146
1677102428746 0.0 147
1677102428950 0.0 148
1677102429989 0.0 149
1677102430208 0.0 150
1677102431228 0.0 151
1677102431442 0.0 152
1677102432473 0.0 153
1677102432702 0.0 154
1677102433869 0.0 155
1677102434103 0.0 156
1677102435210 0.0 157
1677102435424 0.0 158
1677102436389 0.0 159
1677102436592 0.0 160
1677102437570 0.0 161
1677102437776 0.0 162
1677102438782 0.0 163
1677102438992 0.0 164
1677102439967 0.0 165
1677102440175 0.0 166
1677102441304 0.0 167
1677102441522 0.0 168
1677102442507 0.0 169
1677102442720 0.0 170
1677102443722 0.0 171
1677102443925 0.0 172
1677102444935 0.0 173
1677102445143 0.0 174
1677102446186 0.0 175
1677102446417 0.0 176
1677102447499 0.0 177
1677102447706 0.0 178
1677102448663 0.0 179
1677102448870 0.0 180
1677102449923 0.0 181
1677102450156 0.0 182
1677102451164 0.0 183
1677102451376 0.0 184
1677102452341 0.0 185
1677102452549 0.0 186
1677102453540 0.0 187
1677102453744 0.0 188
1677102454772 0.0 189
1677102454981 0.0 190
1677102455947 0.0 191
1677102456162 0.0 192
1677102457191 0.0 193
1677102457407 0.0 194
1677102458363 0.0 195
1677102458571 0.0 196
1677102459545 0.0 197
1677102459757 0.0 198
1677102460815 0.0 199
1677102461019 0.0 200
1677102461979 0.0 201
1677102462187 0.0 202
1677102463135 0.0 203
1677102463354 0.0 204
1677102464366 0.0 205
1677102464567 0.0 206
1677102465653 0.0 207
1677102465875 0.0 208
1677102466974 0.0 209
1677102467203 0.0 210
1677102468214 0.0 211
1677102468415 0.0 212
1677102469479 0.0 213
1677102469707 0.0 214
1677102470830 0.0 215
1677102471053 0.0 216
1677102472074 0.0 217
