1679688511744 0.0 1
1679688511992 0.0 2
1679688512874 0.0 3
1679688513027 0.0 4
1679688513910 0.0 5
1679688514071 0.0 6
1679688514957 0.0 7
1679688515204 0.0 8
1679688516067 0.0 9
1679688516228 0.0 10
1679688517108 0.0 11
1679688517276 0.0 12
1679688518150 0.0 13
1679688518398 0.0 14
1679688519288 0.0 15
1679688519449 0.0 16
1679688520387 0.0 17
1679688520551 0.0 18
1679688521422 0.0 19
1679688521657 0.0 20
1679688522512 0.0 21
1679688522677 0.0 22
1679688523556 0.0 23
1679688523715 0.0 24
1679688524648 0.0 25
1679688524887 0.0 26
1679688525757 0.0 27
1679688525962 0.0 28
1679688526839 0.0 29
1679688527008 0.0 30
1679688527878 0.0 31
1679688528123 0.0 32
1679688529012 0.0 33
1679688529175 0.0 34
1679688530090 0.0 35
1679688530262 0.0 36
1679688531141 0.0 37
1679688531413 0.0 38
1679688532381 0.0 39
1679688532558 0.0 40
1679688533484 0.0 41
1679688533680 0.0 42
1679688534639 0.0 43
1679688534901 0.0 44
1679688535863 0.0 45
1679688536033 0.0 46
1679688537007 0.0 47
1679688537210 0.0 48
1679688538100 0.0 49
1679688538355 0.0 50
1679688539222 0.0 51
1679688539384 0.0 52
1679688540276 0.0 53
1679688540446 0.0 54
1679688541336 0.0 55
1679688541584 0.0 56
1679688542450 0.0 57
1679688542650 0.0 58
1679688543550 0.0 59
1679688543711 0.0 60
1679688544572 0.0 61
1679688544815 0.0 62
1679688545685 0.0 63
1679688545845 0.0 64
1679688546723 0.0 65
1679688546895 0.0 66
1679688547793 0.0 67
1679688548034 0.0 68
1679688548920 0.0 69
1679688549119 0.0 70
1679688549985 0.0 71
1679688550157 0.0 72
1679688551080 0.0 73
1679688551324 0.0 74
1679688552205 0.0 75
1679688552370 0.0 76
1679688553260 0.0 77
1679688553459 0.0 78
1679688554326 0.0 79
1679688554568 0.0 80
1679688555433 0.0 81
1679688555605 0.0 82
1679688556483 0.0 83
1679688556648 0.0 84
1679688557523 0.0 85
1679688557765 0.0 86
1679688558669 0.0 87
1679688558918 0.0 88
1679688559819 0.0 89
1679688559984 0.0 90
1679688560865 0.0 91
1679688561103 0.0 92
1679688562028 0.0 93
1679688562235 0.0 94
1679688563207 0.0 95
1679688563394 0.0 96
1679688564356 0.0 97
1679688564632 0.0 98
1679688565591 0.0 99
1679688565771 0.0 100
1679688566705 0.0 101
1679688566901 0.0 102
1679688567783 0.0 103
1679688568022 0.0 104
1679688568916 0.0 105
1679688569094 0.0 106
1679688569969 0.0 107
1679688570132 0.0 108
1679688571030 0.0 109
1679688571280 0.0 110
1679688572153 0.0 111
1679688572317 0.0 112
1679688573222 0.0 113
1679688573404 0.0 114
1679688574303 0.0 115
1679688574548 0.0 116
1679688575504 0.0 117
1679688575697 0.0 118
1679688576669 0.0 119
1679688576859 0.0 120
1679688577794 0.0 121
1679688578072 0.0 122
1679688579036 0.0 123
1679688579220 0.0 124
1679688580168 0.0 125
1679688580340 0.0 126
1679688581327 0.0 127
1679688581649 0.0 128
1679688582558 0.0 129
1679688582723 0.0 130
1679688583591 0.0 131
1679688583770 0.0 132
1679688584675 0.0 133
1679688584928 0.0 134
1679688585859 0.0 135
1679688586052 0.0 136
1679688586998 0.0 137
1679688587188 0.0 138
1679688588092 0.0 139
1679688588403 0.0 140
1679688589399 0.0 141
1679688589606 0.0 142
1679688590508 0.0 143
1679688590684 0.0 144
1679688591655 0.0 145
1679688591924 0.0 146
1679688592895 0.0 147
1679688593092 0.0 148
1679688594068 0.0 149
1679688594280 0.0 150
1679688595261 0.0 151
1679688595578 0.0 152
1679688596523 0.0 153
1679688596704 0.0 154
1679688597593 0.0 155
1679688597766 0.0 156
1679688598700 0.0 157
1679688598952 0.0 158
1679688599829 0.0 159
1679688600049 0.0 160
1679688600978 0.0 161
1679688601158 0.0 162
1679688602060 0.0 163
1679688602305 0.0 164
1679688603243 0.0 165
1679688603410 0.0 166
1679688604301 0.0 167
1679688604478 0.0 168
1679688605372 0.0 169
1679688605619 0.0 170
1679688606515 0.0 171
1679688606690 0.0 172
1679688607580 0.0 173
1679688607749 0.0 174
1679688608617 0.0 175
1679688608877 0.0 176
1679688609790 0.0 177
1679688609968 0.0 178
1679688610863 0.0 179
1679688611032 0.0 180
1679688611957 0.0 181
1679688612257 0.0 182
1679688613162 0.0 183
1679688613334 0.0 184
1679688614237 0.0 185
1679688614416 0.0 186
1679688615314 0.0 187
1679688615564 0.0 188
1679688616460 0.0 189
1679688616640 0.0 190
1679688617524 0.0 191
1679688617704 0.0 192
1679688618583 0.0 193
1679688618836 0.0 194
1679688619738 0.0 195
1679688619916 0.0 196
1679688620869 0.0 197
1679688621106 0.0 198
1679688622085 0.0 199
1679688622367 0.0 200
1679688623360 0.0 201
1679688623545 0.0 202
1679688624530 0.0 203
1679688624735 0.0 204
1679688625722 0.0 205
1679688625991 0.0 206
1679688626986 0.0 207
1679688627179 0.0 208
1679688628140 0.0 209
1679688628319 0.0 210
1679688629241 0.0 211
1679688629511 0.0 212
1679688630408 0.0 213
1679688630576 0.0 214
1679688631439 0.0 215
1679688631620 0.0 216
1679688632524 0.0 217
1679688632774 0.0 218
1679688633660 0.0 219
1679688633826 0.0 220
1679688634741 0.0 221
1679688634931 0.0 222
1679688635814 0.0 223
1679688636061 0.0 224
1679688636951 0.0 225
1679688637128 0.0 226
1679688638070 0.0 227
1679688638245 0.0 228
1679688639131 0.0 229
1679688639382 0.0 230
1679688640246 0.0 231
1679688640417 0.0 232
1679688641331 0.0 233
1679688641507 0.0 234
1679688642439 0.0 235
1679688642754 0.0 236
1679688643661 0.0 237
1679688643838 0.0 238
1679688644757 0.0 239
1679688644935 0.0 240
1679688645817 0.0 241
1679688646108 0.0 242
1679688647004 0.0 243
1679688647179 0.0 244
1679688648069 0.0 245
1679688648259 0.0 246
1679688649158 0.0 247
1679688649407 0.0 248
1679688650284 0.0 249
1679688650467 0.0 250
1679688651378 0.0 251
1679688651552 0.0 252
1679688652569 0.0 253
1679688652855 0.0 254
1679688653841 0.0 255
1679688654043 0.0 256
1679688655028 0.0 257
1679688655218 0.0 258
1679688656262 0.0 259
1679688656558 0.0 260
1679688657501 0.0 261
1679688657681 0.0 262
1679688658583 0.0 263
1679688658755 0.0 264
1679688659699 0.0 265
1679688659976 0.0 266
1679688660898 0.0 267
1679688661082 0.0 268
1679688661989 0.0 269
1679688662213 0.0 270
1679688663108 0.0 271
1679688663372 0.0 272
1679688664280 0.0 273
1679688664461 0.0 274
1679688665362 0.0 275
1679688665550 0.0 276
1679688666473 0.0 277
1679688666729 0.0 278
1679688667620 0.0 279
1679688667808 0.0 280
1679688668741 0.0 281
1679688668930 0.0 282
1679688669829 0.0 283
1679688670089 0.0 284
1679688670987 0.0 285
1679688671166 0.0 286
1679688672101 0.0 287
1679688672300 0.0 288
1679688673224 0.0 289
1679688673526 0.0 290
1679688674406 0.0 291
1679688674579 0.0 292
1679688675462 0.0 293
1679688675640 0.0 294
1679688676551 0.0 295
1679688676818 0.0 296
1679688677714 0.0 297
1679688677890 0.0 298
1679688678774 0.0 299
1679688678987 0.0 300
1679688679113 0.0 301
