1679688511752 3.1538617610931396 1
1679688511998 3.388986825942993 2
1679688512879 4.270975828170776 3
1679688513033 4.421914577484131 4
1679688513918 5.305852174758911 5
1679688514076 5.463907480239868 6
1679688514962 6.350958585739136 7
1679688515210 6.596945285797119 8
1679688516073 7.4617204666137695 9
1679688516233 7.621900320053101 10
1679688517114 8.502878427505493 11
1679688517282 8.666799068450928 12
1679688518155 9.544342756271362 13
1679688518404 9.788962841033936 14
1679688519295 10.680038452148438 15
1679688519455 10.844802856445312 16
1679688520392 11.773637056350708 17
1679688520557 11.944889545440674 18
1679688521428 12.816864967346191 19
1679688521663 13.050926685333252 20
1679688522518 13.903806447982788 21
1679688522685 14.064833641052246 22
1679688523561 14.947071075439453 23
1679688523722 15.10951828956604 24
1679688524654 16.04114556312561 25
1679688524892 16.280922412872314 26
1679688525771 17.14892029762268 27
1679688525968 17.354819297790527 28
1679688526852 18.232821464538574 29
1679688527014 18.401910066604614 30
1679688527884 19.27092146873474 31
1679688528129 19.516828536987305 32
1679688529019 20.406959772109985 33
1679688529181 20.56676173210144 34
1679688530096 21.4809889793396 35
1679688530269 21.654783725738525 36
1679688531147 22.534324169158936 37
1679688531421 22.806113243103027 38
1679688532387 23.759246349334717 39
1679688532564 23.9438214302063 40
1679688533490 24.871907711029053 41
1679688533688 25.056885242462158 42
1679688534645 26.025882959365845 43
1679688534908 26.2818603515625 44
1679688535870 27.25188422203064 45
1679688536038 27.42385482788086 46
1679688537015 28.36728811264038 47
1679688537218 28.602866172790527 48
1679688538106 29.492371559143066 49
1679688538361 29.746848821640015 50
1679688539229 30.614027976989746 51
1679688539389 30.774784088134766 52
1679688540284 31.661017656326294 53
1679688540451 31.830896854400635 54
1679688541342 32.72993850708008 55
1679688541589 32.97683787345886 56
1679688542455 33.83844017982483 57
1679688542656 34.03722167015076 58
1679688543556 34.94086241722107 59
1679688543716 35.101688385009766 60
1679688544578 35.96111297607422 61
1679688544821 36.20749235153198 62
1679688545691 37.07278227806091 63
1679688545851 37.23682236671448 64
1679688546729 38.11275577545166 65
1679688546900 38.282848596572876 66
1679688547799 39.183905363082886 67
1679688548038 39.42592978477478 68
1679688548925 40.31092858314514 69
1679688549125 40.50890636444092 70
1679688549991 41.37586951255798 71
1679688550163 41.54688024520874 72
1679688551085 42.46264982223511 73
1679688551330 42.71400856971741 74
1679688552212 43.59285759925842 75
1679688552376 43.76121377944946 76
1679688553266 44.64986801147461 77
1679688553465 44.845688343048096 78
1679688554332 45.715792417526245 79
1679688554573 45.951852798461914 80
1679688555439 46.82362151145935 81
1679688555611 46.99296021461487 82
1679688556488 47.86901926994324 83
1679688556654 48.03888559341431 84
1679688557529 48.91312575340271 85
1679688557771 49.15473127365112 86
1679688558674 50.05393981933594 87
1679688558925 50.30180478096008 88
1679688559824 51.20985794067383 89
1679688559990 51.37181210517883 90
1679688560870 52.252601623535156 91
1679688561109 52.492961406707764 92
1679688562034 53.41495609283447 93
1679688562243 53.610352993011475 94
1679688563212 54.59264826774597 95
1679688563400 54.77391982078552 96
1679688564364 55.73404359817505 97
1679688564638 56.014259338378906 98
1679688565598 56.97614288330078 99
1679688565779 57.15575909614563 100
1679688566711 58.094887256622314 101
1679688566906 58.28836464881897 102
1679688567789 59.16894245147705 103
1679688568027 59.41200518608093 104
1679688568921 60.29607367515564 105
1679688569099 60.480398416519165 106
1679688569975 61.35807418823242 107
1679688570136 61.521000146865845 108
1679688571036 62.42095923423767 109
1679688571286 62.661816358566284 110
1679688572158 63.53809332847595 111
1679688572323 63.70674967765808 112
1679688573230 64.60980916023254 113
1679688573409 64.78885459899902 114
1679688574310 65.69041991233826 115
1679688574554 65.93475890159607 116
1679688575510 66.8857536315918 117
1679688575702 67.07790160179138 118
1679688576674 68.05197787284851 119
1679688576865 68.23426866531372 120
1679688577802 69.15919160842896 121
1679688578081 69.48269319534302 122
1679688579042 70.4210307598114 123
1679688579226 70.60171699523926 124
1679688580173 71.54570579528809 125
1679688580345 71.72794890403748 126
1679688581333 72.70469450950623 127
1679688581657 73.0279815196991 128
1679688582564 73.9430422782898 129
1679688582728 74.108815908432 130
1679688583597 74.98011445999146 131
1679688583776 75.15486359596252 132
1679688584679 76.05567836761475 133
1679688584934 76.31485557556152 134
1679688585865 77.23595976829529 135
1679688586061 77.45427393913269 136
1679688587003 78.38376545906067 137
1679688587194 78.56291604042053 138
1679688588097 79.47572255134583 139
1679688588411 79.76955842971802 140
1679688589405 80.784658908844 141
1679688589612 80.99275541305542 142
1679688590514 81.89465808868408 143
1679688590690 82.06782031059265 144
1679688591661 83.03246665000916 145
1679688591931 83.30185675621033 146
1679688592901 84.27623891830444 147
1679688593099 84.46984839439392 148
1679688594075 85.43806862831116 149
1679688594286 85.64833807945251 150
1679688595268 86.63892722129822 151
1679688595585 86.95209884643555 152
1679688596529 87.91026258468628 153
1679688596711 88.08877992630005 154
1679688597600 88.97912287712097 155
1679688597773 89.14883208274841 156
1679688598706 90.07682585716248 157
1679688598957 90.33876633644104 158
1679688599834 91.2166965007782 159
1679688600054 91.42296552658081 160
1679688600983 92.35902428627014 161
1679688601163 92.54370164871216 162
1679688602066 93.44462728500366 163
1679688602310 93.68831324577332 164
1679688603250 94.62367653846741 165
1679688603417 94.79378247261047 166
1679688604307 95.68574571609497 167
1679688604483 95.8607406616211 168
1679688605378 96.75785827636719 169
1679688605625 97.00175452232361 170
1679688606520 97.90093755722046 171
1679688606696 98.0766990184784 172
1679688607586 98.96289110183716 173
1679688607754 99.13074111938477 174
1679688608623 100.00087332725525 175
1679688608882 100.25991606712341 176
1679688609796 101.17366075515747 177
1679688609972 101.35171747207642 178
1679688610871 102.24365377426147 179
1679688611039 102.41875791549683 180
1679688611962 103.33865785598755 181
1679688612263 103.63566946983337 182
1679688613169 104.54695296287537 183
1679688613340 104.71993064880371 184
1679688614245 105.62075448036194 185
1679688614421 105.79798245429993 186
1679688615320 106.69665288925171 187
1679688615570 106.94887232780457 188
1679688616467 107.84382677078247 189
1679688616650 108.01458263397217 190
1679688617531 108.90683341026306 191
1679688617709 109.08571743965149 192
1679688618590 109.96783447265625 193
1679688618842 110.21560382843018 194
1679688619745 111.12023735046387 195
1679688619923 111.2938129901886 196
1679688620878 112.248863697052 197
1679688621114 112.47272562980652 198
1679688622091 113.46390962600708 199
1679688622373 113.73568058013916 200
1679688623364 114.73874378204346 201
1679688623551 114.92445874214172 202
1679688624537 115.90263962745667 203
1679688624743 116.10572838783264 204
1679688625729 117.09965181350708 205
1679688625998 117.37148547172546 206
1679688626992 118.36112546920776 207
1679688627184 118.55264282226562 208
1679688628146 119.51887154579163 209
1679688628323 119.70298719406128 210
1679688629247 120.61996102333069 211
1679688629517 120.89265275001526 212
1679688630413 121.79263615608215 213
1679688630583 121.95912170410156 214
1679688631446 122.82416248321533 215
1679688631627 123.00563502311707 216
1679688632531 123.9014024734497 217
1679688632780 124.1565911769867 218
1679688633667 125.04262661933899 219
1679688633831 125.20970821380615 220
1679688634748 126.12590551376343 221
1679688634937 126.30874395370483 222
1679688635819 127.19776463508606 223
1679688636067 127.44664788246155 224
1679688636958 128.33263540267944 225
1679688637133 128.51359605789185 226
1679688638075 129.44895672798157 227
1679688638251 129.62972235679626 228
1679688639137 130.513605594635 229
1679688639388 130.764315366745 230
1679688640251 131.6297082901001 231
1679688640422 131.7996654510498 232
1679688641338 132.70658659934998 233
1679688641513 132.8809633255005 234
1679688642446 133.81462740898132 235
1679688642760 134.10340428352356 236
1679688643668 135.03067421913147 237
1679688643844 135.21965050697327 238
1679688644763 136.13186264038086 239
1679688644944 136.31576085090637 240
1679688645822 137.19976210594177 241
1679688646114 137.48084783554077 242
1679688647010 138.38578820228577 243
1679688647186 138.55664086341858 244
1679688648073 139.44954013824463 245
1679688648265 139.636638879776 246
1679688649164 140.53575468063354 247
1679688649413 140.78724431991577 248
1679688650290 141.66656827926636 249
1679688650480 141.83983898162842 250
1679688651384 142.75987696647644 251
1679688651562 142.93183708190918 252
1679688652576 143.9414644241333 253
1679688652861 144.2297158241272 254
1679688653847 145.2125346660614 255
1679688654050 145.41654062271118 256
1679688655036 146.39365577697754 257
1679688655224 146.58872604370117 258
1679688656270 147.60436820983887 259
1679688656565 147.92473673820496 260
1679688657507 148.87357378005981 261
1679688657687 149.05967593193054 262
1679688658589 149.95066595077515 263
1679688658761 150.13571071624756 264
1679688659705 151.0687427520752 265
1679688659981 151.3494691848755 266
1679688660904 152.27770709991455 267
1679688661088 152.45975136756897 268
1679688661994 153.36554074287415 269
1679688662218 153.57470607757568 270
1679688663113 154.48549795150757 271
1679688663376 154.74360179901123 272
1679688664286 155.65773248672485 273
1679688664467 155.8355531692505 274
1679688665368 156.7347207069397 275
1679688665556 156.91793274879456 276
1679688666479 157.8487708568573 277
1679688666736 158.10649991035461 278
1679688667626 158.993736743927 279
1679688667814 159.1834101676941 280
1679688668746 160.1086986064911 281
1679688668936 160.3028962612152 282
1679688669834 161.20159912109375 283
1679688670095 161.46771669387817 284
1679688670993 162.365736246109 285
1679688671171 162.54431653022766 286
1679688672107 163.47083020210266 287
1679688672308 163.67057490348816 288
1679688673229 164.59651613235474 289
1679688673531 164.90556168556213 290
1679688674412 165.78173518180847 291
1679688674586 165.95547938346863 292
1679688675467 166.8315827846527 293
1679688675646 167.0140151977539 294
1679688676558 167.91779208183289 295
1679688676824 168.18912029266357 296
1679688677719 169.0888795852661 297
1679688677896 169.26646327972412 298
1679688678779 170.14989280700684 299
1679688678992 170.35661816596985 300
1679688679118 170.49007558822632 301
