1679688511750 3.1538617610931396 1
1679688511995 3.388986825942993 2
1679688512877 4.270975828170776 3
1679688513031 4.421914577484131 4
1679688513915 5.305852174758911 5
1679688514074 5.463907480239868 6
1679688514960 6.350958585739136 7
1679688515208 6.596945285797119 8
1679688516071 7.4617204666137695 9
1679688516231 7.621900320053101 10
1679688517112 8.502878427505493 11
1679688517280 8.666799068450928 12
1679688518152 9.544342756271362 13
1679688518401 9.788962841033936 14
1679688519292 10.680038452148438 15
1679688519453 10.844802856445312 16
1679688520390 11.773637056350708 17
1679688520555 11.944889545440674 18
1679688521425 12.816864967346191 19
1679688521660 13.050926685333252 20
1679688522515 13.903806447982788 21
1679688522681 14.064833641052246 22
1679688523559 14.947071075439453 23
1679688523719 15.10951828956604 24
1679688524651 16.04114556312561 25
1679688524890 16.280922412872314 26
1679688525768 17.14892029762268 27
1679688525966 17.354819297790527 28
1679688526842 18.232821464538574 29
1679688527012 18.401910066604614 30
1679688527881 19.27092146873474 31
1679688528127 19.516828536987305 32
1679688529016 20.406959772109985 33
1679688529179 20.56676173210144 34
1679688530094 21.4809889793396 35
1679688530267 21.654783725738525 36
1679688531144 22.534324169158936 37
1679688531418 22.806113243103027 38
1679688532384 23.759246349334717 39
1679688532561 23.9438214302063 40
1679688533488 24.871907711029053 41
1679688533685 25.056885242462158 42
1679688534642 26.025882959365845 43
1679688534905 26.2818603515625 44
1679688535867 27.25188422203064 45
1679688536036 27.42385482788086 46
1679688537011 28.36728811264038 47
1679688537215 28.602866172790527 48
1679688538104 29.492371559143066 49
1679688538358 29.746848821640015 50
1679688539226 30.614027976989746 51
1679688539388 30.774784088134766 52
1679688540281 31.661017656326294 53
1679688540449 31.830896854400635 54
1679688541339 32.72993850708008 55
1679688541587 32.97683787345886 56
1679688542453 33.83844017982483 57
1679688542654 34.03722167015076 58
1679688543553 34.94086241722107 59
1679688543714 35.101688385009766 60
1679688544576 35.96111297607422 61
1679688544818 36.20749235153198 62
1679688545689 37.07278227806091 63
1679688545849 37.23682236671448 64
1679688546726 38.11275577545166 65
1679688546899 38.282848596572876 66
1679688547796 39.183905363082886 67
1679688548037 39.42592978477478 68
1679688548923 40.31092858314514 69
1679688549123 40.50890636444092 70
1679688549989 41.37586951255798 71
1679688550160 41.54688024520874 72
1679688551083 42.46264982223511 73
1679688551327 42.71400856971741 74
1679688552208 43.59285759925842 75
1679688552374 43.76121377944946 76
1679688553264 44.64986801147461 77
1679688553462 44.845688343048096 78
1679688554330 45.715792417526245 79
1679688554571 45.951852798461914 80
1679688555437 46.82362151145935 81
1679688555609 46.99296021461487 82
1679688556487 47.86901926994324 83
1679688556651 48.03888559341431 84
1679688557527 48.91312575340271 85
1679688557768 49.15473127365112 86
1679688558672 50.05393981933594 87
1679688558922 50.30180478096008 88
1679688559822 51.20985794067383 89
1679688559988 51.37181210517883 90
1679688560868 52.252601623535156 91
1679688561107 52.492961406707764 92
1679688562032 53.41495609283447 93
1679688562239 53.610352993011475 94
1679688563210 54.59264826774597 95
1679688563397 54.77391982078552 96
1679688564361 55.73404359817505 97
1679688564635 56.014259338378906 98
1679688565595 56.97614288330078 99
1679688565776 57.15575909614563 100
1679688566708 58.094887256622314 101
1679688566904 58.28836464881897 102
1679688567786 59.16894245147705 103
1679688568025 59.41200518608093 104
1679688568919 60.29607367515564 105
1679688569097 60.480398416519165 106
1679688569972 61.35807418823242 107
1679688570134 61.521000146865845 108
1679688571033 62.42095923423767 109
1679688571284 62.661816358566284 110
1679688572156 63.53809332847595 111
1679688572321 63.70674967765808 112
1679688573227 64.60980916023254 113
1679688573407 64.78885459899902 114
1679688574307 65.69041991233826 115
1679688574551 65.93475890159607 116
1679688575508 66.8857536315918 117
1679688575701 67.07790160179138 118
1679688576672 68.05197787284851 119
1679688576863 68.23426866531372 120
1679688577800 69.15919160842896 121
1679688578077 69.48269319534302 122
1679688579039 70.4210307598114 123
1679688579224 70.60171699523926 124
1679688580171 71.54570579528809 125
1679688580343 71.72794890403748 126
1679688581331 72.70469450950623 127
1679688581654 73.0279815196991 128
1679688582562 73.9430422782898 129
1679688582726 74.108815908432 130
1679688583595 74.98011445999146 131
1679688583774 75.15486359596252 132
1679688584678 76.05567836761475 133
1679688584931 76.31485557556152 134
1679688585862 77.23595976829529 135
1679688586058 77.45427393913269 136
1679688587001 78.38376545906067 137
1679688587191 78.56291604042053 138
1679688588095 79.47572255134583 139
1679688588407 79.76955842971802 140
1679688589403 80.784658908844 141
1679688589609 80.99275541305542 142
1679688590511 81.89465808868408 143
1679688590687 82.06782031059265 144
1679688591658 83.03246665000916 145
1679688591929 83.30185675621033 146
1679688592899 84.27623891830444 147
1679688593097 84.46984839439392 148
1679688594072 85.43806862831116 149
1679688594283 85.64833807945251 150
1679688595265 86.63892722129822 151
1679688595582 86.95209884643555 152
1679688596527 87.91026258468628 153
1679688596709 88.08877992630005 154
1679688597598 88.97912287712097 155
1679688597771 89.14883208274841 156
1679688598704 90.07682585716248 157
1679688598955 90.33876633644104 158
1679688599833 91.2166965007782 159
1679688600052 91.42296552658081 160
1679688600981 92.35902428627014 161
1679688601162 92.54370164871216 162
1679688602063 93.44462728500366 163
1679688602308 93.68831324577332 164
1679688603248 94.62367653846741 165
1679688603414 94.79378247261047 166
1679688604303 95.68574571609497 167
1679688604481 95.8607406616211 168
1679688605375 96.75785827636719 169
1679688605622 97.00175452232361 170
1679688606519 97.90093755722046 171
1679688606694 98.0766990184784 172
1679688607584 98.96289110183716 173
1679688607751 99.13074111938477 174
1679688608621 100.00087332725525 175
1679688608880 100.25991606712341 176
1679688609793 101.17366075515747 177
1679688609970 101.35171747207642 178
1679688610869 102.24365377426147 179
1679688611036 102.41875791549683 180
1679688611960 103.33865785598755 181
1679688612261 103.63566946983337 182
1679688613166 104.54695296287537 183
1679688613337 104.71993064880371 184
1679688614241 105.62075448036194 185
1679688614419 105.79798245429993 186
1679688615318 106.69665288925171 187
1679688615568 106.94887232780457 188
1679688616463 107.84382677078247 189
1679688616647 108.01458263397217 190
1679688617528 108.90683341026306 191
1679688617707 109.08571743965149 192
1679688618587 109.96783447265625 193
1679688618840 110.21560382843018 194
1679688619742 111.12023735046387 195
1679688619921 111.2938129901886 196
1679688620873 112.248863697052 197
1679688621111 112.47272562980652 198
1679688622089 113.46390962600708 199
1679688622371 113.73568058013916 200
1679688623362 114.73874378204346 201
1679688623549 114.92445874214172 202
1679688624534 115.90263962745667 203
1679688624740 116.10572838783264 204
1679688625726 117.09965181350708 205
1679688625996 117.37148547172546 206
1679688626990 118.36112546920776 207
1679688627182 118.55264282226562 208
1679688628143 119.51887154579163 209
1679688628322 119.70298719406128 210
1679688629245 120.61996102333069 211
1679688629514 120.89265275001526 212
1679688630411 121.79263615608215 213
1679688630581 121.95912170410156 214
1679688631443 122.82416248321533 215
1679688631624 123.00563502311707 216
1679688632528 123.9014024734497 217
1679688632778 124.1565911769867 218
1679688633664 125.04262661933899 219
1679688633829 125.20970821380615 220
1679688634746 126.12590551376343 221
1679688634934 126.30874395370483 222
1679688635818 127.19776463508606 223
1679688636064 127.44664788246155 224
1679688636956 128.33263540267944 225
1679688637131 128.51359605789185 226
1679688638072 129.44895672798157 227
1679688638248 129.62972235679626 228
1679688639134 130.513605594635 229
1679688639385 130.764315366745 230
1679688640249 131.6297082901001 231
1679688640420 131.7996654510498 232
1679688641336 132.70658659934998 233
1679688641510 132.8809633255005 234
1679688642443 133.81462740898132 235
1679688642758 134.10340428352356 236
1679688643665 135.03067421913147 237
1679688643841 135.21965050697327 238
1679688644761 136.13186264038086 239
1679688644940 136.31576085090637 240
1679688645820 137.19976210594177 241
1679688646111 137.48084783554077 242
1679688647008 138.38578820228577 243
1679688647183 138.55664086341858 244
1679688648071 139.44954013824463 245
1679688648263 139.636638879776 246
1679688649162 140.53575468063354 247
1679688649410 140.78724431991577 248
1679688650288 141.66656827926636 249
1679688650478 141.83983898162842 250
1679688651382 142.75987696647644 251
1679688651557 142.93183708190918 252
1679688652573 143.9414644241333 253
1679688652858 144.2297158241272 254
1679688653845 145.2125346660614 255
1679688654048 145.41654062271118 256
1679688655033 146.39365577697754 257
1679688655222 146.58872604370117 258
1679688656268 147.60436820983887 259
1679688656563 147.92473673820496 260
1679688657503 148.87357378005981 261
1679688657685 149.05967593193054 262
1679688658587 149.95066595077515 263
1679688658759 150.13571071624756 264
1679688659703 151.0687427520752 265
1679688659980 151.3494691848755 266
1679688660901 152.27770709991455 267
1679688661085 152.45975136756897 268
1679688661992 153.36554074287415 269
1679688662216 153.57470607757568 270
1679688663110 154.48549795150757 271
1679688663375 154.74360179901123 272
1679688664283 155.65773248672485 273
1679688664465 155.8355531692505 274
1679688665365 156.7347207069397 275
1679688665553 156.91793274879456 276
1679688666477 157.8487708568573 277
1679688666733 158.10649991035461 278
1679688667624 158.993736743927 279
1679688667811 159.1834101676941 280
1679688668744 160.1086986064911 281
1679688668933 160.3028962612152 282
1679688669832 161.20159912109375 283
1679688670092 161.46771669387817 284
1679688670990 162.365736246109 285
1679688671168 162.54431653022766 286
1679688672104 163.47083020210266 287
1679688672305 163.67057490348816 288
1679688673227 164.59651613235474 289
1679688673530 164.90556168556213 290
1679688674409 165.78173518180847 291
1679688674582 165.95547938346863 292
1679688675464 166.8315827846527 293
1679688675644 167.0140151977539 294
1679688676555 167.91779208183289 295
1679688676822 168.18912029266357 296
1679688677717 169.0888795852661 297
1679688677894 169.26646327972412 298
1679688678777 170.14989280700684 299
1679688678990 170.35661816596985 300
1679688679116 170.49007558822632 301
