1679688511749 1679688511.0 1
1679688511994 1679688511.0 2
1679688512876 1679688512.0 3
1679688513030 1679688512.0 4
1679688513913 1679688513.0 5
1679688514072 1679688514.0 6
1679688514959 1679688514.0 7
1679688515207 1679688515.0 8
1679688516069 1679688516.0 9
1679688516230 1679688516.0 10
1679688517111 1679688517.0 11
1679688517279 1679688517.0 12
1679688518151 1679688518.0 13
1679688518400 1679688518.0 14
1679688519291 1679688519.0 15
1679688519452 1679688519.0 16
1679688520389 1679688520.0 17
1679688520554 1679688520.0 18
1679688521424 1679688521.0 19
1679688521659 1679688521.0 20
1679688522514 1679688522.0 21
1679688522680 1679688522.0 22
1679688523558 1679688523.0 23
1679688523718 1679688523.0 24
1679688524650 1679688524.0 25
1679688524889 1679688524.0 26
1679688525767 1679688525.0 27
1679688525965 1679688525.0 28
1679688526841 1679688526.0 29
1679688527010 1679688526.0 30
1679688527880 1679688527.0 31
1679688528125 1679688528.0 32
1679688529015 1679688528.0 33
1679688529177 1679688529.0 34
1679688530092 1679688530.0 35
1679688530265 1679688530.0 36
1679688531143 1679688531.0 37
1679688531416 1679688531.0 38
1679688532382 1679688532.0 39
1679688532560 1679688532.0 40
1679688533486 1679688533.0 41
1679688533684 1679688533.0 42
1679688534641 1679688534.0 43
1679688534904 1679688534.0 44
1679688535866 1679688535.0 45
1679688536035 1679688535.0 46
1679688537010 1679688536.0 47
1679688537212 1679688537.0 48
1679688538102 1679688538.0 49
1679688538357 1679688538.0 50
1679688539225 1679688539.0 51
1679688539387 1679688539.0 52
1679688540279 1679688540.0 53
1679688540448 1679688540.0 54
1679688541338 1679688541.0 55
1679688541586 1679688541.0 56
1679688542452 1679688542.0 57
1679688542652 1679688542.0 58
1679688543552 1679688543.0 59
1679688543713 1679688543.0 60
1679688544574 1679688544.0 61
1679688544817 1679688544.0 62
1679688545688 1679688545.0 63
1679688545848 1679688545.0 64
1679688546725 1679688546.0 65
1679688546897 1679688546.0 66
1679688547795 1679688547.0 67
1679688548036 1679688547.0 68
1679688548922 1679688548.0 69
1679688549122 1679688549.0 70
1679688549988 1679688549.0 71
1679688550159 1679688550.0 72
1679688551082 1679688551.0 73
1679688551326 1679688551.0 74
1679688552207 1679688552.0 75
1679688552372 1679688552.0 76
1679688553263 1679688553.0 77
1679688553462 1679688553.0 78
1679688554328 1679688554.0 79
1679688554570 1679688554.0 80
1679688555436 1679688555.0 81
1679688555607 1679688555.0 82
1679688556486 1679688556.0 83
1679688556650 1679688556.0 84
1679688557525 1679688557.0 85
1679688557767 1679688557.0 86
1679688558671 1679688558.0 87
1679688558921 1679688558.0 88
1679688559821 1679688559.0 89
1679688559986 1679688559.0 90
1679688560867 1679688560.0 91
1679688561106 1679688561.0 92
1679688562031 1679688561.0 93
1679688562238 1679688562.0 94
1679688563209 1679688563.0 95
1679688563396 1679688563.0 96
1679688564359 1679688564.0 97
1679688564634 1679688564.0 98
1679688565594 1679688565.0 99
1679688565774 1679688565.0 100
1679688566707 1679688566.0 101
1679688566903 1679688566.0 102
1679688567785 1679688567.0 103
1679688568024 1679688567.0 104
1679688568918 1679688568.0 105
1679688569097 1679688569.0 106
1679688569971 1679688569.0 107
1679688570134 1679688570.0 108
1679688571032 1679688570.0 109
1679688571282 1679688571.0 110
1679688572155 1679688572.0 111
1679688572320 1679688572.0 112
1679688573225 1679688573.0 113
1679688573406 1679688573.0 114
1679688574306 1679688574.0 115
1679688574550 1679688574.0 116
1679688575507 1679688575.0 117
1679688575699 1679688575.0 118
1679688576672 1679688576.0 119
1679688576861 1679688576.0 120
1679688577798 1679688577.0 121
1679688578076 1679688578.0 122
1679688579038 1679688578.0 123
1679688579222 1679688579.0 124
1679688580170 1679688580.0 125
1679688580342 1679688580.0 126
1679688581330 1679688581.0 127
1679688581653 1679688581.0 128
1679688582560 1679688582.0 129
1679688582725 1679688582.0 130
1679688583594 1679688583.0 131
1679688583772 1679688583.0 132
1679688584677 1679688584.0 133
1679688584930 1679688584.0 134
1679688585862 1679688585.0 135
1679688586056 1679688586.0 136
1679688587000 1679688586.0 137
1679688587190 1679688587.0 138
1679688588094 1679688588.0 139
1679688588406 1679688588.0 140
1679688589402 1679688589.0 141
1679688589608 1679688589.0 142
1679688590510 1679688590.0 143
1679688590686 1679688590.0 144
1679688591657 1679688591.0 145
1679688591928 1679688591.0 146
1679688592898 1679688592.0 147
1679688593095 1679688593.0 148
1679688594070 1679688594.0 149
1679688594282 1679688594.0 150
1679688595264 1679688595.0 151
1679688595581 1679688595.0 152
1679688596526 1679688596.0 153
1679688596708 1679688596.0 154
1679688597597 1679688597.0 155
1679688597770 1679688597.0 156
1679688598702 1679688598.0 157
1679688598954 1679688598.0 158
1679688599832 1679688599.0 159
1679688600051 1679688599.0 160
1679688600980 1679688600.0 161
1679688601161 1679688601.0 162
1679688602062 1679688602.0 163
1679688602307 1679688602.0 164
1679688603245 1679688603.0 165
1679688603412 1679688603.0 166
1679688604302 1679688604.0 167
1679688604481 1679688604.0 168
1679688605374 1679688605.0 169
1679688605622 1679688605.0 170
1679688606518 1679688606.0 171
1679688606693 1679688606.0 172
1679688607583 1679688607.0 173
1679688607750 1679688607.0 174
1679688608619 1679688608.0 175
1679688608879 1679688608.0 176
1679688609792 1679688609.0 177
1679688609969 1679688609.0 178
1679688610867 1679688610.0 179
1679688611034 1679688610.0 180
1679688611959 1679688611.0 181
1679688612259 1679688612.0 182
1679688613165 1679688613.0 183
1679688613336 1679688613.0 184
1679688614240 1679688614.0 185
1679688614418 1679688614.0 186
1679688615317 1679688615.0 187
1679688615567 1679688615.0 188
1679688616462 1679688616.0 189
1679688616644 1679688616.0 190
1679688617527 1679688617.0 191
1679688617706 1679688617.0 192
1679688618586 1679688618.0 193
1679688618839 1679688618.0 194
1679688619740 1679688619.0 195
1679688619919 1679688619.0 196
1679688620871 1679688620.0 197
1679688621109 1679688621.0 198
1679688622088 1679688622.0 199
1679688622370 1679688622.0 200
1679688623361 1679688623.0 201
1679688623548 1679688623.0 202
1679688624533 1679688624.0 203
1679688624738 1679688624.0 204
1679688625725 1679688625.0 205
1679688625994 1679688625.0 206
1679688626989 1679688626.0 207
1679688627181 1679688627.0 208
1679688628142 1679688628.0 209
1679688628321 1679688628.0 210
1679688629243 1679688629.0 211
1679688629513 1679688629.0 212
1679688630410 1679688630.0 213
1679688630580 1679688630.0 214
1679688631441 1679688631.0 215
1679688631622 1679688631.0 216
1679688632527 1679688632.0 217
1679688632777 1679688632.0 218
1679688633663 1679688633.0 219
1679688633828 1679688633.0 220
1679688634744 1679688634.0 221
1679688634933 1679688634.0 222
1679688635817 1679688635.0 223
1679688636063 1679688636.0 224
1679688636953 1679688636.0 225
1679688637130 1679688637.0 226
1679688638071 1679688638.0 227
1679688638247 1679688638.0 228
1679688639133 1679688639.0 229
1679688639384 1679688639.0 230
1679688640247 1679688640.0 231
1679688640419 1679688640.0 232
1679688641334 1679688641.0 233
1679688641509 1679688641.0 234
1679688642442 1679688642.0 235
1679688642757 1679688642.0 236
1679688643664 1679688643.0 237
1679688643840 1679688643.0 238
1679688644760 1679688644.0 239
1679688644938 1679688644.0 240
1679688645819 1679688645.0 241
1679688646110 1679688646.0 242
1679688647006 1679688646.0 243
1679688647182 1679688647.0 244
1679688648070 1679688648.0 245
1679688648262 1679688648.0 246
1679688649160 1679688649.0 247
1679688649409 1679688649.0 248
1679688650286 1679688650.0 249
1679688650476 1679688650.0 250
1679688651381 1679688651.0 251
1679688651556 1679688651.0 252
1679688652572 1679688652.0 253
1679688652857 1679688652.0 254
1679688653843 1679688653.0 255
1679688654047 1679688653.0 256
1679688655031 1679688654.0 257
1679688655221 1679688655.0 258
1679688656266 1679688656.0 259
1679688656561 1679688656.0 260
1679688657502 1679688657.0 261
1679688657683 1679688657.0 262
1679688658587 1679688658.0 263
1679688658758 1679688658.0 264
1679688659702 1679688659.0 265
1679688659978 1679688659.0 266
1679688660900 1679688660.0 267
1679688661084 1679688661.0 268
1679688661991 1679688661.0 269
1679688662215 1679688662.0 270
1679688663109 1679688663.0 271
1679688663374 1679688663.0 272
1679688664282 1679688664.0 273
1679688664464 1679688664.0 274
1679688665364 1679688665.0 275
1679688665552 1679688665.0 276
1679688666476 1679688666.0 277
1679688666732 1679688666.0 278
1679688667622 1679688667.0 279
1679688667810 1679688667.0 280
1679688668743 1679688668.0 281
1679688668932 1679688668.0 282
1679688669831 1679688669.0 283
1679688670091 1679688670.0 284
1679688670989 1679688670.0 285
1679688671167 1679688671.0 286
1679688672103 1679688672.0 287
1679688672304 1679688672.0 288
1679688673226 1679688673.0 289
1679688673529 1679688673.0 290
1679688674408 1679688674.0 291
1679688674581 1679688674.0 292
1679688675463 1679688675.0 293
1679688675642 1679688675.0 294
1679688676554 1679688676.0 295
1679688676820 1679688676.0 296
1679688677716 1679688677.0 297
1679688677892 1679688677.0 298
1679688678776 1679688678.0 299
1679688678989 1679688678.0 300
1679688679115 1679688679.0 301
