1679920087041 19.52952265739441 1
1679920087314 19.773778200149536 2
1679920088613 21.064324855804443 3
1679920088921 21.37794065475464 4
1679920090241 22.696271419525146 5
1679920090526 22.983849048614502 6
1679920091863 24.314059019088745 7
1679920092155 24.608680248260498 8
1679920093540 25.98889398574829 9
1679920093861 26.307512998580933 10
1679920095164 27.615843772888184 11
1679920095469 27.920727014541626 12
1679920096845 29.30236792564392 13
1679920097147 29.59875226020813 14
1679920098554 31.00573992729187 15
1679920098851 31.303964614868164 16
1679920100057 32.5377254486084 17
1679920100343 32.7946138381958 18
1679920101734 34.182865619659424 19
1679920102033 34.48671507835388 20
1679920103332 35.77573585510254 21
1679920103639 36.0858998298645 22
1679920104891 37.34492635726929 23
1679920105167 37.6228404045105 24
1679920106603 39.04267477989197 25
1679920106934 39.37672758102417 26
1679920108237 40.716694355010986 27
1679920108520 40.97476816177368 28
1679920109694 42.14962148666382 29
1679920109990 42.43937301635742 30
1679920111288 43.73766851425171 31
1679920111568 44.02289795875549 32
1679920112807 45.26281929016113 33
1679920113090 45.53387951850891 34
1679920114335 46.780815839767456 35
1679920114702 47.182851791381836 36
1679920115929 48.38260889053345 37
1679920116238 48.684693574905396 38
1679920117544 50.02958798408508 39
1679920117829 50.273967027664185 40
1679920119107 51.544562339782715 41
1679920119504 51.95741820335388 42
1679920120723 53.178648948669434 43
1679920121021 53.47671914100647 44
1679920122289 54.733745098114014 45
1679920122587 55.037174701690674 46
1679920123905 56.334819316864014 47
1679920124381 56.82864737510681 48
1679920125723 58.167601108551025 49
1679920126059 58.5043523311615 50
1679920127486 59.930593967437744 51
1679920127771 60.22371792793274 52
1679920129026 61.48272967338562 53
1679920129405 61.85815978050232 54
1679920130622 63.076821088790894 55
1679920130906 63.36087250709534 56
1679920132299 64.74980235099792 57
1679920132575 65.02739453315735 58
1679920133786 66.23993158340454 59
1679920134157 66.60780334472656 60
1679920135444 67.89061880111694 61
1679920135735 68.18843340873718 62
1679920137159 69.64156079292297 63
1679920137474 69.92467427253723 64
1679920138867 71.32227396965027 65
1679920139139 71.59393668174744 66
1679920140439 72.88064074516296 67
1679920140785 73.22741222381592 68
1679920142195 74.67853283882141 69
1679920142508 74.95937085151672 70
1679920143808 76.2516713142395 71
1679920144090 76.53906893730164 72
1679920145347 77.79611849784851 73
1679920145622 78.0776219367981 74
1679920146994 79.43840956687927 75
1679920147270 79.72471499443054 76
1679920148536 80.98753380775452 77
1679920148821 81.27547693252563 78
1679920150012 82.46563744544983 79
1679920150287 82.7408938407898 80
1679920151543 83.99835896492004 81
1679920151823 84.27575421333313 82
1679920153087 85.52566719055176 83
1679920153395 85.84468245506287 84
1679920154597 87.05219554901123 85
1679920154869 87.32159471511841 86
1679920156115 88.59737873077393 87
1679920156394 88.84961795806885 88
1679920157711 90.14779901504517 89
1679920158001 90.4523537158966 90
1679920159233 91.71602749824524 91
1679920159541 91.99356055259705 92
1679920160820 93.30384707450867 93
1679920161147 93.5906195640564 94
1679920162418 94.90266990661621 95
1679920162705 95.15972971916199 96
1679920163957 96.43932223320007 97
1679920164264 96.70958995819092 98
1679920165645 98.12852668762207 99
1679920165952 98.38966965675354 100
1679920167358 99.80667114257812 101
1679920167655 100.10366344451904 102
1679920168916 101.39588284492493 103
1679920169313 101.7616970539093 104
1679920170571 103.01457786560059 105
1679920170862 103.3128752708435 106
1679920172214 104.66577649116516 107
1679920172491 104.94146037101746 108
1679920173772 106.22380709648132 109
1679920174174 106.61077094078064 110
1679920175378 107.82417893409729 111
1679920175684 108.13174271583557 112
1679920177003 109.45244407653809 113
1679920177274 109.72673773765564 114
1679920178554 110.99289393424988 115
1679920178869 111.31052827835083 116
1679920180087 112.5306465625763 117
1679920180356 112.80900120735168 118
1679920181792 114.2271192073822 119
1679920182115 114.54149174690247 120
1679920183444 115.88897609710693 121
1679920183741 116.18830919265747 122
1679920184922 117.3755350112915 123
1679920185218 117.65764141082764 124
1679920186479 118.96442437171936 125
1679920186751 119.20440340042114 126
1679920187998 120.44978857040405 127
1679920188300 120.74457287788391 128
1679920189524 121.97848415374756 129
1679920189790 122.24259877204895 130
1679920191055 123.50360989570618 131
1679920191364 123.808025598526 132
1679920192689 125.1355357170105 133
1679920192973 125.42553043365479 134
1679920194267 126.71394658088684 135
1679920194560 127.00645279884338 136
1679920195857 128.2994260787964 137
1679920196169 128.6084554195404 138
1679920197505 129.9528272151947 139
1679920197817 130.25947785377502 140
1679920199081 131.52360320091248 141
1679920199361 131.8107295036316 142
1679920200676 133.16045236587524 143
1679920200961 133.40960216522217 144
1679920202256 134.70732474327087 145
1679920202526 134.97658848762512 146
1679920203816 136.25143337249756 147
1679920204132 136.57272386550903 148
1679920205499 137.95044875144958 149
1679920205795 138.23375535011292 150
1679920207125 139.5655665397644 151
1679920207404 139.85550379753113 152
1679920208612 141.05868768692017 153
1679920208989 141.44260454177856 154
1679920210165 142.61336612701416 155
1679920210447 142.8933982849121 156
1679920211748 144.19828581809998 157
1679920212032 144.4814419746399 158
1679920213264 145.71650409698486 159
1679920213641 146.09146165847778 160
1679920214834 147.27358055114746 161
1679920215159 147.59063124656677 162
1679920216449 148.9323809146881 163
1679920216727 149.17749881744385 164
1679920218007 150.45367336273193 165
1679920218321 150.7531704902649 166
1679920219661 152.11213517189026 167
1679920219941 152.3885567188263 168
1679920221232 153.68149256706238 169
1679920221516 153.95958995819092 170
1679920222813 155.26203322410583 171
1679920223109 155.55140089988708 172
1679920224363 156.84452438354492 173
1679920224641 157.09058260917664 174
1679920225895 158.34450125694275 175
1679920226201 158.64644765853882 176
1679920227515 159.95616149902344 177
1679920227798 160.24150371551514 178
1679920229017 161.49726510047913 179
1679920229281 161.76073336601257 180
1679920230590 163.07371759414673 181
1679920230863 163.30928468704224 182
1679920232135 164.6154501438141 183
1679920232396 164.8747055530548 184
1679920233625 166.10632610321045 185
1679920233962 166.3983097076416 186
1679920235290 167.77347230911255 187
1679920235591 168.03139233589172 188
1679920236982 169.42794346809387 189
1679920237287 169.7289628982544 190
1679920238530 171.01347088813782 191
1679920238865 171.29399490356445 192
1679920240191 172.6405110359192 193
1679920240492 172.93836307525635 194
1679920241819 174.26813745498657 195
1679920242104 174.54447627067566 196
1679920243330 175.77448391914368 197
1679920243628 176.07169485092163 198
1679920244960 177.3983256816864 199
1679920245250 177.6983528137207 200
1679920245435 177.87499403953552 201
