1679688864550 0.0 1
1679688864755 0.0 2
1679688865886 0.0 3
1679688866078 0.0 4
1679688867244 0.0 5
1679688867437 0.0 6
1679688868564 0.0 7
1679688868741 0.0 8
1679688869791 0.0 9
1679688870008 0.0 10
1679688871079 0.0 11
1679688871255 0.0 12
1679688872362 0.0 13
1679688872536 0.0 14
1679688873588 0.0 15
1679688873761 0.0 16
1679688874820 0.0 17
1679688875006 0.0 18
1679688876076 0.0 19
1679688876339 0.0 20
1679688877412 0.0 21
1679688877590 0.0 22
1679688878654 0.0 23
1679688878866 0.0 24
1679688879955 0.0 25
1679688880136 0.0 26
1679688881290 0.0 27
1679688881470 0.0 28
1679688882564 0.0 29
1679688882745 0.0 30
1679688883782 0.0 31
1679688883970 0.0 32
1679688885089 0.0 33
1679688885274 0.0 34
1679688886363 0.0 35
1679688886544 0.0 36
1679688887577 0.0 37
1679688887749 0.0 38
1679688888907 0.0 39
1679688889088 0.0 40
1679688890145 0.0 41
1679688890338 0.0 42
1679688891368 0.0 43
1679688891542 0.0 44
1679688892857 0.0 45
1679688893051 0.0 46
1679688894181 0.0 47
1679688894377 0.0 48
1679688895503 0.0 49
1679688895718 0.0 50
1679688896841 0.0 51
1679688897096 0.0 52
1679688898147 0.0 53
1679688898326 0.0 54
1679688899370 0.0 55
1679688899553 0.0 56
1679688900711 0.0 57
1679688901049 0.0 58
1679688902191 0.0 59
1679688902387 0.0 60
1679688903522 0.0 61
1679688903720 0.0 62
1679688904861 0.0 63
1679688905113 0.0 64
1679688906192 0.0 65
1679688906383 0.0 66
1679688907421 0.0 67
1679688907600 0.0 68
1679688908661 0.0 69
1679688908916 0.0 70
1679688909989 0.0 71
1679688910164 0.0 72
1679688911217 0.0 73
1679688911405 0.0 74
1679688912448 0.0 75
1679688912703 0.0 76
1679688913752 0.0 77
1679688913930 0.0 78
1679688914997 0.0 79
1679688915175 0.0 80
1679688916278 0.0 81
1679688916591 0.0 82
1679688917633 0.0 83
1679688917809 0.0 84
1679688918896 0.0 85
1679688919074 0.0 86
1679688920123 0.0 87
1679688920387 0.0 88
1679688921460 0.0 89
1679688921659 0.0 90
1679688922852 0.0 91
1679688923058 0.0 92
1679688924215 0.0 93
1679688924495 0.0 94
1679688925630 0.0 95
1679688925842 0.0 96
1679688926979 0.0 97
1679688927183 0.0 98
1679688928258 0.0 99
1679688928519 0.0 100
1679688929561 0.0 101
1679688929753 0.0 102
1679688930820 0.0 103
1679688931004 0.0 104
1679688932088 0.0 105
1679688932354 0.0 106
1679688933400 0.0 107
1679688933583 0.0 108
1679688934629 0.0 109
1679688934814 0.0 110
1679688935879 0.0 111
1679688936136 0.0 112
1679688937193 0.0 113
1679688937418 0.0 114
1679688938486 0.0 115
1679688938670 0.0 116
1679688939707 0.0 117
1679688939976 0.0 118
1679688941030 0.0 119
1679688941208 0.0 120
1679688942265 0.0 121
1679688942465 0.0 122
1679688943560 0.0 123
1679688943814 0.0 124
1679688944879 0.0 125
1679688945061 0.0 126
1679688946132 0.0 127
1679688946344 0.0 128
1679688947418 0.0 129
1679688947691 0.0 130
1679688948758 0.0 131
1679688948941 0.0 132
1679688949995 0.0 133
1679688950175 0.0 134
1679688951210 0.0 135
1679688951466 0.0 136
1679688952608 0.0 137
1679688952833 0.0 138
1679688953971 0.0 139
1679688954176 0.0 140
1679688955316 0.0 141
1679688955604 0.0 142
1679688956779 0.0 143
1679688956974 0.0 144
1679688958060 0.0 145
1679688958261 0.0 146
1679688959329 0.0 147
1679688959588 0.0 148
1679688960667 0.0 149
1679688960854 0.0 150
1679688961930 0.0 151
1679688962122 0.0 152
1679688963185 0.0 153
1679688963485 0.0 154
1679688964573 0.0 155
1679688964759 0.0 156
1679688965823 0.0 157
1679688966014 0.0 158
1679688967072 0.0 159
1679688967341 0.0 160
1679688968400 0.0 161
1679688968593 0.0 162
1679688969667 0.0 163
1679688969852 0.0 164
1679688970930 0.0 165
1679688971188 0.0 166
1679688972236 0.0 167
1679688972419 0.0 168
1679688973505 0.0 169
1679688973698 0.0 170
1679688974790 0.0 171
1679688975053 0.0 172
1679688976107 0.0 173
1679688976305 0.0 174
1679688977367 0.0 175
1679688977553 0.0 176
1679688978627 0.0 177
1679688978911 0.0 178
1679688979973 0.0 179
1679688980164 0.0 180
1679688981225 0.0 181
1679688981433 0.0 182
1679688982608 0.0 183
1679688982896 0.0 184
1679688984066 0.0 185
1679688984328 0.0 186
1679688985480 0.0 187
1679688985687 0.0 188
1679688986827 0.0 189
1679688987105 0.0 190
1679688988196 0.0 191
1679688988384 0.0 192
1679688989439 0.0 193
1679688989629 0.0 194
1679688990677 0.0 195
1679688990934 0.0 196
1679688992004 0.0 197
1679688992191 0.0 198
1679688993238 0.0 199
1679688993425 0.0 200
1679688994522 0.0 201
1679688994790 0.0 202
1679688995856 0.0 203
1679688996057 0.0 204
1679688997142 0.0 205
1679688997340 0.0 206
1679688998412 0.0 207
1679688998683 0.0 208
1679688999736 0.0 209
1679688999970 0.0 210
1679689001051 0.0 211
1679689001243 0.0 212
1679689002309 0.0 213
1679689002583 0.0 214
1679689003648 0.0 215
1679689003833 0.0 216
1679689004909 0.0 217
1679689005113 0.0 218
1679689006184 0.0 219
1679689006460 0.0 220
1679689007585 0.0 221
1679689007777 0.0 222
1679689008847 0.0 223
1679689009037 0.0 224
1679689010087 0.0 225
1679689010368 0.0 226
1679689011417 0.0 227
1679689011620 0.0 228
1679689012739 0.0 229
1679689012943 0.0 230
1679689014081 0.0 231
1679689014381 0.0 232
1679689015514 0.0 233
1679689015770 0.0 234
1679689016899 0.0 235
1679689017108 0.0 236
1679689018197 0.0 237
1679689018475 0.0 238
1679689019551 0.0 239
1679689019740 0.0 240
1679689020825 0.0 241
1679689021028 0.0 242
1679689022110 0.0 243
1679689022382 0.0 244
1679689023440 0.0 245
1679689023632 0.0 246
1679689024693 0.0 247
1679689024886 0.0 248
1679689025950 0.0 249
1679689026262 0.0 250
1679689027329 0.0 251
1679689027516 0.0 252
1679689028583 0.0 253
1679689028776 0.0 254
1679689029862 0.0 255
1679689030138 0.0 256
1679689031209 0.0 257
1679689031404 0.0 258
1679689032453 0.0 259
1679689032639 0.0 260
1679689033706 0.0 261
1679689033964 0.0 262
1679689035040 0.0 263
1679689035234 0.0 264
1679689036309 0.0 265
1679689036536 0.0 266
1679689037672 0.0 267
1679689037961 0.0 268
1679689039019 0.0 269
1679689039205 0.0 270
1679689040286 0.0 271
1679689040488 0.0 272
1679689041597 0.0 273
1679689041932 0.0 274
1679689043098 0.0 275
1679689043308 0.0 276
1679689044463 0.0 277
1679689044674 0.0 278
1679689045824 0.0 279
1679689046124 0.0 280
1679689047253 0.0 281
1679689047452 0.0 282
1679689048523 0.0 283
1679689048717 0.0 284
1679689049771 0.0 285
1679689050046 0.0 286
1679689051095 0.0 287
1679689051286 0.0 288
1679689052372 0.0 289
1679689052623 0.0 290
1679689053695 0.0 291
1679689053969 0.0 292
1679689055021 0.0 293
1679689055203 0.0 294
1679689056254 0.0 295
1679689056440 0.0 296
1679689057523 0.0 297
1679689057804 0.0 298
1679689058865 0.0 299
1679689059056 0.0 300
1679689059182 0.0 301
