1679688864538 3.879931688308716 1
1679688864747 0.18905186653137207 2
1679688865877 1.1338553428649902 3
1679688866069 0.190016508102417 4
1679688867235 1.1662209033966064 5
1679688867429 0.19376325607299805 6
1679688868556 1.1319520473480225 7
1679688868734 0.17619824409484863 8
1679688869783 1.0490732192993164 9
1679688869999 0.19891595840454102 10
1679688871070 1.0888197422027588 11
1679688871247 0.1781597137451172 12
1679688872354 1.1054158210754395 13
1679688872528 0.17459869384765625 14
1679688873579 1.0529863834381104 15
1679688873753 0.17094850540161133 16
1679688874804 1.0514464378356934 17
1679688874998 0.1935436725616455 18
1679688876066 1.0707380771636963 19
1679688876331 0.2572164535522461 20
1679688877403 1.076927661895752 21
1679688877581 0.17928409576416016 22
1679688878646 1.063474178314209 23
1679688878853 0.18210840225219727 24
1679688879946 1.1162586212158203 25
1679688880128 0.1809854507446289 26
1679688881275 1.1499354839324951 27
1679688881463 0.18706321716308594 28
1679688882554 1.0860848426818848 29
1679688882735 0.18246960639953613 30
1679688883774 1.0413556098937988 31
1679688883962 0.18506121635437012 32
1679688885080 1.122063398361206 33
1679688885265 0.18496012687683105 34
1679688886353 1.084399700164795 35
1679688886534 0.18251681327819824 36
1679688887569 1.0340425968170166 37
1679688887740 0.17374062538146973 38
1679688888899 1.1602048873901367 39
1679688889081 0.18104100227355957 40
1679688890136 1.0533685684204102 41
1679688890330 0.18821287155151367 42
1679688891361 1.0370182991027832 43
1679688891533 0.17451167106628418 44
1679688892849 1.3097949028015137 45
1679688893043 0.19410490989685059 46
1679688894174 1.1338026523590088 47
1679688894369 0.18720722198486328 48
1679688895496 1.130810260772705 49
1679688895709 0.20569705963134766 50
1679688896833 1.1335957050323486 51
1679688897088 0.2579035758972168 52
1679688898139 1.0489940643310547 53
1679688898318 0.1791093349456787 54
1679688899362 1.0438063144683838 55
1679688899544 0.1782541275024414 56
1679688900703 1.1598477363586426 57
1679688901040 0.3348805904388428 58
1679688902181 1.1423640251159668 59
1679688902378 0.1966559886932373 60
1679688903513 1.1380701065063477 61
1679688903712 0.19584178924560547 62
1679688904853 1.1410882472991943 63
1679688905105 0.25804734230041504 64
1679688906183 1.0758576393127441 65
1679688906375 0.19416260719299316 66
1679688907412 1.0338473320007324 67
1679688907592 0.18200159072875977 68
1679688908654 1.0592427253723145 69
1679688908907 0.25673532485961914 70
1679688909981 1.0740091800689697 71
1679688910156 0.17513108253479004 72
1679688911208 1.0509748458862305 73
1679688911397 0.1901383399963379 74
1679688912439 1.0380222797393799 75
1679688912694 0.2577509880065918 76
1679688913744 1.0493857860565186 77
1679688913922 0.17457222938537598 78
1679688914989 1.0681865215301514 79
1679688915167 0.18016433715820312 80
1679688916270 1.0938036441802979 81
1679688916583 0.31991147994995117 82
1679688917625 1.0410242080688477 83
1679688917801 0.18006443977355957 84
1679688918888 1.0840497016906738 85
1679688919066 0.17580747604370117 86
1679688920115 1.0520191192626953 87
1679688920380 0.2609896659851074 88
1679688921450 1.0721166133880615 89
1679688921650 0.1971902847290039 90
1679688922843 1.1885547637939453 91
1679688923049 0.2083148956298828 92
1679688924206 1.1588757038116455 93
1679688924486 0.280118465423584 94
1679688925621 1.1338212490081787 95
1679688925831 0.20458412170410156 96
1679688926971 1.1464576721191406 97
1679688927174 0.20457887649536133 98
1679688928249 1.0718557834625244 99
1679688928508 0.26663780212402344 100
1679688929553 1.0448799133300781 101
1679688929744 0.18758749961853027 102
1679688930813 1.0715601444244385 103
1679688930995 0.1809546947479248 104
1679688932080 1.0797996520996094 105
1679688932346 0.2722494602203369 106
1679688933392 1.046912431716919 107
1679688933574 0.18077945709228516 108
1679688934621 1.0482232570648193 109
1679688934805 0.1829838752746582 110
1679688935871 1.059983730316162 111
1679688936129 0.26238203048706055 112
1679688937185 1.054474115371704 113
1679688937410 0.2216041088104248 114
1679688938478 1.0685267448425293 115
1679688938662 0.1850900650024414 116
1679688939699 1.0388727188110352 117
1679688939968 0.26996326446533203 118
1679688941022 1.053093433380127 119
1679688941201 0.18315935134887695 120
1679688942256 1.0485451221466064 121
1679688942457 0.20181989669799805 122
1679688943552 1.0979456901550293 123
1679688943806 0.2544887065887451 124
1679688944870 1.064087152481079 125
1679688945053 0.18284320831298828 126
1679688946124 1.0610864162445068 127
1679688946335 0.21221327781677246 128
1679688947410 1.0818729400634766 129
1679688947683 0.2739546298980713 130
1679688948750 1.0662729740142822 131
1679688948934 0.18079161643981934 132
1679688949987 1.0570895671844482 133
1679688950168 0.17997527122497559 134
1679688951202 1.0372838973999023 135
1679688951459 0.25463151931762695 136
1679688952599 1.1366503238677979 137
1679688952824 0.2184770107269287 138
1679688953963 1.1411495208740234 139
1679688954167 0.20380759239196777 140
1679688955308 1.1418585777282715 141
1679688955594 0.2824842929840088 142
1679688956769 1.1405906677246094 143
1679688956966 0.2379145622253418 144
1679688958052 1.0851771831512451 145
1679688958253 0.19771337509155273 146
1679688959321 1.0720932483673096 147
1679688959579 0.26088428497314453 148
1679688960660 1.081291913986206 149
1679688960847 0.18211150169372559 150
1679688961922 1.078733205795288 151
1679688962114 0.19195055961608887 152
1679688963174 1.0613372325897217 153
1679688963477 0.30071234703063965 154
1679688964565 1.0853891372680664 155
1679688964751 0.1906416416168213 156
1679688965815 1.062953233718872 157
1679688966005 0.18703770637512207 158
1679688967064 1.0598208904266357 159
1679688967331 0.26821351051330566 160
1679688968392 1.0599780082702637 161
1679688968585 0.1929478645324707 162
1679688969658 1.0729546546936035 163
1679688969843 0.18392300605773926 164
1679688970921 1.0821409225463867 165
1679688971180 0.25852131843566895 166
1679688972228 1.0486423969268799 167
1679688972412 0.18185019493103027 168
1679688973498 1.08209228515625 169
1679688973690 0.1937875747680664 170
1679688974781 1.090834617614746 171
1679688975045 0.2662041187286377 172
1679688976098 1.050236463546753 173
1679688976296 0.19276809692382812 174
1679688977359 1.074073076248169 175
1679688977544 0.18253445625305176 176
1679688978619 1.0736117362976074 177
1679688978901 0.2766077518463135 178
1679688979960 1.0592195987701416 179
1679688980155 0.1970515251159668 180
1679688981216 1.0648458003997803 181
1679688981424 0.19807887077331543 182
1679688982599 1.1729390621185303 183
1679688982888 0.29399681091308594 184
1679688984058 1.1692907810211182 185
1679688984319 0.25185728073120117 186
1679688985472 1.1588103771209717 187
1679688985678 0.20702886581420898 188
1679688986819 1.150033712387085 189
1679688987095 0.2680058479309082 190
1679688988187 1.0999782085418701 191
1679688988375 0.18529987335205078 192
1679688989431 1.0576488971710205 193
1679688989621 0.18999052047729492 194
1679688990669 1.0472712516784668 195
1679688990926 0.26082348823547363 196
1679688991996 1.0644760131835938 197
1679688992183 0.18859648704528809 198
1679688993230 1.04539155960083 199
1679688993417 0.1875295639038086 200
1679688994514 1.0708060264587402 201
1679688994782 0.2951939105987549 202
1679688995848 1.0611884593963623 203
1679688996048 0.19673371315002441 204
1679688997134 1.0883455276489258 205
1679688997332 0.19874310493469238 206
1679688998404 1.0730462074279785 207
1679688998675 0.2709972858428955 208
1679688999728 1.059922456741333 209
1679688999962 0.2250535488128662 210
1679689001039 1.0730435848236084 211
1679689001234 0.2048640251159668 212
1679689002300 1.0600905418395996 213
1679689002573 0.2768721580505371 214
1679689003640 1.0709540843963623 215
1679689003826 0.18278741836547852 216
1679689004901 1.0717389583587646 217
1679689005104 0.2027437686920166 218
1679689006175 1.0727729797363281 219
1679689006451 0.2771327495574951 220
1679689007577 1.1218700408935547 221
1679689007769 0.1988849639892578 222
1679689008838 1.0672485828399658 223
1679689009029 0.19092249870300293 224
1679689010077 1.049088954925537 225
1679689010360 0.28041791915893555 226
1679689011408 1.0526268482208252 227
1679689011612 0.19300079345703125 228
1679689012729 1.1187634468078613 229
1679689012934 0.20804047584533691 230
1679689014072 1.1351110935211182 231
1679689014372 0.3011658191680908 232
1679689015506 1.1355338096618652 233
1679689015759 0.23539042472839355 234
1679689016890 1.1461305618286133 235
1679689017100 0.20882654190063477 236
1679689018189 1.0959105491638184 237
1679689018467 0.27506470680236816 238
1679689019541 1.0770270824432373 239
1679689019731 0.1937241554260254 240
1679689020817 1.0812604427337646 241
1679689021020 0.2028806209564209 242
1679689022102 1.0809764862060547 243
1679689022373 0.2715740203857422 244
1679689023433 1.0624639987945557 245
1679689023622 0.18723440170288086 246
1679689024685 1.0627367496490479 247
1679689024878 0.18927812576293945 248
1679689025941 1.0668962001800537 249
1679689026254 0.3048393726348877 250
1679689027321 1.075995922088623 251
1679689027506 0.18601655960083008 252
1679689028576 1.0701546669006348 253
1679689028768 0.19004154205322266 254
1679689029854 1.0817160606384277 255
1679689030130 0.2790946960449219 256
1679689031201 1.0719711780548096 257
1679689031396 0.19702529907226562 258
1679689032445 1.047952651977539 259
1679689032629 0.1849818229675293 260
1679689033698 1.0689849853515625 261
1679689033956 0.25890421867370605 262
1679689035030 1.0698049068450928 263
1679689035224 0.1974196434020996 264
1679689036301 1.0668425559997559 265
1679689036528 0.2322859764099121 266
1679689037661 1.1187775135040283 267
1679689037953 0.30700206756591797 268
1679689039011 1.0585992336273193 269
1679689039197 0.18728947639465332 270
1679689040277 1.077014446258545 271
1679689040480 0.19973278045654297 272
1679689041587 1.0978546142578125 273
1679689041923 0.34453630447387695 274
1679689043090 1.1649937629699707 275
1679689043299 0.21097850799560547 276
1679689044453 1.1439003944396973 277
1679689044666 0.22125697135925293 278
1679689045816 1.1509015560150146 279
1679689046116 0.30095791816711426 280
1679689047245 1.1317822933197021 281
1679689047444 0.19914460182189941 282
1679689048514 1.0714836120605469 283
1679689048709 0.19783377647399902 284
1679689049764 1.0536510944366455 285
1679689050037 0.27196216583251953 286
1679689051088 1.0541324615478516 287
1679689051278 0.18631982803344727 288
1679689052363 1.0839836597442627 289
1679689052612 0.23065590858459473 290
1679689053688 1.0958898067474365 291
1679689053954 0.2681238651275635 292
1679689055012 1.06199049949646 293
1679689055194 0.1820237636566162 294
1679689056246 1.0479528903961182 295
1679689056432 0.1878957748413086 296
1679689057517 1.082481861114502 297
1679689057795 0.2785801887512207 298
1679689058856 1.0542314052581787 299
1679689059048 0.19672036170959473 300
1679689059175 0.1290607452392578 301
