1679857352509 1.0 1
1679857352622 2.0 2
1679857353076 3.0 3
1679857353175 4.0 4
1679857353610 5.0 5
1679857353701 6.0 6
1679857354099 7.0 7
1679857354200 8.0 8
1679857354774 9.0 9
1679857354863 10.0 10
1679857355248 11.0 11
1679857355337 12.0 12
1679857355735 13.0 13
1679857355828 14.0 14
1679857356239 15.0 15
1679857356340 16.0 16
1679857356756 17.0 17
1679857356874 18.0 18
1679857357336 19.0 19
1679857357428 20.0 20
1679857357904 21.0 21
1679857358001 22.0 22
1679857358389 23.0 23
1679857358479 24.0 24
1679857358948 25.0 25
1679857359039 26.0 26
1679857359464 27.0 27
1679857359559 28.0 28
1679857359993 29.0 29
1679857360086 30.0 30
1679857360513 31.0 31
1679857360605 32.0 32
1679857361025 33.0 33
1679857361092 34.0 34
1679857361587 35.0 35
1679857361680 36.0 36
1679857362093 37.0 37
1679857362194 38.0 38
1679857362677 39.0 39
1679857362777 40.0 40
1679857363204 41.0 41
1679857363319 42.0 42
1679857363724 43.0 43
1679857363816 44.0 44
1679857364233 45.0 45
1679857364400 46.0 46
1679857364820 47.0 47
1679857364918 48.0 48
1679857365339 49.0 49
1679857365432 50.0 50
1679857365843 51.0 51
1679857365936 52.0 52
1679857366343 53.0 53
1679857366438 54.0 54
1679857366874 55.0 55
1679857366977 56.0 56
1679857367404 57.0 57
1679857367499 58.0 58
1679857367917 59.0 59
1679857368036 60.0 60
1679857368494 61.0 61
1679857368593 62.0 62
1679857369024 63.0 63
1679857369139 64.0 64
1679857369638 65.0 65
1679857369749 66.0 66
1679857370240 67.0 67
1679857370343 68.0 68
1679857370817 69.0 69
1679857370912 70.0 70
1679857371365 71.0 71
1679857371477 72.0 72
1679857371903 73.0 73
1679857372006 74.0 74
1679857372532 75.0 75
1679857372638 76.0 76
1679857373163 77.0 77
1679857373270 78.0 78
1679857373729 79.0 79
1679857373835 80.0 80
1679857374316 81.0 81
1679857374423 82.0 82
1679857375000 83.0 83
1679857375100 84.0 84
1679857375578 85.0 85
1679857375681 86.0 86
1679857376168 87.0 87
1679857376272 88.0 88
1679857376760 89.0 89
1679857376883 90.0 90
1679857377346 91.0 91
1679857377458 92.0 92
1679857377960 93.0 93
1679857378064 94.0 94
1679857378562 95.0 95
1679857378687 96.0 96
1679857379163 97.0 97
1679857379269 98.0 98
1679857379727 99.0 99
1679857379834 100.0 100
1679857380307 101.0 101
1679857380413 102.0 102
1679857380859 103.0 103
1679857380973 104.0 104
1679857381449 105.0 105
1679857381569 106.0 106
1679857382021 107.0 107
1679857382135 108.0 108
1679857382597 109.0 109
1679857382707 110.0 110
1679857383133 111.0 111
1679857383231 112.0 112
1679857383653 113.0 113
1679857383751 114.0 114
1679857384188 115.0 115
1679857384292 116.0 116
1679857384757 117.0 117
1679857384858 118.0 118
1679857385363 119.0 119
1679857385460 120.0 120
1679857385874 121.0 121
1679857385970 122.0 122
1679857386394 123.0 123
1679857386494 124.0 124
1679857386910 125.0 125
1679857387007 126.0 126
1679857387481 127.0 127
1679857387580 128.0 128
1679857388016 129.0 129
1679857388118 130.0 130
1679857388550 131.0 131
1679857388660 132.0 132
1679857389086 133.0 133
1679857389183 134.0 134
1679857389659 135.0 135
1679857389758 136.0 136
1679857390222 137.0 137
1679857390320 138.0 138
1679857390768 139.0 139
1679857390866 140.0 140
1679857391314 141.0 141
1679857391412 142.0 142
1679857391821 143.0 143
1679857391922 144.0 144
1679857392351 145.0 145
1679857392456 146.0 146
1679857392887 147.0 147
1679857392986 148.0 148
1679857393400 149.0 149
1679857393530 150.0 150
1679857393952 151.0 151
1679857394052 152.0 152
1679857394478 153.0 153
1679857394576 154.0 154
1679857395079 155.0 155
1679857395187 156.0 156
1679857395604 157.0 157
1679857395702 158.0 158
1679857396125 159.0 159
1679857396223 160.0 160
1679857396640 161.0 161
1679857396739 162.0 162
1679857397153 163.0 163
1679857397250 164.0 164
1679857397684 165.0 165
1679857397786 166.0 166
1679857398204 167.0 167
1679857398302 168.0 168
1679857398708 169.0 169
1679857398829 170.0 170
1679857399242 171.0 171
1679857399341 172.0 172
1679857399752 173.0 173
1679857399862 174.0 174
1679857400300 175.0 175
1679857400410 176.0 176
1679857400821 177.0 177
1679857400932 178.0 178
1679857401344 179.0 179
1679857401462 180.0 180
1679857401958 181.0 181
1679857402077 182.0 182
1679857402561 183.0 183
1679857402675 184.0 184
1679857403179 185.0 185
1679857403293 186.0 186
1679857403766 187.0 187
1679857403900 188.0 188
1679857404393 189.0 189
1679857404510 190.0 190
1679857404998 191.0 191
1679857405202 192.0 192
1679857405697 193.0 193
1679857405817 194.0 194
1679857406290 195.0 195
1679857406421 196.0 196
1679857406851 197.0 197
1679857406960 198.0 198
1679857407413 199.0 199
1679857407521 200.0 200
1679857407996 201.0 201
1679857408112 202.0 202
1679857408552 203.0 203
1679857408660 204.0 204
1679857409104 205.0 205
1679857409212 206.0 206
1679857409669 207.0 207
1679857409776 208.0 208
1679857410231 209.0 209
1679857410338 210.0 210
1679857410762 211.0 211
1679857410870 212.0 212
1679857411293 213.0 213
1679857411411 214.0 214
1679857411830 215.0 215
1679857411934 216.0 216
1679857412353 217.0 217
1679857412461 218.0 218
1679857412903 219.0 219
1679857413006 220.0 220
1679857413447 221.0 221
1679857413553 222.0 222
1679857413984 223.0 223
1679857414091 224.0 224
1679857414540 225.0 225
1679857414660 226.0 226
1679857415104 227.0 227
1679857415211 228.0 228
1679857415699 229.0 229
1679857415803 230.0 230
1679857416227 231.0 231
1679857416333 232.0 232
1679857416755 233.0 233
1679857416859 234.0 234
1679857417279 235.0 235
1679857417386 236.0 236
1679857417829 237.0 237
1679857417936 238.0 238
1679857418364 239.0 239
1679857418474 240.0 240
1679857418907 241.0 241
1679857419009 242.0 242
1679857419414 243.0 243
1679857419519 244.0 244
1679857419937 245.0 245
1679857420045 246.0 246
1679857420510 247.0 247
1679857420613 248.0 248
1679857421063 249.0 249
1679857421172 250.0 250
1679857421594 251.0 251
1679857421702 252.0 252
1679857422119 253.0 253
1679857422226 254.0 254
1679857422682 255.0 255
1679857422789 256.0 256
1679857423232 257.0 257
1679857423339 258.0 258
1679857423753 259.0 259
1679857423861 260.0 260
1679857424282 261.0 261
1679857424400 262.0 262
1679857424862 263.0 263
1679857424981 264.0 264
1679857425521 265.0 265
1679857425627 266.0 266
1679857426048 267.0 267
1679857426153 268.0 268
1679857426573 269.0 269
1679857426682 270.0 270
1679857427123 271.0 271
1679857427230 272.0 272
1679857427695 273.0 273
1679857427806 274.0 274
1679857428233 275.0 275
1679857428350 276.0 276
1679857428781 277.0 277
1679857428889 278.0 278
1679857429331 279.0 279
1679857429453 280.0 280
1679857429922 281.0 281
1679857430035 282.0 282
1679857430513 283.0 283
1679857430624 284.0 284
1679857431053 285.0 285
1679857431161 286.0 286
1679857431609 287.0 287
1679857431721 288.0 288
1679857432186 289.0 289
1679857432306 290.0 290
1679857432793 291.0 291
1679857432907 292.0 292
1679857433406 293.0 293
1679857433524 294.0 294
1679857434010 295.0 295
1679857434127 296.0 296
1679857434620 297.0 297
1679857434742 298.0 298
1679857435273 299.0 299
1679857435418 300.0 300
1679857435524 301.0 301
