1679857352498 1679857352.0 1
1679857352613 1679857352.0 2
1679857353067 1679857353.0 3
1679857353166 1679857353.0 4
1679857353601 1679857353.0 5
1679857353693 1679857353.0 6
1679857354090 1679857354.0 7
1679857354187 1679857354.0 8
1679857354765 1679857354.0 9
1679857354854 1679857354.0 10
1679857355240 1679857355.0 11
1679857355329 1679857355.0 12
1679857355725 1679857355.0 13
1679857355819 1679857355.0 14
1679857356229 1679857356.0 15
1679857356330 1679857356.0 16
1679857356747 1679857356.0 17
1679857356864 1679857356.0 18
1679857357327 1679857357.0 19
1679857357420 1679857357.0 20
1679857357892 1679857357.0 21
1679857357992 1679857357.0 22
1679857358380 1679857358.0 23
1679857358471 1679857358.0 24
1679857358940 1679857358.0 25
1679857359030 1679857358.0 26
1679857359455 1679857359.0 27
1679857359550 1679857359.0 28
1679857359979 1679857359.0 29
1679857360078 1679857360.0 30
1679857360505 1679857360.0 31
1679857360596 1679857360.0 32
1679857361015 1679857360.0 33
1679857361084 1679857361.0 34
1679857361579 1679857361.0 35
1679857361672 1679857361.0 36
1679857362084 1679857362.0 37
1679857362185 1679857362.0 38
1679857362667 1679857362.0 39
1679857362769 1679857362.0 40
1679857363196 1679857363.0 41
1679857363311 1679857363.0 42
1679857363715 1679857363.0 43
1679857363806 1679857363.0 44
1679857364224 1679857364.0 45
1679857364394 1679857364.0 46
1679857364810 1679857364.0 47
1679857364909 1679857364.0 48
1679857365330 1679857365.0 49
1679857365423 1679857365.0 50
1679857365834 1679857365.0 51
1679857365927 1679857365.0 52
1679857366334 1679857366.0 53
1679857366429 1679857366.0 54
1679857366866 1679857366.0 55
1679857366964 1679857366.0 56
1679857367395 1679857367.0 57
1679857367489 1679857367.0 58
1679857367908 1679857367.0 59
1679857368025 1679857367.0 60
1679857368485 1679857368.0 61
1679857368584 1679857368.0 62
1679857369012 1679857368.0 63
1679857369130 1679857369.0 64
1679857369629 1679857369.0 65
1679857369733 1679857369.0 66
1679857370229 1679857370.0 67
1679857370333 1679857370.0 68
1679857370807 1679857370.0 69
1679857370903 1679857370.0 70
1679857371351 1679857371.0 71
1679857371469 1679857371.0 72
1679857371894 1679857371.0 73
1679857371998 1679857371.0 74
1679857372522 1679857372.0 75
1679857372629 1679857372.0 76
1679857373154 1679857373.0 77
1679857373261 1679857373.0 78
1679857373720 1679857373.0 79
1679857373826 1679857373.0 80
1679857374307 1679857374.0 81
1679857374415 1679857374.0 82
1679857374991 1679857374.0 83
1679857375091 1679857375.0 84
1679857375568 1679857375.0 85
1679857375672 1679857375.0 86
1679857376159 1679857376.0 87
1679857376262 1679857376.0 88
1679857376746 1679857376.0 89
1679857376862 1679857376.0 90
1679857377334 1679857377.0 91
1679857377448 1679857377.0 92
1679857377951 1679857377.0 93
1679857378056 1679857378.0 94
1679857378552 1679857378.0 95
1679857378677 1679857378.0 96
1679857379154 1679857379.0 97
1679857379259 1679857379.0 98
1679857379718 1679857379.0 99
1679857379825 1679857379.0 100
1679857380299 1679857380.0 101
1679857380404 1679857380.0 102
1679857380849 1679857380.0 103
1679857380964 1679857380.0 104
1679857381436 1679857381.0 105
1679857381560 1679857381.0 106
1679857382012 1679857381.0 107
1679857382127 1679857382.0 108
1679857382589 1679857382.0 109
1679857382697 1679857382.0 110
1679857383125 1679857383.0 111
1679857383223 1679857383.0 112
1679857383644 1679857383.0 113
1679857383743 1679857383.0 114
1679857384179 1679857384.0 115
1679857384283 1679857384.0 116
1679857384749 1679857384.0 117
1679857384850 1679857384.0 118
1679857385355 1679857385.0 119
1679857385450 1679857385.0 120
1679857385865 1679857385.0 121
1679857385962 1679857385.0 122
1679857386386 1679857386.0 123
1679857386486 1679857386.0 124
1679857386900 1679857386.0 125
1679857386999 1679857386.0 126
1679857387472 1679857387.0 127
1679857387571 1679857387.0 128
1679857388006 1679857387.0 129
1679857388107 1679857388.0 130
1679857388538 1679857388.0 131
1679857388651 1679857388.0 132
1679857389078 1679857389.0 133
1679857389175 1679857389.0 134
1679857389651 1679857389.0 135
1679857389749 1679857389.0 136
1679857390214 1679857390.0 137
1679857390311 1679857390.0 138
1679857390759 1679857390.0 139
1679857390858 1679857390.0 140
1679857391306 1679857391.0 141
1679857391403 1679857391.0 142
1679857391810 1679857391.0 143
1679857391914 1679857391.0 144
1679857392343 1679857392.0 145
1679857392447 1679857392.0 146
1679857392879 1679857392.0 147
1679857392977 1679857392.0 148
1679857393391 1679857393.0 149
1679857393519 1679857393.0 150
1679857393943 1679857393.0 151
1679857394044 1679857393.0 152
1679857394469 1679857394.0 153
1679857394567 1679857394.0 154
1679857395071 1679857395.0 155
1679857395178 1679857395.0 156
1679857395596 1679857395.0 157
1679857395694 1679857395.0 158
1679857396116 1679857396.0 159
1679857396214 1679857396.0 160
1679857396632 1679857396.0 161
1679857396731 1679857396.0 162
1679857397143 1679857397.0 163
1679857397242 1679857397.0 164
1679857397675 1679857397.0 165
1679857397777 1679857397.0 166
1679857398196 1679857398.0 167
1679857398294 1679857398.0 168
1679857398700 1679857398.0 169
1679857398818 1679857398.0 170
1679857399233 1679857399.0 171
1679857399332 1679857399.0 172
1679857399744 1679857399.0 173
1679857399853 1679857399.0 174
1679857400291 1679857400.0 175
1679857400401 1679857400.0 176
1679857400812 1679857400.0 177
1679857400917 1679857400.0 178
1679857401336 1679857401.0 179
1679857401453 1679857401.0 180
1679857401948 1679857401.0 181
1679857402066 1679857402.0 182
1679857402552 1679857402.0 183
1679857402667 1679857402.0 184
1679857403171 1679857403.0 185
1679857403285 1679857403.0 186
1679857403757 1679857403.0 187
1679857403889 1679857403.0 188
1679857404384 1679857404.0 189
1679857404502 1679857404.0 190
1679857404990 1679857404.0 191
1679857405192 1679857405.0 192
1679857405688 1679857405.0 193
1679857405806 1679857405.0 194
1679857406281 1679857406.0 195
1679857406411 1679857406.0 196
1679857406843 1679857406.0 197
1679857406953 1679857406.0 198
1679857407404 1679857407.0 199
1679857407512 1679857407.0 200
1679857407987 1679857407.0 201
1679857408104 1679857408.0 202
1679857408544 1679857408.0 203
1679857408651 1679857408.0 204
1679857409095 1679857409.0 205
1679857409204 1679857409.0 206
1679857409658 1679857409.0 207
1679857409767 1679857409.0 208
1679857410222 1679857410.0 209
1679857410328 1679857410.0 210
1679857410753 1679857410.0 211
1679857410863 1679857410.0 212
1679857411285 1679857411.0 213
1679857411403 1679857411.0 214
1679857411821 1679857411.0 215
1679857411926 1679857411.0 216
1679857412345 1679857412.0 217
1679857412452 1679857412.0 218
1679857412894 1679857412.0 219
1679857412997 1679857412.0 220
1679857413438 1679857413.0 221
1679857413544 1679857413.0 222
1679857413976 1679857413.0 223
1679857414082 1679857414.0 224
1679857414530 1679857414.0 225
1679857414644 1679857414.0 226
1679857415096 1679857415.0 227
1679857415203 1679857415.0 228
1679857415691 1679857415.0 229
1679857415793 1679857415.0 230
1679857416218 1679857416.0 231
1679857416325 1679857416.0 232
1679857416746 1679857416.0 233
1679857416850 1679857416.0 234
1679857417269 1679857417.0 235
1679857417377 1679857417.0 236
1679857417821 1679857417.0 237
1679857417928 1679857417.0 238
1679857418354 1679857418.0 239
1679857418466 1679857418.0 240
1679857418898 1679857418.0 241
1679857419001 1679857418.0 242
1679857419406 1679857419.0 243
1679857419511 1679857419.0 244
1679857419928 1679857419.0 245
1679857420036 1679857419.0 246
1679857420501 1679857420.0 247
1679857420604 1679857420.0 248
1679857421051 1679857420.0 249
1679857421164 1679857421.0 250
1679857421584 1679857421.0 251
1679857421693 1679857421.0 252
1679857422110 1679857422.0 253
1679857422216 1679857422.0 254
1679857422673 1679857422.0 255
1679857422781 1679857422.0 256
1679857423223 1679857423.0 257
1679857423331 1679857423.0 258
1679857423744 1679857423.0 259
1679857423853 1679857423.0 260
1679857424272 1679857424.0 261
1679857424390 1679857424.0 262
1679857424852 1679857424.0 263
1679857424972 1679857424.0 264
1679857425512 1679857425.0 265
1679857425618 1679857425.0 266
1679857426040 1679857425.0 267
1679857426144 1679857426.0 268
1679857426564 1679857426.0 269
1679857426674 1679857426.0 270
1679857427114 1679857427.0 271
1679857427221 1679857427.0 272
1679857427686 1679857427.0 273
1679857427799 1679857427.0 274
1679857428223 1679857428.0 275
1679857428339 1679857428.0 276
1679857428773 1679857428.0 277
1679857428881 1679857428.0 278
1679857429320 1679857429.0 279
1679857429444 1679857429.0 280
1679857429912 1679857429.0 281
1679857430026 1679857429.0 282
1679857430504 1679857430.0 283
1679857430616 1679857430.0 284
1679857431045 1679857430.0 285
1679857431152 1679857431.0 286
1679857431600 1679857431.0 287
1679857431713 1679857431.0 288
1679857432178 1679857432.0 289
1679857432296 1679857432.0 290
1679857432784 1679857432.0 291
1679857432899 1679857432.0 292
1679857433395 1679857433.0 293
1679857433514 1679857433.0 294
1679857434001 1679857433.0 295
1679857434118 1679857434.0 296
1679857434611 1679857434.0 297
1679857434733 1679857434.0 298
1679857435263 1679857435.0 299
1679857435406 1679857435.0 300
1679857435514 1679857435.0 301
