1679857352505 3.2099533081054688 1
1679857352618 3.3064804077148438 2
1679857353072 3.772197961807251 3
1679857353171 3.8697879314422607 4
1679857353607 4.3074493408203125 5
1679857353698 4.398940324783325 6
1679857354095 4.81995415687561 7
1679857354194 4.8894572257995605 8
1679857354771 5.344442844390869 9
1679857354860 5.558519124984741 10
1679857355245 5.943648099899292 11
1679857355334 6.034972190856934 12
1679857355731 6.4304234981536865 13
1679857355824 6.519901514053345 14
1679857356235 6.959348678588867 15
1679857356336 7.026526689529419 16
1679857356752 7.445439577102661 17
1679857356870 7.54840612411499 18
1679857357333 8.02738904953003 19
1679857357424 8.122567653656006 20
1679857357900 8.581374168395996 21
1679857357998 8.692548036575317 22
1679857358386 9.11161184310913 23
1679857358476 9.175597429275513 24
1679857358945 9.644439935684204 25
1679857359035 9.734400749206543 26
1679857359460 10.153660535812378 27
1679857359555 10.25248646736145 28
1679857359990 10.682655572891235 29
1679857360083 10.78145170211792 30
1679857360510 11.208219766616821 31
1679857360601 11.300026416778564 32
1679857361021 11.711604356765747 33
1679857361089 11.813074350357056 34
1679857361584 12.279648065567017 35
1679857361677 12.372904777526855 36
1679857362090 12.786447286605835 37
1679857362191 12.88147234916687 38
1679857362674 13.355358123779297 39
1679857362774 13.464668273925781 40
1679857363201 13.895078182220459 41
1679857363316 13.994884729385376 42
1679857363719 14.41444706916809 43
1679857363813 14.509352684020996 44
1679857364230 14.92582654953003 45
1679857364399 15.093942880630493 46
1679857364816 15.51214337348938 47
1679857364915 15.606586456298828 48
1679857365335 16.03027033805847 49
1679857365427 16.124497175216675 50
1679857365840 16.535571336746216 51
1679857365933 16.62956190109253 52
1679857366339 17.03416347503662 53
1679857366435 17.1312255859375 54
1679857366871 17.56569766998291 55
1679857366972 17.66252875328064 56
1679857367400 18.091460466384888 57
1679857367495 18.19042420387268 58
1679857367914 18.607412338256836 59
1679857368031 18.70938277244568 60
1679857368490 19.18536138534546 61
1679857368590 19.28188395500183 62
1679857369019 19.70210361480713 63
1679857369134 19.81839394569397 64
1679857369635 20.320445775985718 65
1679857369742 20.426615238189697 66
1679857370235 20.922457218170166 67
1679857370339 21.029802799224854 68
1679857370813 21.50635814666748 69
1679857370909 21.601876258850098 70
1679857371359 22.037933826446533 71
1679857371474 22.15894055366516 72
1679857371899 22.59248447418213 73
1679857372003 22.692183017730713 74
1679857372528 23.213528633117676 75
1679857372634 23.321446180343628 76
1679857373159 23.84940218925476 77
1679857373267 23.954455375671387 78
1679857373726 24.41340732574463 79
1679857373832 24.521442413330078 80
1679857374313 24.99770188331604 81
1679857374420 25.109172821044922 82
1679857374996 25.686397314071655 83
1679857375096 25.78870916366577 84
1679857375574 26.26543927192688 85
1679857375677 26.365403175354004 86
1679857376164 26.854048490524292 87
1679857376267 26.95555329322815 88
1679857376755 27.438493728637695 89
1679857376876 27.55337619781494 90
1679857377342 28.015938997268677 91
1679857377453 28.136872053146362 92
1679857377957 28.645448446273804 93
1679857378061 28.752387046813965 94
1679857378558 29.24628782272339 95
1679857378683 29.35990071296692 96
1679857379159 29.844675302505493 97
1679857379266 29.952705144882202 98
1679857379723 30.412487506866455 99
1679857379830 30.51776432991028 100
1679857380304 30.993179321289062 101
1679857380410 31.099520683288574 102
1679857380856 31.54151225090027 103
1679857380969 31.64988112449646 104
1679857381445 32.12592434883118 105
1679857381565 32.252140522003174 106
1679857382017 32.705486536026 107
1679857382132 32.809874534606934 108
1679857382594 33.2853786945343 109
1679857382703 33.386863470077515 110
1679857383130 33.82364583015442 111
1679857383228 33.919830560684204 112
1679857383649 34.34253525733948 113
1679857383748 34.43963170051575 114
1679857384185 34.87665009498596 115
1679857384288 34.97910213470459 116
1679857384754 35.440393686294556 117
1679857384855 35.54501700401306 118
1679857385359 36.0513334274292 119
1679857385456 36.148361921310425 120
1679857385871 36.561851263046265 121
1679857385966 36.65851283073425 122
1679857386391 37.06684184074402 123
1679857386491 37.18283820152283 124
1679857386906 37.59946584701538 125
1679857387004 37.69439244270325 126
1679857387477 38.169371128082275 127
1679857387576 38.268937826156616 128
1679857388012 38.70182132720947 129
1679857388113 38.80189061164856 130
1679857388545 39.23154544830322 131
1679857388656 39.34107208251953 132
1679857389083 39.77351236343384 133
1679857389180 39.871535301208496 134
1679857389656 40.35031032562256 135
1679857389754 40.447670221328735 136
1679857390219 40.90957593917847 137
1679857390316 41.00931692123413 138
1679857390764 41.45645618438721 139
1679857390863 41.552536964416504 140
1679857391311 42.00279211997986 141
1679857391408 42.10002541542053 142
1679857391816 42.5073561668396 143
1679857391919 42.612693786621094 144
1679857392348 43.0358829498291 145
1679857392452 43.138078689575195 146
1679857392884 43.57563614845276 147
1679857392983 43.67280626296997 148
1679857393396 44.08588910102844 149
1679857393527 44.187501192092896 150
1679857393949 44.63895845413208 151
1679857394049 44.73692846298218 152
1679857394474 45.16239285469055 153
1679857394572 45.26333236694336 154
1679857395076 45.76647114753723 155
1679857395183 45.87037754058838 156
1679857395601 46.29400277137756 157
1679857395698 46.39028716087341 158
1679857396122 46.813520431518555 159
1679857396219 46.910516023635864 160
1679857396637 47.327930212020874 161
1679857396736 47.426549673080444 162
1679857397149 47.83979082107544 163
1679857397247 47.937875747680664 164
1679857397681 48.367082834243774 165
1679857397782 48.471139669418335 166
1679857398201 48.89236640930176 167
1679857398299 48.9899582862854 168
1679857398705 49.39482498168945 169
1679857398825 49.49836540222168 170
1679857399238 49.92953658103943 171
1679857399338 50.02756142616272 172
1679857399748 50.436344385147095 173
1679857399858 50.54139947891235 174
1679857400296 50.981075048446655 175
1679857400406 51.09007263183594 176
1679857400818 51.503257274627686 177
1679857400926 51.60679793357849 178
1679857401341 52.022746324539185 179
1679857401458 52.134806632995605 180
1679857401954 52.632848501205444 181
1679857402073 52.74955701828003 182
1679857402557 53.23683166503906 183
1679857402673 53.3503520488739 184
1679857403176 53.85630750656128 185
1679857403290 53.9717276096344 186
1679857403762 54.43938589096069 187
1679857403896 54.55336594581604 188
1679857404390 55.067904233932495 189
1679857404506 55.18683052062988 190
1679857404995 55.67237615585327 191
1679857405198 55.87143039703369 192
1679857405693 56.37193179130554 193
1679857405812 56.48782134056091 194
1679857406287 56.96387720108032 195
1679857406417 57.089937686920166 196
1679857406848 57.53037142753601 197
1679857406957 57.64346241950989 198
1679857407409 58.09577560424805 199
1679857407517 58.20132565498352 200
1679857407992 58.676843881607056 201
1679857408109 58.78689956665039 202
1679857408549 59.23129987716675 203
1679857408656 59.33780646324158 204
1679857409100 59.78565859794617 205
1679857409209 59.89199638366699 206
1679857409664 60.344462633132935 207
1679857409772 60.455486536026 208
1679857410227 60.910322189331055 209
1679857410334 61.01884126663208 210
1679857410759 61.44326090812683 211
1679857410867 61.55125188827515 212
1679857411290 61.974138498306274 213
1679857411407 62.091970682144165 214
1679857411827 62.511990785598755 215
1679857411931 62.61695384979248 216
1679857412350 63.03134250640869 217
1679857412457 63.140097856521606 218
1679857412900 63.577969789505005 219
1679857413003 63.6877121925354 220
1679857413443 64.12961673736572 221
1679857413549 64.23224663734436 222
1679857413981 64.66632795333862 223
1679857414087 64.77037525177002 224
1679857414536 65.21194314956665 225
1679857414655 65.32652425765991 226
1679857415101 65.78140664100647 227
1679857415208 65.89048075675964 228
1679857415696 66.37978863716125 229
1679857415798 66.48530864715576 230
1679857416223 66.90976214408875 231
1679857416330 67.01340246200562 232
1679857416752 67.43665266036987 233
1679857416854 67.53999066352844 234
1679857417274 67.95978856086731 235
1679857417383 68.06629514694214 236
1679857417826 68.51246452331543 237
1679857417933 68.61915230751038 238
1679857418361 69.04488444328308 239
1679857418471 69.14876008033752 240
1679857418904 69.58442974090576 241
1679857419006 69.69234347343445 242
1679857419411 70.09633541107178 243
1679857419516 70.19965529441833 244
1679857419933 70.61466026306152 245
1679857420041 70.7240686416626 246
1679857420506 71.18258833885193 247
1679857420610 71.29530549049377 248
1679857421058 71.739919424057 249
1679857421169 71.85341334342957 250
1679857421590 72.27429437637329 251
1679857421698 72.37980151176453 252
1679857422116 72.80036640167236 253
1679857422223 72.90877366065979 254
1679857422678 73.36123752593994 255
1679857422786 73.46825313568115 256
1679857423228 73.90993213653564 257
1679857423336 74.02046012878418 258
1679857423750 74.43376755714417 259
1679857423858 74.54122853279114 260
1679857424278 74.95933127403259 261
1679857424396 75.07246828079224 262
1679857424858 75.53654193878174 263
1679857424978 75.65113496780396 264
1679857425517 76.19930100440979 265
1679857425623 76.30645966529846 266
1679857426044 76.72952008247375 267
1679857426149 76.83424091339111 268
1679857426570 77.24726009368896 269
1679857426679 77.3587806224823 270
1679857427120 77.8010151386261 271
1679857427226 77.9087610244751 272
1679857427691 78.37382388114929 273
1679857427804 78.48429274559021 274
1679857428229 78.91210722923279 275
1679857428346 79.02225399017334 276
1679857428777 79.46039915084839 277
1679857428886 79.56923174858093 278
1679857429327 79.99876356124878 279
1679857429450 80.12528395652771 280
1679857429918 80.59765934944153 281
1679857430031 80.71116185188293 282
1679857430510 81.18727397918701 283
1679857430621 81.29973220825195 284
1679857431049 81.73027634620667 285
1679857431157 81.83886933326721 286
1679857431605 82.28636479377747 287
1679857431717 82.3934395313263 288
1679857432183 82.86524653434753 289
1679857432302 82.97211050987244 290
1679857432789 83.465505361557 291
1679857432904 83.58168292045593 292
1679857433401 84.0713963508606 293
1679857433520 84.19339632987976 294
1679857434007 84.6753740310669 295
1679857434124 84.79978919029236 296
1679857434617 85.29451656341553 297
1679857434738 85.40981888771057 298
1679857435269 85.93992471694946 299
1679857435412 86.06444954872131 300
1679857435520 86.1917712688446 301
