1679857352496 1.0 1
1679857352611 2.0 2
1679857353066 3.0 3
1679857353164 4.0 4
1679857353600 5.0 5
1679857353691 6.0 6
1679857354088 7.0 7
1679857354185 8.0 8
1679857354764 9.0 9
1679857354853 10.0 10
1679857355238 11.0 11
1679857355327 12.0 12
1679857355724 13.0 13
1679857355817 14.0 14
1679857356227 15.0 15
1679857356327 16.0 16
1679857356744 17.0 17
1679857356862 18.0 18
1679857357324 19.0 19
1679857357418 20.0 20
1679857357890 21.0 21
1679857357990 22.0 22
1679857358379 23.0 23
1679857358470 24.0 24
1679857358938 25.0 25
1679857359028 26.0 26
1679857359453 27.0 27
1679857359548 28.0 28
1679857359976 29.0 29
1679857360076 30.0 30
1679857360503 31.0 31
1679857360594 32.0 32
1679857361014 33.0 33
1679857361082 34.0 34
1679857361577 35.0 35
1679857361670 36.0 36
1679857362082 37.0 37
1679857362184 38.0 38
1679857362665 39.0 39
1679857362767 40.0 40
1679857363194 41.0 41
1679857363310 42.0 42
1679857363713 43.0 43
1679857363806 44.0 44
1679857364222 45.0 45
1679857364392 46.0 46
1679857364806 47.0 47
1679857364908 48.0 48
1679857365328 49.0 49
1679857365421 50.0 50
1679857365832 51.0 51
1679857365926 52.0 52
1679857366332 53.0 53
1679857366427 54.0 54
1679857366865 55.0 55
1679857366962 56.0 56
1679857367393 57.0 57
1679857367488 58.0 58
1679857367907 59.0 59
1679857368022 60.0 60
1679857368484 61.0 61
1679857368583 62.0 62
1679857369010 63.0 63
1679857369128 64.0 64
1679857369626 65.0 65
1679857369731 66.0 66
1679857370227 67.0 67
1679857370331 68.0 68
1679857370806 69.0 69
1679857370901 70.0 70
1679857371348 71.0 71
1679857371467 72.0 72
1679857371892 73.0 73
1679857371996 74.0 74
1679857372519 75.0 75
1679857372627 76.0 76
1679857373152 77.0 77
1679857373259 78.0 78
1679857373718 79.0 79
1679857373824 80.0 80
1679857374304 81.0 81
1679857374414 82.0 82
1679857374989 83.0 83
1679857375089 84.0 84
1679857375567 85.0 85
1679857375669 86.0 86
1679857376157 87.0 87
1679857376260 88.0 88
1679857376745 89.0 89
1679857376860 90.0 90
1679857377332 91.0 91
1679857377446 92.0 92
1679857377948 93.0 93
1679857378054 94.0 94
1679857378551 95.0 95
1679857378676 96.0 96
1679857379153 97.0 97
1679857379258 98.0 98
1679857379716 99.0 99
1679857379822 100.0 100
1679857380297 101.0 101
1679857380403 102.0 102
1679857380847 103.0 103
1679857380962 104.0 104
1679857381433 105.0 105
1679857381559 106.0 106
1679857382011 107.0 107
1679857382124 108.0 108
1679857382587 109.0 109
1679857382695 110.0 110
1679857383123 111.0 111
1679857383221 112.0 112
1679857383642 113.0 113
1679857383741 114.0 114
1679857384178 115.0 115
1679857384280 116.0 116
1679857384746 117.0 117
1679857384848 118.0 118
1679857385353 119.0 119
1679857385449 120.0 120
1679857385863 121.0 121
1679857385959 122.0 122
1679857386384 123.0 123
1679857386485 124.0 124
1679857386899 125.0 125
1679857386997 126.0 126
1679857387470 127.0 127
1679857387569 128.0 128
1679857388005 129.0 129
1679857388105 130.0 130
1679857388534 131.0 131
1679857388650 132.0 132
1679857389076 133.0 133
1679857389173 134.0 134
1679857389649 135.0 135
1679857389748 136.0 136
1679857390213 137.0 137
1679857390310 138.0 138
1679857390757 139.0 139
1679857390856 140.0 140
1679857391304 141.0 141
1679857391401 142.0 142
1679857391808 143.0 143
1679857391912 144.0 144
1679857392341 145.0 145
1679857392445 146.0 146
1679857392877 147.0 147
1679857392974 148.0 148
1679857393389 149.0 149
1679857393516 150.0 150
1679857393942 151.0 151
1679857394042 152.0 152
1679857394467 153.0 153
1679857394566 154.0 154
1679857395070 155.0 155
1679857395176 156.0 156
1679857395594 157.0 157
1679857395692 158.0 158
1679857396115 159.0 159
1679857396212 160.0 160
1679857396629 161.0 161
1679857396729 162.0 162
1679857397141 163.0 163
1679857397240 164.0 164
1679857397673 165.0 165
1679857397774 166.0 166
1679857398194 167.0 167
1679857398293 168.0 168
1679857398698 169.0 169
1679857398816 170.0 170
1679857399231 171.0 171
1679857399331 172.0 172
1679857399742 173.0 173
1679857399851 174.0 174
1679857400289 175.0 175
1679857400400 176.0 176
1679857400810 177.0 177
1679857400915 178.0 178
1679857401334 179.0 179
1679857401450 180.0 180
1679857401946 181.0 181
1679857402064 182.0 182
1679857402550 183.0 183
1679857402665 184.0 184
1679857403169 185.0 185
1679857403284 186.0 186
1679857403754 187.0 187
1679857403887 188.0 188
1679857404382 189.0 189
1679857404500 190.0 190
1679857404988 191.0 191
1679857405190 192.0 192
1679857405686 193.0 193
1679857405804 194.0 194
1679857406278 195.0 195
1679857406409 196.0 196
1679857406841 197.0 197
1679857406951 198.0 198
1679857407403 199.0 199
1679857407510 200.0 200
1679857407986 201.0 201
1679857408102 202.0 202
1679857408542 203.0 203
1679857408649 204.0 204
1679857409094 205.0 205
1679857409202 206.0 206
1679857409656 207.0 207
1679857409764 208.0 208
1679857410220 209.0 209
1679857410326 210.0 210
1679857410751 211.0 211
1679857410861 212.0 212
1679857411284 213.0 213
1679857411401 214.0 214
1679857411820 215.0 215
1679857411925 216.0 216
1679857412343 217.0 217
1679857412451 218.0 218
1679857412893 219.0 219
1679857412996 220.0 220
1679857413436 221.0 221
1679857413542 222.0 222
1679857413974 223.0 223
1679857414080 224.0 224
1679857414528 225.0 225
1679857414640 226.0 226
1679857415094 227.0 227
1679857415201 228.0 228
1679857415689 229.0 229
1679857415792 230.0 230
1679857416216 231.0 231
1679857416323 232.0 232
1679857416745 233.0 233
1679857416848 234.0 234
1679857417267 235.0 235
1679857417376 236.0 236
1679857417819 237.0 237
1679857417926 238.0 238
1679857418352 239.0 239
1679857418465 240.0 240
1679857418897 241.0 241
1679857418999 242.0 242
1679857419405 243.0 243
1679857419510 244.0 244
1679857419926 245.0 245
1679857420034 246.0 246
1679857420499 247.0 247
1679857420603 248.0 248
1679857421049 249.0 249
1679857421162 250.0 250
1679857421583 251.0 251
1679857421691 252.0 252
1679857422109 253.0 253
1679857422215 254.0 254
1679857422671 255.0 255
1679857422779 256.0 256
1679857423222 257.0 257
1679857423329 258.0 258
1679857423743 259.0 259
1679857423851 260.0 260
1679857424270 261.0 261
1679857424389 262.0 262
1679857424851 263.0 263
1679857424971 264.0 264
1679857425510 265.0 265
1679857425616 266.0 266
1679857426038 267.0 267
1679857426142 268.0 268
1679857426562 269.0 269
1679857426672 270.0 270
1679857427112 271.0 271
1679857427219 272.0 272
1679857427684 273.0 273
1679857427797 274.0 274
1679857428222 275.0 275
1679857428337 276.0 276
1679857428771 277.0 277
1679857428879 278.0 278
1679857429318 279.0 279
1679857429443 280.0 280
1679857429910 281.0 281
1679857430024 282.0 282
1679857430503 283.0 283
1679857430613 284.0 284
1679857431043 285.0 285
1679857431150 286.0 286
1679857431599 287.0 287
1679857431711 288.0 288
1679857432176 289.0 289
1679857432295 290.0 290
1679857432782 291.0 291
1679857432897 292.0 292
1679857433394 293.0 293
1679857433513 294.0 294
1679857433999 295.0 295
1679857434116 296.0 296
1679857434610 297.0 297
1679857434731 298.0 298
1679857435261 299.0 299
1679857435404 300.0 300
1679857435512 301.0 301
