1679857352489 77.71666432382324 1
1679857353061 71.09567272996655 3
1679857353595 49.12345621771146 5
1679857354082 43.27071323164181 7
1679857354758 42.001549059615854 9
1679857355233 41.53856450543709 11
1679857355719 41.347433654837864 13
1679857356221 41.271430938272694 15
1679857356738 41.24430490734252 17
1679857357317 41.23059090464432 19
1679857357884 41.222943327381614 21
1679857358374 41.21921381184474 23
1679857358933 41.21889134935765 25
1679857359446 41.20970434607208 27
1679857359972 41.20385989121617 29
1679857360497 41.19791879604517 31
1679857361008 41.17235719354659 33
1679857361572 40.98638675867585 35
1679857362076 40.77605801946347 37
1679857362652 40.34244937501423 39
1679857363187 39.997663430064044 41
1679857363708 39.67453470312458 43
1679857364217 39.32846056916759 45
1679857364803 39.126569338783696 47
1679857365323 37.87342691767401 49
1679857365827 35.82576522563612 51
1679857366327 33.32951516528615 53
1679857366859 31.268195912586798 55
1679857367387 28.87381731932645 57
1679857367901 28.950629713621783 59
1679857368478 26.443997357916956 61
1679857369002 24.850987850446156 63
1679857369620 23.93323378093502 65
1679857370220 23.162420833501997 67
1679857370800 22.95218383314696 69
1679857371343 21.90056521624893 71
1679857371886 22.390141300339774 73
1679857372512 21.373356304267528 75
1679857373146 20.52235872074318 77
1679857373712 19.494391716741323 79
1679857374298 19.194471184659704 81
1679857374983 19.790572773566105 83
1679857375561 18.609478849450543 85
1679857376152 17.84626075994989 87
1679857376739 17.993720490491864 89
1679857377324 17.55717105503115 91
1679857377943 16.958577310565428 93
1679857378544 16.42182650689634 95
1679857379147 16.426259552011835 97
1679857379711 16.221160749656136 99
1679857380291 16.001017740147514 101
1679857380842 15.97688642050524 103
1679857381427 15.229423546667544 105
1679857382005 14.960588803727804 107
1679857382582 15.0053659409439 109
1679857383118 15.483930183074635 111
1679857383637 14.093636815164992 113
1679857384172 14.021942778078385 115
1679857384742 13.852904925754034 117
1679857385348 13.82223214394894 119
1679857385858 13.080382241362734 121
1679857386379 13.103076408069986 123
1679857386893 13.105154056417303 125
1679857387465 13.160085140896996 127
1679857387999 12.442145713252724 129
1679857388526 12.54720449760582 131
1679857389070 12.333508227567393 133
1679857389645 12.773255411125012 135
1679857390207 11.88913257381459 137
1679857390752 11.627111018136375 139
1679857391298 11.892254863007699 141
1679857391803 11.42757262689462 143
1679857392334 11.236333397056566 145
1679857392871 11.326527748700869 147
1679857393383 10.953834463854117 149
1679857393936 10.626507742293757 151
1679857394461 10.323937504690958 153
1679857395064 10.289276122552744 155
1679857395589 10.474106400247683 157
1679857396109 10.037615121872726 159
1679857396624 9.862020516333802 161
1679857397136 9.88764478719708 163
1679857397668 11.91877400920387 165
1679857398188 9.879363026149532 167
1679857398693 9.418499363189328 169
1679857399226 9.518025947399503 171
1679857399736 9.138920570614012 173
1679857400283 9.020880802431256 175
1679857400805 9.308373020020586 177
1679857401328 9.141368414330358 179
1679857401940 8.534643699138687 181
1679857402544 8.928014817674336 183
1679857403164 8.400418498314313 185
1679857403750 8.273458605356167 187
1679857404377 8.555616335959426 189
1679857404980 8.26383862800137 191
1679857405680 7.981455656983898 193
1679857406272 8.523189396273493 195
1679857406836 8.001059846268623 197
1679857407397 7.733150691030763 199
1679857407981 7.921182579327124 201
1679857408537 7.55410504262888 203
1679857409088 7.579411654562942 205
1679857409651 7.472150312165934 207
1679857410215 7.3269748602094635 209
1679857410746 7.328972750747759 211
1679857411278 7.280596306739899 213
1679857411814 7.165508657251203 215
1679857412337 7.131852106726849 217
1679857412887 6.875694497591062 219
1679857413431 6.859913281290848 221
1679857413968 7.044897146504984 223
1679857414521 6.774414967172916 225
1679857415088 6.786721706555092 227
1679857415684 6.329331778409362 229
1679857416211 6.662664490866126 231
1679857416739 6.570411684105434 233
1679857417262 6.510073430056399 235
1679857417813 6.277714789099027 237
1679857418347 6.126758017729395 239
1679857418892 5.963145794810821 241
1679857419399 5.949647543220323 243
1679857419922 5.9907941472345065 245
1679857420490 5.99773710181676 247
1679857421043 6.088052253854913 249
1679857421577 6.049158442782203 251
1679857422103 6.020521986999248 253
1679857422666 6.3798221414365095 255
1679857423216 5.9739458126931195 257
1679857423737 6.079425600588013 259
1679857424264 5.957676518889906 261
1679857424844 6.1186851715588615 263
1679857425504 5.941914566234398 265
1679857426033 5.684277475518472 267
1679857426557 6.013001880579868 269
1679857427107 5.595203107008662 271
1679857427679 5.73842760151532 273
1679857428216 5.4442431016701285 275
1679857428766 5.563431950966105 277
1679857429309 5.443837485144587 279
1679857429906 5.473798954754502 281
1679857430496 5.328543077643466 283
1679857431036 5.625123708771095 285
1679857431593 5.379601516099791 287
1679857432171 5.251707131833816 289
1679857432776 5.5366998201413065 291
1679857433388 5.423981402698576 293
1679857433986 5.554904561298087 295
1679857434604 5.268483870758294 297
1679857435256 5.348276176518521 299
