1680271426387 0.0 1
1680271426534 0.0 2
1680271427735 0.0 3
1680271427886 0.0 4
1680271429058 0.0 5
1680271429289 0.0 6
1680271430480 0.0 7
1680271430627 0.0 8
1680271431962 0.0 9
1680271432135 0.0 10
1680271433566 0.0 11
1680271433713 0.0 12
1680271435006 0.0 13
1680271435160 0.0 14
1680271436360 0.0 15
1680271436491 0.0 16
1680271437632 0.0 17
1680271437776 0.0 18
1680271439066 0.0 19
1680271439199 0.0 20
1680271440455 0.0 21
1680271440639 0.0 22
1680271441900 0.0 23
1680271442035 0.0 24
1680271443237 0.0 25
1680271443378 0.0 26
1680271444583 0.0 27
1680271444731 0.0 28
1680271445918 0.0 29
1680271446069 0.0 30
1680271447345 0.0 31
1680271447494 0.0 32
1680271448768 0.0 33
1680271448915 0.0 34
1680271450130 0.0 35
1680271450272 0.0 36
1680271451395 0.0 37
1680271451537 0.0 38
1680271452687 0.0 39
1680271452831 0.0 40
1680271454037 0.0 41
1680271454193 0.0 42
1680271455386 0.0 43
1680271455524 0.0 44
1680271456726 0.0 45
1680271456876 0.0 46
1680271458223 0.0 47
1680271458370 0.0 48
1680271459572 0.0 49
1680271459735 0.0 50
1680271460927 0.0 51
1680271461072 0.0 52
1680271462368 0.0 53
1680271462525 0.0 54
1680271463832 0.0 55
1680271463977 0.0 56
1680271465211 0.0 57
1680271465372 0.0 58
1680271466643 0.0 59
1680271466789 0.0 60
1680271468144 0.0 61
1680271468285 0.0 62
1680271469606 0.0 63
1680271469750 0.0 64
1680271471199 0.0 65
1680271471395 0.0 66
1680271472909 0.0 67
1680271473079 0.0 68
1680271474408 0.0 69
1680271474559 0.0 70
1680271475765 0.0 71
1680271475921 0.0 72
1680271477120 0.0 73
1680271477379 0.0 74
1680271478592 0.0 75
1680271478759 0.0 76
1680271480121 0.0 77
1680271480268 0.0 78
1680271481462 0.0 79
1680271481610 0.0 80
1680271482834 0.0 81
1680271482983 0.0 82
1680271484175 0.0 83
1680271484320 0.0 84
1680271485536 0.0 85
1680271485679 0.0 86
1680271486954 0.0 87
1680271487092 0.0 88
1680271488232 0.0 89
1680271488377 0.0 90
1680271489571 0.0 91
1680271489718 0.0 92
1680271490909 0.0 93
1680271491067 0.0 94
1680271492284 0.0 95
1680271492442 0.0 96
1680271493741 0.0 97
1680271493903 0.0 98
1680271495287 0.0 99
1680271495448 0.0 100
1680271496911 0.0 101
1680271497068 0.0 102
1680271498363 0.0 103
1680271498509 0.0 104
1680271499668 0.0 105
1680271499819 0.0 106
1680271501016 0.0 107
1680271501165 0.0 108
1680271502392 0.0 109
1680271502555 0.0 110
1680271503773 0.0 111
1680271503916 0.0 112
1680271505098 0.0 113
1680271505256 0.0 114
1680271506568 0.0 115
1680271506716 0.0 116
1680271507960 0.0 117
1680271508130 0.0 118
1680271509416 0.0 119
1680271509577 0.0 120
1680271510792 0.0 121
1680271510952 0.0 122
1680271512256 0.0 123
1680271512416 0.0 124
1680271513734 0.0 125
1680271513902 0.0 126
1680271515356 0.0 127
1680271515535 0.0 128
1680271517034 0.0 129
1680271517209 0.0 130
1680271518490 0.0 131
1680271518640 0.0 132
1680271519897 0.0 133
1680271520052 0.0 134
1680271521323 0.0 135
1680271521474 0.0 136
1680271522810 0.0 137
1680271522993 0.0 138
1680271524430 0.0 139
1680271524612 0.0 140
1680271526014 0.0 141
1680271526285 0.0 142
1680271527502 0.0 143
1680271527662 0.0 144
1680271528825 0.0 145
1680271528986 0.0 146
1680271530205 0.0 147
1680271530351 0.0 148
1680271531608 0.0 149
1680271531792 0.0 150
1680271533089 0.0 151
1680271533234 0.0 152
1680271534473 0.0 153
1680271534627 0.0 154
1680271535894 0.0 155
1680271536146 0.0 156
1680271537462 0.0 157
1680271537626 0.0 158
1680271539049 0.0 159
1680271539196 0.0 160
1680271540489 0.0 161
1680271540651 0.0 162
1680271541937 0.0 163
1680271542080 0.0 164
1680271543293 0.0 165
1680271543446 0.0 166
1680271544697 0.0 167
1680271544848 0.0 168
1680271546211 0.0 169
1680271546391 0.0 170
1680271547674 0.0 171
1680271547816 0.0 172
1680271549006 0.0 173
1680271549168 0.0 174
1680271550434 0.0 175
1680271550586 0.0 176
1680271551971 0.0 177
1680271552184 0.0 178
1680271553784 0.0 179
1680271553946 0.0 180
1680271555283 0.0 181
1680271555452 0.0 182
1680271556816 0.0 183
1680271556986 0.0 184
1680271558304 0.0 185
1680271558491 0.0 186
1680271559875 0.0 187
1680271560025 0.0 188
1680271561304 0.0 189
1680271561460 0.0 190
1680271562678 0.0 191
1680271562865 0.0 192
1680271564317 0.0 193
1680271564497 0.0 194
1680271565762 0.0 195
1680271565911 0.0 196
1680271567201 0.0 197
1680271567359 0.0 198
1680271568577 0.0 199
1680271568748 0.0 200
1680271569978 0.0 201
1680271570140 0.0 202
1680271571309 0.0 203
1680271571460 0.0 204
1680271572723 0.0 205
1680271572913 0.0 206
1680271574243 0.0 207
1680271574425 0.0 208
1680271575802 0.0 209
1680271575953 0.0 210
1680271577257 0.0 211
1680271577410 0.0 212
1680271578675 0.0 213
1680271578838 0.0 214
1680271580053 0.0 215
1680271580237 0.0 216
1680271581572 0.0 217
1680271581741 0.0 218
1680271583016 0.0 219
1680271583183 0.0 220
1680271584482 0.0 221
1680271584650 0.0 222
1680271586064 0.0 223
1680271586370 0.0 224
1680271587824 0.0 225
1680271587978 0.0 226
1680271589226 0.0 227
1680271589383 0.0 228
1680271590629 0.0 229
1680271590794 0.0 230
1680271592039 0.0 231
1680271592219 0.0 232
1680271593496 0.0 233
1680271593663 0.0 234
1680271594910 0.0 235
1680271595063 0.0 236
1680271596378 0.0 237
1680271596535 0.0 238
1680271597748 0.0 239
1680271597928 0.0 240
1680271599133 0.0 241
1680271599290 0.0 242
1680271600518 0.0 243
1680271600674 0.0 244
1680271601888 0.0 245
1680271602062 0.0 246
1680271603428 0.0 247
1680271603599 0.0 248
1680271604890 0.0 249
1680271605039 0.0 250
1680271606325 0.0 251
1680271606484 0.0 252
1680271607728 0.0 253
1680271607887 0.0 254
1680271609166 0.0 255
1680271609346 0.0 256
1680271610583 0.0 257
1680271610751 0.0 258
1680271612041 0.0 259
1680271612229 0.0 260
1680271613635 0.0 261
1680271613808 0.0 262
1680271615148 0.0 263
1680271615343 0.0 264
1680271616784 0.0 265
1680271616956 0.0 266
1680271618205 0.0 267
1680271618358 0.0 268
1680271619552 0.0 269
1680271619714 0.0 270
1680271621008 0.0 271
1680271621176 0.0 272
1680271622452 0.0 273
1680271622609 0.0 274
1680271623834 0.0 275
1680271623987 0.0 276
1680271625210 0.0 277
1680271625390 0.0 278
1680271626772 0.0 279
1680271626940 0.0 280
1680271628235 0.0 281
1680271628402 0.0 282
1680271629673 0.0 283
1680271629836 0.0 284
1680271631150 0.0 285
1680271631324 0.0 286
1680271632572 0.0 287
1680271632744 0.0 288
1680271634057 0.0 289
1680271634301 0.0 290
1680271635579 0.0 291
1680271635849 0.0 292
1680271637378 0.0 293
1680271637588 0.0 294
1680271638920 0.0 295
1680271639096 0.0 296
1680271640335 0.0 297
1680271640502 0.0 298
1680271641930 0.0 299
1680271642121 0.0 300
1680271643558 0.0 301
1680271643759 0.0 302
1680271645182 0.0 303
1680271645363 0.0 304
1680271646714 0.0 305
1680271646877 0.0 306
1680271648147 0.0 307
1680271648316 0.0 308
1680271649554 0.0 309
1680271649722 0.0 310
1680271651000 0.0 311
1680271651164 0.0 312
1680271652480 0.0 313
1680271652639 0.0 314
1680271653877 0.0 315
1680271654034 0.0 316
1680271655358 0.0 317
1680271655564 0.0 318
1680271657023 0.0 319
1680271657185 0.0 320
1680271658577 0.0 321
1680271658745 0.0 322
1680271660074 0.0 323
1680271660247 0.0 324
1680271661539 0.0 325
1680271661717 0.0 326
1680271663052 0.0 327
1680271663218 0.0 328
1680271664568 0.0 329
1680271664773 0.0 330
1680271666058 0.0 331
1680271666217 0.0 332
1680271667536 0.0 333
1680271667721 0.0 334
1680271668947 0.0 335
1680271669105 0.0 336
1680271670376 0.0 337
1680271670546 0.0 338
1680271671847 0.0 339
1680271672016 0.0 340
1680271673315 0.0 341
1680271673504 0.0 342
1680271674835 0.0 343
1680271675004 0.0 344
1680271676353 0.0 345
1680271676524 0.0 346
1680271677817 0.0 347
1680271677973 0.0 348
1680271679175 0.0 349
1680271679363 0.0 350
1680271680622 0.0 351
1680271680796 0.0 352
1680271682025 0.0 353
1680271682197 0.0 354
1680271683445 0.0 355
1680271683613 0.0 356
1680271684841 0.0 357
1680271685010 0.0 358
1680271686285 0.0 359
1680271686529 0.0 360
1680271687771 0.0 361
1680271687931 0.0 362
1680271689158 0.0 363
1680271689318 0.0 364
1680271690520 0.0 365
1680271690685 0.0 366
1680271691931 0.0 367
1680271692088 0.0 368
1680271693318 0.0 369
1680271693479 0.0 370
1680271694749 0.0 371
1680271694905 0.0 372
1680271696103 0.0 373
1680271696356 0.0 374
1680271697578 0.0 375
1680271697741 0.0 376
1680271698950 0.0 377
1680271699113 0.0 378
1680271700317 0.0 379
1680271700476 0.0 380
1680271701739 0.0 381
1680271701912 0.0 382
1680271703301 0.0 383
1680271703465 0.0 384
1680271704717 0.0 385
1680271704892 0.0 386
1680271706293 0.0 387
1680271706452 0.0 388
1680271707630 0.0 389
1680271707792 0.0 390
1680271709042 0.0 391
1680271709193 0.0 392
1680271710366 0.0 393
1680271710528 0.0 394
1680271711827 0.0 395
1680271711979 0.0 396
1680271713183 0.0 397
1680271713350 0.0 398
1680271714621 0.0 399
1680271714776 0.0 400
1680271714895 0.0 401
