1680271426400 1.0 1
1680271426546 2.0 2
1680271427747 3.0 3
1680271427899 4.0 4
1680271429070 5.0 5
1680271429300 6.0 6
1680271430492 7.0 7
1680271430639 8.0 8
1680271431973 9.0 9
1680271432148 10.0 10
1680271433578 11.0 11
1680271433725 12.0 12
1680271435018 13.0 13
1680271435174 14.0 14
1680271436370 15.0 15
1680271436502 16.0 16
1680271437644 17.0 17
1680271437788 18.0 18
1680271439076 19.0 19
1680271439209 20.0 20
1680271440475 21.0 21
1680271440653 22.0 22
1680271441911 23.0 23
1680271442046 24.0 24
1680271443248 25.0 25
1680271443392 26.0 26
1680271444605 27.0 27
1680271444743 28.0 28
1680271445929 29.0 29
1680271446083 30.0 30
1680271447358 31.0 31
1680271447504 32.0 32
1680271448779 33.0 33
1680271448935 34.0 34
1680271450141 35.0 35
1680271450283 36.0 36
1680271451407 37.0 37
1680271451554 38.0 38
1680271452699 39.0 39
1680271452842 40.0 40
1680271454049 41.0 41
1680271454205 42.0 42
1680271455398 43.0 43
1680271455536 44.0 44
1680271456737 45.0 45
1680271456890 46.0 46
1680271458234 47.0 47
1680271458382 48.0 48
1680271459583 49.0 49
1680271459747 50.0 50
1680271460940 51.0 51
1680271461084 52.0 52
1680271462379 53.0 53
1680271462538 54.0 54
1680271463843 55.0 55
1680271463988 56.0 56
1680271465224 57.0 57
1680271465384 58.0 58
1680271466655 59.0 59
1680271466800 60.0 60
1680271468156 61.0 61
1680271468303 62.0 62
1680271469617 63.0 63
1680271469762 64.0 64
1680271471214 65.0 65
1680271471411 66.0 66
1680271472926 67.0 67
1680271473095 68.0 68
1680271474420 69.0 69
1680271474571 70.0 70
1680271475777 71.0 71
1680271475934 72.0 72
1680271477132 73.0 73
1680271477391 74.0 74
1680271478602 75.0 75
1680271478773 76.0 76
1680271480132 77.0 77
1680271480279 78.0 78
1680271481474 79.0 79
1680271481621 80.0 80
1680271482846 81.0 81
1680271482995 82.0 82
1680271484186 83.0 83
1680271484331 84.0 84
1680271485548 85.0 85
1680271485690 86.0 86
1680271486967 87.0 87
1680271487105 88.0 88
1680271488243 89.0 89
1680271488389 90.0 90
1680271489583 91.0 91
1680271489730 92.0 92
1680271490921 93.0 93
1680271491079 94.0 94
1680271492297 95.0 95
1680271492454 96.0 96
1680271493753 97.0 97
1680271493915 98.0 98
1680271495300 99.0 99
1680271495460 100.0 100
1680271496922 101.0 101
1680271497080 102.0 102
1680271498375 103.0 103
1680271498522 104.0 104
1680271499679 105.0 105
1680271499831 106.0 106
1680271501028 107.0 107
1680271501176 108.0 108
1680271502403 109.0 109
1680271502570 110.0 110
1680271503785 111.0 111
1680271503928 112.0 112
1680271505108 113.0 113
1680271505269 114.0 114
1680271506581 115.0 115
1680271506727 116.0 116
1680271507973 117.0 117
1680271508145 118.0 118
1680271509428 119.0 119
1680271509588 120.0 120
1680271510804 121.0 121
1680271510964 122.0 122
1680271512269 123.0 123
1680271512428 124.0 124
1680271513746 125.0 125
1680271513915 126.0 126
1680271515370 127.0 127
1680271515548 128.0 128
1680271517046 129.0 129
1680271517225 130.0 130
1680271518505 131.0 131
1680271518652 132.0 132
1680271519908 133.0 133
1680271520066 134.0 134
1680271521335 135.0 135
1680271521486 136.0 136
1680271522824 137.0 137
1680271523008 138.0 138
1680271524441 139.0 139
1680271524626 140.0 140
1680271526028 141.0 141
1680271526296 142.0 142
1680271527517 143.0 143
1680271527674 144.0 144
1680271528838 145.0 145
1680271529001 146.0 146
1680271530217 147.0 147
1680271530362 148.0 148
1680271531621 149.0 149
1680271531805 150.0 150
1680271533102 151.0 151
1680271533246 152.0 152
1680271534485 153.0 153
1680271534640 154.0 154
1680271535906 155.0 155
1680271536158 156.0 156
1680271537474 157.0 157
1680271537638 158.0 158
1680271539060 159.0 159
1680271539208 160.0 160
1680271540500 161.0 161
1680271540666 162.0 162
1680271541948 163.0 163
1680271542091 164.0 164
1680271543304 165.0 165
1680271543458 166.0 166
1680271544708 167.0 167
1680271544859 168.0 168
1680271546224 169.0 169
1680271546405 170.0 170
1680271547685 171.0 171
1680271547827 172.0 172
1680271549018 173.0 173
1680271549179 174.0 174
1680271550446 175.0 175
1680271550598 176.0 176
1680271551984 177.0 177
1680271552198 178.0 178
1680271553797 179.0 179
1680271553958 180.0 180
1680271555294 181.0 181
1680271555465 182.0 182
1680271556830 183.0 183
1680271556998 184.0 184
1680271558324 185.0 185
1680271558502 186.0 186
1680271559886 187.0 187
1680271560042 188.0 188
1680271561315 189.0 189
1680271561474 190.0 190
1680271562689 191.0 191
1680271562880 192.0 192
1680271564335 193.0 193
1680271564510 194.0 194
1680271565774 195.0 195
1680271565923 196.0 196
1680271567213 197.0 197
1680271567370 198.0 198
1680271568590 199.0 199
1680271568762 200.0 200
1680271569991 201.0 201
1680271570150 202.0 202
1680271571321 203.0 203
1680271571472 204.0 204
1680271572735 205.0 205
1680271572928 206.0 206
1680271574255 207.0 207
1680271574438 208.0 208
1680271575814 209.0 209
1680271575964 210.0 210
1680271577269 211.0 211
1680271577422 212.0 212
1680271578690 213.0 213
1680271578852 214.0 214
1680271580065 215.0 215
1680271580253 216.0 216
1680271581584 217.0 217
1680271581754 218.0 218
1680271583029 219.0 219
1680271583196 220.0 220
1680271584493 221.0 221
1680271584662 222.0 222
1680271586085 223.0 223
1680271586382 224.0 224
1680271587835 225.0 225
1680271587989 226.0 226
1680271589239 227.0 227
1680271589394 228.0 228
1680271590642 229.0 229
1680271590806 230.0 230
1680271592054 231.0 231
1680271592233 232.0 232
1680271593509 233.0 233
1680271593675 234.0 234
1680271594921 235.0 235
1680271595074 236.0 236
1680271596389 237.0 237
1680271596547 238.0 238
1680271597758 239.0 239
1680271597940 240.0 240
1680271599145 241.0 241
1680271599300 242.0 242
1680271600530 243.0 243
1680271600686 244.0 244
1680271601900 245.0 245
1680271602075 246.0 246
1680271603441 247.0 247
1680271603610 248.0 248
1680271604901 249.0 249
1680271605050 250.0 250
1680271606337 251.0 251
1680271606496 252.0 252
1680271607740 253.0 253
1680271607899 254.0 254
1680271609179 255.0 255
1680271609362 256.0 256
1680271610594 257.0 257
1680271610763 258.0 258
1680271612054 259.0 259
1680271612242 260.0 260
1680271613648 261.0 261
1680271613822 262.0 262
1680271615161 263.0 263
1680271615357 264.0 264
1680271616796 265.0 265
1680271616968 266.0 266
1680271618217 267.0 267
1680271618369 268.0 268
1680271619564 269.0 269
1680271619727 270.0 270
1680271621020 271.0 271
1680271621189 272.0 272
1680271622464 273.0 273
1680271622619 274.0 274
1680271623845 275.0 275
1680271624001 276.0 276
1680271625224 277.0 277
1680271625404 278.0 278
1680271626783 279.0 279
1680271626953 280.0 280
1680271628247 281.0 281
1680271628415 282.0 282
1680271629685 283.0 283
1680271629850 284.0 284
1680271631162 285.0 285
1680271631338 286.0 286
1680271632583 287.0 287
1680271632758 288.0 288
1680271634073 289.0 289
1680271634313 290.0 290
1680271635591 291.0 291
1680271635866 292.0 292
1680271637395 293.0 293
1680271637606 294.0 294
1680271638932 295.0 295
1680271639108 296.0 296
1680271640347 297.0 297
1680271640514 298.0 298
1680271641942 299.0 299
1680271642134 300.0 300
1680271643571 301.0 301
1680271643772 302.0 302
1680271645193 303.0 303
1680271645375 304.0 304
1680271646726 305.0 305
1680271646890 306.0 306
1680271648159 307.0 307
1680271648327 308.0 308
1680271649564 309.0 309
1680271649733 310.0 310
1680271651013 311.0 311
1680271651175 312.0 312
1680271652493 313.0 313
1680271652650 314.0 314
1680271653889 315.0 315
1680271654046 316.0 316
1680271655371 317.0 317
1680271655579 318.0 318
1680271657037 319.0 319
1680271657196 320.0 320
1680271658589 321.0 321
1680271658756 322.0 322
1680271660087 323.0 323
1680271660258 324.0 324
1680271661551 325.0 325
1680271661728 326.0 326
1680271663064 327.0 327
1680271663229 328.0 328
1680271664582 329.0 329
1680271664789 330.0 330
1680271666069 331.0 331
1680271666227 332.0 332
1680271667550 333.0 333
1680271667733 334.0 334
1680271668959 335.0 335
1680271669118 336.0 336
1680271670387 337.0 337
1680271670560 338.0 338
1680271671859 339.0 339
1680271672029 340.0 340
1680271673326 341.0 341
1680271673519 342.0 342
1680271674848 343.0 343
1680271675017 344.0 344
1680271676365 345.0 345
1680271676536 346.0 346
1680271677828 347.0 347
1680271677984 348.0 348
1680271679188 349.0 349
1680271679378 350.0 350
1680271680633 351.0 351
1680271680808 352.0 352
1680271682044 353.0 353
1680271682209 354.0 354
1680271683456 355.0 355
1680271683625 356.0 356
1680271684853 357.0 357
1680271685022 358.0 358
1680271686295 359.0 359
1680271686539 360.0 360
1680271687782 361.0 361
1680271687942 362.0 362
1680271689171 363.0 363
1680271689329 364.0 364
1680271690530 365.0 365
1680271690697 366.0 366
1680271691942 367.0 367
1680271692099 368.0 368
1680271693328 369.0 369
1680271693491 370.0 370
1680271694760 371.0 371
1680271694918 372.0 372
1680271696115 373.0 373
1680271696367 374.0 374
1680271697591 375.0 375
1680271697752 376.0 376
1680271698961 377.0 377
1680271699127 378.0 378
1680271700329 379.0 379
1680271700486 380.0 380
1680271701749 381.0 381
1680271701928 382.0 382
1680271703313 383.0 383
1680271703479 384.0 384
1680271704730 385.0 385
1680271704902 386.0 386
1680271706305 387.0 387
1680271706465 388.0 388
1680271707641 389.0 389
1680271707804 390.0 390
1680271709055 391.0 391
1680271709204 392.0 392
1680271710377 393.0 393
1680271710541 394.0 394
1680271711838 395.0 395
1680271711990 396.0 396
1680271713195 397.0 397
1680271713362 398.0 398
1680271714634 399.0 399
1680271714787 400.0 400
1680271714906 401.0 401
