1680271426394 4256.0 1
1680271426541 4256.0 2
1680271427742 4256.0 3
1680271427894 4256.0 4
1680271429064 4256.0 5
1680271429295 4256.0 6
1680271430487 4256.0 7
1680271430634 4256.0 8
1680271431969 4256.0 9
1680271432142 4256.0 10
1680271433573 4256.0 11
1680271433721 4256.0 12
1680271435013 4256.0 13
1680271435168 4256.0 14
1680271436366 4256.0 15
1680271436497 4256.0 16
1680271437638 4256.0 17
1680271437782 4256.0 18
1680271439072 4256.0 19
1680271439206 4256.0 20
1680271440470 4256.0 21
1680271440647 4256.0 22
1680271441907 4256.0 23
1680271442041 4256.0 24
1680271443243 4256.0 25
1680271443386 4256.0 26
1680271444599 4256.0 27
1680271444738 4256.0 28
1680271445924 4256.0 29
1680271446077 4256.0 30
1680271447352 4256.0 31
1680271447500 4256.0 32
1680271448774 4256.0 33
1680271448929 4256.0 34
1680271450136 4256.0 35
1680271450278 4256.0 36
1680271451402 4256.0 37
1680271451543 4256.0 38
1680271452694 4256.0 39
1680271452838 4256.0 40
1680271454044 4256.0 41
1680271454200 4256.0 42
1680271455393 4256.0 43
1680271455531 4256.0 44
1680271456733 4256.0 45
1680271456883 4256.0 46
1680271458229 4256.0 47
1680271458377 4256.0 48
1680271459578 4256.0 49
1680271459742 4256.0 50
1680271460934 4256.0 51
1680271461078 4256.0 52
1680271462375 4256.0 53
1680271462531 4256.0 54
1680271463839 4256.0 55
1680271463983 4256.0 56
1680271465220 4256.0 57
1680271465379 4256.0 58
1680271466650 4256.0 59
1680271466795 4256.0 60
1680271468150 4256.0 61
1680271468295 4256.0 62
1680271469612 4256.0 63
1680271469757 4256.0 64
1680271471208 4256.0 65
1680271471403 4256.0 66
1680271472920 4256.0 67
1680271473088 4256.0 68
1680271474415 4256.0 69
1680271474565 4256.0 70
1680271475772 4256.0 71
1680271475929 4256.0 72
1680271477128 4256.0 73
1680271477385 4256.0 74
1680271478598 4256.0 75
1680271478767 4256.0 76
1680271480127 4256.0 77
1680271480274 4256.0 78
1680271481469 4256.0 79
1680271481616 4256.0 80
1680271482841 4256.0 81
1680271482990 4256.0 82
1680271484181 4256.0 83
1680271484326 4256.0 84
1680271485543 4256.0 85
1680271485685 4256.0 86
1680271486962 4256.0 87
1680271487099 4256.0 88
1680271488239 4256.0 89
1680271488384 4256.0 90
1680271489577 4256.0 91
1680271489725 4256.0 92
1680271490916 4256.0 93
1680271491075 4256.0 94
1680271492292 4256.0 95
1680271492449 4256.0 96
1680271493748 4256.0 97
1680271493910 4256.0 98
1680271495295 4256.0 99
1680271495455 4256.0 100
1680271496917 4256.0 101
1680271497075 4256.0 102
1680271498370 4256.0 103
1680271498516 4256.0 104
1680271499674 4256.0 105
1680271499826 4256.0 106
1680271501024 4256.0 107
1680271501171 4256.0 108
1680271502398 4256.0 109
1680271502563 4256.0 110
1680271503779 4256.0 111
1680271503923 4256.0 112
1680271505104 4256.0 113
1680271505263 4256.0 114
1680271506577 4256.0 115
1680271506722 4256.0 116
1680271507967 4256.0 117
1680271508138 4256.0 118
1680271509423 4256.0 119
1680271509584 4256.0 120
1680271510799 4256.0 121
1680271510959 4256.0 122
1680271512263 4256.0 123
1680271512424 4256.0 124
1680271513741 4256.0 125
1680271513909 4256.0 126
1680271515363 4256.0 127
1680271515542 4256.0 128
1680271517041 4256.0 129
1680271517218 4256.0 130
1680271518500 4256.0 131
1680271518646 4256.0 132
1680271519904 4256.0 133
1680271520060 4256.0 134
1680271521330 4256.0 135
1680271521481 4256.0 136
1680271522818 4256.0 137
1680271523000 4256.0 138
1680271524437 4256.0 139
1680271524621 4256.0 140
1680271526022 4256.0 141
1680271526291 4256.0 142
1680271527512 4256.0 143
1680271527669 4256.0 144
1680271528832 4256.0 145
1680271528993 4256.0 146
1680271530211 4256.0 147
1680271530357 4256.0 148
1680271531615 4256.0 149
1680271531800 4256.0 150
1680271533098 4256.0 151
1680271533241 4256.0 152
1680271534480 4256.0 153
1680271534634 4256.0 154
1680271535901 4256.0 155
1680271536153 4256.0 156
1680271537468 4256.0 157
1680271537632 4256.0 158
1680271539055 4256.0 159
1680271539202 4256.0 160
1680271540495 4256.0 161
1680271540660 4256.0 162
1680271541944 4256.0 163
1680271542086 4256.0 164
1680271543299 4256.0 165
1680271543453 4256.0 166
1680271544703 4256.0 167
1680271544854 4256.0 168
1680271546219 4256.0 169
1680271546399 4256.0 170
1680271547680 4256.0 171
1680271547822 4256.0 172
1680271549013 4256.0 173
1680271549175 4256.0 174
1680271550441 4256.0 175
1680271550593 4256.0 176
1680271551978 4256.0 177
1680271552193 4256.0 178
1680271553792 4256.0 179
1680271553953 4256.0 180
1680271555290 4256.0 181
1680271555460 4256.0 182
1680271556825 4256.0 183
1680271556993 4256.0 184
1680271558315 4256.0 185
1680271558497 4256.0 186
1680271559881 4256.0 187
1680271560035 4256.0 188
1680271561311 4256.0 189
1680271561468 4256.0 190
1680271562684 4256.0 191
1680271562875 4256.0 192
1680271564328 4256.0 193
1680271564505 4256.0 194
1680271565768 4256.0 195
1680271565917 4256.0 196
1680271567207 4256.0 197
1680271567365 4256.0 198
1680271568584 4256.0 199
1680271568756 4256.0 200
1680271569986 4256.0 201
1680271570146 4256.0 202
1680271571315 4256.0 203
1680271571467 4256.0 204
1680271572730 4256.0 205
1680271572922 4256.0 206
1680271574250 4256.0 207
1680271574433 4256.0 208
1680271575809 4256.0 209
1680271575959 4256.0 210
1680271577264 4256.0 211
1680271577417 4256.0 212
1680271578682 4256.0 213
1680271578846 4256.0 214
1680271580059 4256.0 215
1680271580246 4256.0 216
1680271581578 4256.0 217
1680271581747 4256.0 218
1680271583023 4256.0 219
1680271583191 4256.0 220
1680271584488 4256.0 221
1680271584658 4256.0 222
1680271586077 4256.0 223
1680271586376 4256.0 224
1680271587830 4256.0 225
1680271587984 4256.0 226
1680271589233 4256.0 227
1680271589389 4256.0 228
1680271590637 4256.0 229
1680271590801 4256.0 230
1680271592047 4256.0 231
1680271592227 4256.0 232
1680271593503 4256.0 233
1680271593670 4256.0 234
1680271594916 4256.0 235
1680271595070 4256.0 236
1680271596385 4256.0 237
1680271596542 4256.0 238
1680271597754 4256.0 239
1680271597935 4256.0 240
1680271599140 4256.0 241
1680271599295 4256.0 242
1680271600525 4256.0 243
1680271600681 4256.0 244
1680271601894 4256.0 245
1680271602069 4256.0 246
1680271603436 4256.0 247
1680271603605 4256.0 248
1680271604897 4256.0 249
1680271605046 4256.0 250
1680271606332 4256.0 251
1680271606491 4256.0 252
1680271607735 4256.0 253
1680271607894 4256.0 254
1680271609174 4256.0 255
1680271609355 4256.0 256
1680271610589 4256.0 257
1680271610758 4256.0 258
1680271612048 4256.0 259
1680271612237 4256.0 260
1680271613642 4256.0 261
1680271613815 4256.0 262
1680271615155 4256.0 263
1680271615352 4256.0 264
1680271616792 4256.0 265
1680271616963 4256.0 266
1680271618212 4256.0 267
1680271618364 4256.0 268
1680271619559 4256.0 269
1680271619722 4256.0 270
1680271621015 4256.0 271
1680271621183 4256.0 272
1680271622459 4256.0 273
1680271622616 4256.0 274
1680271623841 4256.0 275
1680271623994 4256.0 276
1680271625218 4256.0 277
1680271625397 4256.0 278
1680271626777 4256.0 279
1680271626948 4256.0 280
1680271628242 4256.0 281
1680271628410 4256.0 282
1680271629681 4256.0 283
1680271629844 4256.0 284
1680271631157 4256.0 285
1680271631332 4256.0 286
1680271632578 4256.0 287
1680271632752 4256.0 288
1680271634065 4256.0 289
1680271634308 4256.0 290
1680271635586 4256.0 291
1680271635859 4256.0 292
1680271637387 4256.0 293
1680271637597 4256.0 294
1680271638927 4256.0 295
1680271639102 4256.0 296
1680271640342 4256.0 297
1680271640509 4256.0 298
1680271641937 4256.0 299
1680271642128 4256.0 300
1680271643566 4256.0 301
1680271643766 4256.0 302
1680271645189 4256.0 303
1680271645370 4256.0 304
1680271646721 4256.0 305
1680271646885 4256.0 306
1680271648153 4256.0 307
1680271648322 4256.0 308
1680271649560 4256.0 309
1680271649729 4256.0 310
1680271651008 4256.0 311
1680271651170 4256.0 312
1680271652487 4256.0 313
1680271652645 4256.0 314
1680271653884 4256.0 315
1680271654041 4256.0 316
1680271655366 4256.0 317
1680271655573 4256.0 318
1680271657030 4256.0 319
1680271657191 4256.0 320
1680271658585 4256.0 321
1680271658752 4256.0 322
1680271660081 4256.0 323
1680271660253 4256.0 324
1680271661545 4256.0 325
1680271661724 4256.0 326
1680271663059 4256.0 327
1680271663224 4256.0 328
1680271664577 4256.0 329
1680271664783 4256.0 330
1680271666064 4256.0 331
1680271666223 4256.0 332
1680271667542 4256.0 333
1680271667728 4256.0 334
1680271668954 4256.0 335
1680271669112 4256.0 336
1680271670382 4256.0 337
1680271670555 4256.0 338
1680271671854 4256.0 339
1680271672023 4256.0 340
1680271673321 4256.0 341
1680271673513 4256.0 342
1680271674843 4256.0 343
1680271675011 4256.0 344
1680271676360 4256.0 345
1680271676530 4256.0 346
1680271677823 4256.0 347
1680271677980 4256.0 348
1680271679183 4256.0 349
1680271679373 4256.0 350
1680271680628 4256.0 351
1680271680804 4256.0 352
1680271682039 4256.0 353
1680271682204 4256.0 354
1680271683451 4256.0 355
1680271683620 4256.0 356
1680271684848 4256.0 357
1680271685017 4256.0 358
1680271686291 4256.0 359
1680271686534 4256.0 360
1680271687778 4256.0 361
1680271687937 4256.0 362
1680271689164 4256.0 363
1680271689324 4256.0 364
1680271690525 4256.0 365
1680271690692 4256.0 366
1680271691938 4256.0 367
1680271692094 4256.0 368
1680271693324 4256.0 369
1680271693485 4256.0 370
1680271694756 4256.0 371
1680271694911 4256.0 372
1680271696110 4256.0 373
1680271696363 4256.0 374
1680271697586 4256.0 375
1680271697748 4256.0 376
1680271698957 4256.0 377
1680271699122 4256.0 378
1680271700325 4256.0 379
1680271700482 4256.0 380
1680271701745 4256.0 381
1680271701922 4256.0 382
1680271703308 4256.0 383
1680271703473 4256.0 384
1680271704723 4256.0 385
1680271704898 4256.0 386
1680271706299 4256.0 387
1680271706460 4256.0 388
1680271707636 4256.0 389
1680271707799 4256.0 390
1680271709048 4256.0 391
1680271709200 4256.0 392
1680271710373 4256.0 393
1680271710536 4256.0 394
1680271711833 4256.0 395
1680271711986 4256.0 396
1680271713190 4256.0 397
1680271713357 4256.0 398
1680271714628 4256.0 399
1680271714782 4256.0 400
1680271714901 4256.0 401
