1680271426392 4.5738959312438965 1
1680271426540 4.706096887588501 2
1680271427740 5.908075571060181 3
1680271427892 6.0546875 4
1680271429063 7.235059022903442 5
1680271429294 7.455920934677124 6
1680271430485 8.649870872497559 7
1680271430632 8.798961877822876 8
1680271431967 10.133684873580933 9
1680271432140 10.298835754394531 10
1680271433572 11.73496127128601 11
1680271433719 11.88585877418518 12
1680271435011 13.17906403541565 13
1680271435165 13.32567548751831 14
1680271436364 14.536871910095215 15
1680271436496 14.667253017425537 16
1680271437637 15.806641578674316 17
1680271437781 15.948833465576172 18
1680271439070 17.23877716064453 19
1680271439204 17.37477421760559 20
1680271440468 18.62922191619873 21
1680271440645 18.806076526641846 22
1680271441905 20.073662996292114 23
1680271442040 20.20764446258545 24
1680271443241 21.40397834777832 25
1680271443383 21.550355911254883 26
1680271444597 22.755982160568237 27
1680271444736 22.90268063545227 28
1680271445923 24.092538595199585 29
1680271446075 24.240814924240112 30
1680271447350 25.512765884399414 31
1680271447498 25.666003942489624 32
1680271448773 26.938369750976562 33
1680271448927 27.087093830108643 34
1680271450134 28.293476104736328 35
1680271450277 28.443939447402954 36
1680271451400 29.569886207580566 37
1680271451541 29.708280563354492 38
1680271452692 30.86139702796936 39
1680271452836 30.998160123825073 40
1680271454042 32.209609031677246 41
1680271454199 32.35566854476929 42
1680271455391 33.55935740470886 43
1680271455529 33.697890281677246 44
1680271456731 34.8990638256073 45
1680271456882 35.040932416915894 46
1680271458228 36.393861293792725 47
1680271458375 36.53896951675415 48
1680271459576 37.74207592010498 49
1680271459740 37.89765286445618 50
1680271460933 39.094868421554565 51
1680271461077 39.240042209625244 52
1680271462373 40.53413391113281 53
1680271462530 40.68882083892822 54
1680271463837 41.98941969871521 55
1680271463982 42.14569425582886 56
1680271465218 43.379199266433716 57
1680271465377 43.5370934009552 58
1680271466648 44.814860820770264 59
1680271466793 44.960200786590576 60
1680271468149 46.31584358215332 61
1680271468292 46.453699350357056 62
1680271469610 47.77329683303833 63
1680271469756 47.919920682907104 64
1680271471206 49.35511040687561 65
1680271471400 49.55387306213379 66
1680271472918 51.06575679779053 67
1680271473085 51.24269223213196 68
1680271474413 52.57613801956177 69
1680271474564 52.727898597717285 70
1680271475770 53.9351019859314 71
1680271475927 54.07954216003418 72
1680271477126 55.284181356430054 73
1680271477384 55.539589643478394 74
1680271478596 56.75898456573486 75
1680271478765 56.909154176712036 76
1680271480126 58.28951334953308 77
1680271480273 58.43689823150635 78
1680271481467 59.63177943229675 79
1680271481615 59.77908372879028 80
1680271482840 61.0049729347229 81
1680271482989 61.14874792098999 82
1680271484180 62.344993591308594 83
1680271484324 62.48986744880676 84
1680271485541 63.70605969429016 85
1680271485684 63.84803533554077 86
1680271486960 65.11291575431824 87
1680271487097 65.26385188102722 88
1680271488237 66.40172028541565 89
1680271488382 66.54494333267212 90
1680271489576 67.73888826370239 91
1680271489723 67.88705253601074 92
1680271490915 69.0810718536377 93
1680271491072 69.23494124412537 94
1680271492290 70.4513487815857 95
1680271492447 70.60473418235779 96
1680271493747 71.9068956375122 97
1680271493908 72.06669545173645 98
1680271495293 73.44185423851013 99
1680271495454 73.61163520812988 100
1680271496915 75.07909107208252 101
1680271497073 75.2251148223877 102
1680271498369 76.52708315849304 103
1680271498515 76.67957139015198 104
1680271499673 77.83300614356995 105
1680271499824 77.98404455184937 106
1680271501022 79.18579316139221 107
1680271501169 79.3319730758667 108
1680271502397 80.5610122680664 109
1680271502561 80.71813750267029 110
1680271503778 81.93987011909485 111
1680271503921 82.08583545684814 112
1680271505102 83.26728773117065 113
1680271505261 83.4200348854065 114
1680271506575 84.73610997200012 115
1680271506720 84.88491582870483 116
1680271507965 86.12728595733643 117
1680271508137 86.2837426662445 118
1680271509421 87.58262515068054 119
1680271509582 87.73587894439697 120
1680271510797 88.95964026451111 121
1680271510958 89.11378788948059 122
1680271512261 90.41695475578308 123
1680271512422 90.57677507400513 124
1680271513739 91.89396500587463 125
1680271513907 92.05350542068481 126
1680271515361 93.51239585876465 127
1680271515540 93.68731474876404 128
1680271517039 95.19379019737244 129
1680271517217 95.36079406738281 130
1680271518497 96.653151512146 131
1680271518645 96.80492830276489 132
1680271519902 98.05681014060974 133
1680271520059 98.21588325500488 134
1680271521328 99.487877368927 135
1680271521479 99.64146041870117 136
1680271522816 100.9669189453125 137
1680271522998 101.14779567718506 138
1680271524435 102.58800554275513 139
1680271524619 102.7681314945221 140
1680271526020 104.17259502410889 141
1680271526290 104.44281888008118 142
1680271527510 105.66365432739258 143
1680271527667 105.82821035385132 144
1680271528829 106.98709511756897 145
1680271528991 107.14073395729065 146
1680271530210 108.36571073532104 147
1680271530355 108.51799988746643 148
1680271531614 109.768315076828 149
1680271531797 109.93942284584045 150
1680271533096 111.2535035610199 151
1680271533240 111.3992247581482 152
1680271534478 112.63987159729004 153
1680271534632 112.78897905349731 154
1680271535900 114.05286002159119 155
1680271536151 114.30690217018127 156
1680271537466 115.62495756149292 157
1680271537631 115.78689694404602 158
1680271539054 117.21219253540039 159
1680271539201 117.35895442962646 160
1680271540493 118.6489930152893 161
1680271540658 118.81175804138184 162
1680271541942 120.09387063980103 163
1680271542085 120.24352312088013 164
1680271543298 121.4529709815979 165
1680271543452 121.60879707336426 166
1680271544702 122.86027908325195 167
1680271544853 123.01017642021179 168
1680271546217 124.37335634231567 169
1680271546397 124.54419422149658 170
1680271547679 125.84008622169495 171
1680271547821 125.97914338111877 172
1680271549011 127.1708767414093 173
1680271549173 127.3249306678772 174
1680271550440 128.59910082817078 175
1680271550591 128.7449927330017 176
1680271551976 130.12380075454712 177
1680271552191 130.33913779258728 178
1680271553789 131.9329297542572 179
1680271553951 132.10339331626892 180
1680271555288 133.43506789207458 181
1680271555458 133.6060380935669 182
1680271556823 134.97876858711243 183
1680271556991 135.1426978111267 184
1680271558312 136.45692372322083 185
1680271558496 136.6422529220581 186
1680271559879 138.03203916549683 187
1680271560032 138.18195152282715 188
1680271561309 139.4659674167633 189
1680271561465 139.6156771183014 190
1680271562682 140.83793234825134 191
1680271562873 141.00567293167114 192
1680271564325 142.4749162197113 193
1680271564503 142.64981603622437 194
1680271565767 143.92128896713257 195
1680271565915 144.07365942001343 196
1680271567206 145.36349081993103 197
1680271567363 145.51710987091064 198
1680271568583 146.73598837852478 199
1680271568755 146.90425372123718 200
1680271569984 148.14075922966003 201
1680271570145 148.29592871665955 202
1680271571314 149.47216176986694 203
1680271571465 149.62269163131714 204
1680271572728 150.88292908668518 205
1680271572920 151.0557837486267 206
1680271574248 152.40019631385803 207
1680271574431 152.57581067085266 208
1680271575808 153.95991373062134 209
1680271575957 154.11185336112976 210
1680271577262 155.41730451583862 211
1680271577415 155.5688784122467 212
1680271578680 156.82728099822998 213
1680271578844 156.99805641174316 214
1680271580058 158.21174311637878 215
1680271580243 158.3875241279602 216
1680271581577 159.72490119934082 217
1680271581747 159.8940510749817 218
1680271583023 161.1712019443512 219
1680271583188 161.33826780319214 220
1680271584487 162.63609957695007 221
1680271584656 162.8016059398651 222
1680271586074 164.2100875377655 223
1680271586374 164.52093958854675 224
1680271587829 165.98104643821716 225
1680271587982 166.1374113559723 226
1680271589232 167.38350415229797 227
1680271589388 167.5403447151184 228
1680271590636 168.7870044708252 229
1680271590799 168.95077252388 230
1680271592046 170.1980173587799 231
1680271592225 170.37000823020935 232
1680271593501 171.652104139328 233
1680271593668 171.82095646858215 234
1680271594914 173.06249284744263 235
1680271595068 173.22114443778992 236
1680271596383 174.538400888443 237
1680271596540 174.69166588783264 238
1680271597752 175.9057936668396 239
1680271597933 176.07807898521423 240
1680271599138 177.2959861755371 241
1680271599294 177.44820523262024 242
1680271600524 178.67971897125244 243
1680271600679 178.83219814300537 244
1680271601892 180.04878759384155 245
1680271602068 180.21262526512146 246
1680271603434 181.58568620681763 247
1680271603604 181.75385165214539 248
1680271604895 183.04723834991455 249
1680271605043 183.1981644630432 250
1680271606330 184.48480916023254 251
1680271606489 184.63822031021118 252
1680271607732 185.88645219802856 253
1680271607892 186.04360342025757 254
1680271609172 187.32475781440735 255
1680271609353 187.50145745277405 256
1680271610588 188.73576998710632 257
1680271610756 188.90311694145203 258
1680271612046 190.18590092658997 259
1680271612235 190.37488722801208 260
1680271613641 191.7870969772339 261
1680271613814 191.9552354812622 262
1680271615153 193.29205894470215 263
1680271615350 193.48567986488342 264
1680271616790 194.93504762649536 265
1680271616961 195.10380268096924 266
1680271618209 196.36480593681335 267
1680271618363 196.51500701904297 268
1680271619557 197.70796823501587 269
1680271619719 197.86918091773987 270
1680271621013 199.16184639930725 271
1680271621181 199.32589483261108 272
1680271622457 200.6068685054779 273
1680271622613 200.76082563400269 274
1680271623839 201.9859321117401 275
1680271623993 202.14350986480713 276
1680271625216 203.36869978904724 277
1680271625395 203.5411238670349 278
1680271626776 204.93070077896118 279
1680271626946 205.09401774406433 280
1680271628241 206.38707661628723 281
1680271628407 206.5558831691742 282
1680271629678 207.8309726715088 283
1680271629842 207.98478817939758 284
1680271631155 209.30369782447815 285
1680271631329 209.47217464447021 286
1680271632576 210.7259202003479 287
1680271632750 210.8958261013031 288
1680271634062 212.20311665534973 289
1680271634306 212.44176983833313 290
1680271635584 213.73848509788513 291
1680271635857 213.9771430492401 292
1680271637385 215.51309895515442 293
1680271637595 215.73411893844604 294
1680271638926 217.07496666908264 295
1680271639101 217.23407864570618 296
1680271640339 218.49266481399536 297
1680271640507 218.65273070335388 298
1680271641935 220.07396697998047 299
1680271642127 220.26518058776855 300
1680271643564 221.70297384262085 301
1680271643764 221.89101338386536 302
1680271645187 223.33066844940186 303
1680271645368 223.50510120391846 304
1680271646720 224.85398626327515 305
1680271646883 225.0258502960205 306
1680271648152 226.2958869934082 307
1680271648321 226.45929956436157 308
1680271649558 227.70285964012146 309
1680271649727 227.87208008766174 310
1680271651006 229.15829467773438 311
1680271651169 229.31733417510986 312
1680271652485 230.63712859153748 313
1680271652644 230.7926468849182 314
1680271653882 232.0290491580963 315
1680271654039 232.1897110939026 316
1680271655364 233.500314950943 317
1680271655571 233.70307779312134 318
1680271657029 235.17597699165344 319
1680271657190 235.3415424823761 320
1680271658583 236.72319889068604 321
1680271658750 236.89078855514526 322
1680271660080 238.23177433013916 323
1680271660252 238.3999466896057 324
1680271661544 239.68909549713135 325
1680271661722 239.86187148094177 326
1680271663058 241.20596408843994 327
1680271663222 241.37477803230286 328
1680271664574 242.70919060707092 329
1680271664780 242.89685201644897 330
1680271666062 244.2118797302246 331
1680271666222 244.37377738952637 332
1680271667541 245.68512868881226 333
1680271667726 245.86118721961975 334
1680271668953 247.10181593894958 335
1680271669110 247.2619354724884 336
1680271670381 248.5260729789734 337
1680271670552 248.6974000930786 338
1680271671852 249.99599695205688 339
1680271672022 250.16793704032898 340
1680271673320 251.4592809677124 341
1680271673511 251.64380288124084 342
1680271674840 252.9827389717102 343
1680271675010 253.1547291278839 344
1680271676358 254.50217723846436 345
1680271676529 254.66909956932068 346
1680271677822 255.973947763443 347
1680271677978 256.1316146850586 348
1680271679180 257.3288662433624 349
1680271679370 257.50584506988525 350
1680271680626 258.77495217323303 351
1680271680801 258.9417779445648 352
1680271682037 260.1800663471222 353
1680271682202 260.35265612602234 354
1680271683450 261.5979423522949 355
1680271683619 261.76515102386475 356
1680271684846 262.9981892108917 357
1680271685016 263.1581783294678 358
1680271686289 264.431435585022 359
1680271686533 264.6748821735382 360
1680271687776 265.9208197593689 361
1680271687936 266.0841555595398 362
1680271689162 267.315851688385 363
1680271689323 267.47286319732666 364
1680271690524 268.6770701408386 365
1680271690690 268.8379530906677 366
1680271691936 270.08717036247253 367
1680271692093 270.24402475357056 368
1680271693322 271.47296237945557 369
1680271693484 271.6311528682709 370
1680271694754 272.9058368206024 371
1680271694910 273.0606744289398 372
1680271696108 274.2609586715698 373
1680271696361 274.5005581378937 374
1680271697584 275.73267698287964 375
1680271697746 275.8950068950653 376
1680271698955 277.0961365699768 377
1680271699121 277.2649955749512 378
1680271700323 278.4712176322937 379
1680271700480 278.62698698043823 380
1680271701744 279.88881039619446 381
1680271701919 280.0586185455322 382
1680271703306 281.4467062950134 383
1680271703472 281.61694264411926 384
1680271704722 282.8650813102722 385
1680271704896 283.0395886898041 386
1680271706298 284.44095063209534 387
1680271706457 284.60434460639954 388
1680271707634 285.78827953338623 389
1680271707797 285.94879388809204 390
1680271709046 287.19975900650024 391
1680271709198 287.3518557548523 392
1680271710371 288.518830537796 393
1680271710534 288.6856644153595 394
1680271711831 289.9818878173828 395
1680271711984 290.1360535621643 396
1680271713188 291.33906841278076 397
1680271713355 291.50566363334656 398
1680271714627 292.77847242355347 399
1680271714781 292.93118500709534 400
1680271714900 293.05012369155884 401
