1680271426398 0.0 1
1680271426544 0.0 2
1680271427745 0.0 3
1680271427897 0.0 4
1680271429068 0.0 5
1680271429299 0.0 6
1680271430490 0.0 7
1680271430637 0.0 8
1680271431972 0.0 9
1680271432146 0.0 10
1680271433577 0.0 11
1680271433724 0.0 12
1680271435016 0.0 13
1680271435172 0.0 14
1680271436369 0.0 15
1680271436501 0.0 16
1680271437642 0.0 17
1680271437786 0.0 18
1680271439075 0.0 19
1680271439208 0.0 20
1680271440472 0.0 21
1680271440651 0.0 22
1680271441910 0.0 23
1680271442044 0.0 24
1680271443246 0.0 25
1680271443390 0.0 26
1680271444603 0.0 27
1680271444742 0.0 28
1680271445928 0.0 29
1680271446081 0.0 30
1680271447356 0.0 31
1680271447503 0.0 32
1680271448777 0.0 33
1680271448933 0.0 34
1680271450140 0.0 35
1680271450281 0.0 36
1680271451405 0.0 37
1680271451546 0.0 38
1680271452697 0.0 39
1680271452841 0.0 40
1680271454047 0.0 41
1680271454204 0.0 42
1680271455396 0.0 43
1680271455535 0.0 44
1680271456736 0.0 45
1680271456888 0.0 46
1680271458232 0.0 47
1680271458380 0.0 48
1680271459581 0.0 49
1680271459745 0.0 50
1680271460938 0.0 51
1680271461082 0.0 52
1680271462378 0.0 53
1680271462536 0.0 54
1680271463842 0.0 55
1680271463987 0.0 56
1680271465222 0.0 57
1680271465382 0.0 58
1680271466653 0.0 59
1680271466798 0.0 60
1680271468154 0.0 61
1680271468301 0.0 62
1680271469616 0.0 63
1680271469761 0.0 64
1680271471211 0.0 65
1680271471408 0.0 66
1680271472924 0.0 67
1680271473092 0.0 68
1680271474418 0.0 69
1680271474569 0.0 70
1680271475775 0.0 71
1680271475932 0.0 72
1680271477130 0.0 73
1680271477390 0.0 74
1680271478601 0.0 75
1680271478771 0.0 76
1680271480131 0.0 77
1680271480277 0.0 78
1680271481472 0.0 79
1680271481620 0.0 80
1680271482844 0.0 81
1680271482994 0.0 82
1680271484184 0.0 83
1680271484329 0.0 84
1680271485547 0.0 85
1680271485688 0.0 86
1680271486965 0.0 87
1680271487103 0.0 88
1680271488241 0.0 89
1680271488387 0.0 90
1680271489581 0.0 91
1680271489728 0.0 92
1680271490920 0.0 93
1680271491078 0.0 94
1680271492295 0.0 95
1680271492452 0.0 96
1680271493752 0.0 97
1680271493913 0.0 98
1680271495298 0.0 99
1680271495459 0.0 100
1680271496920 0.0 101
1680271497078 0.0 102
1680271498373 0.0 103
1680271498520 0.0 104
1680271499677 0.0 105
1680271499830 0.0 106
1680271501027 0.0 107
1680271501174 0.0 108
1680271502402 0.0 109
1680271502568 0.0 110
1680271503783 0.0 111
1680271503927 0.0 112
1680271505107 0.0 113
1680271505267 0.0 114
1680271506580 0.0 115
1680271506726 0.0 116
1680271507971 0.0 117
1680271508142 0.0 118
1680271509426 0.0 119
1680271509587 0.0 120
1680271510802 0.0 121
1680271510963 0.0 122
1680271512266 0.0 123
1680271512427 0.0 124
1680271513744 0.0 125
1680271513912 0.0 126
1680271515367 0.0 127
1680271515545 0.0 128
1680271517044 0.0 129
1680271517222 0.0 130
1680271518503 0.0 131
1680271518650 0.0 132
1680271519907 0.0 133
1680271520064 0.0 134
1680271521333 0.0 135
1680271521484 0.0 136
1680271522822 0.0 137
1680271523006 0.0 138
1680271524440 0.0 139
1680271524624 0.0 140
1680271526026 0.0 141
1680271526295 0.0 142
1680271527515 0.0 143
1680271527672 0.0 144
1680271528836 0.0 145
1680271528998 0.0 146
1680271530215 0.0 147
1680271530361 0.0 148
1680271531619 0.0 149
1680271531803 0.0 150
1680271533101 0.0 151
1680271533244 0.0 152
1680271534483 0.0 153
1680271534638 0.0 154
1680271535904 0.0 155
1680271536156 0.0 156
1680271537472 0.0 157
1680271537636 0.0 158
1680271539058 0.0 159
1680271539206 0.0 160
1680271540499 0.0 161
1680271540663 0.0 162
1680271541947 0.0 163
1680271542089 0.0 164
1680271543302 0.0 165
1680271543457 0.0 166
1680271544707 0.0 167
1680271544857 0.0 168
1680271546222 0.0 169
1680271546403 0.0 170
1680271547683 0.0 171
1680271547825 0.0 172
1680271549016 0.0 173
1680271549178 0.0 174
1680271550444 0.0 175
1680271550596 0.0 176
1680271551981 0.0 177
1680271552197 0.0 178
1680271553796 0.0 179
1680271553957 0.0 180
1680271555293 0.0 181
1680271555464 0.0 182
1680271556828 0.0 183
1680271556996 0.0 184
1680271558322 0.0 185
1680271558501 0.0 186
1680271559884 0.0 187
1680271560040 0.0 188
1680271561314 0.0 189
1680271561472 0.0 190
1680271562687 0.0 191
1680271562878 0.0 192
1680271564333 0.0 193
1680271564508 0.0 194
1680271565771 0.0 195
1680271565921 0.0 196
1680271567211 0.0 197
1680271567368 0.0 198
1680271568588 0.0 199
1680271568760 0.0 200
1680271569989 0.0 201
1680271570149 0.0 202
1680271571319 0.0 203
1680271571470 0.0 204
1680271572733 0.0 205
1680271572926 0.0 206
1680271574254 0.0 207
1680271574436 0.0 208
1680271575813 0.0 209
1680271575963 0.0 210
1680271577267 0.0 211
1680271577420 0.0 212
1680271578688 0.0 213
1680271578850 0.0 214
1680271580063 0.0 215
1680271580250 0.0 216
1680271581582 0.0 217
1680271581751 0.0 218
1680271583027 0.0 219
1680271583194 0.0 220
1680271584492 0.0 221
1680271584661 0.0 222
1680271586082 0.0 223
1680271586379 0.0 224
1680271587834 0.0 225
1680271587988 0.0 226
1680271589237 0.0 227
1680271589393 0.0 228
1680271590641 0.0 229
1680271590803 0.0 230
1680271592052 0.0 231
1680271592231 0.0 232
1680271593507 0.0 233
1680271593673 0.0 234
1680271594919 0.0 235
1680271595072 0.0 236
1680271596388 0.0 237
1680271596545 0.0 238
1680271597757 0.0 239
1680271597938 0.0 240
1680271599143 0.0 241
1680271599299 0.0 242
1680271600529 0.0 243
1680271600685 0.0 244
1680271601898 0.0 245
1680271602073 0.0 246
1680271603439 0.0 247
1680271603609 0.0 248
1680271604900 0.0 249
1680271605049 0.0 250
1680271606335 0.0 251
1680271606494 0.0 252
1680271607738 0.0 253
1680271607897 0.0 254
1680271609177 0.0 255
1680271609360 0.0 256
1680271610592 0.0 257
1680271610762 0.0 258
1680271612051 0.0 259
1680271612239 0.0 260
1680271613646 0.0 261
1680271613819 0.0 262
1680271615159 0.0 263
1680271615356 0.0 264
1680271616795 0.0 265
1680271616966 0.0 266
1680271618215 0.0 267
1680271618367 0.0 268
1680271619562 0.0 269
1680271619725 0.0 270
1680271621018 0.0 271
1680271621187 0.0 272
1680271622462 0.0 273
1680271622618 0.0 274
1680271623844 0.0 275
1680271623999 0.0 276
1680271625222 0.0 277
1680271625401 0.0 278
1680271626781 0.0 279
1680271626952 0.0 280
1680271628245 0.0 281
1680271628413 0.0 282
1680271629684 0.0 283
1680271629848 0.0 284
1680271631160 0.0 285
1680271631336 0.0 286
1680271632582 0.0 287
1680271632756 0.0 288
1680271634071 0.0 289
1680271634311 0.0 290
1680271635589 0.0 291
1680271635863 0.0 292
1680271637393 0.0 293
1680271637604 0.0 294
1680271638931 0.0 295
1680271639106 0.0 296
1680271640345 0.0 297
1680271640512 0.0 298
1680271641940 0.0 299
1680271642132 0.0 300
1680271643570 0.0 301
1680271643770 0.0 302
1680271645192 0.0 303
1680271645373 0.0 304
1680271646724 0.0 305
1680271646888 0.0 306
1680271648157 0.0 307
1680271648325 0.0 308
1680271649563 0.0 309
1680271649732 0.0 310
1680271651011 0.0 311
1680271651173 0.0 312
1680271652491 0.0 313
1680271652648 0.0 314
1680271653887 0.0 315
1680271654044 0.0 316
1680271655370 0.0 317
1680271655577 0.0 318
1680271657034 0.0 319
1680271657194 0.0 320
1680271658588 0.0 321
1680271658755 0.0 322
1680271660085 0.0 323
1680271660256 0.0 324
1680271661548 0.0 325
1680271661727 0.0 326
1680271663062 0.0 327
1680271663227 0.0 328
1680271664580 0.0 329
1680271664787 0.0 330
1680271666067 0.0 331
1680271666226 0.0 332
1680271667547 0.0 333
1680271667731 0.0 334
1680271668957 0.0 335
1680271669116 0.0 336
1680271670385 0.0 337
1680271670559 0.0 338
1680271671857 0.0 339
1680271672026 0.0 340
1680271673324 0.0 341
1680271673517 0.0 342
1680271674846 0.0 343
1680271675015 0.0 344
1680271676363 0.0 345
1680271676534 0.0 346
1680271677826 0.0 347
1680271677982 0.0 348
1680271679186 0.0 349
1680271679377 0.0 350
1680271680631 0.0 351
1680271680807 0.0 352
1680271682042 0.0 353
1680271682207 0.0 354
1680271683455 0.0 355
1680271683624 0.0 356
1680271684851 0.0 357
1680271685020 0.0 358
1680271686294 0.0 359
1680271686538 0.0 360
1680271687781 0.0 361
1680271687941 0.0 362
1680271689168 0.0 363
1680271689328 0.0 364
1680271690529 0.0 365
1680271690694 0.0 366
1680271691941 0.0 367
1680271692097 0.0 368
1680271693327 0.0 369
1680271693489 0.0 370
1680271694759 0.0 371
1680271694915 0.0 372
1680271696113 0.0 373
1680271696366 0.0 374
1680271697589 0.0 375
1680271697751 0.0 376
1680271698960 0.0 377
1680271699125 0.0 378
1680271700328 0.0 379
1680271700485 0.0 380
1680271701748 0.0 381
1680271701926 0.0 382
1680271703311 0.0 383
1680271703477 0.0 384
1680271704728 0.0 385
1680271704901 0.0 386
1680271706303 0.0 387
1680271706463 0.0 388
1680271707639 0.0 389
1680271707803 0.0 390
1680271709052 0.0 391
1680271709202 0.0 392
1680271710376 0.0 393
1680271710539 0.0 394
1680271711836 0.0 395
1680271711989 0.0 396
1680271713193 0.0 397
1680271713359 0.0 398
1680271714632 0.0 399
1680271714786 0.0 400
1680271714904 0.0 401
