1680271426402 0.0050618648529052734 1
1680271426547 0.0050618648529052734 2
1680271427749 0.0050618648529052734 3
1680271427900 0.0050618648529052734 4
1680271429072 0.0050618648529052734 5
1680271429302 0.0050618648529052734 6
1680271430494 0.0050618648529052734 7
1680271430640 0.0050618648529052734 8
1680271431975 0.0050618648529052734 9
1680271432151 0.0050618648529052734 10
1680271433580 0.0050618648529052734 11
1680271433727 0.0050618648529052734 12
1680271435020 0.0050618648529052734 13
1680271435176 0.0050618648529052734 14
1680271436372 0.0050618648529052734 15
1680271436504 0.0050618648529052734 16
1680271437645 0.0050618648529052734 17
1680271437789 0.0050618648529052734 18
1680271439078 0.0050618648529052734 19
1680271439212 0.0050618648529052734 20
1680271440477 0.0050618648529052734 21
1680271440655 0.0050618648529052734 22
1680271441913 0.0050618648529052734 23
1680271442048 0.0050618648529052734 24
1680271443249 0.0050618648529052734 25
1680271443394 0.0050618648529052734 26
1680271444606 0.0050618648529052734 27
1680271444745 0.0050618648529052734 28
1680271445931 0.0050618648529052734 29
1680271446085 0.0050618648529052734 30
1680271447359 0.0050618648529052734 31
1680271447506 0.0050618648529052734 32
1680271448780 0.0050618648529052734 33
1680271448937 0.0050618648529052734 34
1680271450143 0.0050618648529052734 35
1680271450285 0.0050618648529052734 36
1680271451408 0.0050618648529052734 37
1680271451556 0.0050618648529052734 38
1680271452700 0.0050618648529052734 39
1680271452844 0.0050618648529052734 40
1680271454050 0.0050618648529052734 41
1680271454207 0.0050618648529052734 42
1680271455400 0.0050618648529052734 43
1680271455538 0.0050618648529052734 44
1680271456739 0.0050618648529052734 45
1680271456892 0.0050618648529052734 46
1680271458236 0.0050618648529052734 47
1680271458383 0.0050618648529052734 48
1680271459584 0.0050618648529052734 49
1680271459749 0.0050618648529052734 50
1680271460942 0.0050618648529052734 51
1680271461087 0.0050618648529052734 52
1680271462381 0.0050618648529052734 53
1680271462541 0.0050618648529052734 54
1680271463845 0.0050618648529052734 55
1680271463989 0.0050618648529052734 56
1680271465225 0.0050618648529052734 57
1680271465386 0.0050618648529052734 58
1680271466656 0.0050618648529052734 59
1680271466802 0.0050618648529052734 60
1680271468157 0.0050618648529052734 61
1680271468306 0.0050618648529052734 62
1680271469619 0.0050618648529052734 63
1680271469764 0.0050618648529052734 64
1680271471216 0.0050618648529052734 65
1680271471414 0.0050618648529052734 66
1680271472928 0.0050618648529052734 67
1680271473097 0.0050618648529052734 68
1680271474422 0.0050618648529052734 69
1680271474572 0.0050618648529052734 70
1680271475778 0.0050618648529052734 71
1680271475935 0.0050618648529052734 72
1680271477134 0.0050618648529052734 73
1680271477393 0.0050618648529052734 74
1680271478604 0.0050618648529052734 75
1680271478774 0.0050618648529052734 76
1680271480134 0.0050618648529052734 77
1680271480281 0.0050618648529052734 78
1680271481476 0.0050618648529052734 79
1680271481623 0.0050618648529052734 80
1680271482847 0.0050618648529052734 81
1680271482997 0.0050618648529052734 82
1680271484188 0.0050618648529052734 83
1680271484333 0.0050618648529052734 84
1680271485550 0.0050618648529052734 85
1680271485692 0.0050618648529052734 86
1680271486969 0.0050618648529052734 87
1680271487107 0.0050618648529052734 88
1680271488244 0.0050618648529052734 89
1680271488390 0.0050618648529052734 90
1680271489585 0.0050618648529052734 91
1680271489731 0.0050618648529052734 92
1680271490923 0.0050618648529052734 93
1680271491080 0.0050618648529052734 94
1680271492299 0.0050618648529052734 95
1680271492455 0.0050618648529052734 96
1680271493755 0.0050618648529052734 97
1680271493917 0.0050618648529052734 98
1680271495302 0.0050618648529052734 99
1680271495462 0.0050618648529052734 100
1680271496923 0.0050618648529052734 101
1680271497081 0.0050618648529052734 102
1680271498377 0.0050618648529052734 103
1680271498524 0.0050618648529052734 104
1680271499680 0.0050618648529052734 105
1680271499833 0.0050618648529052734 106
1680271501030 0.0050618648529052734 107
1680271501178 0.0050618648529052734 108
1680271502405 0.0050618648529052734 109
1680271502571 0.0050618648529052734 110
1680271503787 0.0050618648529052734 111
1680271503930 0.0050618648529052734 112
1680271505110 0.0050618648529052734 113
1680271505271 0.0050618648529052734 114
1680271506583 0.0050618648529052734 115
1680271506729 0.0050618648529052734 116
1680271507975 0.0050618648529052734 117
1680271508147 0.0050618648529052734 118
1680271509429 0.0050618648529052734 119
1680271509590 0.0050618648529052734 120
1680271510806 0.0050618648529052734 121
1680271510966 0.0050618648529052734 122
1680271512272 0.0050618648529052734 123
1680271512430 0.0050618648529052734 124
1680271513748 0.0050618648529052734 125
1680271513916 0.0050618648529052734 126
1680271515372 0.0050618648529052734 127
1680271515549 0.0050618648529052734 128
1680271517048 0.0050618648529052734 129
1680271517226 0.0050618648529052734 130
1680271518506 0.0050618648529052734 131
1680271518654 0.0050618648529052734 132
1680271519910 0.0050618648529052734 133
1680271520068 0.0050618648529052734 134
1680271521336 0.0050618648529052734 135
1680271521488 0.0050618648529052734 136
1680271522826 0.0050618648529052734 137
1680271523009 0.0050618648529052734 138
1680271524443 0.0050618648529052734 139
1680271524628 0.0050618648529052734 140
1680271526029 0.0050618648529052734 141
1680271526298 0.0050618648529052734 142
1680271527519 0.0050618648529052734 143
1680271527675 0.0050618648529052734 144
1680271528840 0.0050618648529052734 145
1680271529002 0.0050618648529052734 146
1680271530218 0.0050618648529052734 147
1680271530364 0.0050618648529052734 148
1680271531624 0.0050618648529052734 149
1680271531807 0.0050618648529052734 150
1680271533104 0.0050618648529052734 151
1680271533248 0.0050618648529052734 152
1680271534487 0.0050618648529052734 153
1680271534642 0.0050618648529052734 154
1680271535908 0.0050618648529052734 155
1680271536160 0.0050618648529052734 156
1680271537476 0.0050618648529052734 157
1680271537646 0.0050618648529052734 158
1680271539062 0.0050618648529052734 159
1680271539209 0.0050618648529052734 160
1680271540502 0.0050618648529052734 161
1680271540667 0.0050618648529052734 162
1680271541950 0.0050618648529052734 163
1680271542092 0.0050618648529052734 164
1680271543306 0.0050618648529052734 165
1680271543460 0.0050618648529052734 166
1680271544710 0.0050618648529052734 167
1680271544860 0.0050618648529052734 168
1680271546225 0.0050618648529052734 169
1680271546406 0.0050618648529052734 170
1680271547687 0.0050618648529052734 171
1680271547828 0.0050618648529052734 172
1680271549019 0.0050618648529052734 173
1680271549181 0.0050618648529052734 174
1680271550447 0.0050618648529052734 175
1680271550600 0.0050618648529052734 176
1680271551986 0.0050618648529052734 177
1680271552200 0.0050618648529052734 178
1680271553799 0.0050618648529052734 179
1680271553960 0.0050618648529052734 180
1680271555297 0.0050618648529052734 181
1680271555466 0.0050618648529052734 182
1680271556832 0.0050618648529052734 183
1680271557000 0.0050618648529052734 184
1680271558327 0.0050618648529052734 185
1680271558504 0.0050618648529052734 186
1680271559887 0.0050618648529052734 187
1680271560044 0.0050618648529052734 188
1680271561317 0.0050618648529052734 189
1680271561476 0.0050618648529052734 190
1680271562690 0.0050618648529052734 191
1680271562882 0.0050618648529052734 192
1680271564337 0.0050618648529052734 193
1680271564512 0.0050618648529052734 194
1680271565775 0.0050618648529052734 195
1680271565924 0.0050618648529052734 196
1680271567214 0.0050618648529052734 197
1680271567372 0.0050618648529052734 198
1680271568592 0.0050618648529052734 199
1680271568764 0.0050618648529052734 200
1680271569992 0.0050618648529052734 201
1680271570152 0.0050618648529052734 202
1680271571322 0.0050618648529052734 203
1680271571474 0.0050618648529052734 204
1680271572737 0.0050618648529052734 205
1680271572931 0.0050618648529052734 206
1680271574257 0.0050618648529052734 207
1680271574440 0.0050618648529052734 208
1680271575817 0.0050618648529052734 209
1680271575966 0.0050618648529052734 210
1680271577270 0.0050618648529052734 211
1680271577424 0.0050618648529052734 212
1680271578691 0.0050618648529052734 213
1680271578853 0.0050618648529052734 214
1680271580068 0.0050618648529052734 215
1680271580255 0.0050618648529052734 216
1680271581585 0.0050618648529052734 217
1680271581756 0.0050618648529052734 218
1680271583030 0.0050618648529052734 219
1680271583199 0.0050618648529052734 220
1680271584495 0.0050618648529052734 221
1680271584665 0.0050618648529052734 222
1680271586088 0.0050618648529052734 223
1680271586384 0.0050618648529052734 224
1680271587837 0.0050618648529052734 225
1680271587991 0.0050618648529052734 226
1680271589240 0.0050618648529052734 227
1680271589396 0.0050618648529052734 228
1680271590644 0.0050618648529052734 229
1680271590808 0.0050618648529052734 230
1680271592056 0.0050618648529052734 231
1680271592234 0.0050618648529052734 232
1680271593510 0.0050618648529052734 233
1680271593677 0.0050618648529052734 234
1680271594923 0.0050618648529052734 235
1680271595075 0.0050618648529052734 236
1680271596392 0.0050618648529052734 237
1680271596549 0.0050618648529052734 238
1680271597760 0.0050618648529052734 239
1680271597942 0.0050618648529052734 240
1680271599146 0.0050618648529052734 241
1680271599302 0.0050618648529052734 242
1680271600532 0.0050618648529052734 243
1680271600688 0.0050618648529052734 244
1680271601902 0.0050618648529052734 245
1680271602076 0.0050618648529052734 246
1680271603442 0.0050618648529052734 247
1680271603612 0.0050618648529052734 248
1680271604903 0.0050618648529052734 249
1680271605052 0.0050618648529052734 250
1680271606338 0.0050618648529052734 251
1680271606497 0.0050618648529052734 252
1680271607741 0.0050618648529052734 253
1680271607900 0.0050618648529052734 254
1680271609181 0.0050618648529052734 255
1680271609364 0.0050618648529052734 256
1680271610596 0.0050618648529052734 257
1680271610765 0.0050618648529052734 258
1680271612056 0.0050618648529052734 259
1680271612245 0.0050618648529052734 260
1680271613649 0.0050618648529052734 261
1680271613824 0.0050618648529052734 262
1680271615162 0.0050618648529052734 263
1680271615359 0.0050618648529052734 264
1680271616798 0.0050618648529052734 265
1680271616969 0.0050618648529052734 266
1680271618218 0.0050618648529052734 267
1680271618371 0.0050618648529052734 268
1680271619566 0.0050618648529052734 269
1680271619728 0.0050618648529052734 270
1680271621021 0.0050618648529052734 271
1680271621191 0.0050618648529052734 272
1680271622465 0.0050618648529052734 273
1680271622622 0.0050618648529052734 274
1680271623847 0.0050618648529052734 275
1680271624003 0.0050618648529052734 276
1680271625226 0.0050618648529052734 277
1680271625406 0.0050618648529052734 278
1680271626784 0.0050618648529052734 279
1680271626955 0.0050618648529052734 280
1680271628248 0.0050618648529052734 281
1680271628417 0.0050618648529052734 282
1680271629688 0.0050618648529052734 283
1680271629852 0.0050618648529052734 284
1680271631164 0.0050618648529052734 285
1680271631340 0.0050618648529052734 286
1680271632585 0.0050618648529052734 287
1680271632760 0.0050618648529052734 288
1680271634075 0.0050618648529052734 289
1680271634315 0.0050618648529052734 290
1680271635593 0.0050618648529052734 291
1680271635869 0.0050618648529052734 292
1680271637398 0.0050618648529052734 293
1680271637608 0.0050618648529052734 294
1680271638934 0.0050618648529052734 295
1680271639110 0.0050618648529052734 296
1680271640349 0.0050618648529052734 297
1680271640515 0.0050618648529052734 298
1680271641944 0.0050618648529052734 299
1680271642136 0.0050618648529052734 300
1680271643573 0.0050618648529052734 301
1680271643774 0.0050618648529052734 302
1680271645195 0.0050618648529052734 303
1680271645377 0.0050618648529052734 304
1680271646728 0.0050618648529052734 305
1680271646892 0.0050618648529052734 306
1680271648162 0.0050618648529052734 307
1680271648328 0.0050618648529052734 308
1680271649566 0.0050618648529052734 309
1680271649735 0.0050618648529052734 310
1680271651015 0.0050618648529052734 311
1680271651177 0.0050618648529052734 312
1680271652495 0.0050618648529052734 313
1680271652653 0.0050618648529052734 314
1680271653890 0.0050618648529052734 315
1680271654048 0.0050618648529052734 316
1680271655373 0.0050618648529052734 317
1680271655580 0.0050618648529052734 318
1680271657039 0.0050618648529052734 319
1680271657198 0.0050618648529052734 320
1680271658591 0.0050618648529052734 321
1680271658758 0.0050618648529052734 322
1680271660088 0.0050618648529052734 323
1680271660259 0.0050618648529052734 324
1680271661553 0.0050618648529052734 325
1680271661730 0.0050618648529052734 326
1680271663067 0.0050618648529052734 327
1680271663231 0.0050618648529052734 328
1680271664584 0.0050618648529052734 329
1680271664790 0.0050618648529052734 330
1680271666070 0.0050618648529052734 331
1680271666229 0.0050618648529052734 332
1680271667553 0.0050618648529052734 333
1680271667735 0.0050618648529052734 334
1680271668960 0.0050618648529052734 335
1680271669126 0.0050618648529052734 336
1680271670389 0.0050618648529052734 337
1680271670563 0.0050618648529052734 338
1680271671861 0.0050618648529052734 339
1680271672031 0.0050618648529052734 340
1680271673329 0.0050618648529052734 341
1680271673520 0.0050618648529052734 342
1680271674851 0.0050618648529052734 343
1680271675018 0.0050618648529052734 344
1680271676367 0.0050618648529052734 345
1680271676538 0.0050618648529052734 346
1680271677830 0.0050618648529052734 347
1680271677985 0.0050618648529052734 348
1680271679189 0.0050618648529052734 349
1680271679381 0.0050618648529052734 350
1680271680635 0.0050618648529052734 351
1680271680810 0.0050618648529052734 352
1680271682045 0.0050618648529052734 353
1680271682210 0.0050618648529052734 354
1680271683458 0.0050618648529052734 355
1680271683627 0.0050618648529052734 356
1680271684854 0.0050618648529052734 357
1680271685024 0.0050618648529052734 358
1680271686297 0.0050618648529052734 359
1680271686541 0.0050618648529052734 360
1680271687784 0.0050618648529052734 361
1680271687944 0.0050618648529052734 362
1680271689173 0.0050618648529052734 363
1680271689331 0.0050618648529052734 364
1680271690532 0.0050618648529052734 365
1680271690699 0.0050618648529052734 366
1680271691944 0.0050618648529052734 367
1680271692101 0.0050618648529052734 368
1680271693330 0.0050618648529052734 369
1680271693492 0.0050618648529052734 370
1680271694762 0.0050618648529052734 371
1680271694920 0.0050618648529052734 372
1680271696116 0.0050618648529052734 373
1680271696369 0.0050618648529052734 374
1680271697592 0.0050618648529052734 375
1680271697754 0.0050618648529052734 376
1680271698963 0.0050618648529052734 377
1680271699128 0.0050618648529052734 378
1680271700330 0.0050618648529052734 379
1680271700488 0.0050618648529052734 380
1680271701752 0.0050618648529052734 381
1680271701930 0.0050618648529052734 382
1680271703315 0.0050618648529052734 383
1680271703480 0.0050618648529052734 384
1680271704732 0.0050618648529052734 385
1680271704904 0.0050618648529052734 386
1680271706306 0.0050618648529052734 387
1680271706467 0.0050618648529052734 388
1680271707642 0.0050618648529052734 389
1680271707806 0.0050618648529052734 390
1680271709056 0.0050618648529052734 391
1680271709205 0.0050618648529052734 392
1680271710379 0.0050618648529052734 393
1680271710542 0.0050618648529052734 394
1680271711839 0.0050618648529052734 395
1680271711992 0.0050618648529052734 396
1680271713196 0.0050618648529052734 397
1680271713364 0.0050618648529052734 398
1680271714636 0.0050618648529052734 399
1680271714789 0.0050618648529052734 400
1680271714907 0.0050618648529052734 401
