1679776328957 15624.0 1
1679776329202 15624.0 2
1679776331024 15624.0 3
1679776331263 15624.0 4
1679776332922 15624.0 5
1679776333121 15624.0 6
1679776334672 15624.0 7
1679776334900 15624.0 8
1679776336495 15624.0 9
1679776336700 15624.0 10
1679776338228 15624.0 11
1679776338444 15624.0 12
1679776340016 15624.0 13
1679776340369 15624.0 14
1679776341998 15624.0 15
1679776342224 15624.0 16
1679776343990 15624.0 17
1679776344209 15624.0 18
1679776345952 15624.0 19
1679776346241 15624.0 20
1679776347960 15624.0 21
1679776348177 15624.0 22
1679776349805 15624.0 23
1679776350106 15624.0 24
1679776351726 15624.0 25
1679776352009 15624.0 26
1679776353706 15624.0 27
1679776353938 15624.0 28
1679776355541 15624.0 29
1679776355765 15624.0 30
1679776357409 15624.0 31
1679776357653 15624.0 32
1679776359297 15624.0 33
1679776359607 15624.0 34
1679776361302 15624.0 35
1679776361532 15624.0 36
1679776363142 15624.0 37
1679776363381 15624.0 38
1679776365012 15624.0 39
1679776365243 15624.0 40
1679776366847 15624.0 41
1679776367085 15624.0 42
1679776368800 15624.0 43
1679776369043 15624.0 44
1679776370727 15624.0 45
1679776370943 15624.0 46
1679776372610 15624.0 47
1679776372858 15624.0 48
1679776374606 15624.0 49
1679776374893 15624.0 50
1679776376736 15624.0 51
1679776376973 15624.0 52
1679776378680 15624.0 53
1679776378922 15624.0 54
1679776380547 15624.0 55
1679776380796 15624.0 56
1679776382457 15624.0 57
1679776382687 15624.0 58
1679776384296 15624.0 59
1679776384516 15624.0 60
1679776386115 15624.0 61
1679776386356 15624.0 62
1679776388126 15624.0 63
1679776388351 15624.0 64
1679776389957 15624.0 65
1679776390183 15624.0 66
1679776391738 15624.0 67
1679776391974 15624.0 68
1679776393652 15624.0 69
1679776393879 15624.0 70
1679776395494 15624.0 71
1679776395712 15624.0 72
1679776397438 15624.0 73
1679776397690 15624.0 74
1679776399363 15624.0 75
1679776399591 15624.0 76
1679776401295 15624.0 77
1679776401541 15624.0 78
1679776403321 15624.0 79
1679776403584 15624.0 80
1679776405379 15624.0 81
1679776405631 15624.0 82
1679776407419 15624.0 83
1679776407661 15624.0 84
1679776409331 15624.0 85
1679776409588 15624.0 86
1679776411278 15624.0 87
1679776411493 15624.0 88
1679776413104 15624.0 89
1679776413329 15624.0 90
1679776414987 15624.0 91
1679776415245 15624.0 92
1679776417111 15624.0 93
1679776417376 15624.0 94
1679776419107 15624.0 95
1679776419417 15624.0 96
1679776421021 15624.0 97
1679776421265 15624.0 98
1679776422824 15624.0 99
1679776423040 15624.0 100
1679776424828 15624.0 101
1679776425119 15624.0 102
1679776426965 15624.0 103
1679776427183 15624.0 104
1679776428688 15624.0 105
1679776428894 15624.0 106
1679776430359 15624.0 107
1679776430560 15624.0 108
1679776431988 15624.0 109
1679776432226 15624.0 110
1679776433961 15624.0 111
1679776434184 15624.0 112
1679776435837 15624.0 113
1679776436064 15624.0 114
1679776437670 15624.0 115
1679776437944 15624.0 116
1679776439556 15624.0 117
1679776439787 15624.0 118
1679776441436 15624.0 119
1679776441677 15624.0 120
1679776443290 15624.0 121
1679776443526 15624.0 122
1679776445222 15624.0 123
1679776445446 15624.0 124
1679776447045 15624.0 125
1679776447272 15624.0 126
1679776448863 15624.0 127
1679776449103 15624.0 128
1679776450813 15624.0 129
1679776451038 15624.0 130
1679776452569 15624.0 131
1679776452780 15624.0 132
1679776454319 15624.0 133
1679776454547 15624.0 134
1679776456165 15624.0 135
1679776456376 15624.0 136
1679776457912 15624.0 137
1679776458099 15624.0 138
1679776459608 15624.0 139
1679776459853 15624.0 140
1679776461404 15624.0 141
1679776461713 15624.0 142
1679776463377 15624.0 143
1679776463611 15624.0 144
1679776465247 15624.0 145
1679776465517 15624.0 146
1679776467123 15624.0 147
1679776467332 15624.0 148
1679776468804 15624.0 149
1679776469029 15624.0 150
1679776470508 15624.0 151
1679776470803 15624.0 152
1679776472292 15624.0 153
1679776472503 15624.0 154
1679776473959 15624.0 155
1679776474164 15624.0 156
1679776475617 15624.0 157
1679776475841 15624.0 158
1679776477315 15624.0 159
1679776477537 15624.0 160
1679776479028 15624.0 161
1679776479340 15624.0 162
1679776480875 15624.0 163
1679776481107 15624.0 164
1679776482657 15624.0 165
1679776482876 15624.0 166
1679776484380 15624.0 167
1679776484596 15624.0 168
1679776486092 15624.0 169
1679776486340 15624.0 170
1679776488018 15624.0 171
1679776488240 15624.0 172
1679776489786 15624.0 173
1679776490017 15624.0 174
1679776491456 15624.0 175
1679776491685 15624.0 176
1679776493196 15624.0 177
1679776493433 15624.0 178
1679776495069 15624.0 179
1679776495308 15624.0 180
1679776497002 15624.0 181
1679776497260 15624.0 182
1679776498895 15624.0 183
1679776499105 15624.0 184
1679776500648 15624.0 185
1679776500858 15624.0 186
1679776502326 15624.0 187
1679776502574 15624.0 188
1679776504074 15624.0 189
1679776504296 15624.0 190
1679776505884 15624.0 191
1679776506107 15624.0 192
1679776507625 15624.0 193
1679776507904 15624.0 194
1679776509460 15624.0 195
1679776509678 15624.0 196
1679776511184 15624.0 197
1679776511395 15624.0 198
1679776512837 15624.0 199
1679776513072 15624.0 200
1679776514675 15624.0 201
1679776514896 15624.0 202
1679776516404 15624.0 203
1679776516613 15624.0 204
1679776518071 15624.0 205
1679776518300 15624.0 206
1679776519810 15624.0 207
1679776520055 15624.0 208
1679776521686 15624.0 209
1679776521913 15624.0 210
1679776523539 15624.0 211
1679776523799 15624.0 212
1679776525471 15624.0 213
1679776525711 15624.0 214
1679776527293 15624.0 215
1679776527508 15624.0 216
1679776529036 15624.0 217
1679776529283 15624.0 218
1679776530860 15624.0 219
1679776531075 15624.0 220
1679776532522 15624.0 221
1679776532754 15624.0 222
1679776534287 15624.0 223
1679776534526 15624.0 224
1679776536274 15624.0 225
1679776536546 15624.0 226
1679776538271 15624.0 227
1679776538482 15624.0 228
1679776540232 15624.0 229
1679776540466 15624.0 230
1679776542262 15624.0 231
1679776542505 15624.0 232
1679776544101 15624.0 233
1679776544318 15624.0 234
1679776545794 15624.0 235
1679776546044 15624.0 236
1679776547598 15624.0 237
1679776547812 15624.0 238
1679776549301 15624.0 239
1679776549504 15624.0 240
1679776550889 15624.0 241
1679776551158 15624.0 242
1679776553021 15624.0 243
1679776553290 15624.0 244
1679776554875 15624.0 245
1679776555128 15624.0 246
1679776556724 15624.0 247
1679776556960 15624.0 248
1679776558573 15624.0 249
1679776558801 15624.0 250
1679776560264 15624.0 251
1679776560475 15624.0 252
1679776561921 15624.0 253
1679776562149 15624.0 254
1679776563734 15624.0 255
1679776563962 15624.0 256
1679776565504 15624.0 257
1679776565728 15624.0 258
1679776567342 15624.0 259
1679776567585 15624.0 260
1679776569184 15624.0 261
1679776569406 15624.0 262
1679776570912 15624.0 263
1679776571134 15624.0 264
1679776572615 15624.0 265
1679776572888 15624.0 266
1679776574493 15624.0 267
1679776574719 15624.0 268
1679776576458 15624.0 269
1679776576776 15624.0 270
1679776578519 15624.0 271
1679776578781 15624.0 272
1679776580555 15624.0 273
1679776580809 15624.0 274
1679776582504 15624.0 275
1679776582753 15624.0 276
1679776584513 15624.0 277
1679776584787 15624.0 278
1679776586637 15624.0 279
1679776586890 15624.0 280
1679776588626 15624.0 281
1679776588867 15624.0 282
1679776590612 15624.0 283
1679776590865 15624.0 284
1679776592603 15624.0 285
1679776592828 15624.0 286
1679776594346 15624.0 287
1679776594577 15624.0 288
1679776596200 15624.0 289
1679776596444 15624.0 290
1679776598111 15624.0 291
1679776598341 15624.0 292
1679776599865 15624.0 293
1679776600082 15624.0 294
1679776601588 15624.0 295
1679776601821 15624.0 296
1679776603375 15624.0 297
1679776603600 15624.0 298
1679776605156 15624.0 299
1679776605367 15624.0 300
1679776605507 15624.0 301
