1679776328948 4.276062488555908 1
1679776329193 0.2040879726409912 2
1679776331016 1.8321561813354492 3
1679776331255 0.22477006912231445 4
1679776332915 1.6755778789520264 5
1679776333113 0.19650673866271973 6
1679776334664 1.5506973266601562 7
1679776334892 0.22410297393798828 8
1679776336488 1.60107421875 9
1679776336692 0.19994211196899414 10
1679776338221 1.5628809928894043 11
1679776338436 0.18192625045776367 12
1679776340008 1.5645220279693604 13
1679776340361 0.35254621505737305 14
1679776341990 1.630025863647461 15
1679776342216 0.22655153274536133 16
1679776343982 1.771958827972412 17
1679776344200 0.21859455108642578 18
1679776345941 1.7320537567138672 19
1679776346233 0.28420519828796387 20
1679776347952 1.7346391677856445 21
1679776348170 0.21915507316589355 22
1679776349798 1.6239571571350098 23
1679776350099 0.30496907234191895 24
1679776351719 1.6167962551116943 25
1679776351999 0.27315211296081543 26
1679776353691 1.6921498775482178 27
1679776353930 0.24102091789245605 28
1679776355533 1.6025300025939941 29
1679776355758 0.22938776016235352 30
1679776357401 1.6460633277893066 31
1679776357645 0.23975253105163574 32
1679776359291 1.6490895748138428 33
1679776359599 0.3039264678955078 34
1679776361294 1.6930646896362305 35
1679776361524 0.23401665687561035 36
1679776363135 1.6140494346618652 37
1679776363373 0.2338554859161377 38
1679776365003 1.6320183277130127 39
1679776365235 0.23332905769348145 40
1679776366839 1.603015661239624 41
1679776367077 0.2298741340637207 42
1679776368793 1.7182815074920654 43
1679776369037 0.24999213218688965 44
1679776370720 1.682440996170044 45
1679776370935 0.2166433334350586 46
1679776372598 1.6436493396759033 47
1679776372850 0.2667574882507324 48
1679776374595 1.740884780883789 49
1679776374886 0.2910740375518799 50
1679776376727 1.8423283100128174 51
1679776376964 0.24254393577575684 52
1679776378671 1.6953446865081787 53
1679776378913 0.24380874633789062 54
1679776380541 1.6380817890167236 55
1679776380789 0.238905668258667 56
1679776382450 1.6690278053283691 57
1679776382679 0.22645235061645508 58
1679776384289 1.6126818656921387 59
1679776384509 0.22258353233337402 60
1679776386108 1.5944323539733887 61
1679776386347 0.24086761474609375 62
1679776388118 1.7713797092437744 63
1679776388343 0.22157549858093262 64
1679776389949 1.6078767776489258 65
1679776390176 0.22817277908325195 66
1679776391730 1.5542724132537842 67
1679776391965 0.23151111602783203 68
1679776393643 1.680415391921997 69
1679776393871 0.22776222229003906 70
1679776395486 1.6169302463531494 71
1679776395705 0.21693134307861328 72
1679776397430 1.7294340133666992 73
1679776397682 0.24370908737182617 74
1679776399356 1.6760179996490479 75
1679776399584 0.22608470916748047 76
1679776401288 1.7050821781158447 77
1679776401531 0.24005603790283203 78
1679776403312 1.7836706638336182 79
1679776403576 0.2549426555633545 80
1679776405373 1.80214262008667 81
1679776405623 0.24905920028686523 82
1679776407412 1.7937300205230713 83
1679776407653 0.24123549461364746 84
1679776409323 1.6718528270721436 85
1679776409578 0.23814725875854492 86
1679776411271 1.7113993167877197 87
1679776411486 0.21749305725097656 88
1679776413095 1.601226568222046 89
1679776413322 0.22578740119934082 90
1679776414980 1.6659624576568604 91
1679776415237 0.2415926456451416 92
1679776417102 1.8761680126190186 93
1679776417367 0.2614567279815674 94
1679776419095 1.7157948017120361 95
1679776419408 0.31050944328308105 96
1679776421013 1.661604642868042 97
1679776421258 0.2049267292022705 98
1679776422817 1.565049648284912 99
1679776423032 0.20923733711242676 100
1679776424818 1.759734869003296 101
1679776425111 0.30994272232055664 102
1679776426956 1.85495924949646 103
1679776427176 0.22015380859375 104
1679776428682 1.5110888481140137 105
1679776428887 0.2031097412109375 106
1679776430352 1.4642488956451416 107
1679776430553 0.19928932189941406 108
1679776431979 1.419100046157837 109
1679776432218 0.23981380462646484 110
1679776433953 1.7326021194458008 111
1679776434177 0.22558999061584473 112
1679776435828 1.6550750732421875 113
1679776436058 0.23003602027893066 114
1679776437662 1.5885684490203857 115
1679776437936 0.27041125297546387 116
1679776439548 1.6331682205200195 117
1679776439780 0.22670722007751465 118
1679776441428 1.6445677280426025 119
1679776441669 0.24144625663757324 120
1679776443282 1.6589858531951904 121
1679776443518 0.1981513500213623 122
1679776445214 1.6974573135375977 123
1679776445437 0.2254505157470703 124
1679776447037 1.5980932712554932 125
1679776447264 0.2209031581878662 126
1679776448855 1.582932472229004 127
1679776449096 0.24792265892028809 128
1679776450805 1.7124738693237305 129
1679776451030 0.22283315658569336 130
1679776452562 1.5420372486114502 131
1679776452773 0.20782732963562012 132
1679776454311 1.5388867855072021 133
1679776454539 0.21783161163330078 134
1679776456158 1.6291258335113525 135
1679776456370 0.21101856231689453 136
1679776457906 1.5314090251922607 137
1679776458091 0.22558140754699707 138
1679776459599 1.46726393699646 139
1679776459844 0.24115276336669922 140
1679776461395 1.557941198348999 141
1679776461706 0.31061387062072754 142
1679776463370 1.664224624633789 143
1679776463603 0.23380303382873535 144
1679776465239 1.6300554275512695 145
1679776465509 0.2571842670440674 146
1679776467117 1.6268150806427002 147
1679776467323 0.20490503311157227 148
1679776468798 1.473541498184204 149
1679776469023 0.22302627563476562 150
1679776470502 1.486572027206421 151
1679776470793 0.2910115718841553 152
1679776472285 1.4889988899230957 153
1679776472496 0.21245980262756348 154
1679776473952 1.4896214008331299 155
1679776474157 0.16995668411254883 156
1679776475609 1.4529898166656494 157
1679776475832 0.21836566925048828 158
1679776477308 1.4804930686950684 159
1679776477530 0.21534967422485352 160
1679776479022 1.4964220523834229 161
1679776479330 0.30020761489868164 162
1679776480868 1.5499258041381836 163
1679776481098 0.22315645217895508 164
1679776482650 1.558119535446167 165
1679776482869 0.2168283462524414 166
1679776484373 1.5046117305755615 167
1679776484590 0.21532964706420898 168
1679776486085 1.4920942783355713 169
1679776486333 0.23791813850402832 170
1679776488009 1.6815056800842285 171
1679776488233 0.2255411148071289 172
1679776489777 1.542191982269287 173
1679776490010 0.23372507095336914 174
1679776491448 1.4443941116333008 175
1679776491678 0.2245793342590332 176
1679776493189 1.5120196342468262 177
1679776493422 0.23212313652038574 178
1679776495062 1.6371605396270752 179
1679776495299 0.2359907627105713 180
1679776496993 1.6960747241973877 181
1679776497250 0.2516295909881592 182
1679776498887 1.6473710536956787 183
1679776499099 0.21481060981750488 184
1679776500642 1.538424015045166 185
1679776500851 0.210601806640625 186
1679776502320 1.4669718742370605 187
1679776502567 0.24380111694335938 188
1679776504067 1.5461809635162354 189
1679776504289 0.18022537231445312 190
1679776505876 1.5816991329193115 191
1679776506098 0.22917509078979492 192
1679776507617 1.519176721572876 193
1679776507895 0.2665834426879883 194
1679776509454 1.5699775218963623 195
1679776509670 0.21706128120422363 196
1679776511178 1.5028979778289795 197
1679776511388 0.2144775390625 198
1679776512830 1.4407293796539307 199
1679776513064 0.22794842720031738 200
1679776514669 1.6120431423187256 201
1679776514885 0.20995759963989258 202
1679776516397 1.5162150859832764 203
1679776516607 0.2118217945098877 204
1679776518064 1.4933419227600098 205
1679776518292 0.18251299858093262 206
1679776519803 1.5204479694366455 207
1679776520047 0.2318737506866455 208
1679776521678 1.6399919986724854 209
1679776521903 0.22002124786376953 210
1679776523532 1.6337387561798096 211
1679776523791 0.2510216236114502 212
1679776525463 1.6731009483337402 213
1679776525703 0.24390697479248047 214
1679776527286 1.587860345840454 215
1679776527500 0.21505451202392578 216
1679776529028 1.5290470123291016 217
1679776529275 0.24298954010009766 218
1679776530851 1.5802459716796875 219
1679776531068 0.21358728408813477 220
1679776532512 1.4351139068603516 221
1679776532744 0.2298753261566162 222
1679776534278 1.586223840713501 223
1679776534518 0.1958446502685547 224
1679776536267 1.7521727085113525 225
1679776536535 0.25154948234558105 226
1679776538263 1.746483325958252 227
1679776538475 0.21398234367370605 228
1679776540225 1.7489418983459473 229
1679776540459 0.2307124137878418 230
1679776542253 1.78690505027771 231
1679776542498 0.25035858154296875 232
1679776544094 1.5981221199035645 233
1679776544311 0.21885967254638672 234
1679776545785 1.4639129638671875 235
1679776546037 0.25815439224243164 236
1679776547588 1.5518853664398193 237
1679776547805 0.22207927703857422 238
1679776549294 1.5248091220855713 239
1679776549497 0.16719794273376465 240
1679776550882 1.3809654712677002 241
1679776551149 0.24781584739685059 242
1679776553013 1.8750512599945068 243
1679776553279 0.2620882987976074 244
1679776554868 1.601548194885254 245
1679776555119 0.23936676979064941 246
1679776556717 1.6140415668487549 247
1679776556951 0.22210192680358887 248
1679776558565 1.6249518394470215 249
1679776558794 0.22497200965881348 250
1679776560257 1.4679951667785645 251
1679776560467 0.21151137351989746 252
1679776561913 1.4404237270355225 253
1679776562142 0.22510695457458496 254
1679776563726 1.6247625350952148 255
1679776563952 0.18402504920959473 256
1679776565495 1.5492665767669678 257
1679776565721 0.22192811965942383 258
1679776567335 1.6159260272979736 259
1679776567576 0.23454618453979492 260
1679776569177 1.6082117557525635 261
1679776569399 0.22140908241271973 262
1679776570903 1.5012245178222656 263
1679776571127 0.2256162166595459 264
1679776572607 1.4750056266784668 265
1679776572879 0.26589417457580566 266
1679776574485 1.6210575103759766 267
1679776574712 0.2240443229675293 268
1679776576449 1.721909523010254 269
1679776576765 0.311037540435791 270
1679776578512 1.763258695602417 271
1679776578773 0.25377559661865234 272
1679776580548 1.773726224899292 273
1679776580800 0.25229620933532715 274
1679776582496 1.705129623413086 275
1679776582745 0.24895596504211426 276
1679776584505 1.753138542175293 277
1679776584778 0.26976680755615234 278
1679776586629 1.8605380058288574 279
1679776586880 0.24350214004516602 280
1679776588619 1.7450077533721924 281
1679776588859 0.23780250549316406 282
1679776590605 1.7473249435424805 283
1679776590857 0.23905682563781738 284
1679776592596 1.7570323944091797 285
1679776592821 0.2198801040649414 286
1679776594339 1.5621180534362793 287
1679776594570 0.19294214248657227 288
1679776596193 1.6243844032287598 289
1679776596437 0.23454976081848145 290
1679776598101 1.664001226425171 291
1679776598334 0.23861312866210938 292
1679776599857 1.5299439430236816 293
1679776600074 0.21523475646972656 294
1679776601581 1.5030906200408936 295
1679776601814 0.23146772384643555 296
1679776603368 1.555481195449829 297
1679776603593 0.2288205623626709 298
1679776605149 1.5556421279907227 299
1679776605359 0.21245479583740234 300
1679776605499 0.13623833656311035 301
