1679776328946 54.72575053319344 1
1679776331015 28.468505831120535 3
1679776332913 20.295803135363737 5
1679776334662 15.549049470894339 7
1679776336486 13.05855570863702 9
1679776338220 11.672586111375907 11
1679776340005 9.92612033303369 13
1679776341989 8.403336472847675 15
1679776343980 7.64646667151063 17
1679776345938 7.263718284939096 19
1679776347950 6.979118305701527 21
1679776349789 6.198333710407825 23
1679776351717 5.828725395826303 25
1679776353689 5.81638318270636 27
1679776355530 5.129703071724484 29
1679776357399 4.8177661071376265 31
1679776359288 4.505866841113015 33
1679776361286 4.131802753665219 35
1679776363133 3.9641846652147668 37
1679776365002 4.009548305016892 39
1679776366837 3.525289559313711 41
1679776368791 3.5068879396049066 43
1679776370718 3.465467545648285 45
1679776372596 3.779805060346516 47
1679776374593 3.381682049602515 49
1679776376725 3.133018748782405 51
1679776378668 2.9747305632165193 53
1679776380539 2.9570899383559395 55
1679776382449 2.461118215791428 57
1679776384287 2.828430714037412 59
1679776386106 2.6557340270705625 61
1679776388117 2.873697880709702 63
1679776389947 2.5479131352232782 65
1679776391728 2.695963445830481 67
1679776393642 2.5308868479743776 69
1679776395485 2.4143472074137913 71
1679776397429 2.605653846805501 73
1679776399355 2.2248666547477733 75
1679776401287 2.287648435172948 77
1679776403310 2.639381485486696 79
1679776405371 2.6948186087205626 81
1679776407410 2.186489123055933 83
1679776409321 2.5885201309116193 85
1679776411269 2.32318848612164 87
1679776413094 2.0351261351072156 89
1679776414979 2.6653179280986827 91
1679776417100 2.312160363312326 93
1679776419092 2.39558633968938 95
1679776421012 2.36823457800893 97
1679776422816 1.9244804790285737 99
1679776424816 2.3398945555111093 101
1679776426953 2.0196951254711015 103
1679776428680 2.4968714869320636 105
1679776430350 2.4920876268426984 107
1679776431978 2.1039745529087113 109
1679776433951 2.2928462047696856 111
1679776435826 2.182033666044207 113
1679776437660 2.418932106682046 115
1679776439547 2.420422971426294 117
1679776441427 2.1219522989912845 119
1679776443280 2.050507739580654 121
1679776445212 2.226886106500048 123
1679776447035 1.9230375180947792 125
1679776448853 2.0339399518364543 127
1679776450803 1.76032725661635 129
1679776452561 2.1644841703809963 131
1679776454310 2.1563134046871912 133
1679776456157 2.1543938253236736 135
1679776457904 2.4122523052368736 137
1679776459598 2.4188664135016804 139
1679776461394 2.1887501284484134 141
1679776463368 2.0503168678275077 143
1679776465238 2.0802878287951696 145
1679776467115 2.0984522771995766 147
1679776468795 2.089560912377078 149
1679776470500 2.07273846206255 151
1679776472284 2.049504666866385 153
1679776473950 2.169866565432224 155
1679776475609 2.254204538949362 157
1679776477307 2.266119199095891 159
1679776479020 2.135510372868959 161
1679776480867 2.331501367561389 163
1679776482648 1.8905435822464653 165
1679776484372 1.6170971039327628 167
1679776486083 1.6599980954145763 169
1679776488008 1.5941523112704594 171
1679776489774 1.8994683771019931 173
1679776491448 1.567173926942922 175
1679776493187 1.9460819691416908 177
1679776495061 1.7881181512397109 179
1679776496992 1.4933594220936455 181
1679776498885 1.8933752755864226 183
1679776500640 2.066825769036112 185
1679776502318 2.027238120157085 187
1679776504067 1.928350368970434 189
1679776505874 1.8935302176263187 191
1679776507615 1.6881126776672768 193
1679776509453 1.8351706027521608 195
1679776511175 1.3547754010074389 197
1679776512828 1.4772492586414232 199
1679776514667 1.522068613186706 201
1679776516395 2.049883518537934 203
1679776518062 1.4153197434062978 205
1679776519802 1.8655197218541002 207
1679776521675 2.046812277931625 209
1679776523530 1.538050353902593 211
1679776525461 1.5171405245818244 213
1679776527285 1.8576764254273466 215
1679776529027 1.5001031564035967 217
1679776530850 1.649616059470054 219
1679776532510 1.6687588621505973 221
1679776534277 1.8317296751379892 223
1679776536265 1.6406457164069843 225
1679776538261 1.5083124909703727 227
1679776540223 1.8040419300551573 229
1679776542252 1.6155346721052726 231
1679776544093 1.4571763327554381 233
1679776545783 1.391824672004845 235
1679776547586 1.4988201407626676 237
1679776549293 1.4892424509870081 239
1679776550880 1.56139501412164 241
1679776553012 1.464955268217591 243
1679776554866 1.412264253838837 245
1679776556716 1.296802866519192 247
1679776558563 1.2693457278485178 249
1679776560255 1.3238994367948964 251
1679776561911 1.0668444871342544 253
1679776563724 1.0586301662978759 255
1679776565493 1.077838653945716 257
1679776567333 0.9718488693861832 259
1679776569176 1.0783485938955502 261
1679776570902 0.9565298560942515 263
1679776572605 0.8942803212183836 265
1679776574484 0.8234455557537536 267
1679776576446 0.7985987266896271 269
1679776578510 0.7421481549126079 271
1679776580546 0.7569160691100982 273
1679776582494 0.7498230269661108 275
1679776584503 0.7211144536655562 277
1679776586627 0.6709524859807946 279
1679776588617 0.6400428583451634 281
1679776590602 0.6143080473172289 283
1679776592594 0.6204106420717334 285
1679776594337 0.6709891258162779 287
1679776596191 0.5896716584100621 289
1679776598099 0.595516589370354 291
1679776599856 0.5083529146765211 293
1679776601579 0.5928913325477816 295
1679776603366 0.535842009788498 297
1679776605148 0.5216402667624638 299
