1677085381181 1677085381.0 1
1677085381371 1677085381.0 2
1677085382415 1677085382.0 3
1677085382606 1677085382.0 4
1677085383666 1677085383.0 5
1677085383853 1677085383.0 6
1677085384844 1677085384.0 7
1677085385033 1677085384.0 8
1677085386038 1677085385.0 9
1677085386231 1677085386.0 10
1677085387262 1677085387.0 11
1677085387451 1677085387.0 12
1677085388443 1677085388.0 13
1677085388639 1677085388.0 14
1677085389627 1677085389.0 15
1677085389811 1677085389.0 16
1677085390823 1677085390.0 17
1677085391009 1677085390.0 18
1677085391988 1677085391.0 19
1677085392186 1677085392.0 20
1677085393188 1677085393.0 21
1677085393387 1677085393.0 22
1677085394354 1677085394.0 23
1677085394550 1677085394.0 24
1677085395532 1677085395.0 25
1677085395725 1677085395.0 26
1677085396796 1677085396.0 27
1677085396988 1677085396.0 28
1677085397983 1677085397.0 29
1677085398192 1677085398.0 30
1677085399249 1677085399.0 31
1677085399444 1677085399.0 32
1677085400456 1677085400.0 33
1677085400669 1677085400.0 34
1677085401794 1677085401.0 35
1677085402002 1677085401.0 36
1677085403100 1677085403.0 37
1677085403314 1677085403.0 38
1677085404492 1677085404.0 39
1677085404700 1677085404.0 40
1677085405798 1677085405.0 41
1677085405996 1677085405.0 42
1677085406983 1677085406.0 43
1677085407177 1677085407.0 44
1677085408161 1677085408.0 45
1677085408359 1677085408.0 46
1677085409308 1677085409.0 47
1677085409500 1677085409.0 48
1677085410558 1677085410.0 49
1677085410777 1677085410.0 50
1677085411743 1677085411.0 51
1677085411928 1677085411.0 52
1677085412901 1677085412.0 53
1677085413105 1677085413.0 54
1677085414076 1677085414.0 55
1677085414276 1677085414.0 56
1677085415234 1677085415.0 57
1677085415433 1677085415.0 58
1677085416445 1677085416.0 59
1677085416635 1677085416.0 60
1677085417814 1677085417.0 61
1677085418048 1677085417.0 62
1677085419127 1677085419.0 63
1677085419347 1677085419.0 64
1677085420435 1677085420.0 65
1677085420658 1677085420.0 66
1677085421722 1677085421.0 67
1677085421910 1677085421.0 68
1677085422895 1677085422.0 69
1677085423085 1677085423.0 70
1677085424143 1677085424.0 71
1677085424349 1677085424.0 72
1677085425327 1677085425.0 73
1677085425520 1677085425.0 74
1677085426607 1677085426.0 75
1677085426827 1677085426.0 76
1677085428105 1677085428.0 77
1677085428319 1677085428.0 78
1677085429353 1677085429.0 79
1677085429581 1677085429.0 80
1677085430766 1677085430.0 81
1677085431106 1677085431.0 82
1677085432318 1677085432.0 83
1677085432549 1677085432.0 84
1677085433676 1677085433.0 85
1677085433869 1677085433.0 86
1677085434971 1677085434.0 87
1677085435182 1677085435.0 88
1677085436208 1677085436.0 89
1677085436439 1677085436.0 90
1677085437526 1677085437.0 91
1677085437760 1677085437.0 92
1677085439154 1677085439.0 93
1677085439353 1677085439.0 94
1677085440524 1677085440.0 95
1677085440744 1677085440.0 96
1677085441748 1677085441.0 97
1677085441969 1677085441.0 98
1677085442969 1677085442.0 99
1677085443168 1677085443.0 100
1677085444133 1677085444.0 101
1677085444329 1677085444.0 102
1677085445367 1677085445.0 103
1677085445655 1677085445.0 104
1677085446664 1677085446.0 105
1677085446860 1677085446.0 106
1677085447860 1677085447.0 107
1677085448090 1677085448.0 108
1677085449151 1677085449.0 109
1677085449371 1677085449.0 110
1677085450396 1677085450.0 111
1677085450646 1677085450.0 112
1677085451767 1677085451.0 113
1677085451969 1677085451.0 114
1677085453160 1677085453.0 115
1677085453368 1677085453.0 116
1677085454397 1677085454.0 117
1677085454626 1677085454.0 118
1677085455686 1677085455.0 119
1677085455908 1677085455.0 120
1677085456967 1677085456.0 121
1677085457175 1677085457.0 122
1677085458161 1677085458.0 123
1677085458364 1677085458.0 124
1677085459334 1677085459.0 125
1677085459619 1677085459.0 126
1677085460714 1677085460.0 127
1677085460938 1677085460.0 128
1677085462216 1677085462.0 129
1677085462454 1677085462.0 130
1677085463629 1677085463.0 131
1677085463843 1677085463.0 132
1677085464957 1677085464.0 133
1677085465162 1677085465.0 134
1677085466167 1677085466.0 135
1677085466362 1677085466.0 136
1677085467483 1677085467.0 137
1677085467685 1677085467.0 138
1677085468863 1677085468.0 139
1677085469069 1677085469.0 140
1677085470018 1677085469.0 141
1677085470214 1677085470.0 142
1677085471176 1677085471.0 143
1677085471379 1677085471.0 144
1677085472366 1677085472.0 145
1677085472580 1677085472.0 146
1677085473725 1677085473.0 147
1677085474025 1677085473.0 148
1677085475124 1677085475.0 149
1677085475355 1677085475.0 150
1677085476367 1677085476.0 151
1677085476569 1677085476.0 152
1677085477603 1677085477.0 153
1677085477814 1677085477.0 154
1677085478973 1677085478.0 155
1677085479219 1677085479.0 156
1677085480226 1677085480.0 157
1677085480429 1677085480.0 158
1677085481500 1677085481.0 159
1677085481703 1677085481.0 160
1677085482695 1677085482.0 161
1677085482905 1677085482.0 162
1677085483989 1677085483.0 163
1677085484204 1677085484.0 164
1677085485295 1677085485.0 165
1677085485530 1677085485.0 166
1677085486502 1677085486.0 167
1677085486703 1677085486.0 168
1677085487683 1677085487.0 169
1677085487972 1677085487.0 170
1677085489029 1677085488.0 171
1677085489285 1677085489.0 172
1677085490418 1677085490.0 173
1677085490632 1677085490.0 174
1677085491814 1677085491.0 175
1677085492049 1677085491.0 176
1677085493152 1677085493.0 177
1677085493373 1677085493.0 178
1677085494509 1677085494.0 179
1677085494731 1677085494.0 180
1677085495884 1677085495.0 181
1677085496096 1677085496.0 182
1677085497075 1677085497.0 183
1677085497275 1677085497.0 184
1677085498246 1677085498.0 185
1677085498460 1677085498.0 186
1677085499423 1677085499.0 187
1677085499632 1677085499.0 188
1677085500621 1677085500.0 189
1677085500832 1677085500.0 190
1677085501855 1677085501.0 191
1677085502146 1677085502.0 192
1677085503104 1677085503.0 193
1677085503309 1677085503.0 194
1677085504285 1677085504.0 195
1677085504494 1677085504.0 196
1677085505500 1677085505.0 197
1677085505709 1677085505.0 198
1677085506674 1677085506.0 199
1677085506867 1677085506.0 200
1677085507907 1677085507.0 201
1677085508117 1677085508.0 202
1677085509144 1677085509.0 203
1677085509342 1677085509.0 204
1677085510255 1677085510.0 205
1677085510457 1677085510.0 206
1677085511414 1677085511.0 207
1677085511613 1677085511.0 208
1677085512600 1677085512.0 209
1677085512811 1677085512.0 210
1677085513838 1677085513.0 211
1677085514041 1677085513.0 212
1677085515057 1677085514.0 213
1677085515330 1677085515.0 214
1677085516327 1677085516.0 215
1677085516530 1677085516.0 216
1677085517503 1677085517.0 217
1677085517702 1677085517.0 218
1677085518711 1677085518.0 219
1677085518906 1677085518.0 220
1677085519907 1677085519.0 221
1677085520119 1677085520.0 222
1677085521186 1677085521.0 223
1677085521425 1677085521.0 224
1677085522615 1677085522.0 225
1677085522824 1677085522.0 226
1677085523915 1677085523.0 227
1677085524134 1677085524.0 228
1677085525180 1677085525.0 229
1677085525381 1677085525.0 230
1677085526399 1677085526.0 231
1677085526608 1677085526.0 232
1677085527617 1677085527.0 233
1677085527826 1677085527.0 234
1677085528906 1677085528.0 235
1677085529210 1677085529.0 236
1677085530342 1677085530.0 237
1677085530573 1677085530.0 238
1677085531747 1677085531.0 239
1677085531962 1677085531.0 240
1677085533057 1677085532.0 241
1677085533286 1677085533.0 242
1677085534319 1677085534.0 243
1677085534517 1677085534.0 244
1677085535547 1677085535.0 245
1677085535757 1677085535.0 246
1677085536896 1677085536.0 247
1677085537103 1677085537.0 248
1677085538095 1677085538.0 249
1677085538304 1677085538.0 250
1677085539302 1677085539.0 251
1677085539511 1677085539.0 252
1677085540468 1677085540.0 253
1677085540675 1677085540.0 254
1677085541794 1677085541.0 255
1677085542028 1677085541.0 256
1677085543125 1677085543.0 257
1677085543419 1677085543.0 258
1677085544473 1677085544.0 259
1677085544708 1677085544.0 260
1677085545790 1677085545.0 261
1677085546024 1677085545.0 262
1677085547101 1677085547.0 263
1677085547307 1677085547.0 264
1677085548356 1677085548.0 265
1677085548561 1677085548.0 266
1677085549535 1677085549.0 267
1677085549751 1677085549.0 268
1677085550859 1677085550.0 269
1677085551098 1677085551.0 270
1677085552297 1677085552.0 271
1677085552558 1677085552.0 272
1677085553691 1677085553.0 273
1677085553918 1677085553.0 274
1677085555058 1677085555.0 275
1677085555294 1677085555.0 276
1677085556445 1677085556.0 277
1677085556665 1677085556.0 278
1677085557742 1677085557.0 279
1677085558055 1677085557.0 280
1677085559102 1677085559.0 281
1677085559310 1677085559.0 282
1677085560360 1677085560.0 283
1677085560572 1677085560.0 284
1677085561662 1677085561.0 285
1677085561876 1677085561.0 286
1677085562908 1677085562.0 287
1677085563112 1677085563.0 288
1677085564143 1677085564.0 289
1677085564344 1677085564.0 290
1677085565376 1677085565.0 291
1677085565579 1677085565.0 292
1677085566544 1677085566.0 293
1677085566744 1677085566.0 294
1677085567739 1677085567.0 295
1677085567943 1677085567.0 296
1677085569006 1677085568.0 297
1677085569226 1677085569.0 298
1677085570174 1677085570.0 299
1677085570377 1677085570.0 300
1677085570587 1677085570.0 301
