1677085381188 0.004568815231323242 1
1677085381378 0.004568815231323242 2
1677085382423 0.004568815231323242 3
1677085382613 0.004568815231323242 4
1677085383674 0.004568815231323242 5
1677085383860 0.004568815231323242 6
1677085384850 0.004568815231323242 7
1677085385041 0.004568815231323242 8
1677085386046 0.004568815231323242 9
1677085386238 0.004568815231323242 10
1677085387268 0.004568815231323242 11
1677085387458 0.004568815231323242 12
1677085388450 0.004568815231323242 13
1677085388646 0.004568815231323242 14
1677085389634 0.004568815231323242 15
1677085389818 0.004568815231323242 16
1677085390830 0.004568815231323242 17
1677085391016 0.004568815231323242 18
1677085391995 0.004568815231323242 19
1677085392194 0.004568815231323242 20
1677085393203 0.004568815231323242 21
1677085393394 0.004568815231323242 22
1677085394361 0.004568815231323242 23
1677085394556 0.004568815231323242 24
1677085395539 0.004568815231323242 25
1677085395732 0.004568815231323242 26
1677085396803 0.004568815231323242 27
1677085396994 0.004568815231323242 28
1677085397990 0.004568815231323242 29
1677085398199 0.004568815231323242 30
1677085399256 0.004568815231323242 31
1677085399450 0.004568815231323242 32
1677085400464 0.004568815231323242 33
1677085400677 0.004568815231323242 34
1677085401802 0.004568815231323242 35
1677085402009 0.004568815231323242 36
1677085403108 0.004568815231323242 37
1677085403321 0.004568815231323242 38
1677085404501 0.004568815231323242 39
1677085404707 0.004568815231323242 40
1677085405805 0.004568815231323242 41
1677085406002 0.004568815231323242 42
1677085406990 0.004568815231323242 43
1677085407184 0.004568815231323242 44
1677085408168 0.004568815231323242 45
1677085408366 0.004568815231323242 46
1677085409314 0.004568815231323242 47
1677085409507 0.004568815231323242 48
1677085410566 0.004568815231323242 49
1677085410785 0.004568815231323242 50
1677085411749 0.004568815231323242 51
1677085411935 0.004568815231323242 52
1677085412909 0.004568815231323242 53
1677085413112 0.004568815231323242 54
1677085414082 0.004568815231323242 55
1677085414283 0.004568815231323242 56
1677085415241 0.004568815231323242 57
1677085415440 0.004568815231323242 58
1677085416452 0.004568815231323242 59
1677085416643 0.004568815231323242 60
1677085417822 0.004568815231323242 61
1677085418056 0.004568815231323242 62
1677085419134 0.004568815231323242 63
1677085419354 0.004568815231323242 64
1677085420442 0.004568815231323242 65
1677085420664 0.004568815231323242 66
1677085421728 0.004568815231323242 67
1677085421917 0.004568815231323242 68
1677085422903 0.004568815231323242 69
1677085423092 0.004568815231323242 70
1677085424151 0.004568815231323242 71
1677085424357 0.004568815231323242 72
1677085425333 0.004568815231323242 73
1677085425526 0.004568815231323242 74
1677085426614 0.004568815231323242 75
1677085426835 0.004568815231323242 76
1677085428113 0.004568815231323242 77
1677085428327 0.004568815231323242 78
1677085429362 0.004568815231323242 79
1677085429590 0.004568815231323242 80
1677085430775 0.004568815231323242 81
1677085431116 0.004568815231323242 82
1677085432325 0.004568815231323242 83
1677085432558 0.004568815231323242 84
1677085433684 0.004568815231323242 85
1677085433876 0.004568815231323242 86
1677085434979 0.004568815231323242 87
1677085435188 0.004568815231323242 88
1677085436216 0.004568815231323242 89
1677085436446 0.004568815231323242 90
1677085437533 0.004568815231323242 91
1677085437767 0.004568815231323242 92
1677085439163 0.004568815231323242 93
1677085439361 0.004568815231323242 94
1677085440532 0.004568815231323242 95
1677085440751 0.004568815231323242 96
1677085441755 0.004568815231323242 97
1677085441977 0.004568815231323242 98
1677085442976 0.004568815231323242 99
1677085443174 0.004568815231323242 100
1677085444141 0.004568815231323242 101
1677085444335 0.004568815231323242 102
1677085445373 0.004568815231323242 103
1677085445663 0.004568815231323242 104
1677085446671 0.004568815231323242 105
1677085446867 0.004568815231323242 106
1677085447867 0.004568815231323242 107
1677085448099 0.004568815231323242 108
1677085449158 0.004568815231323242 109
1677085449378 0.004568815231323242 110
1677085450403 0.004568815231323242 111
1677085450652 0.004568815231323242 112
1677085451774 0.004568815231323242 113
1677085451976 0.004568815231323242 114
1677085453166 0.004568815231323242 115
1677085453376 0.004568815231323242 116
1677085454408 0.004568815231323242 117
1677085454633 0.004568815231323242 118
1677085455694 0.004568815231323242 119
1677085455916 0.004568815231323242 120
1677085456974 0.004568815231323242 121
1677085457181 0.004568815231323242 122
1677085458167 0.004568815231323242 123
1677085458370 0.004568815231323242 124
1677085459341 0.004568815231323242 125
1677085459625 0.004568815231323242 126
1677085460724 0.004568815231323242 127
1677085460945 0.004568815231323242 128
1677085462225 0.004568815231323242 129
1677085462462 0.004568815231323242 130
1677085463637 0.004568815231323242 131
1677085463850 0.004568815231323242 132
1677085464965 0.004568815231323242 133
1677085465168 0.004568815231323242 134
1677085466174 0.004568815231323242 135
1677085466369 0.004568815231323242 136
1677085467490 0.004568815231323242 137
1677085467691 0.004568815231323242 138
1677085468870 0.004568815231323242 139
1677085469076 0.004568815231323242 140
1677085470024 0.004568815231323242 141
1677085470220 0.004568815231323242 142
1677085471183 0.004568815231323242 143
1677085471385 0.004568815231323242 144
1677085472373 0.004568815231323242 145
1677085472587 0.004568815231323242 146
1677085473732 0.004568815231323242 147
1677085474032 0.004568815231323242 148
1677085475131 0.004568815231323242 149
1677085475361 0.004568815231323242 150
1677085476373 0.004568815231323242 151
1677085476577 0.004568815231323242 152
1677085477611 0.004568815231323242 153
1677085477820 0.004568815231323242 154
1677085478984 0.004568815231323242 155
1677085479227 0.004568815231323242 156
1677085480232 0.004568815231323242 157
1677085480436 0.004568815231323242 158
1677085481507 0.004568815231323242 159
1677085481710 0.004568815231323242 160
1677085482701 0.004568815231323242 161
1677085482912 0.004568815231323242 162
1677085483997 0.004568815231323242 163
1677085484212 0.004568815231323242 164
1677085485302 0.004568815231323242 165
1677085485536 0.004568815231323242 166
1677085486509 0.004568815231323242 167
1677085486709 0.004568815231323242 168
1677085487691 0.004568815231323242 169
1677085487979 0.004568815231323242 170
1677085489038 0.004568815231323242 171
1677085489294 0.004568815231323242 172
1677085490425 0.004568815231323242 173
1677085490638 0.004568815231323242 174
1677085491821 0.004568815231323242 175
1677085492056 0.004568815231323242 176
1677085493160 0.004568815231323242 177
1677085493380 0.004568815231323242 178
1677085494517 0.004568815231323242 179
1677085494738 0.004568815231323242 180
1677085495892 0.004568815231323242 181
1677085496103 0.004568815231323242 182
1677085497082 0.004568815231323242 183
1677085497282 0.004568815231323242 184
1677085498252 0.004568815231323242 185
1677085498467 0.004568815231323242 186
1677085499431 0.004568815231323242 187
1677085499639 0.004568815231323242 188
1677085500628 0.004568815231323242 189
1677085500838 0.004568815231323242 190
1677085501862 0.004568815231323242 191
1677085502153 0.004568815231323242 192
1677085503111 0.004568815231323242 193
1677085503317 0.004568815231323242 194
1677085504292 0.004568815231323242 195
1677085504501 0.004568815231323242 196
1677085505508 0.004568815231323242 197
1677085505718 0.004568815231323242 198
1677085506681 0.004568815231323242 199
1677085506874 0.004568815231323242 200
1677085507913 0.004568815231323242 201
1677085508126 0.004568815231323242 202
1677085509151 0.004568815231323242 203
1677085509349 0.004568815231323242 204
1677085510262 0.004568815231323242 205
1677085510464 0.004568815231323242 206
1677085511420 0.004568815231323242 207
1677085511621 0.004568815231323242 208
1677085512608 0.004568815231323242 209
1677085512818 0.004568815231323242 210
1677085513845 0.004568815231323242 211
1677085514048 0.004568815231323242 212
1677085515064 0.004568815231323242 213
1677085515337 0.004568815231323242 214
1677085516333 0.004568815231323242 215
1677085516538 0.004568815231323242 216
1677085517510 0.004568815231323242 217
1677085517709 0.004568815231323242 218
1677085518717 0.004568815231323242 219
1677085518913 0.004568815231323242 220
1677085519915 0.004568815231323242 221
1677085520127 0.004568815231323242 222
1677085521194 0.004568815231323242 223
1677085521432 0.004568815231323242 224
1677085522622 0.004568815231323242 225
1677085522832 0.004568815231323242 226
1677085523922 0.004568815231323242 227
1677085524143 0.004568815231323242 228
1677085525186 0.004568815231323242 229
1677085525387 0.004568815231323242 230
1677085526406 0.004568815231323242 231
1677085526615 0.004568815231323242 232
1677085527626 0.004568815231323242 233
1677085527832 0.004568815231323242 234
1677085528913 0.004568815231323242 235
1677085529217 0.004568815231323242 236
1677085530349 0.004568815231323242 237
1677085530581 0.004568815231323242 238
1677085531755 0.004568815231323242 239
1677085531970 0.004568815231323242 240
1677085533065 0.004568815231323242 241
1677085533295 0.004568815231323242 242
1677085534326 0.004568815231323242 243
1677085534525 0.004568815231323242 244
1677085535553 0.004568815231323242 245
1677085535764 0.004568815231323242 246
1677085536904 0.004568815231323242 247
1677085537109 0.004568815231323242 248
1677085538103 0.004568815231323242 249
1677085538313 0.004568815231323242 250
1677085539309 0.004568815231323242 251
1677085539517 0.004568815231323242 252
1677085540476 0.004568815231323242 253
1677085540681 0.004568815231323242 254
1677085541801 0.004568815231323242 255
1677085542036 0.004568815231323242 256
1677085543132 0.004568815231323242 257
1677085543426 0.004568815231323242 258
1677085544481 0.004568815231323242 259
1677085544717 0.004568815231323242 260
1677085545798 0.004568815231323242 261
1677085546031 0.004568815231323242 262
1677085547108 0.004568815231323242 263
1677085547314 0.004568815231323242 264
1677085548362 0.004568815231323242 265
1677085548568 0.004568815231323242 266
1677085549545 0.004568815231323242 267
1677085549758 0.004568815231323242 268
1677085550866 0.004568815231323242 269
1677085551105 0.004568815231323242 270
1677085552304 0.004568815231323242 271
1677085552568 0.004568815231323242 272
1677085553699 0.004568815231323242 273
1677085553926 0.004568815231323242 274
1677085555065 0.004568815231323242 275
1677085555303 0.004568815231323242 276
1677085556452 0.004568815231323242 277
1677085556671 0.004568815231323242 278
1677085557749 0.004568815231323242 279
1677085558063 0.004568815231323242 280
1677085559109 0.004568815231323242 281
1677085559316 0.004568815231323242 282
1677085560367 0.004568815231323242 283
1677085560578 0.004568815231323242 284
1677085561668 0.004568815231323242 285
1677085561883 0.004568815231323242 286
1677085562915 0.004568815231323242 287
1677085563119 0.004568815231323242 288
1677085564150 0.004568815231323242 289
1677085564350 0.004568815231323242 290
1677085565383 0.004568815231323242 291
1677085565588 0.004568815231323242 292
1677085566550 0.004568815231323242 293
1677085566751 0.004568815231323242 294
1677085567745 0.004568815231323242 295
1677085567950 0.004568815231323242 296
1677085569013 0.004568815231323242 297
1677085569233 0.004568815231323242 298
1677085570180 0.004568815231323242 299
1677085570383 0.004568815231323242 300
1677085570595 0.004568815231323242 301
