1679938997090 0.0 1
1679938997311 0.0 2
1679938998930 0.0 3
1679938999151 0.0 4
1679939000907 0.0 5
1679939001104 0.0 6
1679939002822 0.0 7
1679939003060 0.0 8
1679939004852 0.0 9
1679939005079 0.0 10
1679939006906 0.0 11
1679939007096 0.0 12
1679939008734 0.0 13
1679939008959 0.0 14
1679939010644 0.0 15
1679939010853 0.0 16
1679939012622 0.0 17
1679939012820 0.0 18
1679939014501 0.0 19
1679939014738 0.0 20
1679939016518 0.0 21
1679939016757 0.0 22
1679939018596 0.0 23
1679939018785 0.0 24
1679939020592 0.0 25
1679939020834 0.0 26
1679939022647 0.0 27
1679939022872 0.0 28
1679939024467 0.0 29
1679939024640 0.0 30
1679939026157 0.0 31
1679939026386 0.0 32
1679939027944 0.0 33
1679939028159 0.0 34
1679939029885 0.0 35
1679939030072 0.0 36
1679939031647 0.0 37
1679939031864 0.0 38
1679939033496 0.0 39
1679939033770 0.0 40
1679939035574 0.0 41
1679939035782 0.0 42
1679939037449 0.0 43
1679939037731 0.0 44
1679939039406 0.0 45
1679939039607 0.0 46
1679939041416 0.0 47
1679939041611 0.0 48
1679939043098 0.0 49
1679939043319 0.0 50
1679939045088 0.0 51
1679939045312 0.0 52
1679939046942 0.0 53
1679939047141 0.0 54
1679939048613 0.0 55
1679939048950 0.0 56
1679939050651 0.0 57
1679939050873 0.0 58
1679939052552 0.0 59
1679939052733 0.0 60
1679939054315 0.0 61
1679939054546 0.0 62
1679939056259 0.0 63
1679939056490 0.0 64
1679939058216 0.0 65
1679939058401 0.0 66
1679939060012 0.0 67
1679939060218 0.0 68
1679939061894 0.0 69
1679939062115 0.0 70
1679939063771 0.0 71
1679939063966 0.0 72
1679939065577 0.0 73
1679939065816 0.0 74
1679939067572 0.0 75
1679939067799 0.0 76
1679939069493 0.0 77
1679939069664 0.0 78
1679939071096 0.0 79
1679939071319 0.0 80
1679939072920 0.0 81
1679939073119 0.0 82
1679939074646 0.0 83
1679939074833 0.0 84
1679939076286 0.0 85
1679939076504 0.0 86
1679939078182 0.0 87
1679939078396 0.0 88
1679939080029 0.0 89
1679939080206 0.0 90
1679939081802 0.0 91
1679939082030 0.0 92
1679939083672 0.0 93
1679939083891 0.0 94
1679939085545 0.0 95
1679939085731 0.0 96
1679939087367 0.0 97
1679939087627 0.0 98
1679939089251 0.0 99
1679939089470 0.0 100
1679939091047 0.0 101
1679939091233 0.0 102
1679939092904 0.0 103
1679939093123 0.0 104
1679939094727 0.0 105
1679939094934 0.0 106
1679939096536 0.0 107
1679939096729 0.0 108
1679939098146 0.0 109
1679939098358 0.0 110
1679939099889 0.0 111
1679939100105 0.0 112
1679939101651 0.0 113
1679939101834 0.0 114
1679939103210 0.0 115
1679939103423 0.0 116
1679939104958 0.0 117
1679939105245 0.0 118
1679939106730 0.0 119
1679939106910 0.0 120
1679939108271 0.0 121
1679939108485 0.0 122
1679939110005 0.0 123
1679939110206 0.0 124
1679939111673 0.0 125
1679939111858 0.0 126
1679939113205 0.0 127
1679939113466 0.0 128
1679939115025 0.0 129
1679939115231 0.0 130
1679939116769 0.0 131
1679939116950 0.0 132
1679939118381 0.0 133
1679939118559 0.0 134
1679939120109 0.0 135
1679939120325 0.0 136
1679939121892 0.0 137
1679939122071 0.0 138
1679939123659 0.0 139
1679939123860 0.0 140
1679939125427 0.0 141
1679939125654 0.0 142
1679939127321 0.0 143
1679939127504 0.0 144
1679939129019 0.0 145
1679939129276 0.0 146
1679939130920 0.0 147
1679939131105 0.0 148
1679939132826 0.0 149
1679939133003 0.0 150
1679939134475 0.0 151
1679939134714 0.0 152
1679939136393 0.0 153
1679939136615 0.0 154
1679939138216 0.0 155
1679939138411 0.0 156
1679939140030 0.0 157
1679939140262 0.0 158
1679939142023 0.0 159
1679939142224 0.0 160
1679939143821 0.0 161
1679939144015 0.0 162
1679939145619 0.0 163
1679939145877 0.0 164
1679939147548 0.0 165
1679939147761 0.0 166
1679939149466 0.0 167
1679939149653 0.0 168
1679939151302 0.0 169
1679939151543 0.0 170
1679939153143 0.0 171
1679939153362 0.0 172
1679939155188 0.0 173
1679939155369 0.0 174
1679939156963 0.0 175
1679939157174 0.0 176
1679939158816 0.0 177
1679939159060 0.0 178
1679939160798 0.0 179
1679939160989 0.0 180
1679939162593 0.0 181
1679939162814 0.0 182
1679939164497 0.0 183
1679939164744 0.0 184
1679939166518 0.0 185
1679939166715 0.0 186
1679939168221 0.0 187
1679939168453 0.0 188
1679939170209 0.0 189
1679939170505 0.0 190
1679939172096 0.0 191
1679939172274 0.0 192
1679939173846 0.0 193
1679939174082 0.0 194
1679939175710 0.0 195
1679939175923 0.0 196
1679939177594 0.0 197
1679939177818 0.0 198
1679939179467 0.0 199
1679939179684 0.0 200
1679939181410 0.0 201
1679939181630 0.0 202
1679939183295 0.0 203
1679939183484 0.0 204
1679939185043 0.0 205
1679939185288 0.0 206
1679939186814 0.0 207
1679939187010 0.0 208
1679939188676 0.0 209
1679939188880 0.0 210
1679939190573 0.0 211
1679939190799 0.0 212
1679939192466 0.0 213
1679939192675 0.0 214
1679939194365 0.0 215
1679939194554 0.0 216
1679939196142 0.0 217
1679939196421 0.0 218
1679939198054 0.0 219
1679939198269 0.0 220
1679939200033 0.0 221
1679939200222 0.0 222
1679939201723 0.0 223
1679939201947 0.0 224
1679939203558 0.0 225
1679939203781 0.0 226
1679939205398 0.0 227
1679939205604 0.0 228
1679939207047 0.0 229
1679939207260 0.0 230
1679939208922 0.0 231
1679939209153 0.0 232
1679939210706 0.0 233
1679939210895 0.0 234
1679939212437 0.0 235
1679939212670 0.0 236
1679939214326 0.0 237
1679939214544 0.0 238
1679939216110 0.0 239
1679939216298 0.0 240
1679939217864 0.0 241
1679939218079 0.0 242
1679939219715 0.0 243
1679939219935 0.0 244
1679939221486 0.0 245
1679939221681 0.0 246
1679939223081 0.0 247
1679939223301 0.0 248
1679939224893 0.0 249
1679939225091 0.0 250
1679939226720 0.0 251
1679939226979 0.0 252
1679939228415 0.0 253
1679939228631 0.0 254
1679939230163 0.0 255
1679939230376 0.0 256
1679939231862 0.0 257
1679939232040 0.0 258
1679939233421 0.0 259
1679939233649 0.0 260
1679939235194 0.0 261
1679939235508 0.0 262
1679939237031 0.0 263
1679939237213 0.0 264
1679939238675 0.0 265
1679939238905 0.0 266
1679939240478 0.0 267
1679939240697 0.0 268
1679939242260 0.0 269
1679939242453 0.0 270
1679939243879 0.0 271
1679939244105 0.0 272
1679939245713 0.0 273
1679939245931 0.0 274
1679939247505 0.0 275
1679939247694 0.0 276
1679939249175 0.0 277
1679939249391 0.0 278
1679939250959 0.0 279
1679939251183 0.0 280
1679939252745 0.0 281
1679939252931 0.0 282
1679939254512 0.0 283
1679939254742 0.0 284
1679939256415 0.0 285
1679939256667 0.0 286
1679939258313 0.0 287
1679939258510 0.0 288
1679939260094 0.0 289
1679939260334 0.0 290
1679939262008 0.0 291
1679939262234 0.0 292
1679939264095 0.0 293
1679939264289 0.0 294
1679939265737 0.0 295
1679939265959 0.0 296
1679939267603 0.0 297
1679939267817 0.0 298
1679939269341 0.0 299
1679939269533 0.0 300
1679939269667 0.0 301
