1679938997108 1.0 1
1679938997329 2.0 2
1679938998950 3.0 3
1679938999167 4.0 4
1679939000926 5.0 5
1679939001119 6.0 6
1679939002838 7.0 7
1679939003076 8.0 8
1679939004868 9.0 9
1679939005097 10.0 10
1679939006923 11.0 11
1679939007111 12.0 12
1679939008753 13.0 13
1679939008976 14.0 14
1679939010660 15.0 15
1679939010868 16.0 16
1679939012638 17.0 17
1679939012836 18.0 18
1679939014517 19.0 19
1679939014758 20.0 20
1679939016541 21.0 21
1679939016777 22.0 22
1679939018612 23.0 23
1679939018802 24.0 24
1679939020609 25.0 25
1679939020853 26.0 26
1679939022665 27.0 27
1679939022891 28.0 28
1679939024483 29.0 29
1679939024654 30.0 30
1679939026173 31.0 31
1679939026402 32.0 32
1679939027961 33.0 33
1679939028175 34.0 34
1679939029900 35.0 35
1679939030089 36.0 36
1679939031664 37.0 37
1679939031885 38.0 38
1679939033512 39.0 39
1679939033788 40.0 40
1679939035590 41.0 41
1679939035798 42.0 42
1679939037480 43.0 43
1679939037752 44.0 44
1679939039421 45.0 45
1679939039623 46.0 46
1679939041432 47.0 47
1679939041627 48.0 48
1679939043114 49.0 49
1679939043337 50.0 50
1679939045103 51.0 51
1679939045334 52.0 52
1679939046957 53.0 53
1679939047157 54.0 54
1679939048627 55.0 55
1679939048973 56.0 56
1679939050668 57.0 57
1679939050890 58.0 58
1679939052569 59.0 59
1679939052748 60.0 60
1679939054332 61.0 61
1679939054562 62.0 62
1679939056276 63.0 63
1679939056508 64.0 64
1679939058233 65.0 65
1679939058416 66.0 66
1679939060029 67.0 67
1679939060235 68.0 68
1679939061911 69.0 69
1679939062134 70.0 70
1679939063786 71.0 71
1679939063986 72.0 72
1679939065593 73.0 73
1679939065834 74.0 74
1679939067591 75.0 75
1679939067826 76.0 76
1679939069508 77.0 77
1679939069679 78.0 78
1679939071113 79.0 79
1679939071341 80.0 80
1679939072935 81.0 81
1679939073134 82.0 82
1679939074663 83.0 83
1679939074850 84.0 84
1679939076300 85.0 85
1679939076520 86.0 86
1679939078198 87.0 87
1679939078414 88.0 88
1679939080045 89.0 89
1679939080221 90.0 90
1679939081821 91.0 91
1679939082048 92.0 92
1679939083688 93.0 93
1679939083911 94.0 94
1679939085560 95.0 95
1679939085749 96.0 96
1679939087383 97.0 97
1679939087646 98.0 98
1679939089268 99.0 99
1679939089485 100.0 100
1679939091063 101.0 101
1679939091249 102.0 102
1679939092923 103.0 103
1679939093139 104.0 104
1679939094742 105.0 105
1679939094953 106.0 106
1679939096551 107.0 107
1679939096744 108.0 108
1679939098161 109.0 109
1679939098378 110.0 110
1679939099904 111.0 111
1679939100121 112.0 112
1679939101666 113.0 113
1679939101849 114.0 114
1679939103227 115.0 115
1679939103440 116.0 116
1679939104973 117.0 117
1679939105261 118.0 118
1679939106745 119.0 119
1679939106924 120.0 120
1679939108287 121.0 121
1679939108500 122.0 122
1679939110020 123.0 123
1679939110222 124.0 124
1679939111693 125.0 125
1679939111872 126.0 126
1679939113220 127.0 127
1679939113481 128.0 128
1679939115040 129.0 129
1679939115247 130.0 130
1679939116783 131.0 131
1679939116964 132.0 132
1679939118396 133.0 133
1679939118574 134.0 134
1679939120124 135.0 135
1679939120342 136.0 136
1679939121906 137.0 137
1679939122086 138.0 138
1679939123674 139.0 139
1679939123886 140.0 140
1679939125443 141.0 141
1679939125668 142.0 142
1679939127336 143.0 143
1679939127522 144.0 144
1679939129034 145.0 145
1679939129298 146.0 146
1679939130934 147.0 147
1679939131124 148.0 148
1679939132842 149.0 149
1679939133018 150.0 150
1679939134491 151.0 151
1679939134733 152.0 152
1679939136408 153.0 153
1679939136639 154.0 154
1679939138230 155.0 155
1679939138426 156.0 156
1679939140047 157.0 157
1679939140280 158.0 158
1679939142038 159.0 159
1679939142246 160.0 160
1679939143836 161.0 161
1679939144033 162.0 162
1679939145638 163.0 163
1679939145893 164.0 164
1679939147563 165.0 165
1679939147780 166.0 166
1679939149481 167.0 167
1679939149668 168.0 168
1679939151320 169.0 169
1679939151560 170.0 170
1679939153161 171.0 171
1679939153379 172.0 172
1679939155204 173.0 173
1679939155385 174.0 174
1679939156978 175.0 175
1679939157194 176.0 176
1679939158834 177.0 177
1679939159075 178.0 178
1679939160816 179.0 179
1679939161006 180.0 180
1679939162609 181.0 181
1679939162835 182.0 182
1679939164514 183.0 183
1679939164764 184.0 184
1679939166536 185.0 185
1679939166731 186.0 186
1679939168240 187.0 187
1679939168470 188.0 188
1679939170224 189.0 189
1679939170522 190.0 190
1679939172111 191.0 191
1679939172289 192.0 192
1679939173863 193.0 193
1679939174099 194.0 194
1679939175724 195.0 195
1679939175939 196.0 196
1679939177609 197.0 197
1679939177835 198.0 198
1679939179483 199.0 199
1679939179704 200.0 200
1679939181425 201.0 201
1679939181650 202.0 202
1679939183311 203.0 203
1679939183499 204.0 204
1679939185063 205.0 205
1679939185303 206.0 206
1679939186830 207.0 207
1679939187033 208.0 208
1679939188693 209.0 209
1679939188896 210.0 210
1679939190589 211.0 211
1679939190817 212.0 212
1679939192481 213.0 213
1679939192691 214.0 214
1679939194380 215.0 215
1679939194570 216.0 216
1679939196157 217.0 217
1679939196441 218.0 218
1679939198070 219.0 219
1679939198287 220.0 220
1679939200050 221.0 221
1679939200241 222.0 222
1679939201739 223.0 223
1679939201964 224.0 224
1679939203573 225.0 225
1679939203798 226.0 226
1679939205419 227.0 227
1679939205619 228.0 228
1679939207062 229.0 229
1679939207277 230.0 230
1679939208938 231.0 231
1679939209171 232.0 232
1679939210721 233.0 233
1679939210912 234.0 234
1679939212453 235.0 235
1679939212686 236.0 236
1679939214342 237.0 237
1679939214562 238.0 238
1679939216125 239.0 239
1679939216314 240.0 240
1679939217879 241.0 241
1679939218096 242.0 242
1679939219732 243.0 243
1679939219952 244.0 244
1679939221501 245.0 245
1679939221696 246.0 246
1679939223096 247.0 247
1679939223317 248.0 248
1679939224909 249.0 249
1679939225110 250.0 250
1679939226735 251.0 251
1679939226995 252.0 252
1679939228431 253.0 253
1679939228650 254.0 254
1679939230179 255.0 255
1679939230393 256.0 256
1679939231876 257.0 257
1679939232055 258.0 258
1679939233436 259.0 259
1679939233666 260.0 260
1679939235211 261.0 261
1679939235527 262.0 262
1679939237046 263.0 263
1679939237227 264.0 264
1679939238689 265.0 265
1679939238921 266.0 266
1679939240493 267.0 267
1679939240714 268.0 268
1679939242275 269.0 269
1679939242470 270.0 270
1679939243894 271.0 271
1679939244122 272.0 272
1679939245728 273.0 273
1679939245948 274.0 274
1679939247521 275.0 275
1679939247708 276.0 276
1679939249190 277.0 277
1679939249408 278.0 278
1679939250974 279.0 279
1679939251201 280.0 280
1679939252761 281.0 281
1679939252955 282.0 282
1679939254529 283.0 283
1679939254763 284.0 284
1679939256429 285.0 285
1679939256685 286.0 286
1679939258328 287.0 287
1679939258525 288.0 288
1679939260111 289.0 289
1679939260354 290.0 290
1679939262024 291.0 291
1679939262249 292.0 292
1679939264110 293.0 293
1679939264304 294.0 294
1679939265752 295.0 295
1679939265975 296.0 296
1679939267618 297.0 297
1679939267833 298.0 298
1679939269356 299.0 299
1679939269548 300.0 300
1679939269683 301.0 301
