1679938997088 4.161966323852539 1
1679938997308 0.19685888290405273 2
1679938998928 1.6241099834442139 3
1679938999149 0.21805429458618164 4
1679939000904 1.7598299980163574 5
1679939001102 0.19716596603393555 6
1679939002820 1.7159433364868164 7
1679939003057 0.22594428062438965 8
1679939004848 1.8014793395996094 9
1679939005077 0.21940255165100098 10
1679939006904 1.8409686088562012 11
1679939007094 0.1853945255279541 12
1679939008732 1.6438100337982178 13
1679939008957 0.22031021118164062 14
1679939010641 1.6911749839782715 15
1679939010850 0.19373297691345215 16
1679939012619 1.7768127918243408 17
1679939012817 0.20042181015014648 18
1679939014499 1.6775009632110596 19
1679939014736 0.22727751731872559 20
1679939016514 1.7910428047180176 21
1679939016754 0.22481465339660645 22
1679939018594 1.8542864322662354 23
1679939018782 0.185654878616333 24
1679939020589 1.8054754734039307 25
1679939020831 0.2303001880645752 26
1679939022644 1.832444190979004 27
1679939022869 0.20369482040405273 28
1679939024466 1.6181395053863525 29
1679939024637 0.1742260456085205 30
1679939026155 1.5165956020355225 31
1679939026383 0.21211457252502441 32
1679939027943 1.5758869647979736 33
1679939028156 0.20074987411499023 34
1679939029882 1.7254180908203125 35
1679939030069 0.19191789627075195 36
1679939031644 1.572690725326538 37
1679939031861 0.22034525871276855 38
1679939033493 1.6379575729370117 39
1679939033767 0.2510814666748047 40
1679939035571 1.8159544467926025 41
1679939035779 0.20293688774108887 42
1679939037444 1.6649088859558105 43
1679939037728 0.2870914936065674 44
1679939039403 1.6841669082641602 45
1679939039606 0.20430707931518555 46
1679939041413 1.8086941242218018 47
1679939041608 0.19130158424377441 48
1679939043096 1.4875645637512207 49
1679939043317 0.21871113777160645 50
1679939045085 1.7723002433776855 51
1679939045310 0.2141714096069336 52
1679939046940 1.6397483348846436 53
1679939047139 0.18519186973571777 54
1679939048611 1.4871714115142822 55
1679939048947 0.31656312942504883 56
1679939050649 1.7180492877960205 57
1679939050871 0.21298599243164062 58
1679939052550 1.6924138069152832 59
1679939052731 0.17464613914489746 60
1679939054313 1.5820400714874268 61
1679939054543 0.22888398170471191 62
1679939056256 1.7150862216949463 63
1679939056488 0.22030234336853027 64
1679939058213 1.73972749710083 65
1679939058399 0.18811702728271484 66
1679939060011 1.609912633895874 67
1679939060214 0.19882440567016602 68
1679939061891 1.6738924980163574 69
1679939062112 0.21016550064086914 70
1679939063768 1.6722023487091064 71
1679939063963 0.19291019439697266 72
1679939065573 1.5997931957244873 73
1679939065814 0.24880218505859375 74
1679939067570 1.7536673545837402 75
1679939067794 0.20190858840942383 76
1679939069491 1.7282099723815918 77
1679939069663 0.17343378067016602 78
1679939071094 1.4295928478240967 79
1679939071315 0.2184762954711914 80
1679939072919 1.6080758571624756 81
1679939073117 0.18312549591064453 82
1679939074644 1.5356817245483398 83
1679939074831 0.1869816780090332 84
1679939076283 1.4582903385162354 85
1679939076502 0.21486544609069824 86
1679939078180 1.6799991130828857 87
1679939078391 0.1880800724029541 88
1679939080026 1.6587965488433838 89
1679939080204 0.17759394645690918 90
1679939081800 1.5966064929962158 91
1679939082028 0.20668768882751465 92
1679939083670 1.6632251739501953 93
1679939083889 0.20206856727600098 94
1679939085543 1.6729099750518799 95
1679939085730 0.1780104637145996 96
1679939087364 1.6391191482543945 97
1679939087623 0.24497652053833008 98
1679939089249 1.6410422325134277 99
1679939089468 0.19483280181884766 100
1679939091045 1.598475456237793 101
1679939091230 0.19052720069885254 102
1679939092903 1.6659023761749268 103
1679939093120 0.2178964614868164 104
1679939094726 1.6101734638214111 105
1679939094931 0.19499468803405762 106
1679939096534 1.6139874458312988 107
1679939096726 0.19078445434570312 108
1679939098144 1.4183886051177979 109
1679939098356 0.2113502025604248 110
1679939099888 1.5325651168823242 111
1679939100103 0.20697975158691406 112
1679939101649 1.552440881729126 113
1679939101832 0.18375062942504883 114
1679939103208 1.3751347064971924 115
1679939103421 0.19749236106872559 116
1679939104956 1.5520107746124268 117
1679939105244 0.283153772354126 118
1679939106728 1.485201358795166 119
1679939106907 0.18166446685791016 120
1679939108270 1.362140417098999 121
1679939108483 0.20604324340820312 122
1679939110002 1.529109001159668 123
1679939110204 0.18077325820922852 124
1679939111671 1.4820337295532227 125
1679939111855 0.18910574913024902 126
1679939113203 1.34381103515625 127
1679939113464 0.26209354400634766 128
1679939115022 1.5540177822113037 129
1679939115228 0.20799994468688965 130
1679939116766 1.5418825149536133 131
1679939116948 0.18198728561401367 132
1679939118379 1.4299707412719727 133
1679939118557 0.18012166023254395 134
1679939120107 1.5479393005371094 135
1679939120322 0.20218992233276367 136
1679939121890 1.579237937927246 137
1679939122069 0.17954730987548828 138
1679939123657 1.5880038738250732 139
1679939123857 0.19005465507507324 140
1679939125425 1.5780227184295654 141
1679939125652 0.21381282806396484 142
1679939127319 1.682199478149414 143
1679939127502 0.18074679374694824 144
1679939129017 1.5151636600494385 145
1679939129272 0.22908329963684082 146
1679939130917 1.6728789806365967 147
1679939131103 0.18007826805114746 148
1679939132824 1.7221312522888184 149
1679939133000 0.1791682243347168 150
1679939134473 1.4726886749267578 151
1679939134711 0.21103143692016602 152
1679939136391 1.701472520828247 153
1679939136613 0.20656824111938477 154
1679939138213 1.6170823574066162 155
1679939138409 0.19516754150390625 156
1679939140028 1.618011474609375 157
1679939140259 0.2205369472503662 158
1679939142020 1.7738926410675049 159
1679939142221 0.18723297119140625 160
1679939143818 1.6114904880523682 161
1679939144013 0.18837547302246094 162
1679939145616 1.5940394401550293 163
1679939145873 0.26114988327026367 164
1679939147545 1.6728899478912354 165
1679939147758 0.20332956314086914 166
1679939149464 1.7276175022125244 167
1679939149651 0.18174004554748535 168
1679939151300 1.6444628238677979 169
1679939151541 0.2277224063873291 170
1679939153140 1.6141269207000732 171
1679939153359 0.22193288803100586 172
1679939155186 1.830033540725708 173
1679939155367 0.18239188194274902 174
1679939156961 1.596606969833374 175
1679939157171 0.18846893310546875 176
1679939158813 1.6537120342254639 177
1679939159057 0.23785614967346191 178
1679939160796 1.754201889038086 179
1679939160987 0.18669486045837402 180
1679939162591 1.6050539016723633 181
1679939162810 0.20096826553344727 182
1679939164495 1.7002637386322021 183
1679939164741 0.2336432933807373 184
1679939166516 1.7870824337005615 185
1679939166713 0.19809985160827637 186
1679939168219 1.5031406879425049 187
1679939168451 0.2179279327392578 188
1679939170205 1.775874137878418 189
1679939170502 0.28809666633605957 190
1679939172093 1.5951292514801025 191
1679939172272 0.18233799934387207 192
1679939173843 1.5654480457305908 193
1679939174080 0.23199868202209473 194
1679939175708 1.6380083560943604 195
1679939175920 0.20815420150756836 196
1679939177592 1.666872501373291 197
1679939177815 0.21790409088134766 198
1679939179465 1.6652402877807617 199
1679939179681 0.200897216796875 200
1679939181407 1.7378387451171875 201
1679939181626 0.19786787033081055 202
1679939183294 1.6832523345947266 203
1679939183482 0.19297051429748535 204
1679939185040 1.5548112392425537 205
1679939185285 0.23793673515319824 206
1679939186810 1.5350086688995361 207
1679939187006 0.19123578071594238 208
1679939188673 1.6696877479553223 209
1679939188877 0.2012467384338379 210
1679939190570 1.6989221572875977 211
1679939190796 0.20522499084472656 212
1679939192463 1.6868631839752197 213
1679939192672 0.18897652626037598 214
1679939194362 1.7119431495666504 215
1679939194552 0.1841120719909668 216
1679939196139 1.59214186668396 217
1679939196418 0.2448272705078125 218
1679939198053 1.6670782566070557 219
1679939198267 0.19295811653137207 220
1679939200029 1.7819344997406006 221
1679939200220 0.19108963012695312 222
1679939201720 1.499830961227417 223
1679939201945 0.22312450408935547 224
1679939203555 1.6130249500274658 225
1679939203778 0.22065043449401855 226
1679939205394 1.6104464530944824 227
1679939205601 0.20890045166015625 228
1679939207045 1.453047752380371 229
1679939207258 0.20582151412963867 230
1679939208920 1.6650428771972656 231
1679939209151 0.21617627143859863 232
1679939210704 1.572031021118164 233
1679939210893 0.18283748626708984 234
1679939212435 1.5390567779541016 235
1679939212668 0.2211298942565918 236
1679939214324 1.663745641708374 237
1679939214542 0.20805907249450684 238
1679939216108 1.583928108215332 239
1679939216296 0.18891668319702148 240
1679939217862 1.5692822933197021 241
1679939218076 0.20836806297302246 242
1679939219713 1.639892816543579 243
1679939219933 0.21540617942810059 244
1679939221484 1.5525310039520264 245
1679939221679 0.20102906227111816 246
1679939223079 1.400214433670044 247
1679939223298 0.21845531463623047 248
1679939224891 1.580988883972168 249
1679939225088 0.20800042152404785 250
1679939226718 1.6305463314056396 251
1679939226977 0.2589128017425537 252
1679939228413 1.4335525035858154 253
1679939228629 0.21488094329833984 254
1679939230161 1.5374958515167236 255
1679939230374 0.20119357109069824 256
1679939231860 1.4963009357452393 257
1679939232038 0.17856407165527344 258
1679939233419 1.3830664157867432 259
1679939233646 0.21941304206848145 260
1679939235193 1.5455830097198486 261
1679939235506 0.29982995986938477 262
1679939237029 1.542639970779419 263
1679939237211 0.18116068840026855 264
1679939238672 1.4579038619995117 265
1679939238902 0.2198340892791748 266
1679939240475 1.5830726623535156 267
1679939240694 0.19554758071899414 268
1679939242258 1.5894649028778076 269
1679939242451 0.19307374954223633 270
1679939243877 1.4279897212982178 271
1679939244103 0.21892881393432617 272
1679939245711 1.615966796875 273
1679939245929 0.20200037956237793 274
1679939247503 1.5899970531463623 275
1679939247691 0.18681049346923828 276
1679939249172 1.4816250801086426 277
1679939249388 0.21058201789855957 278
1679939250955 1.572906732559204 279
1679939251181 0.19699835777282715 280
1679939252744 1.5890147686004639 281
1679939252929 0.1872410774230957 282
1679939254510 1.5827157497406006 283
1679939254739 0.19654536247253418 284
1679939256413 1.70176100730896 285
1679939256663 0.22249794006347656 286
1679939258311 1.673187017440796 287
1679939258507 0.19602155685424805 288
1679939260091 1.582451343536377 289
1679939260332 0.21936249732971191 290
1679939262005 1.6877715587615967 291
1679939262232 0.2244718074798584 292
1679939264093 1.872833251953125 293
1679939264286 0.19412708282470703 294
1679939265735 1.4466896057128906 295
1679939265956 0.20943021774291992 296
1679939267601 1.660273551940918 297
1679939267815 0.19668889045715332 298
1679939269339 1.5419666767120361 299
1679939269531 0.18494915962219238 300
1679939269665 0.14001870155334473 301
