1679938997085 58.71646082879172 1
1679938998925 37.861804807789625 3
1679939000902 12.549551536256773 5
1679939002817 7.901326798088272 7
1679939004844 6.655906900805402 9
1679939006902 4.773511781498981 11
1679939008730 3.977447262279131 13
1679939010639 3.939317608330359 15
1679939012615 3.026795250832554 17
1679939014497 2.8314117176747726 19
1679939016513 2.3583919988522575 21
1679939018591 2.331233705671512 23
1679939020587 2.127439483798501 25
1679939022641 1.8535593290360068 27
1679939024463 1.8485396434520076 29
1679939026153 1.8491632850296693 31
1679939027941 1.6975751813699216 33
1679939029872 1.6691115615144345 35
1679939031642 1.2842528013979044 37
1679939033490 1.4637689853606686 39
1679939035568 1.1822796411079586 41
1679939037441 1.0953041580329332 43
1679939039401 1.219362763616641 45
1679939041411 1.4070363824959642 47
1679939043093 1.16770717237224 49
1679939045083 1.0321909214006122 51
1679939046936 0.9507543861490045 53
1679939048609 1.3046717795118468 55
1679939050646 0.8872755844590344 57
1679939052548 0.9398287166245212 59
1679939054311 0.8482068615410747 61
1679939056254 0.9730073685869207 63
1679939058211 1.0893522115774399 65
1679939060008 0.9246317247702233 67
1679939061888 1.3458650787134467 69
1679939063765 0.8716852621297608 71
1679939065571 1.000636780989398 73
1679939067567 0.8680353022317849 75
1679939069488 1.1258196655220585 77
1679939071092 1.1547393525016516 79
1679939072915 0.9236039346611273 81
1679939074641 0.9333384494919371 83
1679939076281 0.8452946648875725 85
1679939078178 0.7744410839462902 87
1679939080024 0.8931436330246888 89
1679939081797 1.029567303502307 91
1679939083667 0.8110311984430115 93
1679939085541 0.9715548595616634 95
1679939087361 0.6828192447133903 97
1679939089246 0.6674710173142325 99
1679939091043 0.654821391480872 101
1679939092900 0.9761886685274908 103
1679939094723 0.8248039374533198 105
1679939096531 0.7823708371894066 107
1679939098141 0.831762143677856 109
1679939099886 0.7901758007142515 111
1679939101646 0.6253914572070597 113
1679939103205 0.7269076308989851 115
1679939104953 0.6343958277869299 117
1679939106726 0.6013273528937296 119
1679939108268 0.5239901546280532 121
1679939110000 0.6003810910691568 123
1679939111668 0.6370203739211633 125
1679939113200 0.5886531290045219 127
1679939115020 0.610409195489981 129
1679939116764 0.5894461944679926 131
1679939118376 0.7201296760993058 133
1679939120105 0.5659440927500875 135
1679939121888 0.6205174934263928 137
1679939123654 0.5331006386918137 139
1679939125423 0.5834956711344681 141
1679939127316 0.7505985802147177 143
1679939129015 0.4904213878671423 145
1679939130915 0.45251807898606156 147
1679939132820 0.45449830419930337 149
1679939134470 0.5445499042143787 151
1679939136388 0.5015408278119879 153
1679939138211 0.49303298377711363 155
1679939140026 0.5020296334252646 157
1679939142018 0.4976001938297686 159
1679939143816 0.5182863985581705 161
1679939145613 0.49197707182601097 163
1679939147541 0.46507266088987526 165
1679939149461 0.44904961631845014 167
1679939151298 0.3878938105574337 169
1679939153137 0.452820711570561 171
1679939155183 0.5193956368408433 173
1679939156958 0.46584410500183987 175
1679939158811 0.5174168431754094 177
1679939160794 0.4461577740745376 179
1679939162589 0.43306415311270363 181
1679939164493 0.3770291263160196 183
1679939166514 0.41267493420490253 185
1679939168217 0.4374249429781441 187
1679939170204 0.3836373627356197 189
1679939172091 0.3933501549112459 191
1679939173841 0.3962068151149224 193
1679939175706 0.3819232119939863 195
1679939177589 0.43802344010298583 197
1679939179463 0.4126729253498314 199
1679939181405 0.38692832927210924 201
1679939183291 0.37353276220496345 203
1679939185037 0.38217053674396406 205
1679939186807 0.44236716282184374 207
1679939188671 0.37083353460065976 209
1679939190568 0.36492023392390605 211
1679939192461 0.4185920226747417 213
1679939194360 0.3808862377859379 215
1679939196137 0.38317615000542476 217
1679939198051 0.3670088176630871 219
1679939200025 0.3926005727713985 221
1679939201718 0.4026980481333229 223
1679939203553 0.3747285105023489 225
1679939205392 0.41155474804867526 227
1679939207043 0.39017519542162815 229
1679939208917 0.3874868836168254 231
1679939210702 0.3785019942109008 233
1679939212433 0.34287446550580497 235
1679939214320 0.4088026222822552 237
1679939216105 0.4324106426606349 239
1679939217859 0.3750694223102583 241
1679939219711 0.36332014617112035 243
1679939221482 0.3701542915036656 245
1679939223077 0.39554937770631327 247
1679939224889 0.4235662535494391 249
1679939226715 0.37778766394725993 251
1679939228410 0.4136359536275505 253
1679939230158 0.36050764299817023 255
1679939231857 0.38288606427442184 257
1679939233416 0.4259916645805648 259
1679939235190 0.3657053857988961 261
1679939237027 0.38870717487261763 263
1679939238669 0.3797736920068564 265
1679939240472 0.3791841383465396 267
1679939242256 0.3969434236700661 269
1679939243875 0.4123737238172755 271
1679939245709 0.3687953735040809 273
1679939247500 0.3606636036486711 275
1679939249170 0.3720772600725065 277
1679939250953 0.39871171096060015 279
1679939252742 0.39585409887982154 281
1679939254508 0.3366954562001173 283
1679939256411 0.365592536433786 285
1679939258308 0.37678900273620486 287
1679939260089 0.4061793629538117 289
1679939262002 0.3763815439482977 291
1679939264090 0.41175010601085754 293
1679939265734 0.38569713656038496 295
1679939267599 0.41810640817535516 297
1679939269337 0.3571969606106389 299
